229000.0,101,-27.104593,-78.408365,29.280803,4.826622,102,-27.081307,-78.389805,-150.926353,14.903346,3169.919327,3,-1,0,8,35.3631564473478,-144.64529643329752,6.082353447347799,6.281056566702489,179.792844,-1.5423999999999438e-05,9.60268789208,17.235402003052354,1834.6126568651114,2585.0696197507855,254.7987469376407,1907.3853531082932,1,0,0,0,2,0,2,0,0,1,0
230000.0,101,-27.104556,-78.408343,29.144294,4.793025,102,-27.081378,-78.389951,-150.092479,14.87852,3150.118049,3,-1,0,8,35.243028386248305,-144.76534798610106,6.0987343862483065,5.327131013898935,179.236773,-2.4826000000000904e-05,9.752707423953321,17.083375739784643,1817.762448804181,2572.738502520805,252.30222719932536,1852.5549023726617,1,0,0,0,2,0,2,1,0,1,0
231000.0,101,-27.104508,-78.408331,26.926319,4.855137,102,-27.081444,-78.390107,-149.151283,14.855943,3130.318118,3,-1,0,8,35.12842918661263,-144.87987067510159,8.202110186612629,4.271412324898421,176.07760199999998,-2.257700000000007e-05,9.81634806753738,17.082976434536818,1801.2198954041546,2560.175464353822,252.7087520338174,1883.6551004093856,1,0,0,0,0,0,2,1,0,0,0
232000.0,101,-27.104462,-78.4083,27.458146,5.006279,102,-27.081596,-78.390122,-149.857667,14.870166,3116.472155,3,-1,0,8,35.29289801617243,-144.71538091046077,7.8347520161724304,5.142286089539226,177.315813,1.422299999999943e-05,9.775449081283245,17.30174287087552,1800.561911362612,2543.69327872693,253.39461766245412,1960.8620761003242,1,0,0,0,2,0,2,0,0,0,0
233000.0,101,-27.104428,-78.408271,28.663939,4.94689,102,-27.081718,-78.390174,-150.074701,14.854135,3106.627855,3,-1,0,8,35.35719196968712,-144.65105007894707,6.693252969687123,5.423650921052939,178.73864000000003,-1.6030999999999908e-05,9.783170672665916,17.214370472318784,1797.718539378396,2533.642571997303,251.32463093270948,1910.7399826171254,1,0,0,0,1,0,2,0,0,1,0
234000.0,101,-27.1044,-78.408254,28.607799,4.772754,102,-27.08189,-78.390142,-151.256693,14.865354,3101.711414,3,-1,0,8,35.61917341003767,-144.38907549042077,7.011374410037668,6.867617509579247,179.864492,1.1219000000000534e-05,9.433794687882852,17.223774463061588,1806.4213209801817,2521.3995531938394,250.48434480747284,1877.2962061433852,1,0,0,0,2,0,2,0,0,1,0
235000.0,101,-27.10436,-78.408225,29.248941,4.841796,102,-27.081995,-78.390194,-151.359002,14.809367,3096.519197,3,-1,0,8,35.672876211927594,-144.3353358071233,6.423935211927596,7.0236661928767035,179.392057,-5.598700000000001e-05,9.464151728557617,17.221787555335148,1805.755935366652,2515.4873562150206,251.47694093148058,1904.0572178804127,1,0,0,0,1,0,2,1,0,0,0
236000.0,101,-27.104329,-78.408199,30.06478,4.761911,102,-27.08207,-78.39028,-151.011162,14.721059,3091.250464,3,-1,0,8,35.63268316147709,-144.3754778545344,5.567903161477091,6.6356841454656035,178.924058,-8.83079999999996e-05,9.520019197579332,16.99795972989963,1800.921380411056,2512.471216304488,250.73295140572932,1845.0308406628676,1,0,0,0,1,0,2,1,0,1,0
237000.0,101,-27.104288,-78.408178,29.327192,4.79212,102,-27.082163,-78.390326,-151.109596,14.633715,3085.883452,3,-1,0,8,35.694868194964805,-144.3132623138333,6.367676194964805,6.796333686166719,179.56321199999996,-8.734399999999986e-05,9.417233413217376,16.990429801252652,1800.5157062610804,2506.156393929676,253.25347751801485,1889.3901929982337,1,0,0,0,0,0,2,0,0,0,0
238000.0,101,-27.104245,-78.408145,30.232048,4.908918,102,-27.082304,-78.390295,-152.116066,14.576879,3080.391346,3,-1,0,8,35.91882881583795,-144.08930079566184,5.686780815837949,8.026765204338147,177.651886,-5.683600000000055e-05,9.289000073477684,17.12572906699381,1807.0762352257625,2494.651543721883,255.80478039333167,1970.1746121896344,1,0,0,0,1,0,2,1,0,0,0
239000.0,101,-27.104208,-78.408113,31.137284,4.939227,102,-27.082381,-78.390345,-152.07181,14.456138,3074.739388,3,-1,0,8,35.93527112045284,-144.07282115045123,4.797987120452838,7.998988849548766,176.79090599999998,-0.00012074100000000065,9.324769917409649,17.000144612844554,1804.475087121829,2489.5565798100033,257.2848137704021,1975.9240170657247,1,0,0,0,1,0,2,1,0,0,0
240000.0,101,-27.104169,-78.408086,31.18656,4.960379,102,-27.082415,-78.390453,-151.283647,14.29911,3068.882224,3,-1,0,8,35.81888387819733,-144.18914690752683,4.632323878197333,7.094500092473169,177.529793,-0.00015702799999999862,9.438963064377134,16.78398265627256,1795.9864717815576,2488.4675400657366,259.17780196927197,1971.91137754409,1,0,0,0,2,0,2,0,0,1,0
241000.0,101,-27.104128,-78.408058,31.262513,5.012837,102,-27.082487,-78.39049,-151.339919,14.160015,3062.763795,3,-1,0,8,35.8600623156659,-144.1479388706401,4.597549315665901,7.191980129359905,177.39756799999998,-0.00013909500000000108,9.392778411316003,16.710103301179775,1794.1902456204964,2482.217441418673,262.3396133808304,2016.059509198087,1,0,0,0,2,0,2,1,0,0,0
242000.0,101,-27.104093,-78.408024,32.490982,5.014673,102,-27.082523,-78.390577,-150.755569,13.990986,3056.311534,3,-1,0,8,35.76148346435449,-144.24646261373255,3.2705014643544885,6.509106386267462,176.75344899999996,-0.0001690290000000001,9.528822555451665,16.43750017048852,1786.1460928901859,2480.0649845749113,263.2129484331052,1982.620898592293,1,0,0,0,1,0,2,1,0,1,0
243000.0,101,-27.104045,-78.408007,30.427491,5.062895,102,-27.08264,-78.390536,-151.778938,13.877193,3049.43087,3,-1,0,8,36.00781506895684,-144.00014194907394,5.580324068956838,7.778796050926076,177.79357100000001,-0.00011379299999999936,9.12626424767862,16.593193032303724,1792.7469777981453,2466.796891619692,270.0462592867928,2123.205428365951,1,0,0,0,0,0,2,0,0,0,0
244000.0,101,-27.104014,-78.407985,30.637063,4.933989,102,-27.082602,-78.390738,-149.689293,13.671347,3042.004668,3,-1,0,8,35.648009897849995,-144.35984509204746,5.010946897849994,5.329447907952527,179.673644,-0.0002058459999999993,9.414129309453813,16.04775711803079,1772.892755857524,2471.9716172241347,268.7979684929699,1991.3760791818647,1,0,0,0,1,0,2,0,0,1,0
245000.0,101,-27.103978,-78.407953,31.7488,4.956934,102,-27.082685,-78.39073,-150.251267,13.516843,3034.230021,3,-1,0,8,35.761510049259165,-144.24633401634205,4.012710049259166,6.004932983657966,177.99993299999997,-0.00015450400000000108,9.315340473095834,15.95064987111369,1773.2425272243438,2462.14596642455,271.73120075861357,2019.783169504386,1,0,0,0,1,0,2,1,0,0,0
246000.0,101,-27.103939,-78.407921,32.28468,5.006272,102,-27.082756,-78.390731,-150.657908,13.347957,3029.314678,3,-1,0,8,35.85015961980607,-144.15766942050277,3.5654796198060694,6.500238579497221,177.05741200000003,-0.00016888600000000052,9.214787309536337,15.86786690687397,1774.171145018608,2455.415273742836,276.14548474250745,2074.778501342229,1,0,0,0,2,0,2,1,0,0,0
247000.0,101,-27.103899,-78.407896,31.944468,5.006039,102,-27.082796,-78.390769,-150.52782,13.152838,3024.122445,3,-1,0,8,35.85319444862616,-144.1546058988617,3.9087264486261617,6.373214101138302,177.52771199999998,-0.00019511900000000005,9.119888722699894,15.698721902029039,1771.2600553455918,2451.112885750044,280.8658140726088,2111.5547134086232,1,0,0,0,2,0,2,0,0,0,0
248000.0,101,-27.103857,-78.407872,31.362135,5.03787,102,-27.08281,-78.390841,-149.898344,12.938467,3018.853385,3,-1,0,8,35.77260243192021,-144.23515418947625,4.410467431920214,5.663189810523761,178.73952099999997,-0.00021437099999999988,9.1110400818551,15.495357208061083,1764.7304453473678,2449.3268902680256,285.9981464243612,2153.34087895374,1,0,0,0,0,0,2,0,0,0,0
249000.0,101,-27.103811,-78.40785,30.0961,5.104526,102,-27.082839,-78.390881,-149.676859,12.728073,3013.485941,3,-1,0,8,35.77049137628563,-144.23723700550357,5.674391376285627,5.439621994496434,179.772959,-0.00021039399999999908,8.985776349706224,15.403129237217186,1761.5027139368806,2445.0369537897905,293.7287400027727,2257.028639386195,1,0,0,0,0,0,2,0,0,0,0
250000.0,101,-27.103771,-78.407833,29.083353,5.051255,102,-27.082891,-78.39088,-150.016479,12.527696,3007.992971,3,-1,0,8,35.864367938339186,-144.14335315796944,6.781014938339187,5.873125842030561,179.099832,-0.00020037699999999958,8.716048898152968,15.265463979124913,1762.2882730089964,2437.6959934332203,300.713758023996,2317.792767608094,1,0,0,0,0,0,2,1,0,0,0
251000.0,101,-27.103727,-78.407809,28.685272,5.09244,102,-27.082874,-78.390982,-148.85114,12.290804,3002.339362,3,-1,0,8,35.69677655491522,-144.31088714781188,7.011504554915216,4.540252852188104,177.53641199999998,-0.000236892000000001,8.801943366629775,14.986235877511083,1751.8515757513617,2438.248900574353,306.0105458154714,2345.0547926864047,1,0,0,0,2,0,2,1,0,0,0
252000.0,101,-27.103691,-78.407775,30.095359,5.101475,102,-27.082923,-78.390972,-149.283062,12.082249,2996.480712,3,-1,0,8,35.768940785593415,-144.23871198825657,5.6735817855934165,5.044350011743433,179.37842099999997,-0.00020855500000000049,8.729664589992415,14.800880801554051,1751.4966823330237,2431.2869080313085,310.6968931332779,2370.71647001889,1,0,0,0,1,0,2,0,0,0,0
253000.0,101,-27.103645,-78.40776,28.295989,5.112175,102,-27.083073,-78.390827,-151.811861,11.968032,2990.359851,3,-1,0,8,36.237284541588046,-143.77042745325855,7.9412955415880475,8.041433546741445,179.89215,-0.00011421700000000001,8.076625866269781,15.04996242510527,1767.6933991839353,2411.9519242626475,323.84642675851285,2603.8424434491503,1,0,0,0,0,0,2,0,0,0,0
254000.0,101,-27.103606,-78.407731,29.059097,5.113697,102,-27.083065,-78.390892,-151.045517,11.71717,2983.904146,3,-1,0,8,36.12646495442415,-143.88120422275247,7.0673679544241494,7.164312777247517,179.895386,-0.0002508619999999997,8.156234986337896,14.722558034083313,1759.2188917924032,2410.15203737787,328.72555492769027,2598.5749889120943,1,0,0,0,1,0,2,0,0,1,0
255000.0,101,-27.103574,-78.407712,28.964301,4.972744,102,-27.083121,-78.390857,-151.800003,11.513464,2977.023648,3,-1,0,8,36.26962753790875,-143.7380489294667,7.305326537908748,8.061954070533318,179.23569600000002,-0.00020370599999999862,7.848819478636521,14.497617016532416,1761.1651351970268,2400.20148473366,334.9115994593354,2603.967548751463,1,0,0,0,2,0,2,1,0,0,0
256000.0,101,-27.103534,-78.407692,28.26286,4.963196,102,-27.083173,-78.390822,-152.533398,11.30624,2972.109161,3,-1,0,8,36.41725292086743,-143.5904303797023,8.154392920867434,8.942967620297708,179.203742,-0.00020722400000000007,7.564953460583666,14.403304803086131,1764.4259788397042,2391.701032757998,345.62017954109206,2722.520104270558,1,0,0,0,0,0,2,1,0,0,0
257000.0,101,-27.103506,-78.40767,29.022539,4.804759,102,-27.083134,-78.390921,-151.100168,11.032175,2966.917605,3,-1,0,8,36.20567082347949,-143.8019573599398,7.1831318234794885,7.298210640060205,179.877293,-0.0002740650000000002,7.662673827087335,13.859713749463012,1752.5153076287208,2394.011313963647,347.1096571056333,2581.5125690759774,1,0,0,0,1,0,2,0,0,1,0
258000.0,101,-27.103463,-78.407652,27.846631,4.82767,102,-27.083131,-78.390956,-150.642191,10.780568,2961.64917,3,-1,0,8,36.17279282147331,-143.83481121759357,8.32616182147331,6.807379782406429,178.488822,-0.00025160699999999994,7.5403393519062245,13.664705386541588,1748.0317167129863,2390.7636695263586,358.88977108799173,2689.7893935372144,1,0,0,0,0,0,2,1,0,0,0
259000.0,101,-27.103422,-78.407615,29.554774,4.949716,102,-27.083087,-78.391054,-149.118572,10.513387,2956.282718,3,-1,0,8,35.94741143764363,-144.0601311059841,6.392637437643632,5.058440894015888,178.673346,-0.0002671810000000008,7.83760755845726,13.328599480583065,1735.4634608153483,2393.276850872101,363.8005123569345,2697.310792907445,1,0,0,0,1,0,2,0,0,0,0
260000.0,101,-27.103389,-78.407588,30.258849,4.896275,102,-27.083102,-78.391051,-149.248933,10.274217,2950.790768,3,-1,0,8,35.97227148614807,-144.03526012460725,5.713422486148065,5.213672875392746,179.507782,-0.00023916999999999965,7.72056968258101,13.058825317355838,1733.2757790026426,2388.0789832911328,371.51157113736963,2712.324299435471,1,0,0,0,1,0,2,0,0,0,0
261000.0,101,-27.10335,-78.407562,30.322771,4.916952,102,-27.083099,-78.391071,-148.965843,10.026356,2945.139061,3,-1,0,8,35.94477824025492,-144.06273241488,5.62200724025492,4.903110585120004,179.288614,-0.0002478610000000003,7.651502771494822,12.835472705679301,1728.8120837141403,2384.3348900336828,382.0129483091758,2787.7034147907016,1,0,0,0,2,0,2,1,0,0,0
262000.0,101,-27.103309,-78.407542,29.528195,4.914063,102,-27.083067,-78.391135,-147.854108,9.769516,2939.283102,3,-1,0,8,35.81792085657768,-144.18955153232136,6.289725856577679,3.6645564676786364,177.38230299999998,-0.0002568400000000004,7.620038822897692,12.547601718858054,1720.1017711639324,2383.4082844828417,392.28050004750816,2838.300688653044,1,0,0,0,0,0,2,1,0,0,0
263000.0,101,-27.103278,-78.407513,30.689051,4.851906,102,-27.083132,-78.391051,-149.511768,9.567455,2933.166421,3,-1,0,8,36.03844346094745,-143.96905398144017,5.349392460947449,5.5427140185598205,179.799181,-0.00020206099999999871,7.330466153846057,12.416991074971314,1725.6637640278161,2371.824155961672,404.0668836481095,2920.1094596318194,1,0,0,0,1,0,2,0,0,0,0
264000.0,101,-27.103238,-78.407477,31.860449,4.943849,102,-27.083121,-78.391074,-149.087947,9.318516,2926.880743,3,-1,0,8,35.979856412621736,-144.02761415235236,4.119407412621737,5.060332847647658,179.05160399999997,-0.000248939,7.396745732042675,12.193874927009293,1719.5447438076947,2368.5009516121295,414.0199857015688,2997.6155716396474,1,0,0,0,1,0,2,1,0,0,0
265000.0,101,-27.103207,-78.407446,33.056969,4.893658,102,-27.083181,-78.39099,-150.777479,9.121197,2921.966987,3,-1,0,8,36.19147908592067,-143.81601562102284,3.1345100859206667,6.961463378977157,176.16555200000002,-0.00019731900000000024,7.122349952854272,12.061859358706418,1725.3795801573388,2358.1680129910046,427.72865438072364,3096.9305530547617,1,0,0,0,1,0,2,1,0,0,0
266000.0,101,-27.103155,-78.40743,30.509628,5.004537,102,-27.083103,-78.391117,-148.212031,8.850429,2916.777667,3,-1,0,8,35.91815917673758,-144.08927038593248,5.408531176737583,4.122760614067516,178.72165900000002,-0.00027076800000000033,7.202924374959002,11.834522206618626,1711.0665404133606,2362.169183819782,444.73980404737176,3262.453393400771,1,0,0,0,0,0,2,0,0,0,0
267000.0,101,-27.10312,-78.407407,30.512164,4.938626,102,-27.083076,-78.391153,-147.405974,8.600076,2911.512326,3,-1,0,8,35.83043568488055,-144.17696699911068,5.31827168488055,3.229007000889311,177.91813799999997,-0.00025035300000000047,7.140159748659196,11.50036964915523,1704.365634969304,2360.517275256763,454.7427389676195,3257.5738326088594,1,0,0,0,2,0,2,1,0,1,0
268000.0,101,-27.103082,-78.407392,29.223586,4.873789,102,-27.083005,-78.391259,-145.073548,8.354119,2906.15001,3,-1,0,8,35.582867607843475,-144.42447995451903,6.359281607843474,0.6490680454809592,174.297134,-0.00024595699999999885,7.162413625426266,11.102897798050684,1691.0300257335396,2363.498536638139,462.1907287784445,3207.033053728397,1,0,0,0,0,0,2,1,0,1,0
269000.0,101,-27.103041,-78.407369,28.865571,4.905945,102,-27.083017,-78.391229,-145.629532,8.120591,2900.664029,3,-1,0,8,35.666343546953264,-144.34100719983147,6.800772546953265,1.2885248001685454,174.495103,-0.0002335280000000015,6.952787270233132,10.999177834557573,1691.2730032076333,2356.5753622058314,486.0216272957396,3432.900718188696,1,0,0,0,2,0,2,0,0,0,0
270000.0,101,-27.103005,-78.407343,29.413251,4.876324,102,-27.083096,-78.391106,-148.417671,7.93332,2895.020402,3,-1,0,8,35.98588841776989,-144.02150651179107,6.572637417769894,4.396164488208939,177.83092200000002,-0.00018727099999999908,6.549651904207069,11.006071152388184,1701.0733965000861,2342.5397387698467,515.9797523782236,3734.7610954069846,1,0,0,0,2,0,2,0,0,0,0
271000.0,101,-27.102968,-78.40732,29.284974,4.846471,102,-27.083016,-78.391219,-145.656247,7.686789,2889.175899,3,-1,0,8,35.698452747474555,-144.3088802280294,6.4134787474745565,1.3473667719705986,174.94122099999998,-0.00024653100000000003,6.707223055715948,10.57381389420148,1685.8898435882195,2346.29768159297,517.552659253909,3600.14049887034,1,0,0,0,2,0,2,1,0,1,0
272000.0,101,-27.102923,-78.407289,29.590209,4.979426,102,-27.082951,-78.391304,-143.437846,7.455676,2883.304027,3,-1,0,8,35.47522358732273,-144.53205654393335,5.885014587322729,-1.0942105439333432,173.02805500000002,-0.00023111299999999967,6.9001119193172755,10.318487831687769,1673.3279528878534,2348.066369206493,525.059045185937,3636.54343035348,1,0,0,0,1,0,2,1,0,0,0
273000.0,101,-27.102885,-78.407259,30.340684,5.009292,102,-27.082911,-78.391343,-142.225343,7.227679,2878.390892,3,-1,0,8,35.355456956255935,-144.6517917403345,5.0147729562559356,-2.4264487403344788,172.56602700000002,-0.00022799700000000024,6.957765534938985,10.03615041339186,1665.573113513296,2347.5519867918115,532.4920226647064,3624.7478173984714,1,0,0,0,1,0,2,1,0,1,0
274000.0,101,-27.102845,-78.407232,30.458644,5.028776,102,-27.08286,-78.391398,-140.553668,7.009662,2873.206541,3,-1,0,8,35.201045615099176,-144.80616572466204,4.742401615099176,-4.2524977246620494,171.01231199999998,-0.00021801700000000058,7.00279358115115,9.747782688303776,1656.2519474655464,2347.7958415845637,539.2359270278004,3599.127040009288,1,0,0,0,2,0,2,1,0,1,0
275000.0,101,-27.102811,-78.407201,31.57268,5.000035,102,-27.082892,-78.391325,-142.248816,6.783604,2867.948021,3,-1,0,8,35.36197615064406,-144.64525431708643,3.7892961506440628,-2.396438317086421,173.821496,-0.0002260579999999992,6.771067366952597,9.623552383630965,1659.7965023721636,2338.846173195439,567.9453927908365,3815.054110639346,1,0,0,0,1,0,2,0,0,0,0
276000.0,101,-27.102772,-78.407182,30.546554,4.959289,102,-27.082906,-78.391276,-143.311384,6.562073,2862.595121,3,-1,0,8,35.48517228735073,-144.52207184030996,4.938618287350728,-1.2106878403099586,173.85793800000002,-0.0002215310000000006,6.441114947954402,9.533110860110263,1661.7142807775226,2330.9132278643588,612.6503123942432,4187.552214372348,1,0,0,0,0,0,2,0,0,0,0
277000.0,101,-27.102727,-78.407157,29.951823,5.027124,102,-27.082909,-78.39124,-144.016841,6.343734,2857.122194,3,-1,0,8,35.569456524015656,-144.43779260822114,5.617633524015655,-0.4209516082211451,173.968664,-0.0002183389999999994,6.2371450045940255,9.489013462311867,1661.957798406881,2324.0145239997805,661.4469778463832,4657.383214553887,1,0,0,0,0,0,2,0,0,0,0
278000.0,101,-27.102689,-78.407131,30.214701,5.025456,102,-27.082871,-78.391266,-142.867646,6.127199,2851.496751,3,-1,0,8,35.480793993981216,-144.52643144635476,5.266092993981214,-1.6587854463547558,173.082347,-0.00021653500000000037,6.227753327147743,9.227593848802004,1655.0943305349786,2322.0026869051053,676.7753021396028,4684.2296849766,1,0,0,0,2,0,2,1,0,0,0
279000.0,101,-27.102656,-78.407106,30.627822,4.937212,102,-27.082873,-78.391229,-143.612428,5.914603,2846.584082,3,-1,0,8,35.5491703090963,-144.45806059260406,4.921348309096299,-0.845632592604062,174.24024999999997,-0.00021259600000000044,6.024113085127741,9.009833441734092,1655.0079776849313,2316.028827474955,710.8725074385422,4860.1918820267765,1,0,0,0,2,0,2,0,0,0,0
280000.0,101,-27.102625,-78.407072,32.312728,4.911652,102,-27.082802,-78.391307,-140.738643,5.717373,2841.406636,3,-1,0,8,35.302919708166655,-144.7042601726021,2.9901917081666554,-3.9656171726020943,173.051371,-0.00019722999999999936,6.243764882911206,8.577823313542602,1642.046658181959,2318.895091085041,679.8933007215772,4372.3899052414035,1,0,0,0,1,0,2,1,0,1,0
281000.0,101,-27.102577,-78.407032,33.103251,5.12128,102,-27.082801,-78.391271,-141.448424,5.507995,2836.157458,3,-1,0,8,35.36023068352387,-144.64694736951282,2.2569796835238733,-3.1985233695128272,174.551675,-0.00020937800000000005,6.229670869826839,8.597546968960657,1641.3275670901871,2312.9705886757033,727.1568869594413,4884.489094834871,1,0,0,0,1,0,2,0,0,0,0
282000.0,101,-27.102539,-78.407009,32.520557,5.075167,102,-27.082769,-78.391281,-140.584134,5.307095,2830.817224,3,-1,0,8,35.3117758765318,-144.69538713871964,2.7912188765318007,-4.111253138719633,173.104691,-0.00020089999999999987,6.098131421774086,8.379411308113312,1636.2841199593233,2310.0000940398263,758.2261456262316,5027.407740315346,1,0,0,0,0,0,2,1,0,0,0
283000.0,101,-27.102503,-78.406991,31.513951,4.985428,102,-27.08281,-78.391186,-143.532529,5.112674,2825.36151,3,-1,0,8,35.549574770740776,-144.45762331330025,4.035623770740777,-0.9250943133002352,175.04648000000003,-0.00019442100000000018,5.644715105717083,8.361725735920327,1642.6853719081932,2298.750188930568,870.8845778299699,5962.185733663211,1,0,0,0,0,0,2,0,0,0,0
284000.0,101,-27.102459,-78.406968,30.702047,5.026668,102,-27.082804,-78.391156,-144.101646,4.917179,2819.888774,3,-1,0,8,35.61395506195153,-144.3932462039616,4.911908061951529,-0.2916002039616217,174.80369299999998,-0.0001954950000000002,5.449667574920636,8.305302782231609,1642.0804314658149,2292.4538281780656,966.3719934556138,6783.0248458878905,1,0,0,0,0,0,2,1,0,0,0
285000.0,101,-27.102424,-78.406935,31.915434,5.035353,102,-27.082821,-78.391091,-146.060636,4.733959,2814.976553,3,-1,0,8,35.740746868194904,-144.26646896927528,3.825312868194903,1.794167030724708,177.97607,-0.00018322000000000038,5.305066366542254,8.201584410413997,1644.280137148315,2284.8273073734217,1052.4760924725613,7470.163469019282,1,0,0,0,1,0,2,0,0,0,0
286000.0,101,-27.10239,-78.406925,30.251449,4.863039,102,-27.08283,-78.391037,-147.676603,4.55558,2809.809455,3,-1,0,8,35.87584576377351,-144.13139010954293,5.624396763773511,3.5452128904570657,177.92805199999998,-0.00017837899999999961,4.885835842938183,8.050467322740836,1646.6349238293312,2276.7570360126197,1210.948079884664,8605.904572514735,1,0,0,0,0,0,2,1,0,0,0
287000.0,101,-27.102359,-78.4069,30.833194,4.787533,102,-27.082797,-78.391044,-146.774132,4.363994,2804.574146,3,-1,0,8,35.81823289849399,-144.18898839317472,4.98503889849399,2.5851436068252838,177.607326,-0.00019158600000000005,4.845015164283771,7.761433171296215,1641.2809494572687,2274.166437479956,1235.4001551535064,8507.152404998807,1,0,0,0,1,0,2,1,0,1,0
288000.0,101,-27.102317,-78.40688,29.86346,4.809909,102,-27.082808,-78.390985,-148.714787,4.197271,2799.252513,3,-1,0,8,35.95891091193178,-144.04832813765998,6.095450911931781,4.666458862340022,178.57824699999998,-0.00016672300000000019,4.574657829824286,7.758180644072761,1643.7348559375798,2265.822224913658,1488.1240967982192,10619.405066698522,1,0,0,0,0,0,2,0,0,0,0
289000.0,101,-27.102281,-78.406859,29.544326,4.770371,102,-27.082857,-78.390876,-153.105911,4.077487,2793.893992,3,-1,0,8,36.22859592022947,-143.7786832087571,6.684269920229472,9.327227791242905,177.349763,-0.00011978400000000011,4.196675928837032,7.786584163490485,1651.214656652077,2253.7377389996063,1912.3238027540324,14153.349029271238,1,0,0,0,0,0,2,1,0,0,0
290000.0,101,-27.102246,-78.406825,31.074794,4.799455,102,-27.082923,-78.390746,-158.60499,4.010926,2788.982146,3,-1,0,8,36.535094534079924,-143.47222832000898,5.4603005340799236,15.132761679991006,170.32021600000002,-6.65609999999992e-05,3.940438834263584,7.845228981700922,1660.32304474751,2240.9258795835085,2469.8014667740867,18941.219354933048,1,0,0,0,1,0,2,1,0,0,0
291000.0,101,-27.102205,-78.406796,31.231556,4.880543,102,-27.082937,-78.390683,-161.056914,3.887554,2783.826376,3,-1,0,8,36.67120859041897,-143.336129744902,5.439652590418969,17.72078425509801,167.71152999999998,-0.00012337200000000025,3.7925638158868473,7.850258905728413,1662.562844083291,2232.8399139183653,3399.722907714584,26911.46630563319,1,0,0,0,2,0,2,1,0,0,0
292000.0,101,-27.102167,-78.406772,30.996976,4.870166,102,-27.08292,-78.390664,-161.49729,3.719829,2778.605937,3,-1,0,8,36.69262689678511,-143.3147091545045,5.695650896785107,18.182580845495494,167.505734,-0.00016772500000000035,3.688586501649768,7.702225427282347,1660.2780810682941,2228.032236448977,4474.843101604355,35492.16234531387,1,0,0,0,2,0,2,1,0,0,0
293000.0,101,-27.102132,-78.40674,32.146198,4.890347,102,-27.082968,-78.390556,-166.278702,3.68058,2773.313467,3,-1,0,8,36.94080570789124,-143.06656495763957,4.794607707891245,23.21213704236044,161.57509999999996,-3.924899999999987e-05,3.475093813602904,7.716163414859958,1666.7325611515712,2216.5897581286176,7611.774165538979,61712.835813165926,1,0,0,1,1,0,2,1,0,0,0
294000.0,101,-27.102088,-78.406722,30.529951,4.922025,102,-27.083011,-78.390454,-170.737577,3.656187,2768.401931,3,-1,0,8,37.20887665521014,-142.7985322662465,6.67892565521014,27.93904473375349,158.73247200000003,-2.4392999999999887e-05,3.0888204032724094,7.848169586853933,1674.1149685144305,2204.855624244013,-999,11115.831997112027,1,0,0,1,0,0,2,1,1,1,0
295000.0,101,-27.102054,-78.406696,30.93968,4.867246,102,-27.082987,-78.390444,-170.959053,3.484236,2763.256347,3,-1,0,8,37.19619651238742,-142.81120511487646,6.256516512387417,28.147847885123554,158.10126699999998,-0.00017195099999999997,3.0499372088287253,7.615629802084772,1670.5162269440182,2201.1272509222417,-999,10884.537253769582,1,0,0,1,2,0,2,1,1,1,0
296000.0,101,-27.102013,-78.40667,30.729206,4.910109,102,-27.083045,-78.390325,-176.3101,3.527155,2758.048993,3,-1,0,8,37.49771537439701,-142.50972860989586,6.768509374397009,33.80037139010415,152.96069400000002,4.291899999999993e-05,2.7359681455900278,7.740533131231214,1678.9065958034394,2188.1743281457307,-999,10857.833729895601,1,0,0,1,0,0,2,1,1,1,0
297000.0,101,-27.101982,-78.406645,31.353541,4.82225,102,-27.082993,-78.390358,-174.648777,3.285074,2752.804305,3,-1,0,8,37.368811320720454,-142.6386062381991,6.015270320720454,32.01017076180091,153.997682,-0.00024208100000000022,2.8154687592372443,7.388827949006611,1670.796167720658,2187.7778012303934,-999,10567.460979347163,1,0,0,1,1,0,2,0,1,1,0
298000.0,101,-27.101939,-78.406619,30.970969,4.905039,102,-27.082979,-78.390333,-175.756692,3.151866,2747.893076,3,-1,0,8,37.409367793644435,-142.5980493026274,6.438398793644435,33.158642697372585,153.272339,-0.00013320799999999976,2.7573640984681558,7.348944744720308,1669.360754681825,2182.6935258658896,-999,10501.598711935372,1,0,0,1,2,0,2,1,1,1,0
299000.0,101,-27.101893,-78.406594,30.21368,5.000941,102,-27.082974,-78.390295,-177.552512,3.048248,2742.757982,3,-1,0,8,37.4913190584604,-142.51610395192145,7.277639058460398,35.036408048078556,152.23380799999998,-0.00010361799999999998,2.646776545482345,7.367053873911919,1669.3555650271142,2176.229157358599,-999,10466.128666048884,1,0,0,1,0,0,2,1,1,1,0
300000.0,101,-27.101854,-78.406571,29.832089,4.985234,102,-27.082889,-78.390384,-172.545699,2.73401,2737.563932,3,-1,0,8,37.23364877712302,-142.77372320980092,7.401559777123023,29.771975790199093,157.622212,-0.000314238,2.8346517368960065,7.035529534674819,1656.4090432465346,2179.5791711333636,-999,10243.670504233862,1,0,0,1,2,0,2,0,1,1,0
301000.0,101,-27.101803,-78.406556,27.68717,5.073999,102,-27.082873,-78.390363,-173.579568,2.607132,2732.359326,3,-1,0,8,37.29488944135225,-142.7124852697015,9.607719441352248,30.867082730298506,158.73326200000002,-0.00012687800000000005,2.6491401583364556,7.083794755314271,1655.5841809294263,2173.6670642569466,-999,10201.83045442205,1,0,0,1,0,0,2,0,1,1,0
302000.0,101,-27.101759,-78.406535,27.070355,5.105817,102,-27.08293,-78.390245,179.595263,2.692772,2727.448402,3,-1,0,8,37.60805683795425,-142.39936205105053,10.537701837954252,38.00537494894945,152.52490799999993,8.564000000000016e-05,2.3045553229333686,7.239171320841809,1664.443302103289,2160.695091783163,-999,10195.88683424794,1,0,0,1,0,0,2,1,1,1,0
303000.0,101,-27.10172,-78.406508,27.679606,5.098296,102,-27.082877,-78.39028,-178.3348,2.464225,2722.323569,3,-1,0,8,37.48191840741852,-142.52547223357345,9.802312407418519,35.80932776642655,153.98559400000002,-0.00022854700000000028,2.439903706556942,6.978026387143897,1656.5639179148284,2160.2873883341476,-999,10007.115245714895,1,0,0,1,1,0,2,0,1,1,0
304000.0,101,-27.101684,-78.406493,26.919539,4.981941,102,-27.0829,-78.390207,177.228516,2.468602,2717.142372,3,-1,0,8,37.667559832999636,-142.3398572210122,10.748020832999636,40.43162677898778,150.30897700000003,4.377000000000297e-06,2.13615453554352,6.907828298870557,1660.3885379519295,2150.807423447213,-999,9814.851080582457,1,0,0,1,0,0,2,1,1,1,0
305000.0,101,-27.10164,-78.406468,26.891143,5.038509,102,-27.082823,-78.390281,-178.003842,2.172861,2712.231692,3,-1,0,8,37.45014425782369,-142.55722769388112,10.559001257823688,35.446614306118875,155.105015,-0.000295741,2.3545878729881142,6.665224645945064,1649.229070277395,2153.1939589459053,-999,9677.742433847012,1,0,0,1,2,0,2,0,1,1,0
306000.0,101,-27.101598,-78.406441,27.357001,5.092744,102,-27.082782,-78.3903,-176.481059,1.992701,2707.11397,3,-1,0,8,37.372932540225,-142.63441845155788,10.015931540225,33.84664054844211,156.16194,-0.0001801600000000001,2.462594830127556,6.512117959683501,1643.2194725742381,2151.3474409127884,-999,9580.205393218144,1,0,0,1,1,0,2,0,1,1,0
307000.0,101,-27.101559,-78.406429,25.890516,5.001801,102,-27.08277,-78.390274,-178.42605,1.903582,2701.946404,3,-1,0,8,37.43660957368635,-142.5707477876225,11.546093573686345,35.855302212377495,155.683434,-8.911899999999994e-05,2.236336799699636,6.402634370352606,1642.4681315072976,2145.4166977702625,-999,9380.167484270805,1,0,0,1,0,0,2,1,1,1,0
308000.0,101,-27.101527,-78.406398,27.7679,4.942471,102,-27.082748,-78.390265,-179.1301,1.785626,2697.035969,3,-1,0,8,37.413650479838935,-142.5936968553943,9.645750479838934,36.536403144605686,153.102,-0.00011795600000000017,2.329762096143575,6.158726766083976,1638.6248970439703,2142.1744711548135,-999,9194.148317018571,1,0,0,1,1,0,2,1,1,1,0
309000.0,101,-27.1015,-78.406359,30.797263,4.886503,102,-27.082682,-78.390324,-173.392958,1.551918,2691.924657,3,-1,0,8,37.188061204940105,-142.81924148727953,6.390798204940104,30.573716512720466,155.80977900000002,-0.00023370800000000003,2.680460995838175,5.739040773734617,1627.0884401720828,2144.537611426516,-999,8977.31862128218,1,0,0,1,1,0,2,0,1,1,0
310000.0,101,-27.101468,-78.406337,30.930967,4.796058,102,-27.082613,-78.39039,-165.103963,1.338554,2686.768551,3,-1,0,8,36.98224951071754,-143.02501309184777,6.051282510717538,22.078949908152225,163.96507,-0.00021336399999999988,2.809294164192028,5.407567646045728,1616.2728375525558,2146.2496036650655,-999,8748.672726091118,1,0,0,0,2,0,2,0,1,1,0
311000.0,101,-27.101429,-78.406309,31.16236,4.824572,102,-27.082625,-78.390334,-171.638181,1.30925,2681.858361,3,-1,0,8,37.10520524804767,-142.90207010296007,5.942845248047668,28.736110897039936,157.19945900000002,-2.9303999999999996e-05,2.6869430784071495,5.423739402973656,1617.9127047333407,2138.8601516527565,-999,8695.950956082903,1,0,0,1,2,0,2,1,1,1,0
312000.0,101,-27.101401,-78.406286,31.695766,4.708283,102,-27.082561,-78.390391,-162.680109,1.122018,2676.752734,3,-1,0,8,36.914263598177634,-143.09297530778795,5.218497598177635,19.587133692212035,165.62412500000002,-0.00018723200000000007,2.8078050562503276,5.077185202307442,1607.7093148666129,2140.157928253801,-999,8455.102560273255,1,0,0,0,1,0,2,0,1,1,0
313000.0,101,-27.101358,-78.406263,30.841518,4.780509,102,-27.082499,-78.390447,-151.258128,0.977783,2671.604022,3,-1,0,8,36.7495783012962,-143.25762461356484,5.908060301296196,8.000503386435156,177.900354,-0.000144235,2.9209814140389163,4.961805908534242,1598.4706541786122,2140.6446734795513,-999,8412.692790361625,1,0,0,0,0,0,2,0,1,1,0
314000.0,101,-27.101314,-78.406229,31.445414,4.914962,102,-27.082399,-78.390571,-124.484957,0.945464,2666.694081,3,-1,0,8,36.39301639102933,-143.6141145500327,4.947602391029328,-19.1291575500327,155.93037100000004,-3.2318999999999987e-05,3.343389144661856,4.728450824411793,1582.2050018391296,2146.5983913614755,28016.327729216253,159578.36346502713,1,0,0,0,1,0,2,1,0,0,0
315000.0,101,-27.101279,-78.406194,32.770461,4.937827,102,-27.082385,-78.390554,-123.852347,0.860278,2661.592117,3,-1,0,8,36.39194052081154,-143.61518221676695,3.6214795208115405,-19.76283521676696,156.62280800000002,-8.518599999999998e-05,3.3871613574468546,4.631172762272575,1579.137669734576,2142.521135788815,16015.32087151554,89228.72622764394,1,0,0,0,1,0,2,0,0,1,0
316000.0,101,-27.101245,-78.406174,32.265957,4.859081,102,-27.082401,-78.390495,-133.379189,0.748909,2656.453465,3,-1,0,8,36.532714996794205,-143.4744254998879,4.266757996794205,-10.095236499887903,165.645146,-0.00011136899999999994,3.138345723916802,4.6231060530831565,1581.338080152794,2134.505771360008,-999,8237.02966434776,1,0,0,0,0,0,2,0,1,1,0
317000.0,101,-27.101205,-78.406151,31.675199,4.869402,102,-27.082385,-78.390482,-132.567704,0.671833,2651.543774,3,-1,0,8,36.55016223596396,-143.4569736997281,4.8749632359639605,-10.889269699728118,164.242903,-7.707600000000003e-05,3.051729723176689,4.598517286645112,1579.064138680217,2130.0800058618147,-999,8162.607228740673,1,0,0,0,0,0,2,1,1,1,0
318000.0,101,-27.101174,-78.406138,30.551239,4.706205,102,-27.082463,-78.390348,-168.644638,0.687298,2646.447683,3,-1,0,8,36.92096326807364,-143.08622777889124,6.369724268073643,25.558410221108744,160.804123,1.546499999999995e-05,2.5275295292430178,4.726709811674418,1589.7549241227948,2115.742096779141,-999,7980.332727048614,1,0,0,1,0,0,2,1,1,1,0
319000.0,101,-27.101145,-78.406114,31.203637,4.615131,102,-27.082385,-78.390436,-139.640894,0.553855,2641.313676,3,-1,0,8,36.653491524842416,-143.3536485022923,5.449854524842415,-3.7127545022922845,170.84453100000002,-0.000133443,2.74967640638864,4.369504242817471,1576.7959285197721,2119.021598480795,-999,7793.514036108496,1,0,0,0,1,0,2,0,1,1,0
320000.0,101,-27.101104,-78.406098,29.636464,4.635513,102,-27.082397,-78.390386,-153.881285,0.497082,2636.404238,3,-1,0,8,36.7906738452333,-143.21648166254474,7.1542098452333,10.664803337455254,176.48225100000002,-5.677299999999996e-05,2.5110702330707877,4.475418934330169,1578.924712554726,2111.308612739582,-999,7748.133162893917,1,0,0,0,0,0,2,0,1,1,0
321000.0,101,-27.101051,-78.406068,29.143793,4.883533,102,-27.082383,-78.390372,-155.592993,0.431599,2631.310857,3,-1,0,8,36.82003305172242,-143.18711516121257,7.67624005172242,12.405877838787433,175.26321399999998,-6.548300000000001e-05,2.5566391887210527,4.658307273873669,1576.9538898177402,2106.4219082498103,-999,7922.374662702341,1,0,0,0,0,0,2,1,1,0,0
322000.0,101,-27.101017,-78.406045,29.369622,4.818138,102,-27.082343,-78.390399,-137.304809,0.358197,2626.183398,3,-1,0,8,36.72354545149156,-143.28357998163696,7.353923451491561,-5.978770981636956,166.674431,-7.340200000000003e-05,2.6059087945874886,4.462146412426253,1570.338397894857,2104.9647398538154,-999,7777.380249101773,1,0,0,0,2,0,2,1,1,1,0
323000.0,101,-27.100978,-78.406014,30.101269,4.880249,102,-27.082263,-78.390493,-92.072857,0.480797,2621.274215,3,-1,0,8,36.44345739279838,-143.56361109902736,6.342188392798381,-51.490754099027356,122.174126,0.0001226,2.928073172323785,4.239490712306956,1557.1134441701702,2108.6669324974905,1708.9558343909173,6185.760728339498,1,0,0,1,1,0,2,1,0,1,0
324000.0,101,-27.100938,-78.406,28.61737,4.832178,102,-27.082317,-78.390391,-130.907143,0.270715,2616.185075,3,-1,0,8,36.73658266034041,-143.27052590967781,8.11921266034041,-12.363382909677824,159.52451299999998,-0.000210082,2.5190091245769746,4.4191422358554,1564.8369591716523,2096.5947719726796,-999,7684.691993622113,1,0,0,0,0,0,2,0,1,0,0
325000.0,101,-27.100893,-78.405978,28.016265,4.912771,102,-27.082271,-78.390429,-96.949063,0.299532,2611.06028,3,-1,0,8,36.629394402263344,-143.3776868318688,8.613129402263343,-46.428623831868805,124.965328,2.8817000000000036e-05,2.6049692371858026,4.373303865609604,1557.8542981277103,2095.405872760382,3043.080459762483,12895.620522582338,1,0,0,1,2,0,2,1,0,0,0
326000.0,101,-27.100858,-78.405955,28.298457,4.858853,102,-27.082255,-78.390423,-87.191076,0.273885,2606.151355,3,-1,0,8,36.62739156162024,-143.37968192432,8.328934561620244,-56.188605924320015,115.489533,-2.564700000000003e-05,2.5769656363653346,4.264750237326002,1554.8523428941246,2091.520757000749,1701.0964976747423,5887.371849238923,1,0,0,1,2,0,2,1,0,1,0
327000.0,101,-27.100819,-78.40592,29.669514,4.940739,102,-27.082275,-78.390367,-110.987442,0.129727,2601.064913,3,-1,0,8,36.75168369511047,-143.25539935221943,7.082169695110473,-32.267957352219426,140.65695599999998,-0.00014415799999999997,2.5667688717248067,4.339446943760247,1556.3423682554974,2084.0674447849738,-999,7627.889201428374,1,0,0,1,1,0,2,0,1,0,0
328000.0,101,-27.100777,-78.40589,30.116263,5.016551,102,-27.08222,-78.390423,-65.558397,0.287957,2595.943149,3,-1,0,8,36.580276862257236,-143.42676700784804,6.464013862257236,-77.86837000784804,95.67466000000002,0.00015823,2.7792372789535653,4.220215247658153,1547.0483811383435,2084.6011942952705,819.5337908251377,1556.1871195122856,1,0,0,1,1,0,2,1,0,1,0
329000.0,101,-27.100734,-78.405869,29.189044,5.028823,102,-27.082267,-78.390333,-139.485483,0.033542,2591.034486,3,-1,0,8,36.835979207645345,-143.17109608643418,7.646935207645345,-3.685613086434188,168.674527,-0.000254415,2.4743106735068423,4.41573968309612,1553.3933293261434,2073.7475429874107,-999,7632.733865291403,1,0,0,0,0,0,2,0,1,0,0
330000.0,101,-27.100698,-78.405841,29.919988,5.011042,102,-27.082273,-78.390299,121.601616,0.08067,2585.950308,3,-1,0,8,36.909222538134586,-143.09785548479056,6.9892345381345855,95.30052851520941,91.68162800000005,4.7128e-05,2.4307506806047847,4.385456211747079,1552.9897104486347,2067.694840803633,-999,7578.74687326675,1,0,0,1,1,0,2,1,1,1,0
331000.0,101,-27.100659,-78.405803,31.465541,5.082289,102,-27.082331,-78.390198,123.065036,0.394504,2580.830718,3,-1,0,8,37.16608181046592,-142.84102490576163,5.700540810465917,94.09393909423835,91.59949499999999,0.000313834,2.3222672511072306,4.550197711216996,1559.1507474340226,2056.6322329838954,-999,7657.511445856363,1,0,0,1,1,0,2,1,1,0,0
332000.0,101,-27.100616,-78.405774,31.510045,5.147575,102,-27.082326,-78.39018,117.790998,0.417136,2575.922319,3,-1,0,8,37.203889346381146,-142.80321235449645,5.693844346381145,99.40578964550355,86.28095300000001,2.2631999999999986e-05,2.321348853937366,4.58304627173741,1557.5396304612034,2051.6934695673026,-999,7680.283234170162,1,0,0,1,2,0,2,1,1,0,0
333000.0,101,-27.100579,-78.405757,30.437622,5.054776,102,-27.08231,-78.390179,111.192337,0.387862,2570.838306,3,-1,0,8,37.20726591862253,-142.7998284892319,6.769643918622531,106.00783451076808,80.75471500000003,-2.927400000000002e-05,2.1991178189613843,4.498344939130313,1554.586235499926,2047.5524979817046,-999,7540.801772539324,1,0,0,1,0,0,2,1,1,1,0
334000.0,101,-27.100549,-78.405723,32.278619,4.983942,102,-27.082255,-78.390239,81.432176,0.19742,2565.720917,3,-1,0,8,37.00271826538548,-143.00433332352446,4.724099265385483,135.56349067647554,49.153557000000035,-0.00019044199999999998,2.466392037274807,4.184317831638114,1544.1866049792227,2049.0025751409057,1365.6522171323368,4094.108115502044,1,0,0,1,1,0,2,1,0,1,0
335000.0,101,-27.10051,-78.405684,33.540853,5.082562,102,-27.082198,-78.390302,7.422582,0.199546,2560.812786,3,-1,0,8,36.7938407869307,-143.21316433854543,3.252987786930703,-150.63574633854543,26.118270999999993,2.125999999999989e-06,2.7824965715194865,4.0384012450140085,1533.7668530733606,2050.6880224340616,459.73462801326343,320.11263159253735,1,0,0,1,1,0,2,1,0,1,0
336000.0,101,-27.100475,-78.405653,34.224432,5.056622,102,-27.082177,-78.39031,0.671186,0.255691,2555.731304,3,-1,0,8,36.745106823301306,-143.26188053449405,2.520674823301306,-143.93306653449406,33.553246,5.6145e-05,2.841031099554214,3.9253480050984813,1528.9820206500776,2047.920037202221,460.0579252991729,328.38777289753733,1,0,0,1,1,0,2,0,0,0,0
337000.0,101,-27.100431,-78.405625,33.572921,5.128897,102,-27.082119,-78.390378,-22.414185,0.457864,2550.613,3,-1,0,8,36.55189481360642,-143.45504881272805,2.978973813606416,-121.04086381272805,55.98710599999998,0.000202173,3.010852136425606,3.850035065168558,1519.0191643782946,2048.952770080479,485.0901915731861,190.536285449305,1,0,0,1,2,0,2,0,0,1,1
338000.0,101,-27.100402,-78.405602,33.807647,4.977675,102,-27.082062,-78.390445,-30.720622,0.679842,2545.70514,3,-1,0,8,36.34795123191681,-143.65895139744154,2.5403042319168065,-112.93832939744155,64.52826899999997,0.00022197799999999995,3.1169097084086843,3.5515622824751913,1508.8075090476832,2050.393757419229,524.7997897788972,225.6334717360292,1,0,0,1,2,0,2,0,0,0,0
339000.0,101,-27.100364,-78.405598,30.764189,4.83463,102,-27.082101,-78.390373,-18.214255,0.475338,2540.626014,3,-1,0,8,36.58577103332608,-143.42116256394578,5.821582033326084,-125.20690756394578,48.97844399999997,-0.00020450399999999997,2.6215187561398388,3.7027788720054504,1514.2778471916497,2040.035084139033,518.9582547887406,194.1393615317492,1,0,0,1,0,0,2,1,0,1,1
340000.0,101,-27.100318,-78.405586,28.453241,4.856328,102,-27.08209,-78.390369,-15.832601,0.48895,2535.509217,3,-1,0,8,36.62397158604243,-143.38295836122356,8.170730586042431,-127.55035736122356,44.285842,1.3612000000000013e-05,2.4471548156067087,3.7993131646249023,1512.585173734464,2034.9184459556686,520.8074089991571,244.6336507434984,1,0,0,1,0,0,2,1,0,0,0
341000.0,101,-27.100271,-78.405556,28.513257,5.002103,102,-27.082052,-78.390407,-21.959543,0.617349,2530.601632,3,-1,0,8,36.51472116634326,-143.4921778031582,8.001464166343258,-121.5326348031582,50.47280000000001,0.00012839900000000004,2.61867310082727,3.822822165591647,1505.7821286193373,2033.854665656246,523.0538555742467,140.3345699987263,1,0,0,1,2,0,2,0,0,1,1
342000.0,101,-27.100233,-78.405529,29.100651,4.99501,102,-27.082084,-78.390347,-8.168528,0.467387,2525.522676,3,-1,0,8,36.67996991171497,-143.32694408552524,7.579318911714971,-135.15841608552523,37.26917899999995,-0.00014996200000000004,2.4957084714172475,3.901828299420737,1508.607880524883,2025.4300900817143,491.9991706943286,299.9735513063651,1,0,0,1,2,0,2,1,0,0,0
343000.0,101,-27.100194,-78.405497,30.042257,5.044369,102,-27.082083,-78.39033,-2.597749,0.450885,2520.404514,3,-1,0,8,36.710373266445615,-143.29653389496934,6.668116266445615,-140.69878489496935,32.64000600000003,-1.6502000000000016e-05,2.5458415195598234,3.916268692485942,1506.6229543377385,2020.526215532528,480.4711109006282,315.6140039712894,1,0,0,1,1,0,2,1,0,0,0
344000.0,101,-27.100152,-78.40547,30.055504,5.079723,102,-27.082035,-78.390387,-16.159531,0.607638,2515.497208,3,-1,0,8,36.54892455170009,-143.45794434496597,6.4934205517000905,-127.29841334496597,46.215035,0.00015675300000000004,2.7132353155184097,3.81307613673013,1498.0011734513,2020.8212904149445,495.7800803652277,200.886478115125,1,0,0,1,2,0,2,0,0,1,0
345000.0,101,-27.10012,-78.405453,29.529155,4.930025,102,-27.082055,-78.390344,-5.676804,0.509687,2510.418425,3,-1,0,8,36.6750076736125,-143.3318730622083,7.145852673612499,-137.6550690622083,35.20595900000001,-9.795100000000001e-05,2.480260218983441,3.78245212672139,1499.4110607404536,2013.4465822337247,497.3667757169281,296.8631639841553,1,0,0,1,0,0,2,1,0,0,0
346000.0,101,-27.100083,-78.405436,28.806222,4.866771,102,-27.082077,-78.390298,9.324768,0.432527,2505.301381,3,-1,0,8,36.81753422780212,-143.1893597130374,8.011312227802119,-152.5141277130374,19.481453999999985,-7.716e-05,2.2749654021432417,3.8377178168143757,1501.3484969873482,2005.6140456813564,505.84988231288116,356.40664601903393,1,0,0,1,0,0,2,1,0,0,0
347000.0,101,-27.100047,-78.40541,29.323076,4.843344,102,-27.082094,-78.39026,24.926809,0.400535,2500.394357,3,-1,0,8,36.92039743580336,-143.08650196767434,7.597321435803359,-168.01331096767433,4.396267000000023,-3.199200000000002e-05,2.2031389337642047,3.8595525861708824,1501.9990845245875,1998.992418846241,540.3087958695824,323.3682475973754,1,0,0,2,2,0,2,1,0,1,0
348000.0,101,-27.100008,-78.405378,30.149213,4.913519,102,-27.082123,-78.390208,48.515941,0.40369,2495.317917,3,-1,0,8,37.061218477185236,-142.94569003323642,6.912005477185236,168.53836896676358,18.366728000000023,3.155000000000019e-06,2.1654125337539525,3.9814108601272347,1503.8482403181777,1991.2438266051545,674.4532071639045,695.3858211303225,1,0,0,2,1,0,2,0,0,0,0
349000.0,101,-27.099966,-78.405355,29.64366,4.937263,102,-27.082061,-78.39029,9.791134,0.453761,2490.199144,3,-1,0,8,36.839279811101036,-143.1675808695161,7.195619811101036,-152.9587148695161,19.85252600000001,5.007100000000003e-05,2.3648262079662854,3.8439139470054355,1493.0546989860284,1992.9574613157386,495.7381868408674,332.4109690292864,1,0,0,1,2,0,2,0,0,1,0
350000.0,101,-27.099926,-78.405329,29.708218,4.963718,102,-27.082081,-78.39025,25.902689,0.4159,2485.292406,3,-1,0,8,36.95717548416852,-143.0496915697793,7.248957484168525,-168.9523805697793,3.8055289999999786,-3.7861000000000036e-05,2.2782520872114627,3.9371715426031573,1494.202360560088,1985.9601327866403,526.9833925575851,306.75485413743735,1,0,0,2,2,0,2,1,0,1,0
351000.0,101,-27.09989,-78.405306,29.743507,4.92324,102,-27.082089,-78.390226,35.030554,0.414911,2480.216144,3,-1,0,8,37.026981332191276,-142.97988617387654,7.283474332191275,-178.01044017387653,5.287046999999973,-9.890000000000176e-07,2.2043441528576184,3.9348797175468477,1493.56394989379,1980.0855659632211,571.761079743352,356.56244307399317,1,0,0,2,2,0,2,0,0,0,0
352000.0,101,-27.099848,-78.40529,28.347171,4.905439,102,-27.082114,-78.390181,54.040297,0.434339,2475.095472,3,-1,0,8,37.18390035575506,-142.82298035505795,8.836729355755057,163.13672264494204,25.693126000000007,1.9428e-05,1.9775987927658438,4.062160975317662,1495.8865006531041,1971.9080030971813,752.4965254938982,1084.8817007713033,1,0,0,2,0,0,2,0,0,0,0
353000.0,101,-27.099811,-78.40526,29.389851,4.922627,102,-27.082102,-78.390187,48.911602,0.432509,2470.189024,3,-1,0,8,37.157009254864796,-142.8498550556378,7.767158254864796,168.23854294436222,19.521750999999995,-1.8299999999999984e-06,2.089795853178856,4.004833904313199,1491.9973431861702,1968.6995053119408,679.7600878048082,757.0050103610155,1,0,0,2,1,0,2,1,0,1,0
354000.0,101,-27.099774,-78.405227,30.636811,4.959953,102,-27.082085,-78.390201,40.660773,0.431137,2465.112943,3,-1,0,8,37.102052372520326,-142.90479052767392,6.465241372520325,176.43443647232607,10.023961999999983,-1.3719999999999843e-06,2.246643945682637,3.9405648190142424,1487.0462451880894,1966.0812003623164,596.624628845151,411.94169976208457,1,0,0,2,1,0,2,1,0,1,0
355000.0,101,-27.099732,-78.405206,29.681524,4.976668,102,-27.082061,-78.390227,27.329324,0.442619,2459.990217,3,-1,0,8,37.043774208473806,-142.96304728004912,7.362250208473807,-170.2923712800491,2.352200000000039,1.1481999999999993e-05,2.2611309013153353,3.9304706342901774,1481.9596267187587,1963.5038916465903,528.4625759826826,308.6998117621275,1,0,0,2,0,0,2,1,0,1,0
356000.0,101,-27.099688,-78.405179,29.57913,5.047856,102,-27.082056,-78.390225,27.369423,0.446122,2455.084063,3,-1,0,8,37.05862596584204,-142.9481841319058,7.479495965842041,-170.31760713190582,2.209707000000037,3.503000000000034e-06,2.286654677660747,3.993809624061577,1479.5119359942175,1959.2044782633664,520.0852702114179,313.2942467186461,1,0,0,2,2,0,2,1,0,0,0
357000.0,101,-27.099649,-78.40515,30.148007,5.069181,102,-27.082027,-78.39026,12.676866,0.486985,2450.008166,3,-1,0,8,36.956128093243436,-143.0506528508421,6.808121093243436,-155.7275188508421,17.47114099999999,4.0862999999999985e-05,2.4390524439778956,3.9083636252854195,1472.9530537444289,1957.7919488371704,480.0916511474044,312.76768914733185,1,0,0,1,1,0,2,0,0,1,0
358000.0,101,-27.099605,-78.405113,31.145393,5.188686,102,-27.081953,-78.390369,-15.054103,0.710086,2444.887762,3,-1,0,8,36.63858373704556,-143.36813070474173,5.493190737045559,-128.31402770474173,46.19949600000001,0.000223101,2.868079699269796,3.755059730018238,1459.024344176334,1961.8165387920928,472.1357260285568,216.08929891370386,1,0,0,1,1,0,2,0,0,1,0
359000.0,101,-27.099565,-78.405085,31.263091,5.203408,102,-27.081924,-78.390405,-19.974203,0.804836,2439.981907,3,-1,0,8,36.53638539140611,-143.47029989680615,5.2732943914061075,-123.49609689680615,51.23729399999996,9.475e-05,2.9753348173848453,3.6914160800119777,1452.6021194189245,1960.474123559657,479.3666116158318,192.7388833921786,1,0,0,1,2,0,2,0,0,1,1
360000.0,101,-27.099523,-78.405069,29.744226,5.140149,102,-27.081906,-78.390423,-21.816827,0.849256,2434.908246,3,-1,0,8,36.510151218905584,-143.49651857884433,6.765925218905583,-121.67969157884433,51.561053000000015,4.442000000000001e-05,2.865794952412289,3.67449878498652,1448.6856679050884,1957.061062421197,496.3966263275541,135.59086675022468,1,0,0,1,0,0,2,0,0,1,1
361000.0,101,-27.099487,-78.405051,29.230085,5.043711,102,-27.081911,-78.390409,-19.846137,0.79995,2429.787998,3,-1,0,8,36.56652507721041,-143.44014289541119,7.336440077210408,-123.59400589541119,49.07622199999997,-4.930599999999996e-05,2.7345139881077123,3.6490349188976965,1447.5601201471181,1951.5223323816995,502.6225810052583,138.34454201474122,1,0,0,1,0,0,2,1,0,0,1
362000.0,101,-27.099455,-78.405026,29.746767,4.951145,102,-27.081915,-78.390398,-18.010034,0.757924,2424.666341,3,-1,0,8,36.59651435164838,-143.41014724218402,6.849747351648382,-125.40011324218402,47.756800999999996,-4.202600000000001e-05,2.6909349323944127,3.5779293119628943,1445.527962043964,1946.6524538621047,504.66193148762807,165.95828326272772,1,0,0,1,2,0,2,1,0,0,1
363000.0,101,-27.09941,-78.405004,28.985556,5.013611,102,-27.081944,-78.390352,-9.712147,0.619468,2419.760862,3,-1,0,8,36.757554945572515,-143.24911757604124,7.771998945572516,-133.53697057604126,38.69770299999999,-0.00013845600000000002,2.5340445583220568,3.775025984881567,1448.0580918642002,1938.6516943106606,482.52577664104206,253.93080081622847,1,0,0,1,0,0,2,1,0,0,0
364000.0,101,-27.099377,-78.40498,29.451729,4.929389,102,-27.081984,-78.390292,6.888959,0.474653,2414.687438,3,-1,0,8,36.940192809621024,-143.0664961071945,7.488463809621024,-149.9554551071945,22.56277,-0.00014481500000000002,2.366799369490912,3.8211390511145287,1451.1814011517185,1929.9709749595559,480.3936024705951,328.03845143077524,1,0,0,1,2,0,2,1,0,0,0
365000.0,101,-27.099333,-78.404968,27.377463,4.926121,102,-27.081964,-78.390317,-1.179264,0.520564,2409.56761,3,-1,0,8,36.908784527495385,-143.09788753223026,9.531321527495386,-141.91862353223027,28.556726999999967,4.5911000000000035e-05,2.275992872861899,3.8539236440611147,1447.0485396898334,1926.6724140192157,483.80096435297617,351.45805930463285,1,0,0,1,0,0,2,0,0,0,0
366000.0,101,-27.099294,-78.404937,28.540435,4.9582,102,-27.081991,-78.390275,13.298297,0.43565,2404.662441,3,-1,0,8,37.034256940085854,-142.97242012767182,8.493821940085855,-156.27071712767182,15.242138000000011,-8.491400000000005e-05,2.268714495929145,3.931711932614526,1448.309953294594,1919.583218915994,482.5060720906804,354.3570071557746,1,0,0,1,1,0,2,1,0,0,0
367000.0,101,-27.099264,-78.404913,29.30311,4.846932,102,-27.082068,-78.390172,64.485359,0.411834,2399.589212,3,-1,0,8,37.35366930580876,-142.65304374388882,8.050559305808758,152.86159725611117,35.18224900000001,-2.3816000000000004e-05,2.0005629050409315,4.049337617785591,1455.9105832441924,1907.4466597900807,906.1600470805101,1797.6895755396574,1,0,0,1,2,0,2,0,0,0,0
368000.0,101,-27.099214,-78.404879,29.553536,5.054165,102,-27.082016,-78.390247,26.346122,0.368142,2394.469325,3,-1,0,8,37.14556802834056,-142.86109537117144,7.592032028340562,-169.20721737117145,3.2074140000000284,-4.3691999999999954e-05,2.329520364634093,4.066691004211832,1445.8814456451653,1908.6409283846458,494.58478141403094,311.1665438332039,1,0,0,2,2,0,2,1,0,1,0
369000.0,101,-27.09917,-78.404847,30.090718,5.152445,102,-27.081981,-78.390295,4.068063,0.428448,2389.348941,3,-1,0,8,37.00889712318206,-142.9977298354784,6.91817912318206,-147.0657928354784,26.022654999999986,6.030599999999997e-05,2.552889587125333,4.030695148336374,1438.2423869519746,1907.9955970160174,445.398099456688,321.59597161556104,1,0,0,1,1,0,2,0,0,0,0
370000.0,101,-27.099132,-78.404817,30.711591,5.154585,102,-27.081912,-78.390402,-22.087648,0.678026,2384.444164,3,-1,0,8,36.699242429248805,-143.3073221278288,5.987651429248807,-121.2196741278288,52.799239,0.00024957800000000003,2.887487842708693,3.8033836677032933,1424.9785159646392,1911.808097135503,472.16953876740905,131.30904288182464,1,0,0,1,1,0,2,0,0,1,1
371000.0,101,-27.099094,-78.404787,31.245895,5.144875,102,-27.081916,-78.390392,-20.419635,0.637651,2379.371183,3,-1,0,8,36.72817053161493,-143.27838491371512,5.482275531614928,-122.85874991371512,51.66552999999999,-4.037500000000005e-05,2.8911805483496806,3.801023330774418,1422.9098478412639,1907.0224936814911,465.40164771466556,158.21656748282882,1,0,0,1,1,0,2,1,0,0,1
372000.0,101,-27.099062,-78.404768,30.905725,4.998354,102,-27.081917,-78.390388,-19.618083,0.615186,2374.251654,3,-1,0,8,36.75234891388295,-143.25419969701935,5.846623913882947,-123.63611669701935,50.52380800000003,-2.246499999999996e-05,2.7738375137841644,3.7091802545379164,1420.651161771024,1902.3199502398056,477.94328154598463,160.59224935180814,1,0,0,1,2,0,2,1,0,0,1
373000.0,101,-27.09902,-78.404742,30.760672,5.042188,102,-27.081907,-78.3904,-21.352753,0.637689,2369.347199,3,-1,0,8,36.730982277969524,-143.27554902205145,5.970310277969524,-121.92279602205144,52.11342500000001,2.250299999999994e-05,2.811031181883321,3.7388927109679235,1417.0085018140446,1898.9189174885432,476.9097665590513,138.73599760796282,1,0,0,1,2,0,2,0,0,1,1
374000.0,101,-27.098981,-78.40472,30.227893,5.020056,102,-27.081947,-78.390344,-9.376355,0.461222,2364.274421,3,-1,0,8,36.92327304973762,-143.08327373388127,6.695380049737615,-133.70691873388128,39.604247999999984,-0.00017646699999999992,2.60244192986533,3.8824182331091337,1420.3260388683716,1890.0972147239852,455.3010742529105,265.361225707988,1,0,0,1,0,0,2,1,0,0,0
375000.0,101,-27.098945,-78.4047,29.693832,4.944347,102,-27.081944,-78.390345,-9.755084,0.457019,2359.154913,3,-1,0,8,36.93640853304084,-143.07012868289482,7.24257653304084,-133.3150446828948,39.448916,-4.203000000000012e-06,2.526693128910315,3.844668339375702,1417.6828633253738,1885.6795068530619,463.1570773828618,268.7822944693757,1,0,0,1,0,0,2,1,0,0,0
376000.0,101,-27.098901,-78.404673,29.686852,5.020607,102,-27.081881,-78.390444,-28.162499,0.717954,2354.033631,3,-1,0,8,36.66341793151751,-143.3430618926362,6.976565931517509,-115.1805628926362,57.84935100000001,0.00026093499999999995,2.8253579397599093,3.728670908496017,1405.6243411693554,1888.3046754671925,497.6951494599535,32.567770738045965,1,0,0,1,2,0,2,0,0,1,1
377000.0,101,-27.098865,-78.404645,30.275557,4.988793,102,-27.081838,-78.390508,-33.842493,0.899324,2349.129584,3,-1,0,8,36.4743006911139,-143.532137227961,6.198743691113904,-109.689644227961,64.11804999999998,0.00018137000000000003,3.0159902155826126,3.5614220247887296,1396.4686629208502,1888.990491215894,516.1738897109041,168.12629876237037,1,0,0,1,1,0,2,0,0,0,1
378000.0,101,-27.098836,-78.404611,32.183635,4.931502,102,-27.081833,-78.390513,-34.077359,0.892875,2344.057065,3,-1,0,8,36.43727494116124,-143.5691452137912,4.253639941161239,-109.49178621379119,66.26099399999998,-6.449000000000038e-06,3.1269767476740564,3.434201581402518,1392.2348815208645,1885.8116445321357,509.2562325861381,242.54273198668318,1,0,0,1,1,0,2,0,0,0,0
379000.0,101,-27.098801,-78.404589,31.908283,4.876199,102,-27.081808,-78.39055,-36.331343,0.990012,2338.937775,3,-1,0,8,36.338615380794714,-143.66777789932485,4.430332380794713,-107.33643489932484,68.23962599999999,9.713700000000003e-05,3.1639054524884385,3.341824406738068,1385.9521085033155,1884.0824473088126,521.7349555510166,299.753892064389,1,0,0,1,2,0,2,0,0,0,0
380000.0,101,-27.098766,-78.404565,31.790196,4.831123,102,-27.081835,-78.390512,-34.039626,0.836051,2334.034063,3,-1,0,8,36.46592694117827,-143.5404727135824,4.675730941178266,-109.5008467135824,65.82982199999998,-0.000153961,3.0130786884461322,3.4135775002842768,1387.220631009479,1877.054588483231,519.509848102841,206.07709894119833,1,0,0,1,2,0,2,1,0,1,0
381000.0,101,-27.098728,-78.404535,32.277288,4.866761,102,-27.081817,-78.390537,-35.711796,0.895646,2328.961757,3,-1,0,8,36.390930576409275,-143.61544402558246,4.113642576409276,-107.90364802558247,67.98908399999999,5.959500000000006e-05,3.1217303923513504,3.3874861182066014,1381.7531478357141,1874.7856154810402,515.9845540512783,261.8179548247444,1,0,0,1,1,0,2,0,0,0,0
382000.0,101,-27.098683,-78.40451,31.431802,4.9499,102,-27.081772,-78.390607,-39.472805,1.09814,2323.842648,3,-1,0,8,36.20477135585325,-143.80155997401175,4.772969355853245,-104.32875497401176,70.904607,0.00020249399999999984,3.2793909280598994,3.375875734381116,1372.630796779804,1875.1344880821991,520.9557332470398,355.4067219594592,1,0,0,1,0,0,2,0,0,0,0
383000.0,101,-27.098652,-78.404492,31.053864,4.814363,102,-27.081805,-78.390561,-37.576731,0.910561,2318.718444,3,-1,0,8,36.363397672687924,-143.64294640839466,5.309533672687923,-106.06621540839467,68.63059499999997,-0.00018757899999999995,3.038740054541043,3.4027280297035585,1374.7787720530775,1867.2007258080243,532.9089370876153,250.45207948825865,1,0,0,1,0,0,2,1,0,1,0
384000.0,101,-27.098613,-78.404479,29.286292,4.764086,102,-27.081831,-78.390525,-35.488376,0.764414,2313.815155,3,-1,0,8,36.514399380617085,-143.491955173101,7.228107380617086,-108.00357917310099,64.77466800000002,-0.00014614699999999993,2.774237235576721,3.5327593504580914,1376.777377950807,1859.6302382652777,541.0609480751701,134.62216065503478,1,0,0,1,0,0,2,1,0,1,1
385000.0,101,-27.098564,-78.404461,27.708515,4.87742,102,-27.081819,-78.390542,-36.661013,0.797402,2308.74312,3,-1,0,8,36.506063929077406,-143.50027467928402,8.797548929077408,-106.83926167928402,64.369528,3.298800000000002e-05,2.7439839881311583,3.6784379648594276,1373.4894288899984,1855.7536428294466,541.4321251031088,176.20400845803672,1,0,0,1,0,0,2,1,0,0,1
386000.0,101,-27.098528,-78.404432,28.751935,4.8761,102,-27.081835,-78.39052,-35.239718,0.703235,2303.62424,3,-1,0,8,36.577521286683044,-143.42881413177184,7.825586286683045,-108.18909613177183,63.991652999999985,-9.4167e-05,2.7512593428001186,3.700564373782146,1372.7524021925283,1849.9285071024285,526.3504053468365,123.52658968670526,1,0,0,1,1,0,2,1,0,1,1
387000.0,101,-27.098489,-78.404409,28.705264,4.873964,102,-27.081905,-78.390429,-23.599364,0.3726,2298.501527,3,-1,0,8,36.89135042485147,-143.11501596365332,8.186086424851467,-119.51565196365331,52.30462799999998,-0.0003306350000000001,2.4901510664294055,3.9335253578896037,1379.789306460588,1838.2847275104966,475.6398756947897,198.08465126315355,1,0,0,1,2,0,2,1,0,0,1
388000.0,101,-27.098447,-78.404388,28.040219,4.904028,102,-27.081947,-78.390372,2.162986,0.201332,2293.598672,3,-1,0,8,37.10200521034606,-142.90437757228688,9.061786210346057,-145.06736357228687,25.87723299999999,-0.00017126799999999997,2.2977418572230186,4.127193989082465,1383.5810610637177,1829.2890191727388,434.8150442162517,386.053058974031,1,0,0,1,0,0,2,1,0,0,0
389000.0,101,-27.098408,-78.404359,28.699417,4.935043,102,-27.081913,-78.390424,-23.789842,0.329744,2288.526916,3,-1,0,8,36.95069961179366,-143.0556462761348,8.251282611793659,-119.26580427613482,52.489259000000004,0.00012841199999999998,2.502892712246383,4.027052102128522,1375.6967183059728,1828.8832615830481,465.181439790294,216.01532696009087,1,0,0,1,1,0,2,0,0,1,0
390000.0,101,-27.098363,-78.404333,28.506504,5.025242,102,-27.081937,-78.390391,-10.512006,0.221673,2283.408272,3,-1,0,8,37.07998512528832,-142.9263639481103,8.573481125288318,-132.4143579481103,39.01850999999999,-0.00010807099999999998,2.4387819126142816,4.19804384744914,1376.7338299918829,1821.6907800156173,426.97088140515154,336.71766953668254,1,0,0,1,2,0,2,1,0,0,0
391000.0,101,-27.09832,-78.404315,27.567188,5.028616,102,-27.081885,-78.390473,-34.870511,0.455656,2278.286181,3,-1,0,8,36.866723119095184,-143.13958040490058,9.299535119095182,-108.26906940490059,62.43769900000001,0.000233983,2.587694732173124,4.083869703609102,1366.870722024699,1822.7046803602725,498.7092958843293,227.17801921376693,1,0,0,1,0,0,2,0,0,1,0
392000.0,101,-27.098279,-78.404292,27.460089,5.033187,102,-27.081912,-78.390437,-29.051242,0.320646,2273.383771,3,-1,0,8,37.00666061069097,-142.9996488318769,9.546571610690972,-113.9484068318769,56.511330999999984,-0.00013501000000000002,2.4766597011412763,4.185805034955613,1368.367560864593,1815.4459475896451,470.02138376372005,254.61272617214965,1,0,0,1,2,0,2,1,0,0,0
393000.0,101,-27.098241,-78.404256,29.14755,5.079551,102,-27.08189,-78.39047,-35.261131,0.415473,2268.312301,3,-1,0,8,36.8961569280754,-143.11012108608986,7.7486069280754,-107.84899008608986,64.408681,9.482699999999999e-05,2.7139020928283237,4.097072948677302,1361.818911497616,1814.0258948414607,484.49387157385485,177.30975236077913,1,0,0,1,1,0,2,0,0,1,1
394000.0,101,-27.098216,-78.404221,31.678078,4.95416,102,-27.081841,-78.390548,-42.574653,0.655898,2263.193899,3,-1,0,8,36.629749449053456,-143.37647709811037,4.951671449053457,-100.80182409811037,74.25273100000004,0.000240425,3.045405681939765,3.7330491339542284,1350.3157153557602,1816.230737911371,516.4586355720047,248.98896269809683,1,0,0,1,1,0,2,0,0,0,0
395000.0,101,-27.098179,-78.404201,30.973529,4.897254,102,-27.081881,-78.390494,-39.767725,0.447216,2258.071633,3,-1,0,8,36.82739301030646,-143.17884902043997,5.853864010306459,-103.41112402043997,70.74125399999997,-0.000208682,2.8064063185920567,3.8551809636049397,1353.5024942806556,1807.4618938542885,511.17144227837446,182.2157365979596,1,0,0,1,0,0,2,1,0,1,1
396000.0,101,-27.098139,-78.40417,31.419166,4.967772,102,-27.081824,-78.390586,-45.776412,0.735512,2253.169678,3,-1,0,8,36.551325932737,-143.45486007480295,5.132159932737,-97.67844807480296,77.19557800000001,0.00028829600000000006,3.116760527155509,3.726389379308678,1341.8586368952556,1810.024584487247,527.5260441816762,340.07267122316836,1,0,0,1,1,0,2,0,0,0,0
397000.0,101,-27.098104,-78.404153,30.674068,4.864813,102,-27.08183,-78.390578,-45.717798,0.685491,2248.098502,3,-1,0,8,36.602143775359394,-143.40403813061616,5.928075775359396,-97.68624013061616,76.391866,-5.0021000000000096e-05,2.972551962033339,3.705539226024899,1340.4397760903514,1804.7626108077186,543.1468665438604,344.01265823553507,1,0,0,1,0,0,2,1,0,0,0
398000.0,101,-27.098067,-78.404122,31.498921,4.897072,102,-27.081913,-78.390472,-42.830866,0.282314,2242.98035,3,-1,0,8,36.95688248527166,-143.04933357976722,5.457961485271664,-100.21846757976722,74.32978700000001,-0.00040317699999999995,2.7505618133401204,3.968449610949931,1348.5108417338931,1792.33907512286,515.4300921724148,262.41112142884896,1,0,0,1,2,0,2,1,0,1,0
399000.0,101,-27.098026,-78.404101,30.550365,4.900598,102,-27.081923,-78.39046,-41.667179,0.22839,2237.857175,3,-1,0,8,37.02579158837315,-142.9804203748736,6.475426588373153,-101.3132413748736,72.21754399999998,-5.3924e-05,2.642786502349691,4.049698438461534,1347.5804503526308,1786.6257765761643,511.237240860755,283.7525947913839,1,0,0,1,0,0,2,1,0,0,0
400000.0,101,-27.097981,-78.404075,30.091883,5.003855,102,-27.081911,-78.390478,-44.272745,0.285075,2232.955685,3,-1,0,8,36.99330876347516,-143.01288315662265,6.901425763475164,-98.74013815662265,74.36462799999998,5.668500000000001e-05,2.7078773509386322,4.12532693997779,1343.618004934492,1783.4746277953252,516.9345203585424,353.5410623068843,1,0,0,1,2,0,2,0,0,0,0
401000.0,101,-27.097945,-78.404049,30.449198,4.962055,102,-27.081966,-78.390407,0.239739,0.02762,2227.886821,3,-1,0,8,37.2409685857814,-142.76524382882124,6.7917705857814035,-143.00498282882123,30.209459000000038,-0.000257455,2.5145258330306763,4.250062844090577,1348.2469443225177,1773.6149143234222,400.3828799224809,348.97420143680824,1,0,0,1,2,0,2,1,0,1,0
402000.0,101,-27.09791,-78.404032,29.582784,4.869264,102,-27.081967,-78.390406,7.669717,0.022318,2222.771494,3,-1,0,8,37.27083855370741,-142.7353665710715,7.688054553707406,-150.4050835710715,21.913067000000012,-5.301999999999998e-06,2.4008824718723685,4.212404511403466,1346.0736410663412,1768.8411085695047,410.8961467378347,361.5606497567835,1,0,0,1,0,0,2,1,0,0,0
403000.0,101,-27.097866,-78.403996,30.643343,5.003671,102,-27.081976,-78.390395,98.250876,0.031641,2217.649382,3,-1,0,8,37.31208108739374,-142.69411264897164,6.668738087393741,119.05501135102836,67.60753299999999,9.323000000000002e-06,2.5190196031654084,4.30948260873845,1344.2417363914233,1763.7978726680542,3359.4569181809825,14570.823560749695,1,0,0,1,1,0,2,0,0,0,0
404000.0,101,-27.097834,-78.403968,31.460152,4.941204,102,-27.082029,-78.390327,128.027967,0.274651,2212.748367,3,-1,0,8,37.541605395932024,-142.46460655819538,6.081453395932023,89.50742644180463,96.567815,0.00024300999999999997,2.362495894507961,4.3840612010060305,1348.3102547012015,1754.5126938066728,-999,7168.042915928646,1,0,0,1,1,0,2,0,1,1,0
405000.0,101,-27.097785,-78.403946,30.13818,5.059719,102,-27.08204,-78.390313,128.613597,0.319136,2207.67981,3,-1,0,8,37.63069287071683,-142.37551543627598,7.49251287071683,89.01088756372405,98.47541700000005,4.4485e-05,2.2910557499391024,4.574892822752643,1347.9419561682018,1748.4000189553526,-999,7290.530281009607,1,0,0,1,0,0,2,0,1,0,0
406000.0,101,-27.097745,-78.403925,29.547695,5.024823,102,-27.082065,-78.39028,129.331648,0.429384,2202.564746,3,-1,0,8,37.76976992384378,-142.23644384621718,8.222074923843781,88.43190815378284,99.783953,0.00011024800000000002,2.1458565976247628,4.643469183314008,1349.049038166127,1741.0795940866956,-999,7273.414783784203,1,0,0,1,0,0,2,0,1,1,0
407000.0,101,-27.097724,-78.4039,31.091136,4.797552,102,-27.082019,-78.390351,132.999281,0.177787,2197.440451,3,-1,0,8,37.529973397026765,-142.4761966487225,6.4388373970267665,84.52452235127748,101.90814499999999,-0.00025159699999999994,2.3474332432176745,4.229618002058206,1338.6288107810772,1742.6466775103672,-999,7013.358389762734,1,0,0,1,1,0,2,0,1,1,0
408000.0,101,-27.09769,-78.403887,29.755406,4.693831,102,-27.081959,-78.390445,-62.176178,0.147315,2192.539921,3,-1,0,8,37.26505356420387,-142.7410677452661,7.509647564203867,-80.5648897452661,91.93158399999999,-3.0472e-05,2.459824369724063,4.006198807619456,1327.5897281288494,1744.9174246781579,704.7760631198547,1152.4526430446238,1,0,0,1,0,0,2,1,0,1,0
409000.0,101,-27.097647,-78.403868,28.644243,4.730631,102,-27.081969,-78.390433,-68.43497,0.100653,2187.471681,3,-1,0,8,37.34388091241238,-142.66223720590463,8.699637912412381,-74.22726720590462,97.07921300000004,-4.6661999999999995e-05,2.361328465092821,4.1146679014433305,1326.9147412265906,1739.059983063418,818.0016953420002,1735.4852929631245,1,0,0,1,0,0,2,0,0,0,0
410000.0,101,-27.097612,-78.403833,30.479313,4.781157,102,-27.08197,-78.390432,-70.596627,0.094289,2182.356887,3,-1,0,8,37.337382844217046,-142.66871978741338,6.858069844217045,-72.07209278741338,101.07594,-6.364000000000009e-06,2.514066714279107,4.089135793335002,1323.615341430063,1735.1438010053541,821.5062298192904,1785.4553036712896,1,0,0,1,1,0,2,0,0,0,0
411000.0,101,-27.097571,-78.403813,29.482977,4.806292,102,-27.081897,-78.390551,-57.706504,0.483825,2177.229834,3,-1,0,8,36.99340885914356,-143.01263046205224,7.510431859143555,-85.30612646205225,87.189481,0.000389536,2.7744766098074303,3.925400007001624,1310.0895862584948,1738.963779391829,624.0618040378389,826.2416015823202,1,0,0,1,0,0,2,1,0,1,0
412000.0,101,-27.097532,-78.403792,28.975828,4.802721,102,-27.081881,-78.390576,-57.003771,0.55781,2172.329801,3,-1,0,8,36.9381812739828,-143.06783709382933,7.962353273982799,-86.06406609382933,85.97959900000001,7.398500000000002e-05,2.7944718267929036,3.8977620612641117,1305.4680956628974,1736.3092511182988,619.2676378830708,799.7567583336814,1,0,0,1,2,0,2,1,0,1,0
413000.0,101,-27.097489,-78.40377,28.457588,4.855996,102,-27.081847,-78.390629,-56.114612,0.720629,2167.261884,3,-1,0,8,36.79748386685068,-143.20850033923134,8.339895866850682,-87.09388833923134,84.57220000000001,0.00016281899999999995,2.9121548513174913,3.867471637930487,1298.164801907989,1735.4515899115197,603.0901764503988,752.5082685621426,1,0,0,1,2,0,2,1,0,1,0
414000.0,101,-27.097452,-78.403739,29.496902,4.881845,102,-27.081855,-78.390618,-56.640905,0.661787,2162.147367,3,-1,0,8,36.83480621957174,-143.1711688758655,7.33790421957174,-86.5302638758655,86.13780699999995,-5.884199999999995e-05,2.95645715606749,3.8851651115511787,1296.2287923286287,1730.512107603786,594.4677189253981,740.3626854926487,1,0,0,1,1,0,2,0,0,1,0
415000.0,101,-27.097412,-78.403709,30.173823,4.932655,102,-27.081843,-78.390637,-56.414853,0.708498,2157.017023,3,-1,0,8,36.78135565743026,-143.2245971189012,6.607532657430262,-86.8097441189012,86.58867599999996,4.6710999999999946e-05,3.0695005140264886,3.8723787741292317,1291.54199384099,1727.6115638814827,576.8332967931668,696.8714489398113,1,0,0,1,1,0,2,0,0,1,0
416000.0,101,-27.097371,-78.403677,30.754765,5.019361,102,-27.081919,-78.390541,-65.528455,0.340139,2152.117497,3,-1,0,8,37.123414930468634,-142.8825669940001,6.368649930468635,-77.35411199400009,96.28322000000003,-0.00036835899999999996,2.876306643485993,4.172557965757657,1298.8758320042355,1715.9636633474645,665.972466448525,1228.7862222937183,1,0,0,1,2,0,2,0,0,0,0
417000.0,101,-27.097334,-78.403645,31.631778,5.032899,102,-27.08186,-78.390635,-59.981886,0.644872,2147.049913,3,-1,0,8,36.81889745254174,-143.18702708383233,5.18711945254174,-83.20514108383233,91.61366400000003,0.00030473299999999996,3.1979188158566068,3.962579776053431,1286.7005297848684,1718.7859306977834,577.2977613155008,797.8229965012611,1,0,0,1,1,0,2,1,0,1,0
418000.0,101,-27.097287,-78.403623,30.441185,5.100176,102,-27.081905,-78.390575,-65.773325,0.416479,2141.935681,3,-1,0,8,37.063285751797714,-142.94265608893298,6.6221007517977135,-77.16933108893298,96.21451000000002,-0.00022839300000000002,2.9638219827447885,4.226214044628954,1290.9377475667711,1709.2010395059337,653.5575771843105,1235.3035809134817,1,0,0,1,0,0,2,0,0,0,0
419000.0,101,-27.097247,-78.403609,28.966763,5.028023,102,-27.081959,-78.390506,-90.338372,0.180577,2136.801546,3,-1,0,8,37.34850385115407,-142.6574630370879,8.38174085115407,-52.31909103708789,119.305135,-0.000235902,2.6156563314212624,4.400087751586082,1296.315429037218,1698.6721742078557,1617.8552613883626,6163.891056892175,1,0,0,1,0,0,2,0,0,0,0
420000.0,101,-27.097207,-78.403581,29.317583,5.053503,102,-27.081972,-78.390489,-108.210885,0.134681,2131.902538,3,-1,0,8,37.421281570509585,-142.58468030576327,8.103698570509586,-34.37379530576327,137.52846800000003,-4.5895999999999996e-05,2.602383190640565,4.44833541519172,1295.495070026492,1693.13347231336,-999,7268.851038398251,1,0,0,1,2,0,2,0,1,0,0
421000.0,101,-27.097175,-78.40355,30.815386,4.994352,102,-27.081908,-78.39059,-68.316911,0.432582,2126.835296,3,-1,0,8,37.083594033241866,-142.92230772279333,6.268208033241866,-74.60539672279333,99.132297,0.00029790100000000005,2.960447438040751,4.129434035199324,1282.4382627073326,1696.696931881356,687.0295871388208,1365.6892893861107,1,0,0,1,1,0,2,1,0,1,0
422000.0,101,-27.097133,-78.403522,30.640237,5.055349,102,-27.081951,-78.390533,-85.205459,0.236116,2121.718867,3,-1,0,8,37.2993020592206,-142.70661290301103,6.659065059220602,-57.50115390301103,115.84569600000003,-0.00019646600000000004,2.8117269819765833,4.32980780852644,1285.7164625765017,1687.7867544342,1131.918449106301,3731.3551392502854,1,0,0,1,2,0,2,0,0,0,0
423000.0,101,-27.0971,-78.403488,32.199767,5.031478,102,-27.081932,-78.390562,-75.590607,0.316338,2116.5777,3,-1,0,8,37.19054920888951,-142.81533705901762,4.990782208889506,-67.22473005901762,107.79037399999999,8.022200000000002e-05,2.9875247045452125,4.178892911063966,1279.4028988114474,1686.1285190192812,785.9343189940998,1922.5402448966204,1,0,0,1,1,0,2,1,0,1,0
424000.0,101,-27.097059,-78.40346,32.14959,5.065953,102,-27.081913,-78.390589,-70.135595,0.398092,2111.679224,3,-1,0,8,37.11297623205491,-142.89288498384826,4.9633862320549085,-72.75728998384827,102.28518499999996,8.175399999999999e-05,3.0701588224550465,4.1538784446984955,1274.163186384177,1683.9528851890611,681.0626332794304,1406.5648579081376,1,0,0,1,2,0,2,1,0,1,0
425000.0,101,-27.097027,-78.403442,31.587088,4.930439,102,-27.08192,-78.39058,-72.084866,0.35654,2106.610385,3,-1,0,8,37.16478478471398,-142.84107233025836,5.577696784713979,-70.75620633025835,103.67195400000003,-4.155199999999998e-05,2.921786630969951,4.090295250151777,1272.623212229595,1678.7606958361503,740.6342794709378,1618.2613877594931,1,0,0,1,0,0,2,0,0,0,0
426000.0,101,-27.096989,-78.40342,31.104237,4.8969,102,-27.081925,-78.390574,-73.865457,0.324838,2101.49426,3,-1,0,8,37.20908291953878,-142.79676690602807,6.1048459195387785,-68.93130990602806,104.969694,-3.170200000000001e-05,2.841765338403512,4.102596744913617,1270.826912098738,1673.7016114883004,788.5141450526457,1838.0173293035696,1,0,0,1,0,0,2,0,0,0,0
427000.0,101,-27.096942,-78.403396,30.100677,4.999049,102,-27.081913,-78.390593,-70.320218,0.377809,2096.348342,3,-1,0,8,37.18074952731982,-142.82508071099852,7.0800725273198175,-72.50486271099852,100.42089500000003,5.297099999999999e-05,2.862868815500355,4.197672620368103,1266.8892527849532,1670.229921952104,722.2644646896033,1579.6612088403563,1,0,0,1,0,0,2,1,0,1,0
428000.0,101,-27.096914,-78.403366,31.648964,4.894727,102,-27.081929,-78.390572,-75.584995,0.297914,2091.450409,3,-1,0,8,37.24225130536854,-142.76357483332822,5.593287305368541,-67.17857983332821,107.23395899999997,-7.989499999999999e-05,2.856864827509552,4.092613726910194,1265.7171995135493,1664.9699048817206,811.9909640346829,1964.8394364144124,1,0,0,1,1,0,2,0,0,0,0
429000.0,101,-27.096871,-78.403353,29.530258,4.886747,102,-27.081879,-78.390649,-65.138667,0.542088,2086.381931,3,-1,0,8,37.03470008677551,-142.9710850584935,7.504442086775509,-77.83241805849349,94.668925,0.000244174,2.9004467400530527,4.0240301160128364,1256.624897303927,1665.4979524091839,656.4023870378923,1171.0102752351283,1,0,0,1,0,0,2,1,0,1,0
430000.0,101,-27.096836,-78.403327,30.067718,4.85683,102,-27.081927,-78.390587,-77.077441,0.314453,2081.266119,3,-1,0,8,37.26585175026339,-142.73994978996322,7.198133750263388,-65.66250878996323,107.14515900000004,-0.00022763500000000004,2.739873463714335,4.132942728372196,1260.2361702081575,1656.3433983918908,879.8138557564071,2289.8035386948595,1,0,0,1,2,0,2,0,0,0,0
431000.0,101,-27.0968,-78.403297,30.978282,4.855169,102,-27.08191,-78.390612,-71.66062,0.388495,2076.11503,3,-1,0,8,37.18163695793203,-142.82413953117722,6.203354957932028,-71.16351953117723,102.63890199999997,7.4042e-05,2.8677823461754843,4.040401677097657,1254.6872454818263,1654.0899412719757,739.5265169350066,1590.4172501290593,1,0,0,1,1,0,2,1,0,1,0
432000.0,101,-27.096755,-78.403278,29.499865,4.913754,102,-27.081927,-78.39059,-77.521218,0.304066,2071.217653,3,-1,0,8,37.303344403018,-142.7024334494743,7.803479403018002,-65.18121544947431,107.02108299999998,-8.442899999999997e-05,2.7165209344550085,4.211017494142433,1255.2300417332194,1647.5254500095741,894.0491072293258,2420.7704435375194,1,0,0,1,0,0,2,0,0,0,0
433000.0,101,-27.096724,-78.403251,30.51338,4.833316,102,-27.081947,-78.390563,-89.780219,0.215605,2066.149546,3,-1,0,8,37.39854817488034,-142.60722967652512,6.885168174880338,-52.82701067652512,120.29359899999997,-8.8461e-05,2.6696691583552328,4.163125997296409,1254.8877239690378,1641.411205843257,1414.2082245511735,4937.89680792056,1,0,0,1,1,0,2,0,0,0,0
434000.0,101,-27.096682,-78.403221,30.787296,4.918993,102,-27.081911,-78.390618,-72.446061,0.376945,2061.034054,3,-1,0,8,37.22409035127153,-142.7816487852547,6.436794351271526,-70.3355877852547,103.23335700000001,0.00016134,2.8771903307706026,4.112088152849223,1246.7895067226991,1641.1512110935557,742.9759740119686,1671.2799835896847,1,0,0,1,2,0,2,1,0,1,0
435000.0,101,-27.096645,-78.403208,29.270633,4.826444,102,-27.081895,-78.390642,-68.866153,0.445677,2055.877397,3,-1,0,8,37.18221907125633,-142.82350321108459,7.911586071256327,-73.95735021108459,98.13678599999997,6.873200000000002e-05,2.7755204446799544,4.049515690496109,1242.4733987958598,1637.953517283125,715.0138335420769,1460.1294724908848,1,0,0,1,0,0,2,1,0,1,0
436000.0,101,-27.096612,-78.403185,29.541041,4.761976,102,-27.081907,-78.390626,-71.808672,0.380426,2050.980586,3,-1,0,8,37.25116377046441,-142.75455532218928,7.710122770464409,-70.94588332218927,101.34971300000001,-6.5251e-05,2.7092894094436333,4.02416658903497,1241.4793784918581,1632.5594374871541,773.3241943974305,1708.0603377417062,1,0,0,1,2,0,2,0,0,0,0
437000.0,101,-27.096574,-78.403161,29.535608,4.773136,102,-27.081914,-78.390618,-74.000726,0.341213,2045.91286,3,-1,0,8,37.30059175087489,-142.70512005270427,7.764983750874887,-68.70439405270427,103.53633400000001,-3.9213e-05,2.6809821641289275,4.058817687853947,1239.816269554356,1627.4566195329753,817.5292457153314,1940.3241898517595,1,0,0,1,2,0,2,0,0,0,0
438000.0,101,-27.096539,-78.403124,31.520854,4.8199,102,-27.081874,-78.390679,-65.974066,0.534803,2040.797699,3,-1,0,8,37.07477273200414,-142.93089443730665,5.553918732004142,-76.95682843730665,97.49491999999998,0.00019359000000000005,3.008354797633154,3.8909783383918017,1230.3086763284712,1628.24930805899,633.6812201037801,1076.2149267077334,1,0,0,1,1,0,2,1,0,1,0
439000.0,101,-27.096504,-78.403094,32.309294,4.838098,102,-27.081861,-78.390698,-64.565076,0.584964,2035.635092,3,-1,0,8,37.00744413756532,-142.99820071362765,4.698150137565321,-78.43312471362765,96.87437,5.016100000000001e-05,3.114177941526632,3.837806519019489,1225.286992241244,1625.5712886324777,601.7539849330885,942.5662054289514,1,0,0,1,1,0,2,1,0,1,0
440000.0,101,-27.096466,-78.40308,30.703064,4.768594,102,-27.081874,-78.390682,-66.414337,0.511307,2030.738862,3,-1,0,8,37.108025111453365,-142.89762064809563,6.404961111453364,-76.48328364809562,97.11740099999997,-7.365700000000008e-05,2.9033850476242997,3.8955721700781383,1225.1847510822474,1619.513090824704,654.8830692996895,1151.1618278106841,1,0,0,1,0,0,2,0,0,0,0
441000.0,101,-27.096421,-78.403054,30.11552,4.867609,102,-27.081872,-78.390686,-66.28376,0.509042,2025.671526,3,-1,0,8,37.12259404314272,-142.8830380505828,7.007074043142719,-76.5992780505828,96.39928000000003,-2.2649999999999614e-06,2.908351507185066,4.005817030664103,1222.5382634089963,1615.161083529468,647.6117974943609,1181.2675158381223,1,0,0,1,0,0,2,1,0,0,0
442000.0,101,-27.096374,-78.403027,29.612247,5.004567,102,-27.081814,-78.390778,-61.591347,0.805556,2020.556703,3,-1,0,8,36.83559291161733,-143.16998498234724,7.223345911617333,-81.57863798234725,91.20359400000001,0.00029651400000000005,3.181443546820157,3.967668200676337,1211.3659893210154,1617.1709340556883,569.0595639624281,877.1174368824411,1,0,0,1,2,0,2,1,0,1,0
443000.0,101,-27.096341,-78.403003,30.149985,4.913108,102,-27.081846,-78.390737,-64.632987,0.63446,2015.387785,3,-1,0,8,36.99686212529055,-143.00872350995883,6.846877125290547,-78.37573650995883,94.78297200000003,-0.00017109600000000003,3.0409703925879814,3.9766189979183113,1212.8024950998415,1609.6266746692552,610.0923025097788,1038.9437624156872,1,0,0,1,2,0,2,0,0,0,0
444000.0,101,-27.096311,-78.402986,29.817949,4.772118,102,-27.081811,-78.39079,-62.036802,0.797652,2010.492148,3,-1,0,8,36.82990168869114,-143.17565206411638,7.011952688691139,-81.13885006411638,91.85475100000002,0.000163192,3.0774408401945377,3.7663135014817453,1205.1722378314494,1609.235394319299,592.4743792754202,877.0586030266811,1,0,0,1,2,0,2,1,0,1,0
445000.0,101,-27.096265,-78.402954,30.138747,4.917607,102,-27.081815,-78.390785,-62.462069,0.757065,2005.425212,3,-1,0,8,36.86393754686847,-143.14160390684265,6.725190546868472,-80.67953490684265,92.60081600000001,-4.058700000000004e-05,3.1404025743101394,3.902787687183037,1203.0882318498006,1604.4653275498868,578.0318992312156,893.9570943769498,1,0,0,1,2,0,2,0,0,0,0
446000.0,101,-27.096224,-78.402922,30.715473,4.998746,102,-27.081822,-78.390776,-63.153803,0.705317,2000.310738,3,-1,0,8,36.90341976151763,-143.10211121537097,6.187946761517633,-79.94830821537096,93.86927599999996,-5.1748000000000013e-05,3.1825343582339642,3.978974651135847,1201.1224968379197,1599.5461219195731,570.9220545367868,911.618967137626,1,0,0,1,1,0,2,0,0,0,0
447000.0,101,-27.096184,-78.402894,30.966183,5.02863,102,-27.081786,-78.390832,-61.06831,0.874479,1995.135458,3,-1,0,8,36.72030310296245,-143.28518961535502,5.754120102962446,-82.21687961535503,92.034493,0.00016916200000000004,3.352732879402244,3.8888614129086343,1192.909892379244,1599.2284028345075,536.2443256200345,776.1036618448982,1,0,0,1,2,0,2,1,0,1,0
448000.0,101,-27.096143,-78.402865,31.167906,5.07491,102,-27.081778,-78.390845,-60.728545,0.895456,1990.240427,3,-1,0,8,36.68753370460942,-143.31793988342906,5.519627704609423,-82.58939488342907,91.89645100000001,2.0977000000000023e-05,3.4076263908526667,3.904537196019952,1189.0705047740394,1595.9850537964176,524.9095451687101,751.8325923000554,1,0,0,1,2,0,2,1,0,1,0
449000.0,101,-27.0961,-78.402836,31.111107,5.13534,102,-27.081768,-78.39086,-60.375477,0.921014,1985.173902,3,-1,0,8,36.650003284901125,-143.3554502617849,5.538896284901124,-82.97997326178492,91.486584,2.555799999999997e-05,3.454048850692174,3.941438228235856,1185.000495757662,1592.6987305312955,514.8920206320282,736.8296728093318,1,0,0,1,2,0,2,1,0,1,0
450000.0,101,-27.096061,-78.402821,29.660038,5.054966,102,-27.081779,-78.390846,-61.136315,0.844325,1980.059786,3,-1,0,8,36.7436540367341,-143.26179905197475,7.0836160367340995,-82.12548405197475,90.79635300000001,-7.668900000000001e-05,3.2408986635065524,3.9850697181740897,1184.542752432519,1586.661660151262,546.2397326005334,831.4973077369045,1,0,0,1,0,0,2,1,0,0,0
451000.0,101,-27.096016,-78.402799,28.881281,5.09982,102,-27.08182,-78.390793,-64.995157,0.631068,1974.884795,3,-1,0,8,36.98084436137653,-143.024622843511,8.099563361376532,-78.02946584351099,93.87643800000001,-0.00021325700000000004,3.0351136717500626,4.1987672837766015,1187.9879641809725,1577.6103924871122,596.7258331394236,1117.7253624758475,1,0,0,1,0,0,2,0,0,0,0
452000.0,101,-27.095978,-78.402769,29.789727,5.103669,102,-27.081786,-78.390845,-62.431973,0.788494,1969.705412,3,-1,0,8,36.80007177520006,-143.20535808245825,7.0103447752000605,-80.77338508245825,92.22169999999994,0.00015742600000000006,3.2345664361012156,4.064326189702805,1179.9019996969262,1577.2034368379002,550.4414807911985,892.3038265200448,1,0,0,1,1,0,2,1,0,1,0
453000.0,101,-27.095934,-78.40275,28.602748,5.111958,102,-27.081745,-78.39091,-60.470373,0.991218,1964.81111,3,-1,0,8,36.611774406659606,-143.39361719191072,8.009026406659608,-82.92324419191073,89.07312100000001,0.00020272400000000002,3.3097276583348156,3.9995495953931233,1171.7933896199663,1577.1439217846869,533.9398319659452,816.2635220637318,1,0,0,1,0,0,2,1,0,1,0
454000.0,101,-27.095896,-78.402716,29.916466,5.13695,102,-27.081756,-78.390896,-61.19701,0.910668,1959.745082,3,-1,0,8,36.660298143002194,-143.34508434566018,6.743832143002194,-82.14807434566018,91.11347599999999,-8.055e-05,3.359987833414236,4.0137098600809535,1170.1038803337078,1572.0870509139074,526.2187993938475,805.7224435925219,1,0,0,1,1,0,2,0,0,1,0
455000.0,101,-27.095864,-78.40269,30.5931,5.038957,102,-27.08181,-78.390826,-66.454139,0.6338,1954.6314,3,-1,0,8,36.93005541899424,-143.07534710803236,6.336955418994243,-76.62120810803236,97.04723899999999,-0.000276868,3.145545662145033,4.084358620063306,1174.4200073503177,1562.4728977493464,589.8525353057272,1086.572379545198,1,0,0,1,2,0,2,0,0,0,0
456000.0,101,-27.095825,-78.402659,31.220598,5.068645,102,-27.081877,-78.390741,-85.047471,0.325913,1949.456761,3,-1,0,8,37.263921730519435,-142.74150538915328,6.043323730519436,-57.69403438915327,116.26806899999997,-0.000307887,2.9519497053207013,4.306457375019613,1180.3714720362439,1551.484724711011,970.2736790430719,3120.2854477925807,1,0,0,1,2,0,2,0,0,0,0
457000.0,101,-27.095801,-78.402651,30.278584,4.772155,102,-27.081824,-78.390825,-70.174274,0.585772,1944.278489,3,-1,0,8,36.99297404558328,-143.0124111728254,6.714390045583283,-72.83813717282541,100.45285799999999,0.0002598589999999999,2.9571962473994815,3.922486415937044,1169.9055850613668,1552.913315298167,667.2260434691891,1333.3511027622005,1,0,0,1,0,0,2,1,0,1,0
458000.0,101,-27.095757,-78.402616,30.953142,4.920059,102,-27.081874,-78.39076,-84.849731,0.354679,1939.384942,3,-1,0,8,37.24887787738351,-142.75652100270497,6.295735877383507,-57.906790002704966,115.80287300000003,-0.00023109299999999995,2.8838148892248427,4.1875457910674445,1173.8678116506946,1543.7772877027153,981.7896100613099,3056.00980356211,1,0,0,1,2,0,2,0,0,0,0
459000.0,101,-27.095708,-78.402604,28.325085,4.972646,102,-27.081895,-78.390732,-97.515812,0.268678,1934.31943,3,-1,0,8,37.425803885366854,-142.57960227808644,9.100718885366852,-45.063790278086444,125.84089699999998,-8.600100000000005e-05,2.6257592345592085,4.412412659527001,1175.550819590707,1536.1223674678856,2360.12134925293,10199.497125893515,1,0,0,1,0,0,2,0,0,0,0
460000.0,101,-27.09567,-78.402587,27.646855,4.91577,102,-27.081823,-78.390848,-71.431587,0.614379,1929.2062,3,-1,0,8,37.046972485985734,-142.9583731031026,9.400117485985735,-71.5267861031026,99.078442,0.000345701,2.8634154699928853,4.158868209795563,1162.2880139809433,1539.7802228482724,700.353375663853,1611.1142070502033,1,0,0,1,2,0,2,1,0,1,0
461000.0,101,-27.09563,-78.402561,28.064744,4.939461,102,-27.081827,-78.390843,-72.147713,0.580465,1924.031928,3,-1,0,8,37.08533309057666,-142.92000293245425,9.02058909057666,-70.77228993245426,100.21245700000003,-3.3914e-05,2.876378852775168,4.180712313110553,1160.198559625148,1534.873989032041,703.739786741476,1651.3377940885753,1,0,0,1,2,0,2,0,0,0,0
462000.0,101,-27.095598,-78.40253,29.592797,4.88834,102,-27.081894,-78.390758,-98.280843,0.301178,1918.853014,3,-1,0,8,37.41096236936756,-142.5943982468447,7.818165369367559,-44.313555246844686,127.87364000000002,-0.000279287,2.712059341171878,4.294067623104964,1165.7565952294412,1524.1418733228036,2148.227858708939,9000.922480717943,1,0,0,1,1,0,2,0,0,0,0
463000.0,101,-27.095576,-78.4025,31.719894,4.72608,102,-27.081922,-78.39072,-126.034331,0.22649,1913.960248,3,-1,0,8,37.53087327075526,-142.47449098895845,5.810979270755258,-16.440159988958456,157.75422500000002,-7.4688e-05,2.6679715238317563,4.153376092463525,1165.9632066419674,1517.8187084370131,-999,6840.611338815059,1,0,0,0,1,0,2,0,1,1,0
464000.0,101,-27.095534,-78.402481,30.440688,4.752538,102,-27.081933,-78.390705,-140.54758,0.213539,1908.895273,3,-1,0,8,37.629169963131794,-142.37619247225877,7.188481963131792,-1.8286124722587545,170.98826800000003,-1.295099999999999e-05,2.543545669384385,4.262304788601443,1165.4730480345434,1511.8047948021651,-999,6857.776302660857,1,0,0,0,0,0,2,0,1,0,0
465000.0,101,-27.095502,-78.402457,30.855288,4.693297,102,-27.081913,-78.390735,-113.369901,0.236011,1903.782512,3,-1,0,8,37.526334285459136,-142.4790035552283,6.671046285459134,-29.109102555228304,144.22518899999997,2.247199999999999e-05,2.623707604464502,4.12265054638625,1159.6434373466561,1509.8393792771012,-999,6780.296258956922,1,0,0,1,1,0,2,1,1,1,0
466000.0,101,-27.095458,-78.402434,29.903717,4.780962,102,-27.081966,-78.390667,-175.803017,0.262544,1898.608625,3,-1,0,8,37.83109634118473,-142.17426199195273,7.927379341184732,33.62875500804728,154.29326599999996,2.6533e-05,2.402734274214418,4.406285739347221,1164.4846531712035,1499.5633375930252,-999,6894.558833492276,1,0,0,1,0,0,2,0,1,0,0
467000.0,101,-27.095417,-78.402412,29.412087,4.808527,102,-27.081946,-78.390696,-152.373891,0.214966,1893.427439,3,-1,0,8,37.75379706617405,-142.25153803755907,8.341710066174052,10.122352962440914,178.21402200000003,-4.757800000000001e-05,2.461087353155902,4.379215304590513,1159.2882097584834,1497.0365104008215,-999,6896.969840402919,1,0,0,0,2,0,2,0,1,0,0
468000.0,101,-27.09538,-78.402385,29.93365,4.822575,102,-27.081934,-78.390714,-134.624315,0.20646,1888.535481,3,-1,0,8,37.69859233363988,-142.3067222740477,7.76494233363988,-7.682407274047705,164.557965,-8.505999999999986e-06,2.553392784548407,4.324290885910357,1154.85380119127,1494.2820887871126,-999,6894.75523840538,1,0,0,0,1,0,2,1,1,1,0
469000.0,101,-27.09534,-78.402366,28.968347,4.824266,102,-27.081974,-78.390661,178.756659,0.271769,1883.473008,3,-1,0,8,37.94494423795131,-142.06038585227537,8.97659723795131,39.18295514772461,149.78831200000002,6.530899999999998e-05,2.330622176506567,4.4923945814874235,1158.1550644244187,1485.3105461864325,-999,6916.254794337854,1,0,0,1,0,0,2,1,1,0,0
470000.0,101,-27.095304,-78.402338,29.82562,4.818201,102,-27.081989,-78.390641,168.701021,0.318282,1878.363222,3,-1,0,8,38.03219569637318,-141.97313074899418,8.206575696373179,49.32584825100582,138.87540099999995,4.651300000000003e-05,2.3340292064009382,4.492110345438747,1157.2674285383403,1479.520358969919,-999,6912.279151261269,1,0,0,1,1,0,2,1,1,1,0
471000.0,101,-27.095264,-78.402317,29.117962,4.82741,102,-27.082001,-78.390624,162.597263,0.359984,1873.192911,3,-1,0,8,38.131528765563885,-141.87379585577943,9.013566765563887,55.52894114422054,133.47930100000002,4.1702000000000015e-05,2.2413961976619774,4.560826660289293,1156.6382105905723,1473.4448519108184,-999,6920.17493507454,1,0,0,1,0,0,2,1,1,0,0
472000.0,101,-27.095221,-78.402288,29.422651,4.915967,102,-27.082084,-78.390524,147.182087,0.715022,1868.01124,3,-1,0,8,38.566419588604134,-141.43893736754296,9.143768588604136,71.37897563245701,117.75943600000005,0.000355038,2.027438452585492,4.882806451511151,1164.5582744242456,1460.5718120778456,-999,7095.944526424257,1,0,0,1,2,0,2,1,1,0,0
473000.0,101,-27.095177,-78.402264,28.935857,4.994605,102,-27.082062,-78.390554,150.472522,0.59094,1863.120113,3,-1,0,8,38.484759221232,-141.52057313901395,9.548902221231998,68.00690486098608,121.53666500000003,-0.00012408200000000002,2.125301199658904,4.885276415004151,1159.4316438100723,1458.4014600914957,-999,7138.333410933669,1,0,0,1,2,0,2,0,1,0,0
474000.0,101,-27.095129,-78.402231,29.289333,5.146089,102,-27.082007,-78.390638,172.035267,0.321762,1858.058214,3,-1,0,8,38.189949589789535,-141.8153294831047,8.900616589789536,46.14940351689529,142.74593399999998,-0.000269178,2.472985623605311,4.806873012233624,1148.7826488662006,1460.369388982399,-999,7233.0766011641645,1,0,0,1,1,0,2,0,1,0,0
475000.0,101,-27.095097,-78.402199,30.901396,5.082641,102,-27.081996,-78.390654,-179.614198,0.27217,1852.948934,3,-1,0,8,38.11904217724343,-141.8862150341647,7.217646177243431,37.72798296583528,149.48440600000004,-4.959199999999997e-05,2.612084729723749,4.633336103424789,1143.8205183070208,1457.770343336561,-999,7150.689791652574,1,0,0,1,1,0,2,0,1,1,0
476000.0,101,-27.095058,-78.40217,31.157033,5.097779,102,-27.081993,-78.390658,-177.240555,0.255802,1847.779036,3,-1,0,8,38.11595667227235,-141.88928550827558,6.958923672272348,35.35126949172442,151.602412,-1.636800000000005e-05,2.649831512561294,4.617942492430365,1140.5508670372014,1453.764453266683,-999,7152.376306419844,1,0,0,1,2,0,2,0,1,0,0
477000.0,101,-27.095013,-78.402149,30.079942,5.12626,102,-27.081964,-78.390699,-140.22177,0.202344,1842.592216,3,-1,0,8,37.999848401430576,-142.00536553979975,7.919906401430577,-1.7835955397997623,170.301712,-5.3457999999999975e-05,2.6987849608304693,4.591397619523478,1134.4092003301712,1451.9854822518207,-999,7151.202701173331,1,0,0,0,0,0,2,0,1,1,0
478000.0,101,-27.094977,-78.40212,30.813731,5.096429,102,-27.081945,-78.390727,-113.405048,0.222335,1837.701948,3,-1,0,8,37.897404278558234,-142.10778370193452,7.0836732785582335,-28.70273570193453,144.218779,1.999100000000001e-05,2.81468032879654,4.465320465053518,1128.8074124647983,1450.152500686573,-999,7104.147771243176,1,0,0,1,1,0,2,1,1,1,0
479000.0,101,-27.094942,-78.402085,32.204704,5.100518,102,-27.081928,-78.390752,-96.393345,0.269629,1832.640644,3,-1,0,8,37.78919277760556,-142.215967876372,5.584488777605557,-45.822622876371994,128.598049,4.7294000000000005e-05,2.986251514917512,4.345824450532684,1122.9652202027605,1448.2820320143799,1466.1933221268564,5902.475178163799,1,0,0,1,1,0,2,1,0,1,0
480000.0,101,-27.094906,-78.402062,31.924701,5.041833,102,-27.081933,-78.390746,-100.316781,0.246862,1827.531889,3,-1,0,8,37.8350987472476,-142.1700541627975,5.9103977472476,-41.85327316279749,132.24148200000002,-2.276700000000001e-05,2.9090138048846135,4.323435064758753,1120.9915739178214,1443.3470464573495,2000.3849670346176,8601.592604552801,1,0,0,1,2,0,2,0,0,0,0
481000.0,101,-27.094869,-78.402042,31.198336,4.964811,102,-27.081984,-78.390681,-166.045348,0.21551,1822.362423,3,-1,0,8,38.13457724510561,-141.87059615760225,6.9362412451056095,24.17475184239774,162.75631600000003,-3.1351999999999994e-05,2.6237539268255223,4.455946211191795,1125.3282364870695,1433.401953719658,-999,6976.238745841215,1,0,0,1,0,0,2,0,1,1,0
482000.0,101,-27.094834,-78.402014,31.751458,4.948044,102,-27.082011,-78.390645,170.140988,0.296326,1817.169131,3,-1,0,8,38.288497839477174,-141.7166792054386,6.537039839477174,48.14233279456141,138.38952999999998,8.081599999999997e-05,2.5530984949096953,4.499463844331385,1125.9570172782483,1426.2974605253862,-999,6969.792808091266,1,0,0,1,2,0,2,1,1,1,0
483000.0,101,-27.094795,-78.401988,31.578881,4.956076,102,-27.082003,-78.390657,176.459639,0.256762,1812.279749,3,-1,0,8,38.2626515498608,-141.74250818705121,6.6837705498607995,41.797852812948804,144.88075800000001,-3.956399999999999e-05,2.5795023948166516,4.478452323994899,1122.2856612932228,1422.9661918299876,-999,6961.181367871444,1,0,0,1,2,0,2,0,1,1,0
484000.0,101,-27.094758,-78.401973,30.320432,4.877042,102,-27.081975,-78.390698,-147.334234,0.186539,1807.219064,3,-1,0,8,38.14428871584207,-141.8608455149487,7.823856715842073,5.473388485051316,177.654666,-7.022299999999998e-05,2.5627859354943214,4.366973395344783,1116.2179733460264,1421.3015799837574,-999,6853.452495276579,1,0,0,0,0,0,2,0,1,1,0
485000.0,101,-27.094708,-78.401953,28.6718,4.99294,102,-27.082083,-78.390572,152.79389,0.569104,1802.110855,3,-1,0,8,38.75239274977184,-141.25278975474774,10.080592749771842,65.95332024525226,124.12209000000001,0.000382565,2.1353810504001665,4.886860428262626,1128.0421756554367,1405.3911852759643,-999,7082.863400252242,1,0,0,1,0,0,2,1,1,0,0
486000.0,101,-27.094679,-78.401934,28.974196,4.827603,102,-27.08207,-78.390589,155.612798,0.494528,1796.94184,3,-1,0,8,38.699258683856534,-141.30590742384555,9.725062683856535,63.08129457615445,126.63860199999999,-7.457600000000003e-05,2.1343754501525263,4.673774548536422,1123.5065445602356,1402.4025886573743,-999,6889.3429035682975,1,0,0,1,2,0,2,0,1,1,0
487000.0,101,-27.094644,-78.40191,29.18816,4.796375,102,-27.082083,-78.390572,152.644728,0.540497,1791.740827,3,-1,0,8,38.78866641595553,-141.21649650225203,9.600506415955532,66.13877549774799,123.456568,4.596899999999998e-05,2.090730697335364,4.667400666629366,1122.4353952298152,1396.5937042225032,-999,6857.58327045388,1,0,0,1,2,0,2,1,1,1,0
488000.0,101,-27.094598,-78.40189,28.114859,4.878421,102,-27.082044,-78.390629,166.918301,0.345749,1786.852362,3,-1,0,8,38.61372729736664,-141.3914005503667,10.498868297366638,51.69029844963325,138.80344200000002,-0.00019474800000000004,2.2206533126407204,4.639566406819309,1115.115272407901,1396.1945755615984,-999,6891.0788231889,1,0,0,1,0,0,2,0,1,0,0
489000.0,101,-27.094558,-78.401863,28.429551,4.90956,102,-27.082029,-78.39065,176.973094,0.276231,1781.792318,3,-1,0,8,38.5500892032196,-141.4550167822853,10.1205382032196,41.57188921771467,148.54354299999994,-6.951799999999997e-05,2.322746345384326,4.593328129444564,1110.4104273891562,1393.4749898111716,-999,6896.191420048033,1,0,0,1,2,0,2,0,1,0,0
490000.0,101,-27.094508,-78.401823,29.576295,5.151511,102,-27.081949,-78.390776,-91.114136,0.346615,1776.684676,3,-1,0,8,38.06775106134156,-141.93727932273504,8.491456061341562,-50.823143322735035,120.69043100000005,7.0384e-05,2.889243026142112,4.487004688873417,1095.4910695654228,1398.7522133800653,1190.8086205044297,4588.857881753417,1,0,0,1,1,0,2,1,0,1,0
491000.0,101,-27.094476,-78.401804,29.458747,5.005956,102,-27.08194,-78.390789,-86.296788,0.373534,1771.512937,3,-1,0,8,38.03805203756359,-141.96696377143087,8.57930503756359,-55.67017577143086,115.75553500000001,2.691899999999997e-05,2.834667081397805,4.334610119045419,1091.5791388038356,1395.2465981634366,979.6255531319597,3311.9214877802183,1,0,0,1,2,0,2,1,0,1,0
492000.0,101,-27.094436,-78.401778,29.579032,5.018963,102,-27.081914,-78.390825,-77.071213,0.478417,1766.299355,3,-1,0,8,37.91223452199769,-142.09275304894547,8.333202521997688,-65.02154004894547,106.65024499999998,0.000104883,2.9437673526659216,4.257828891172142,1085.309141030682,1393.526992874074,702.6469924516961,1876.3912456559863,1,0,0,1,2,0,2,1,0,1,0
493000.0,101,-27.094392,-78.401756,28.884864,5.054086,102,-27.081947,-78.390783,-90.456137,0.33124,1761.411837,3,-1,0,8,38.13444643083867,-141.8705502464007,9.249582430838672,-51.41441324640071,119.341001,-0.000147177,2.7726112659658755,4.427955115468016,1087.687436231209,1385.462991417849,1216.6784136884166,4608.671449877333,1,0,0,1,0,0,2,0,0,0,0
494000.0,101,-27.094365,-78.401721,31.2034,4.958442,102,-27.081899,-78.390854,-73.689634,0.546582,1756.350504,3,-1,0,8,37.81781474784761,-142.1871336547695,6.614414747847615,-68.4974996547695,104.893034,0.00021534200000000004,3.0934430910811224,4.087619359334342,1076.9110602852809,1387.454381641532,615.1911766253302,1397.544042521587,1,0,0,1,1,0,2,1,0,1,0
495000.0,101,-27.094328,-78.40171,29.486187,4.857158,102,-27.081869,-78.390898,-68.573116,0.683712,1751.240956,3,-1,0,8,37.692655436289186,-142.31226791587756,8.206468436289185,-73.73915191587756,98.059303,0.00013712999999999998,3.0272167088284467,3.9782623260344985,1070.7535710649295,1385.7603241626941,574.831629315386,1122.5000954046445,1,0,0,1,0,0,2,1,0,1,0
496000.0,101,-27.094293,-78.401678,30.688837,4.857714,102,-27.081868,-78.390899,-68.422152,0.668878,1746.069713,3,-1,0,8,37.68366718212231,-142.3212411401496,6.994830182122314,-73.8990891401496,99.11098899999996,-1.4834000000000014e-05,3.101259828397109,3.931409582317552,1067.374978815978,1381.8357707243986,557.7816784322787,1047.193820708603,1,0,0,1,1,0,2,0,0,1,0
497000.0,101,-27.094262,-78.401658,30.654273,4.741508,102,-27.081863,-78.390906,-67.768806,0.674378,1740.845989,3,-1,0,8,37.672211163870145,-142.33268486069082,7.017938163870145,-74.56387886069082,98.42307899999997,5.50000000000006e-06,3.0417366961950805,3.823779672824747,1063.9062224968945,1377.9144774440017,561.8989879971347,1005.1169591715357,1,0,0,1,2,0,2,1,0,1,0
498000.0,101,-27.094222,-78.401634,30.396228,4.778314,102,-27.081885,-78.390877,-71.472503,0.550407,1735.959453,3,-1,0,8,37.82413927431216,-142.18075902552985,7.427911274312159,-70.70825602552985,101.86873100000003,-0.00012397100000000006,2.9395969921181186,3.946623135941639,1064.5596001635042,1371.228675371026,612.5569385029477,1279.3000696424915,1,0,0,1,2,0,2,0,0,0,0
499000.0,101,-27.094189,-78.401609,30.776781,4.727379,102,-27.081927,-78.390823,-85.121941,0.351652,1730.898814,3,-1,0,8,38.068362228382206,-141.93654927764254,7.291581228382206,-56.814608277642535,115.89872200000002,-0.00019875499999999995,2.769353218869195,4.03170673758009,1067.2743701377256,1362.6944349903713,921.4963958308058,2781.826091987894,1,0,0,1,2,0,2,0,0,0,0
500000.0,101,-27.094156,-78.401581,31.597516,4.714641,102,-27.081922,-78.39083,-82.841922,0.362417,1725.789884,3,-1,0,8,38.04154678874877,-141.96334877651697,6.444030788748769,-59.12142677651697,114.439438,1.0764999999999969e-05,2.829823714068157,3.970534021468107,1063.4881982993954,1359.170179114683,827.2760566382212,2310.8276192432154,1,0,0,1,1,0,2,1,0,1,0
501000.0,101,-27.094112,-78.401559,30.486973,4.791137,102,-27.081946,-78.390797,-98.218965,0.259486,1720.619159,3,-1,0,8,38.22511863792988,-141.77978193461723,7.7381456379298825,-43.560816934617236,128.705938,-0.000102931,2.6875679769462364,4.16583134372692,1064.6380219667271,1351.6938161065332,1877.033619244885,7594.197319274271,1,0,0,1,0,0,2,0,0,0,0
502000.0,101,-27.094074,-78.401531,30.90983,4.817216,102,-27.082003,-78.390727,-168.492131,0.229159,1715.3842,3,-1,0,8,38.552368753097795,-141.45255094611917,7.642538753097796,27.039580053880826,160.598039,-3.0326999999999993e-05,2.520266061337546,4.357611794329525,1069.0783562923775,1341.497082261765,-999,6730.1931222055055,1,0,0,1,2,0,2,0,1,1,0
503000.0,101,-27.094033,-78.401505,30.684892,4.881394,102,-27.081992,-78.390742,-153.768695,0.201456,1710.498676,3,-1,0,8,38.51568585144547,-141.48921517369897,7.830793851445467,12.279479826301042,175.546413,-2.7703000000000006e-05,2.5800970447447047,4.378644175742083,1065.1769037909457,1338.3586530628054,-999,6775.196939609908,1,0,0,0,2,0,2,0,1,0,0
504000.0,101,-27.093992,-78.401481,30.365215,4.90542,102,-27.081997,-78.390736,-160.554286,0.203002,1705.438759,3,-1,0,8,38.575827562898624,-141.4290652627824,8.210612562898625,19.125220737217603,169.08049900000003,1.5459999999999918e-06,2.5473211243747897,4.42392029025046,1063.4260424629506,1333.2840705982526,-999,6790.6987066043475,1,0,0,0,2,0,2,1,1,0,0
505000.0,101,-27.093959,-78.40145,31.43748,4.881441,102,-27.082044,-78.390677,162.865709,0.358687,1700.330472,3,-1,0,8,38.83568641340137,-141.16921916348414,7.398206413401368,55.96507183651585,131.42822900000004,0.000155685,2.440329181084502,4.507660628225603,1066.2587000632511,1324.468232367681,-999,6800.016096763019,1,0,0,1,1,0,2,1,1,0,0
506000.0,101,-27.093908,-78.401429,29.812914,5.01857,102,-27.082049,-78.390671,161.013629,0.367234,1695.160287,3,-1,0,8,38.92857295358126,-141.07632578909107,9.11565895358126,57.91004521090895,131.20071500000006,8.547000000000027e-06,2.3756030193137896,4.701634409818533,1065.155802654893,1318.71585820924,-999,6928.961512629593,1,0,0,1,0,0,2,1,1,0,0
507000.0,101,-27.093862,-78.40141,28.500092,5.067249,102,-27.082037,-78.390688,167.298909,0.304112,1689.913039,3,-1,0,8,38.91510664657934,-141.089775698364,10.41501464657934,51.611315301635955,138.79881699999999,-6.312200000000001e-05,2.3510258832820905,4.749851741010671,1061.5496791322767,1314.8834009585703,-999,6953.635963101691,1,0,0,1,0,0,2,0,1,0,0
508000.0,101,-27.093825,-78.401379,29.503875,5.062154,102,-27.08203,-78.390698,172.286551,0.266245,1685.028562,3,-1,0,8,38.8789545106367,-141.125909160993,9.375079510636702,46.587539839007036,142.78267600000004,-3.786699999999998e-05,2.4572867817596418,4.669541912075933,1057.6539362560666,1311.7505120554886,-999,6932.356088009391,1,0,0,1,1,0,2,0,1,1,0
509000.0,101,-27.093782,-78.401353,29.46376,5.110621,102,-27.08202,-78.390711,-179.114231,0.224745,1679.969393,3,-1,0,8,38.854981257791074,-141.1498646505215,9.391221257791074,37.964366349478496,151.42200900000003,-4.1500000000000006e-05,2.5172505807738843,4.674367112637972,1053.9311146340133,1308.2531739014032,-999,6962.126351579958,1,0,0,1,2,0,2,0,1,0,0
510000.0,101,-27.09374,-78.401337,28.023892,5.078375,102,-27.081995,-78.390747,-140.680133,0.171954,1674.861774,3,-1,0,8,38.7583919264085,-141.24643029782894,10.7344999264085,-0.5662972978289247,168.704025,-5.2791e-05,2.494980723829091,4.615971561218258,1048.5266004400955,1306.0451485978435,-999,6895.969831302919,1,0,0,0,0,0,2,0,1,1,0
511000.0,101,-27.093709,-78.401312,28.904779,4.960064,102,-27.081993,-78.390751,-136.736715,0.168198,1669.692153,3,-1,0,8,38.75083773920602,-141.253971276987,9.846058739206018,-4.517256276986984,165.64149400000002,-3.7560000000000094e-06,2.5127485474871065,4.464643942445783,1045.1185491565655,1302.1517208062394,-999,6770.893834393197,1,0,0,0,1,0,2,1,1,1,0
512000.0,101,-27.093662,-78.401292,27.846723,5.040569,102,-27.081975,-78.390776,-107.511527,0.196007,1664.443217,3,-1,0,8,38.70073287760873,-141.3040556422407,10.854009877608728,-33.79252864224071,135.35825,2.7809e-05,2.5414126074498347,4.515850956799252,1040.6975136772478,1298.9687862467301,-999,6824.437226426778,1,0,0,1,0,0,2,1,1,0,0
513000.0,101,-27.093627,-78.401259,29.372346,5.017698,102,-27.081991,-78.390756,-132.191851,0.16577,1659.187332,3,-1,0,8,38.7884482496765,-141.2163343490075,9.416102249676499,-9.024483349007483,161.564197,-3.0236999999999985e-05,2.583915596453062,4.484009818467346,1039.392381636794,1293.2772632597666,-999,6814.31566951199,1,0,0,0,1,0,2,0,1,1,0
514000.0,101,-27.093588,-78.401242,28.423882,4.965146,102,-27.081966,-78.390792,-96.590441,0.224366,1654.304075,3,-1,0,8,38.68063751820257,-141.32412094143862,10.256755518202574,-44.73367994143862,125.01432299999999,5.8596000000000006e-05,2.586247301309527,4.392349680170166,1033.905112474691,1291.418673769395,1941.5541172218766,8262.415885312968,1,0,0,1,0,0,2,1,0,0,0
515000.0,101,-27.093541,-78.401219,27.718694,5.068474,102,-27.081949,-78.390818,-83.278032,0.293158,1649.245781,3,-1,0,8,38.62151657477341,-141.3832195673042,10.90282257477341,-58.1051875673042,110.99672600000002,6.879199999999996e-05,2.648646659202176,4.4525110329175615,1029.4147545801172,1288.5328514240748,890.5384390923127,2988.518204937374,1,0,0,1,0,0,2,1,0,1,0
516000.0,101,-27.093508,-78.40119,28.912191,5.002675,102,-27.081949,-78.390818,-83.58296,0.286107,1644.138948,3,-1,0,8,38.62315594681592,-141.38156698732323,9.71096494681592,-57.798606987323225,112.49515100000002,-7.050999999999974e-06,2.702950977310222,4.347173381490661,1026.2639605841919,1284.513590249864,870.8429439455379,2831.683827694807,1,0,0,1,1,0,2,0,0,1,0
517000.0,101,-27.093473,-78.401159,30.151854,4.986762,102,-27.081965,-78.390799,-95.680277,0.220368,1638.969991,3,-1,0,8,38.714394097051,-141.29032337130838,8.562540097050999,-45.61004637130837,125.832131,-6.573899999999999e-05,2.724104133607652,4.3338504872404675,1025.0752601054908,1278.8445341472122,1550.3056053189348,6310.388178581449,1,0,0,1,1,0,2,0,0,0,0
518000.0,101,-27.093442,-78.401129,31.541876,4.914379,102,-27.081963,-78.390803,-93.405806,0.226645,1633.721561,3,-1,0,8,38.693028026140325,-141.31167395752445,7.151152026140327,-47.90586795752445,124.94768199999999,6.2770000000000044e-06,2.797062496747428,4.201783512340666,1021.3172532509084,1275.1302706344543,1234.630043879536,4606.790445909585,1,0,0,1,1,0,2,1,0,1,0
519000.0,101,-27.093411,-78.401102,32.270795,4.841905,102,-27.081939,-78.390838,-78.483752,0.327674,1628.462524,3,-1,0,8,38.541803265037885,-141.4628704823095,6.271008265037885,-62.97911848230952,110.754547,0.00010102900000000001,2.9062741517833945,4.02857702109403,1014.6713296839058,1273.7080846057095,669.0426397797576,1698.6258125136596,1,0,0,1,1,0,2,1,0,1,0
520000.0,101,-27.093374,-78.401085,31.081467,4.78813,102,-27.0819,-78.390896,-68.096529,0.518759,1623.580544,3,-1,0,8,38.332324511972104,-141.6723150778485,7.250857511972104,-73.5757860778485,99.17799600000001,0.00019108499999999994,2.9532141160128313,3.9071979689808294,1006.9798522351025,1273.5797423200113,531.9715557706625,982.8905559203355,1,0,0,1,0,0,2,1,0,1,0
521000.0,101,-27.093318,-78.401061,29.395387,5.008806,102,-27.081919,-78.390874,-72.556747,0.420708,1618.523173,3,-1,0,8,38.5097885928449,-141.49485008334992,9.1144015928449,-68.93810308334992,101.952134,-9.805099999999995e-05,2.859851776610289,4.2378270364241555,1007.7707520520914,1266.4972849739356,588.9317918398277,1403.1385205051213,1,0,0,1,0,0,2,0,0,0,0
522000.0,101,-27.093288,-78.401027,31.301501,4.954607,102,-27.081936,-78.390852,-78.981561,0.33344,1613.417167,3,-1,0,8,38.59224940702937,-141.41238380389635,7.290748407029373,-62.43082280389635,110.28306199999997,-8.726800000000002e-05,2.901417210082002,4.16971158245525,1006.4074735664052,1261.054698226842,675.8322386136973,1826.2418492712143,1,0,0,1,1,0,2,0,0,0,0
523000.0,101,-27.093243,-78.400996,31.211437,5.072113,102,-27.081924,-78.390871,-74.62704,0.384755,1608.248914,3,-1,0,8,38.535973821647815,-141.46863661716975,7.324536821647815,-66.84159661716976,105.83847699999995,5.1315e-05,2.9993462050659523,4.235980642950983,1001.9485356177181,1257.9998813019379,584.4436206263844,1430.6554773333833,1,0,0,1,2,0,2,1,0,1,0
524000.0,101,-27.093197,-78.400962,31.58837,5.200556,102,-27.081947,-78.390843,-85.286863,0.280899,1603.001024,3,-1,0,8,38.69024608514106,-141.31436161976512,7.101876085141061,-56.027498619765126,116.87523299999998,-0.000103856,3.0040680533045014,4.406926021933375,1002.051630949388,1251.2013474484113,788.8487542474872,2611.917693658574,1,0,0,1,2,0,2,0,0,0,0
525000.0,101,-27.093159,-78.400939,31.314251,5.14961,102,-27.081944,-78.390849,-83.776776,0.290299,1597.735694,3,-1,0,8,38.69712040084566,-141.30747409563028,7.382869400845664,-57.530698095630285,115.091027,9.399999999999964e-06,2.96500346033316,4.367995093404364,998.9098397891429,1246.971723758839,758.0631705812249,2412.5675264973643,1,0,0,1,2,0,2,1,0,1,0
526000.0,101,-27.093121,-78.400913,31.258207,5.127497,102,-27.081924,-78.390879,-75.079197,0.381123,1592.855051,3,-1,0,8,38.58647559610853,-141.41809339617262,7.328268596108529,-66.33889639617263,106.33740399999999,9.082400000000001e-05,3.0289087393956464,4.285044049084992,993.4558983403416,1245.0833673087907,579.0206719228356,1451.1834288553403,1,0,0,1,2,0,2,1,0,1,0
527000.0,101,-27.093082,-78.400892,30.534176,5.079359,102,-27.081974,-78.39082,-111.531111,0.196678,1587.79865,3,-1,0,8,38.91539879097785,-141.08918750549944,8.381222790977848,-29.558076505499443,142.065287,-0.000184445,2.7635331175259648,4.447167416106429,997.4109636447613,1235.42540144804,-999,6809.203995765633,1,0,0,1,0,0,2,0,1,0,0
528000.0,101,-27.093061,-78.400872,31.416142,4.804699,102,-27.081941,-78.390868,-82.845576,0.322621,1582.693518,3,-1,0,8,38.69563333003523,-141.30892199837137,7.279491330035228,-58.46334599837138,114.26171799999997,0.000125943,2.8245588521243463,4.060168728903869,989.4733598351276,1235.2575610356737,762.3716101114874,2194.222303093351,1,0,0,1,1,0,2,1,0,1,0
529000.0,101,-27.093021,-78.400846,31.298899,4.852124,102,-27.081932,-78.390883,-78.82393,0.359869,1577.52601,3,-1,0,8,38.658869259173606,-141.34566739606157,7.359970259173608,-62.52173739606157,110.12282900000002,3.7248000000000007e-05,2.873735995849978,4.076237159049295,985.4524976138322,1231.8570075999812,665.1043792637647,1745.132004740064,1,0,0,1,2,0,2,1,0,1,0
530000.0,101,-27.092984,-78.400827,30.435225,4.807087,102,-27.082023,-78.39078,-170.532673,0.242793,1572.278696,3,-1,0,8,39.21921175882347,-140.785363150047,8.78398675882347,29.747309849952984,159.032102,-0.00011707599999999999,2.4750327499663234,4.384168003751747,994.1347013948981,1218.0954368923387,-999,6584.391291251836,1,0,0,1,0,0,2,0,1,0,0
531000.0,101,-27.092943,-78.4008,30.41043,4.869361,102,-27.082054,-78.390742,167.965127,0.345466,1567.0041,3,-1,0,8,39.43505885765114,-140.5695210593005,9.024628857651141,51.46535194069952,137.55469699999992,0.00010267299999999998,2.392793494411766,4.537314760252935,995.3660566919849,1210.267847462808,-999,6666.782265371405,1,0,0,1,2,0,2,1,1,0,0
532000.0,101,-27.092909,-78.400773,31.086215,4.838186,102,-27.082039,-78.390763,178.446963,0.278801,1562.124856,3,-1,0,8,39.349703723064934,-140.6548543332542,8.263488723064935,40.89818266674581,147.360748,-6.666499999999997e-05,2.4905313760024925,4.422079151617813,990.4682886937463,1207.976255902864,-999,6614.210167196764,1,0,0,1,1,0,2,0,1,1,0
533000.0,101,-27.092874,-78.400745,31.692708,4.819398,102,-27.082044,-78.390759,175.76698,0.286937,1557.069477,3,-1,0,8,39.385837386273835,-140.61870973929683,7.693129386273835,43.61431026070318,144.074272,8.135999999999976e-06,2.510755483587843,4.3868738959039195,988.0220659941424,1203.4441213923146,-999,6589.879227597788,1,0,0,1,1,0,2,1,1,1,0
534000.0,101,-27.092829,-78.400709,32.341891,4.985222,102,-27.082074,-78.390723,161.607421,0.397805,1551.965266,3,-1,0,8,39.581238996210885,-140.42330812819503,7.239347996210888,57.96927087180495,129.26552999999996,0.00011086800000000002,2.541427374944247,4.589352995470257,988.8682812822792,1196.1336502014653,-999,6772.283470709997,1,0,0,1,2,0,2,1,1,0,0
535000.0,101,-27.092787,-78.400696,30.215369,4.954674,102,-27.082074,-78.390724,162.113784,0.385915,1546.798547,3,-1,0,8,39.65187635230993,-140.35266439395767,9.436507352309928,57.53355160604235,131.898415,-1.1890000000000012e-05,2.3749232393454864,4.64879428173499,987.0451943223359,1190.935568940022,-999,6733.129992061106,1,0,0,1,0,0,2,0,1,1,0
536000.0,101,-27.092748,-78.40067,30.303555,4.953545,102,-27.082115,-78.390675,152.399219,0.560822,1541.551847,3,-1,0,8,39.92797807708448,-140.0765731423631,9.624423077084483,67.52420785763695,122.095664,0.00017490700000000002,2.239632264406569,4.773712559943413,989.4052334163968,1182.141861655088,-999,6769.6075270774845,1,0,0,1,2,0,2,1,1,0,0
537000.0,101,-27.092711,-78.400647,30.212167,4.923311,102,-27.082116,-78.390676,152.735119,0.545278,1536.265155,3,-1,0,8,39.96114599913573,-140.04339428913931,9.74897899913573,67.22148671086069,122.52295199999992,-1.5544000000000002e-05,2.227632699962817,4.739264271318031,986.6939240310977,1177.516762830699,-999,6728.284909146375,1,0,0,1,2,0,2,0,1,1,0
538000.0,101,-27.092676,-78.400619,30.73293,4.902999,102,-27.082105,-78.390694,156.079666,0.470303,1531.387377,3,-1,0,8,39.894695477548886,-140.10982386111786,9.161765477548887,63.81051013888214,125.34673599999996,-7.497500000000002e-05,2.3149221215852065,4.644324184377427,982.1990974466017,1174.9179679492613,-999,6683.21003988327,1,0,0,1,1,0,2,0,1,1,0
539000.0,101,-27.092636,-78.400598,30.132397,4.892949,102,-27.082143,-78.390649,149.839144,0.631394,1526.334961,3,-1,0,8,40.171836430925254,-139.83269383595479,10.039439430925253,70.32816216404524,119.70674700000001,0.00016109099999999998,2.1390287453015366,4.777668382383501,984.6114659010809,1166.2927052789948,-999,6709.52079659451,1,0,0,1,0,0,2,1,1,0,0
540000.0,101,-27.092588,-78.400567,30.117895,5.062735,102,-27.082131,-78.390666,152.241443,0.554489,1521.234136,3,-1,0,8,40.13231289825507,-139.87219550726624,10.014417898255072,67.88636149273373,122.12354800000003,-7.6905e-05,2.2821324247237587,4.869916507494545,980.5189427582886,1163.0717516231896,-999,6853.336289824271,1,0,0,1,2,0,2,0,1,0,0
541000.0,101,-27.09255,-78.400544,29.934169,5.019474,102,-27.082092,-78.390722,166.490525,0.35206,1516.071334,3,-1,0,8,39.90357384917564,-140.10089857792715,9.969404849175643,53.40857642207288,136.55635599999994,-0.00020242900000000004,2.4224974059253865,4.692191692731067,972.5559441748411,1163.016433773282,-999,6763.023052314545,1,0,0,1,2,0,2,0,1,1,0
542000.0,101,-27.092513,-78.400516,30.34467,5.018656,102,-27.082109,-78.390704,160.713277,0.410773,1510.829228,3,-1,0,8,40.020860215458235,-139.9836076566397,9.676190215458234,59.30311534336033,130.36860700000005,5.871300000000001e-05,2.399751509885511,4.718829258069932,971.563615570515,1157.0086849624877,-999,6769.019902832106,1,0,0,1,2,0,2,1,1,0,0
543000.0,101,-27.092476,-78.400497,29.783427,4.944636,102,-27.082124,-78.390686,156.863882,0.465733,1505.532264,3,-1,0,8,40.1594240768886,-139.8450433381806,10.375997076888599,63.29107466181938,127.08045499999997,5.496000000000001e-05,2.2731197575399373,4.71977087409759,970.9427762932515,1150.6074583057937,-999,6701.876525694483,1,0,0,1,0,0,2,1,1,1,0
544000.0,101,-27.09244,-78.400474,29.799924,4.90135,102,-27.082159,-78.390646,150.831155,0.612351,1500.656012,3,-1,0,8,40.40284145793888,-139.60163369797334,10.602917457938876,69.56721130202664,121.03123099999999,0.00014661799999999997,2.137387033374045,4.787922506596205,972.6616998282303,1142.7588039647744,-999,6691.436720333838,1,0,0,1,2,0,2,1,1,1,0
545000.0,101,-27.092406,-78.400454,29.585372,4.812813,102,-27.082131,-78.390686,158.165671,0.453571,1495.604718,3,-1,0,8,40.246239004125236,-139.75820882622511,10.660867004125237,62.07612017377488,128.58029899999997,-0.00015877999999999997,2.207487398262558,4.606356538607409,966.2711406031364,1141.5575129363276,-999,6560.816972875353,1,0,0,1,2,0,2,0,1,1,0
546000.0,101,-27.092367,-78.400425,30.123382,4.85943,102,-27.082177,-78.390633,150.398017,0.650463,1490.504909,3,-1,0,8,40.550547022574975,-139.45391173664592,10.427165022574975,70.14807126335404,120.27463499999999,0.000196892,2.117461316618684,4.768711032413783,969.0050165374142,1132.5343975696385,-999,6654.4455561938985,1,0,0,1,2,0,2,1,1,0,0
547000.0,101,-27.09233,-78.400406,29.468233,4.822564,102,-27.08214,-78.390686,159.838055,0.449736,1485.342983,3,-1,0,8,40.34178405649402,-139.6626419121411,10.87355105649402,60.49930308785889,130.36982199999994,-0.000200727,2.2174039362694997,4.620839199671797,961.5305388032039,1132.1231382213502,-999,6567.7211676236075,1,0,0,1,2,0,2,0,1,1,0
548000.0,101,-27.09228,-78.400388,27.777325,4.931239,102,-27.082132,-78.390698,163.292813,0.40005,1480.101565,3,-1,0,8,40.371159537297814,-139.6332527665646,12.593834537297813,57.07393423343541,135.515488,-4.9686000000000005e-05,2.183130862209549,4.74615250704138,958.7157929460858,1127.6367637990554,-999,6656.061460851694,1,0,0,1,0,0,2,0,1,0,0
549000.0,101,-27.092232,-78.400354,28.36152,5.101611,102,-27.082137,-78.390694,162.462006,0.405901,1474.787375,3,-1,0,8,40.43155160302736,-139.57284703723755,12.07003160302736,57.96514696276245,134.100486,5.850999999999995e-06,2.3011217874224825,4.876287074010155,956.4573745005019,1122.5805504385855,-999,6820.906631168039,1,0,0,1,1,0,2,1,1,0,0
550000.0,101,-27.0922,-78.400324,29.682589,5.036011,102,-27.082109,-78.390733,179.794374,0.280555,1469.912719,3,-1,0,8,40.24010335070085,-139.76426386621247,10.557514350700849,40.44136213378749,150.11178500000005,-0.000125346,2.4927990202226433,4.655749072830998,949.5520593378204,1122.0491469117014,-999,6720.252895304868,1,0,0,1,1,0,2,0,1,1,0
551000.0,101,-27.092162,-78.4003,29.68989,5.014234,102,-27.082093,-78.390758,-161.404179,0.225848,1464.862607,3,-1,0,8,40.15706928640502,-139.84727561459462,10.46717928640502,21.556903385405377,168.905931,-5.4707e-05,2.555597827783981,4.57001682851305,944.668226629933,1119.564379114794,-999,6674.828138433647,1,0,0,0,2,0,2,0,1,1,0
552000.0,101,-27.092121,-78.400272,29.962686,5.049218,102,-27.082073,-78.390785,-132.735568,0.208328,1459.763869,3,-1,0,8,40.052813305285916,-139.9515065472527,10.090127305285915,-7.215938547252705,162.69825400000002,-1.751999999999998e-05,2.6747762561488626,4.515768950617645,939.3484886660165,1117.3786153666626,-999,6687.60545950354,1,0,0,0,2,0,2,1,1,0,0
553000.0,101,-27.092078,-78.400259,28.141394,5.014439,102,-27.082081,-78.390777,-142.825578,0.206388,1454.602869,3,-1,0,8,40.181595391994676,-139.82272218124797,12.040201391994678,3.002855818752039,170.966972,-1.940000000000025e-06,2.4897640466614686,4.586113757840514,938.5276730194753,1111.3214267167175,-999,6644.144006727215,1,0,0,0,0,0,2,0,1,1,0
554000.0,101,-27.092035,-78.400235,27.891317,5.05521,102,-27.082047,-78.390827,-98.832836,0.272162,1449.362186,3,-1,0,8,39.98585901911846,-140.01842485303072,12.094542019118457,-41.18558885303072,126.724153,6.577400000000002e-05,2.633740701535614,4.509770344645344,931.3580032458024,1110.5057478449585,2058.5694072716924,9325.460459922302,1,0,0,1,2,0,2,1,0,0,0
555000.0,101,-27.091996,-78.400221,26.734538,4.985108,102,-27.082055,-78.39082,-105.332963,0.249407,1444.028265,3,-1,0,8,40.09796137115265,-139.90631931131148,13.363423371152649,-34.57335631131147,132.067501,-2.2755000000000025e-05,2.4831174070730824,4.518152004202676,930.0934255394811,1104.6012175835874,14370.391130950798,72671.63655164966,1,0,0,1,0,0,2,0,0,0,0
556000.0,101,-27.091953,-78.40019,27.61437,5.075987,102,-27.082087,-78.390783,-144.905517,0.21419,1439.155282,3,-1,0,8,40.32991732504901,-139.67436608868297,12.715547325049009,5.23115091131703,172.519887,-3.5217e-05,2.475956283333723,4.6730192408320095,931.4039178767952,1097.1119666981376,-999,6695.800537819632,1,0,0,0,1,0,2,0,1,1,0
557000.0,101,-27.091917,-78.400155,29.296594,5.078617,102,-27.082072,-78.390805,-122.938265,0.219539,1434.106412,3,-1,0,8,40.2183752154001,-139.78588224005912,10.921781215400102,-16.847617240059122,152.23485900000003,5.34900000000002e-06,2.669372378754838,4.548424623706776,926.0062532890481,1095.0678608237451,-999,6686.198466635724,1,0,0,0,1,0,2,1,1,1,0
558000.0,101,-27.091886,-78.400132,29.909073,4.950543,102,-27.082087,-78.39079,-141.290519,0.211396,1429.008805,3,-1,0,8,40.326531098852996,-139.67772271269308,10.417458098852997,1.6127962873069066,171.19959199999997,-8.143000000000012e-06,2.6006656468007856,4.456176788134809,924.7728558378536,1089.431654521305,-999,6566.182670263993,1,0,0,0,1,0,2,0,1,1,0
559000.0,101,-27.091852,-78.400112,29.608245,4.866632,102,-27.082116,-78.390756,-174.10102,0.264127,1423.848786,3,-1,0,8,40.55133035691633,-139.4529298290754,10.943085356916331,34.648090170924604,156.29073499999998,5.2731e-05,2.4315878010483636,4.493894240857755,925.6854200696058,1081.8742387469217,-999,6503.388569827068,1,0,0,1,0,0,2,1,1,1,0
560000.0,101,-27.091816,-78.400097,28.588625,4.77631,102,-27.082122,-78.390751,-177.430759,0.274609,1418.608886,3,-1,0,8,40.64344707608274,-139.36080855430512,12.054822076082736,38.06995044569487,153.98061600000003,1.0481999999999992e-05,2.2978579306901414,4.468305657833969,924.0105877701453,1076.4086608378955,-999,6407.80470386394,1,0,0,1,0,0,2,1,1,1,0
561000.0,101,-27.091782,-78.40008,28.11334,4.700953,102,-27.082123,-78.390753,-176.290103,0.269085,1413.266801,3,-1,0,8,40.68824939513548,-139.3159975813436,12.574909395135478,36.97410541865639,155.59655700000002,-5.523999999999974e-06,2.2325812107970346,4.414842418970478,921.3692663492891,1071.6350712046271,-999,6323.475039049593,1,0,0,1,0,0,2,0,1,1,0
562000.0,101,-27.091748,-78.40005,29.473465,4.695068,102,-27.082142,-78.390733,172.307384,0.328945,1407.918029,3,-1,0,8,40.81374983995399,-139.1904925820227,11.340284839953991,48.50212341797726,142.83391899999998,5.9859999999999966e-05,2.266037280135176,4.413434107427207,920.218389923278,1065.566183411549,-999,6333.158077415662,1,0,0,1,1,0,2,1,1,0,0
563000.0,101,-27.091705,-78.40002,29.750997,4.820415,102,-27.082089,-78.390811,-124.107367,0.233522,1403.04695,3,-1,0,8,40.454135805937554,-139.55005743222588,10.703138805937552,-15.442690432225888,153.858364,-9.542299999999998e-05,2.5853957716524993,4.315983366664062,910.3517899508349,1067.61433225562,-999,6413.9577245317805,1,0,0,0,1,0,2,0,1,0,0
564000.0,101,-27.09166,-78.399986,30.47824,4.97218,102,-27.082127,-78.390768,-167.564183,0.266914,1397.997508,3,-1,0,8,40.72719806140209,-139.2769992743383,10.248958061402092,28.28718372566172,161.95757699999996,3.3391999999999974e-05,2.5794236719584904,4.545785005395783,912.1349565080669,1059.4370455530789,-999,6598.526390595979,1,0,0,1,2,0,2,0,1,0,0
565000.0,101,-27.09162,-78.399948,31.896968,5.065845,102,-27.082122,-78.390777,-160.503397,0.249029,1392.898652,3,-1,0,8,40.68658561438763,-139.3175903170953,8.78961761438763,21.185806682904712,167.59963499999998,-1.7884999999999985e-05,2.7598727732433903,4.5356506307132465,908.0597255621203,1056.2169235320289,-999,6682.197855478794,1,0,0,0,1,0,2,0,1,0,0
566000.0,101,-27.091582,-78.399938,29.897543,4.946984,102,-27.082083,-78.390833,-110.249126,0.266213,1387.73651,3,-1,0,8,40.47914475890458,-139.52500111463723,10.581601758904583,-29.27587511463723,140.14666899999997,1.7183999999999976e-05,2.715587102431587,4.38076714223668,900.8786076081781,1055.5711039721248,25484.39556203069,129979.41382998326,1,0,0,1,0,0,2,1,0,0,0
567000.0,101,-27.091543,-78.39992,29.018832,4.906349,102,-27.082023,-78.390923,-76.747873,0.52911,1382.493363,3,-1,0,8,40.07952304488751,-139.92457364498853,11.060691044887509,-63.17670064498853,105.766705,0.000262897,2.8950756939691256,4.16911614156363,890.1186464481776,1057.8169472949062,556.0848128759058,1451.5925233017451,1,0,0,1,2,0,2,1,0,1,0
568000.0,101,-27.091507,-78.399892,29.692807,4.899768,102,-27.08204,-78.390905,-82.464589,0.448203,1377.146584,3,-1,0,8,40.205760527130934,-139.79833160802158,10.512953527130936,-57.33374260802158,112.157396,-8.090699999999995e-05,2.8714305130541766,4.1976207767665645,888.9955993595322,1051.7697172586097,651.4489454590101,1948.134857928018,1,0,0,1,1,0,2,0,0,0,0
569000.0,101,-27.091471,-78.399872,29.29259,4.848597,102,-27.082029,-78.390922,-78.924422,0.491454,1371.782953,3,-1,0,8,40.16392012025125,-139.8401551640705,10.871330120251248,-60.91573316407049,108.21701200000001,4.325099999999998e-05,2.854571915049601,4.134209175437734,884.7678881260671,1048.3197290342002,590.8864512947954,1608.6794072090215,1,0,0,1,2,0,2,1,0,1,0
570000.0,101,-27.091423,-78.399844,29.022117,4.996376,102,-27.082043,-78.390907,-84.479589,0.423261,1366.913912,3,-1,0,8,40.30898305277739,-139.69508630976395,11.286866052777391,-55.21549730976395,113.50170600000001,-6.8193e-05,2.845275738209251,4.3282756944401735,884.2693843525326,1042.3633237580534,702.7798212718652,2289.500808097723,1,0,0,1,2,0,2,0,0,0,0
571000.0,101,-27.091385,-78.399815,29.752834,5.000661,102,-27.082062,-78.390886,-94.230359,0.348117,1361.866006,3,-1,0,8,40.456012611038545,-139.548053107483,10.703178611038545,-45.31769410748301,123.98319300000003,-7.514399999999998e-05,2.828793825814645,4.367124626825394,883.6659255792109,1036.2497528436995,1080.2479864985728,4274.381356576988,1,0,0,1,1,0,2,0,0,0,0
572000.0,101,-27.091354,-78.399779,31.692163,4.973279,102,-27.082002,-78.390976,-73.061435,0.637861,1356.768558,3,-1,0,8,39.96680962307791,-140.03719871654684,8.274646623077906,-66.97576371654684,104.75359800000001,0.000289744,3.222927459230693,4.045840093327069,871.5117988114113,1039.8500394335222,452.70816527903304,985.9208608120657,1,0,0,1,1,0,2,1,0,1,0
573000.0,101,-27.091326,-78.399753,32.648783,4.842527,102,-27.081983,-78.391004,-69.937042,0.720926,1351.60765,3,-1,0,8,39.82046880241437,-140.183514945774,7.171685802414366,-70.24647294577399,102.585825,8.306499999999995e-05,3.289662089992407,3.8300601627270714,865.5480841550909,1038.1087387908717,420.22880381387404,770.4783147771087,1,0,0,1,1,0,2,1,0,1,0
574000.0,101,-27.091278,-78.399724,31.906987,5.000854,102,-27.081944,-78.39106,-65.670118,0.908524,1346.365506,3,-1,0,8,39.57269458879049,-140.4312504498487,7.6657075887904895,-74.7611324498487,97.57710500000002,0.00018759800000000003,3.4709973225309376,3.870958696892827,857.7111856311525,1037.8013286702997,376.5643072033838,614.9748765048347,1,0,0,1,2,0,2,1,0,1,0
575000.0,101,-27.091248,-78.399693,33.237413,4.931771,102,-27.081936,-78.391074,-65.112794,0.931052,1341.019427,3,-1,0,8,39.492591223670615,-140.51133332226405,6.255178223670619,-75.39853932226406,98.35020700000001,2.252799999999999e-05,3.5477431791788114,3.733148100654681,852.8594406227246,1034.8738464818316,365.04649654704014,550.5329788233161,1,0,0,1,1,0,2,0,0,1,0
576000.0,101,-27.09121,-78.39968,31.312737,4.838112,102,-27.081911,-78.391111,-63.403417,1.040739,1335.64066,3,-1,0,8,39.36832303240961,-140.63557874251146,8.055586032409614,-77.23216174251147,94.71615399999996,0.00010968700000000009,3.4450195548943743,3.6674638151520282,847.2011407213265,1032.5629277703704,370.40403289864184,538.6173759269379,1,0,0,1,0,0,2,1,0,1,0
577000.0,101,-27.091173,-78.399644,32.719785,4.906552,102,-27.081939,-78.39108,-66.300871,0.881573,1330.773787,3,-1,0,8,39.5491155863756,-140.45478391125752,6.8293305863755975,-74.15391291125752,99.02065600000003,-0.00015916600000000003,3.459371643000247,3.7736667998615756,847.3561628533267,1026.1317680691932,376.46774105048536,602.2188073602292,1,0,0,1,1,0,2,0,0,0,0
578000.0,101,-27.091145,-78.399617,33.552951,4.800453,102,-27.081937,-78.391085,-66.325171,0.872315,1325.727526,3,-1,0,8,39.52312407210347,-140.48076085278916,5.970173072103471,-74.15558985278916,99.87812200000002,-9.2580000000001e-06,3.4521460755925326,3.650305218268763,843.6791958646951,1022.6235317354973,375.97618519692173,573.3254196116883,1,0,0,1,1,0,2,0,0,1,0
579000.0,101,-27.091102,-78.399597,32.191221,4.838546,102,-27.08191,-78.391125,-64.147255,0.995302,1320.631588,3,-1,0,8,39.37362187070726,-140.63023572942757,7.182400870707262,-76.48298072942757,96.33847599999996,0.00012298700000000007,3.4734089123758265,3.6607284554683184,837.7752553535346,1020.8821737794825,365.2352632599916,534.3850926484782,1,0,0,1,0,0,2,1,0,1,0
580000.0,101,-27.091059,-78.399582,30.185716,4.834179,102,-27.081878,-78.391171,-62.268696,1.141508,1315.472009,3,-1,0,8,39.20432737777481,-140.79950244201785,9.01861137777481,-78.53080644201785,92.45441199999999,0.00014620599999999993,3.441040632268505,3.6474921649943655,831.4938477088759,1019.3549860989473,363.33172188326745,518.5742043043887,1,0,0,1,0,0,2,1,0,1,0
581000.0,101,-27.091022,-78.399555,30.580981,4.837988,102,-27.081897,-78.391151,-63.919439,1.020579,1310.230954,3,-1,0,8,39.352738475310815,-140.65108815597284,8.771757475310814,-76.73164915597285,94.50042000000002,-0.00012092900000000006,3.378014187831555,3.716395154921396,830.8081363818966,1013.1450998457182,372.37656356219145,565.5614920595068,1,0,0,1,2,0,2,0,0,0,0
582000.0,101,-27.090983,-78.399525,31.120417,4.90009,102,-27.081912,-78.391136,-65.554509,0.923488,1304.885646,3,-1,0,8,39.46933975137868,-140.53448004830602,8.348922751378684,-74.97997104830603,96.67492599999997,-9.709099999999993e-05,3.3732570524822747,3.812718990004241,829.470415644904,1007.3258552755941,376.0608082735986,612.1135336863912,1,0,0,1,2,0,2,0,0,0,0
583000.0,101,-27.09095,-78.399503,31.1331,4.805742,102,-27.08193,-78.391116,-67.988939,0.813955,1299.486261,3,-1,0,8,39.621234597546305,-140.38258429049455,8.488134597546306,-72.39364529049455,99.12203900000003,-0.000109533,3.2393298062848923,3.8085053586856557,828.6947450454119,1000.9643160781906,401.2465604772703,706.9909798456428,1,0,0,1,2,0,2,0,0,0,0
584000.0,101,-27.090912,-78.399486,29.93613,4.766909,102,-27.08193,-78.391119,-68.259213,0.797842,1294.621694,3,-1,0,8,39.67286742088523,-140.3309423580037,9.736737420885234,-72.07172935800371,98.19534299999998,-1.6112999999999932e-05,3.1199418721074617,3.8353915367649023,826.490884123428,996.4728541391901,416.35195494986556,764.0282390551677,1,0,0,1,0,0,2,1,0,0,0
585000.0,101,-27.090872,-78.399454,30.781951,4.856147,102,-27.081882,-78.391191,-64.120685,1.044907,1289.577194,3,-1,0,8,39.2961310583053,-140.7076313601993,8.5141800583053,-76.58694636019929,94.90263599999997,0.000247065,3.42536023443128,3.7159407475833333,816.7261408251485,997.9818386011707,363.16814136064903,553.2813748485783,1,0,0,1,1,0,2,1,0,1,0
586000.0,101,-27.090831,-78.399434,29.874941,4.867764,102,-27.081843,-78.391249,-61.998693,1.234054,1284.482877,3,-1,0,8,39.03627323834096,-140.9674536590848,9.161332238340961,-78.96876065908481,91.87363399999998,0.00018914699999999994,3.5142666328328627,3.641531535362575,808.9830717201841,997.7187233766701,348.88633860383254,498.36590265925986,1,0,0,1,0,0,2,1,0,1,0
587000.0,101,-27.090788,-78.399408,29.680854,4.930409,102,-27.081852,-78.39124,-62.806034,1.156336,1279.324732,3,-1,0,8,39.140670083722135,-140.86304907090087,9.459816083722135,-78.05701507090087,92.48688800000002,-7.771799999999995e-05,3.4699024584490186,3.7550742149999383,807.5436820158393,992.2423955582492,352.54596037329856,531.7968370259332,1,0,0,1,2,0,2,0,0,0,0
588000.0,101,-27.090757,-78.399383,30.306436,4.850305,102,-27.081873,-78.391218,-64.646415,1.026285,1274.084859,3,-1,0,8,39.294157214331584,-140.7095605736534,8.987721214331582,-76.06314557365339,94.95285100000001,-0.00013005100000000014,3.3750190146258925,3.747998319987351,806.8804337265439,986.0203819406142,366.20611970552966,577.4948424891842,1,0,0,1,2,0,2,0,0,0,0
589000.0,101,-27.090718,-78.399363,29.568697,4.82864,102,-27.081837,-78.391271,-62.561357,1.198786,1268.740402,3,-1,0,8,39.05165292409751,-140.95203161992035,9.48295592409751,-78.39067461992035,92.13005399999997,0.000172501,3.446701632899657,3.647381679811741,799.332770578239,985.2762706707383,353.0907666686118,515.7515417659661,1,0,0,1,2,0,2,1,0,1,0
590000.0,101,-27.090675,-78.399335,29.738995,4.922539,102,-27.081866,-78.391239,-65.144682,1.02545,1263.315069,3,-1,0,8,39.29391020341947,-140.70977616103679,9.554915203419473,-75.56509416103678,94.88367699999998,-0.00017333599999999993,3.372288875999051,3.843185927687066,800.0556896900656,977.6890389878718,365.382222305828,607.1781639847261,1,0,0,1,2,0,2,0,0,0,0
591000.0,101,-27.09063,-78.399315,28.601664,4.964105,102,-27.081883,-78.391221,-67.143024,0.916096,1258.452958,3,-1,0,8,39.485444117937604,-140.51824133409997,10.883780117937604,-73.37521733409997,95.744688,-0.00010935399999999996,3.2205649303944703,4.0024895591537994,800.2277978001636,971.2565670958681,387.905881291956,734.5692846391086,1,0,0,1,0,0,2,0,0,0,0
592000.0,101,-27.090593,-78.399294,28.387948,4.925197,102,-27.0819,-78.391203,-69.56713,0.811955,1253.410344,3,-1,0,8,39.6492407530147,-140.35444333177622,11.2612927530147,-70.78731333177622,97.95507800000001,-0.00010414100000000005,3.1024998633073997,4.049473797721031,799.7835220341495,965.0822806003896,413.80971241848863,859.830864912065,1,0,0,1,2,0,2,0,0,0,0
593000.0,101,-27.090553,-78.399268,28.648181,4.941722,102,-27.0819,-78.391206,-69.790054,0.795835,1248.317768,3,-1,0,8,39.67799230749787,-140.3256785701823,11.029811307497866,-70.5356245701823,98.43823500000002,-1.6120000000000022e-05,3.1160476567226914,4.061826969636586,797.0162401704526,960.7613453970018,411.27544266509534,859.3880495269661,1,0,0,1,2,0,2,0,0,1,0
594000.0,101,-27.090518,-78.399237,29.952017,4.936956,102,-27.081908,-78.391199,-71.207466,0.742769,1243.161169,3,-1,0,8,39.73432097238096,-140.26933897566374,9.782303972380955,-69.06187297566375,101.15948300000002,-5.306599999999995e-05,3.1680694539065026,4.038317726337726,794.6641537061402,956.0118068956841,411.6863499403513,871.110172100256,1,0,0,1,1,0,2,0,0,0,0
595000.0,101,-27.090476,-78.399209,30.008177,5.002527,102,-27.081928,-78.391177,-75.506769,0.632248,1237.92258,3,-1,0,8,39.9169453716354,-140.08671184305342,9.9087683716354,-64.57994284305342,105.51494600000001,-0.00011052099999999998,3.1140098705114005,4.173728511470788,794.3458216528048,949.4561757640984,451.2955139657083,1116.2028726479723,1,0,0,1,2,0,2,0,0,0,0
596000.0,101,-27.090445,-78.399179,31.277242,4.929762,102,-27.081988,-78.391112,-99.314008,0.393502,1232.57906,3,-1,0,8,40.34190191857947,-139.6617712345107,9.064659918579466,-40.347763234510694,130.59125,-0.00023874600000000002,2.9477463877010526,4.27698198135561,797.9068078935628,939.465733844289,1147.9381379760546,4738.126917147496,1,0,0,1,1,0,2,0,0,0,0
597000.0,101,-27.090405,-78.399151,31.365568,4.97704,102,-27.081955,-78.39116,-83.816841,0.531475,1227.122559,3,-1,0,8,40.097882105541245,-139.90575643786354,8.732314105541246,-56.08891543786355,115.182409,0.000137973,3.118915604916414,4.192470360474106,790.3839397639875,938.6815235051054,545.4194650721357,1626.796715553618,1,0,0,1,2,0,2,1,0,1,0
598000.0,101,-27.090359,-78.399133,29.780628,5.015466,102,-27.081974,-78.39114,-91.581182,0.44888,1222.263064,3,-1,0,8,40.32308797064264,-139.6805514817555,10.54245997064264,-48.09936948175549,121.36180999999999,-8.259500000000003e-05,2.9397934250106075,4.365476718288771,790.9228262934496,931.8626939987723,790.0315032642281,2946.373195032104,1,0,0,1,0,0,2,0,0,0,0
599000.0,101,-27.090322,-78.399108,29.887644,4.988363,102,-27.081984,-78.391131,-96.560184,0.408595,1217.222471,3,-1,0,8,40.42536545578847,-139.5782667096468,10.537721455788471,-43.018082709646805,126.44782800000002,-4.028500000000002e-05,2.8916248532548474,4.371612491733505,789.3164059637687,926.6121924428714,1042.6452400194828,4259.186577325526,1,0,0,1,2,0,2,0,0,0,0
600000.0,101,-27.090285,-78.399082,30.156461,4.968858,102,-27.081939,-78.391197,-79.088407,0.609458,1212.131768,3,-1,0,8,40.0705055313915,-139.9330847387003,9.914044531391497,-60.8446777387003,109.244868,0.00020086300000000007,3.094609872648612,4.180990022796495,780.2853182488988,927.5873247948252,483.0742755989113,1305.1761372693052,1,0,0,1,1,0,2,1,0,1,0
601000.0,101,-27.090237,-78.399053,29.883651,5.096026,102,-27.081938,-78.3912,-78.997787,0.603049,1206.976836,3,-1,0,8,40.11512663871017,-139.88844905783537,10.231475638710172,-60.89066205783537,108.881438,-6.409000000000109e-06,3.1310106538539024,4.3033630148702295,777.6860184514735,923.0371278262135,474.838442808634,1325.878220194656,1,0,0,1,2,0,2,1,0,0,0
602000.0,101,-27.0902,-78.399019,31.179598,5.117578,102,-27.081979,-78.391155,-94.825215,0.433026,1201.739643,3,-1,0,8,40.42152357917745,-139.582057126247,9.241925579177455,-44.75684212624701,126.00481300000001,-0.00017002299999999991,3.080976075998133,4.41476160943246,779.215114163572,914.8781205257991,830.6317980986179,3277.5897568660703,1,0,0,1,1,0,2,0,0,0,0
603000.0,101,-27.09016,-78.398993,30.995942,5.123737,102,-27.082005,-78.391127,-111.306943,0.353758,1196.397158,3,-1,0,8,40.65684551365778,-139.34673610156966,9.660903513657779,-28.039793101569657,142.302885,-7.9268e-05,2.9681862269791055,4.520629672845323,779.4852920316849,907.617121465189,6582.561060515234,34412.16789917951,1,0,0,1,2,0,2,0,0,0,0
604000.0,101,-27.090116,-78.398959,31.517134,5.219003,102,-27.082037,-78.391093,-138.538777,0.319069,1190.919986,3,-1,0,8,40.922185719396005,-139.08139589509588,9.405051719396006,-0.5426188950958704,170.055911,-3.4689000000000027e-05,2.939511920421018,4.688227490567581,780.0924170497962,899.859007798248,-999,6707.304501563679,1,0,0,0,2,0,2,0,1,1,0
605000.0,101,-27.090081,-78.398938,31.189556,5.119148,102,-27.082024,-78.391113,-124.765074,0.325103,1185.438692,3,-1,0,8,40.85132546806035,-139.15223747503092,9.661769468060353,-14.387163475030917,155.95462999999998,6.033999999999984e-06,2.918129841765294,4.5645974831201475,775.3936189434248,896.6769921172782,-999,6587.583046778613,1,0,0,0,2,0,2,1,1,1,0
606000.0,101,-27.090047,-78.398921,30.412414,4.987143,102,-27.082048,-78.391088,-145.939907,0.320244,1180.582143,3,-1,0,8,41.08523743922725,-138.91832914589318,10.672823439227251,7.021577854106823,176.35232100000002,-4.859000000000002e-06,2.703951195514071,4.566238458505061,775.8562293252227,889.8434175672257,-999,6466.0089169110515,1,0,0,0,0,0,2,0,1,1,0
607000.0,101,-27.090003,-78.398887,31.130209,5.104246,102,-27.082068,-78.391067,-161.775366,0.345998,1175.545713,3,-1,0,8,41.2661603829351,-138.73740028144485,10.135951382935097,23.037965718555142,167.09442500000003,2.5754000000000055e-05,2.7470257585368625,4.6978490782897,775.3403991752496,883.60341146888,-999,6594.536462584978,1,0,0,1,1,0,2,1,1,0,0
608000.0,101,-27.089969,-78.398861,31.462275,5.040833,102,-27.082075,-78.391061,-166.245803,0.355822,1170.459525,3,-1,0,8,41.34057947949324,-138.66297207671266,9.878304479493242,27.582830923287332,162.29192200000003,9.824e-06,2.715596700036244,4.645368607125263,773.1278224534306,878.7769169770236,-999,6528.18046604076,1,0,0,1,2,0,2,1,1,1,0
609000.0,101,-27.089931,-78.398845,30.208448,4.953115,102,-27.082106,-78.391028,177.451654,0.444552,1165.309548,3,-1,0,8,41.65211229910741,-138.3514469972258,11.443664299107407,44.19689900277422,147.243206,8.872999999999997e-05,2.4723809744284035,4.724597441345057,774.4718149219743,870.7122087988816,-999,6463.794973988218,1,0,0,1,0,0,2,1,1,1,0
610000.0,101,-27.089889,-78.398818,30.147972,5.009744,102,-27.082143,-78.390989,165.757543,0.582134,1160.077854,3,-1,0,8,41.984688534118405,-138.01887622586148,11.836716534118406,56.223580774138554,135.60957099999996,0.00013758200000000003,2.3728484875269413,4.896323156227511,776.0131848726468,862.3132634055077,-999,6557.889677084257,1,0,0,1,2,0,2,1,1,0,0
611000.0,101,-27.089847,-78.3988,29.03573,4.998102,102,-27.082143,-78.390991,166.489658,0.564192,1154.741549,3,-1,0,8,42.066722868636894,-137.93683278221965,13.030992868636893,55.57350921778038,137.45392799999996,-1.7942000000000012e-05,2.294046488588681,4.9185061277771425,773.6717219465482,857.2398215477291,-999,6534.4682021322715,1,0,0,1,0,0,2,0,1,1,0
612000.0,101,-27.089823,-78.398773,30.670011,4.821678,102,-27.082074,-78.391096,-143.289454,0.343825,1149.271412,3,-1,0,8,41.415718135584406,-138.58777740652764,10.745707135584407,4.701676593472371,173.959465,-0.00022036700000000004,2.665032413196649,4.4228513552516855,760.2632901427817,861.8726751102778,-999,6292.533770317377,1,0,0,0,1,0,2,0,1,1,0
613000.0,101,-27.089789,-78.39875,30.804265,4.77126,102,-27.08209,-78.39108,-155.772971,0.358431,1143.776559,3,-1,0,8,41.5738407967277,-138.42965155702402,10.7695757967277,17.343319442975996,173.422764,1.4606000000000007e-05,2.5904780398888265,4.425001902952154,758.9926540621437,855.6605448409919,-999,6248.222848544287,1,0,0,0,2,0,2,1,1,1,0
614000.0,101,-27.089745,-78.398725,30.174291,4.855972,102,-27.082107,-78.391063,-166.638591,0.387266,1138.923189,3,-1,0,8,41.770494505393785,-138.23299420413974,11.596203505393785,28.405596795860248,163.18711800000003,2.8835e-05,2.5302616811160568,4.5747732365421445,758.691957545606,849.430717597113,-999,6338.214186287527,1,0,0,1,0,0,2,1,1,0,0
615000.0,101,-27.089707,-78.398695,30.751064,4.900836,102,-27.082099,-78.391076,-159.528413,0.359565,1133.889244,3,-1,0,8,41.72231798523739,-138.28115114256062,10.97125398523739,21.247261857439383,169.72052300000001,-2.7700999999999974e-05,2.6315970619731797,4.548620285841882,754.6272582420222,846.3111241009536,-999,6364.348068357497,1,0,0,0,1,0,2,0,1,0,0
616000.0,101,-27.089661,-78.398662,31.11564,5.053863,102,-27.082097,-78.391081,-156.702209,0.347927,1128.805372,3,-1,0,8,41.745089449581094,-138.25836237300342,10.629449449581095,18.44384662699659,172.182151,-1.1638000000000037e-05,2.7492784852255783,4.646301391754432,751.5786219357788,842.217990133893,-999,6504.58471726214,1,0,0,0,2,0,2,0,1,0,0
617000.0,101,-27.089616,-78.398638,30.283511,5.103625,102,-27.082086,-78.391098,-144.620596,0.32669,1123.657473,3,-1,0,8,41.71896451988064,-138.28446863107374,11.435453519880642,6.33612736892627,174.90410699999998,-2.1237000000000007e-05,2.7628011975417954,4.673550073835952,747.7687103169947,838.7181126574078,-999,6529.80163379105,1,0,0,0,0,0,2,0,1,0,0
618000.0,101,-27.089574,-78.398619,29.342983,5.08623,102,-27.082045,-78.391156,-106.594045,0.382259,1118.42754,3,-1,0,8,41.43077555662331,-138.57262252947643,12.08779255662331,-31.97857752947644,135.937028,5.556900000000004e-05,2.858777307224727,4.542845203752784,740.0799224713378,838.547476643553,2862.728853828462,14262.94090342323,1,0,0,1,0,0,2,1,0,0,0
619000.0,101,-27.089546,-78.39859,30.777967,4.970038,102,-27.082021,-78.391191,-91.93332,0.466708,1113.092572,3,-1,0,8,41.201172196615296,-138.80219674574377,10.423205196615296,-46.868876745743776,122.71128699999997,8.444899999999999e-05,3.009672980287762,4.285786685426051,733.199479464916,837.4924460279934,689.4253354031472,2506.5863339985185,1,0,0,1,1,0,2,1,0,1,0
620000.0,101,-27.089507,-78.398561,31.181896,4.994938,102,-27.081996,-78.391226,-82.379168,0.571249,1107.623214,3,-1,0,8,41.00744383517048,-138.99589596281265,9.825547835170479,-56.61672796281265,113.56106399999999,0.000104541,3.152366046289842,4.197551621581256,726.7748081828403,835.8394357665146,467.70751131150956,1352.7464037599325,1,0,0,1,1,0,2,1,0,1,0
621000.0,101,-27.089466,-78.398537,30.69299,5.00842,102,-27.081997,-78.391229,-82.845605,0.5612,1102.098399,3,-1,0,8,41.06191218754286,-138.94141531442472,10.368922187542857,-56.09581031442471,113.53859499999999,-1.0048999999999974e-05,3.1133170310382785,4.23692030683622,723.9399639281382,830.9824364606565,479.6446701299533,1426.4837393075816,1,0,0,1,0,0,2,1,0,0,0
622000.0,101,-27.089426,-78.398512,30.496469,5.011162,102,-27.082013,-78.391214,-88.912682,0.490066,1097.248484,3,-1,0,8,41.23669414282156,-138.76662880454762,10.740225142821561,-49.85394680454762,119.40915100000001,-7.113400000000003e-05,3.0330686170641785,4.308620478563263,723.274596383545,825.1230780111036,600.772374439834,2077.763276174594,1,0,0,1,2,0,2,0,0,0,0
623000.0,101,-27.089395,-78.398486,31.14363,4.925522,102,-27.082009,-78.391222,-87.422918,0.500433,1092.21726,3,-1,0,8,41.20770126915472,-138.79560619527078,10.064071269154717,-51.37268819527078,118.56654800000001,1.0367000000000014e-05,3.0473340361587047,4.193122597668602,719.5424510916723,821.703842098171,557.1038972297284,1802.737957766908,1,0,0,1,1,0,2,1,0,1,0
624000.0,101,-27.08936,-78.398467,30.65976,4.837114,102,-27.081997,-78.391241,-82.974585,0.548996,1087.135928,3,-1,0,8,41.14733072410241,-138.85595943541017,10.487570724102412,-55.881374435410166,113.634345,4.856300000000002e-05,3.011506728894605,4.093789372115303,715.3327475620362,818.6351972727347,490.853633317586,1414.2218372739762,1,0,0,1,2,0,2,1,0,1,0
625000.0,101,-27.089316,-78.398445,29.643793,4.907231,102,-27.081957,-78.391298,-73.45663,0.741611,1081.990322,3,-1,0,8,40.85088447678195,-139.15236970759108,11.207091476781951,-65.69573970759107,103.10042300000003,0.00019261499999999998,3.138059016337359,4.053791483577059,707.7219005248814,818.433117865543,377.9162143616932,858.9791163349448,1,0,0,1,0,0,2,1,0,1,0
626000.0,101,-27.089275,-78.398419,29.702889,4.950276,102,-27.081937,-78.391328,-70.3848,0.83254,1076.762345,3,-1,0,8,40.70894935912902,-139.294279323878,11.006060359129023,-68.90947932387799,100.08768900000001,9.092899999999993e-05,3.2371003622813017,4.020357156874265,702.2825052956822,816.2208220607456,346.3932049036561,712.6182465680291,1,0,0,1,2,0,2,1,0,1,0
627000.0,101,-27.089228,-78.398401,28.198365,5.005681,102,-27.081913,-78.391364,-67.559445,0.946545,1071.428884,3,-1,0,8,40.58137280269594,-139.42183128906981,12.38300780269594,-71.86238628906982,95.75781,0.00011400500000000002,3.2401813923909466,4.050271845866895,696.9937811355277,813.7318492770733,331.1098154079783,647.5904571852251,1,0,0,1,0,0,2,1,0,1,0
628000.0,101,-27.089186,-78.398368,29.127697,5.083859,102,-27.081926,-78.391352,-69.631931,0.861202,1065.96044,3,-1,0,8,40.710456956531694,-139.29273757191712,11.582759956531692,-69.66080657191712,98.75962800000002,-8.534299999999995e-05,3.2819638521368524,4.141198013820147,695.2585823883468,808.0143335735698,333.8533950557833,700.3169583371745,1,0,0,1,1,0,2,0,0,0,0
629000.0,101,-27.08915,-78.398342,29.631221,5.047608,102,-27.081952,-78.391326,-74.530651,0.722707,1060.395803,3,-1,0,8,40.95356165741515,-139.04963287048582,11.32234065741515,-64.51898187048582,104.16187200000002,-0.00013849500000000004,3.1921417766197404,4.1947478706327965,695.03337509768,800.8544602612526,371.160336390747,900.8379606013627,1,0,0,1,2,0,2,0,0,0,0
630000.0,101,-27.089112,-78.398316,29.873878,5.022848,102,-27.081969,-78.39131,-78.810956,0.633279,1055.549648,3,-1,0,8,41.1307340665618,-138.8724559070145,11.256856066561799,-60.06149990701451,108.68483400000002,-8.942799999999996e-05,3.123084509681252,4.232545936429543,694.3187831316794,795.0512478975603,414.2199514554019,1130.154490370955,1,0,0,1,2,0,2,0,0,0,0
631000.0,101,-27.089079,-78.398287,30.787465,4.973168,102,-27.081975,-78.391307,-80.617793,0.599172,1050.521405,3,-1,0,8,41.18060853605338,-138.82256959773025,10.393143536053376,-58.204776597730245,111.405258,-3.4107e-05,3.1366973450070397,4.174632114189991,691.6998211684734,790.6621147865097,426.8536303863537,1183.8695681683914,1,0,0,1,1,0,2,0,0,0,0
632000.0,101,-27.089037,-78.398259,30.887343,5.027505,102,-27.082001,-78.39128,-90.508514,0.484767,1045.442867,3,-1,0,8,41.44980110235539,-138.55337657523125,10.562458102355386,-48.04486257523125,121.39585699999998,-0.00011440500000000004,3.0656260835850513,4.31879821015461,692.045131024666,783.5970423541889,596.8977150309337,2124.6384780815033,1,0,0,1,2,0,2,0,0,0,0
633000.0,101,-27.089001,-78.398236,30.736642,4.984534,102,-27.082001,-78.391284,-90.293765,0.482759,1040.299793,3,-1,0,8,41.485434655479814,-138.5177307265289,10.748792655479814,-48.2239657265289,121.03040700000003,-2.00800000000001e-06,3.030311641043269,4.286809709952614,689.1254094240304,779.3136912707265,597.6582618688827,2106.4057581425236,1,0,0,1,2,0,2,1,0,1,0
634000.0,101,-27.088959,-78.398214,29.960804,4.998529,102,-27.081984,-78.391309,-83.707191,0.552256,1035.073993,3,-1,0,8,41.39430152600981,-138.60884245279044,11.433497526009813,-54.901651452790446,113.66799499999996,6.949699999999998e-05,3.0452310532155247,4.27002928944686,684.429489120162,776.4885352712415,475.57350591428457,1468.4929592255228,1,0,0,1,0,0,2,1,0,1,0
635000.0,101,-27.08893,-78.398189,30.807396,4.864578,102,-27.082018,-78.391274,-99.658315,0.422587,1029.742233,3,-1,0,8,41.69349859172115,-138.3096499405601,10.886102591721151,-38.65133494056009,130.465711,-0.00012966899999999998,2.9080089751987015,4.249054198450379,684.9285448702021,768.9225935331942,994.1458808795174,4099.449669411964,1,0,0,1,1,0,2,0,0,0,0
636000.0,101,-27.088887,-78.398168,29.880702,4.909935,102,-27.082023,-78.391273,-102.051272,0.40817,1024.274861,3,-1,0,8,41.80940919796718,-138.19373022589645,11.928707197967178,-36.14245822589645,131.93197399999997,-1.4417000000000013e-05,2.845283050976939,4.342451369406018,682.8378390911395,763.460199605659,1309.9137087825761,5789.715359265573,1,0,0,1,0,0,2,0,0,0,0
637000.0,101,-27.088843,-78.398143,29.424403,4.976003,102,-27.082019,-78.391282,-99.296186,0.422007,1018.652699,3,-1,0,8,41.8350674714279,-138.16805646902182,12.410664471427896,-38.871870469021815,128.72058900000002,1.3837000000000044e-05,2.8610492889697863,4.402291972385497,679.4297463793476,758.9654411861451,1068.3202696956346,4605.041550586616,1,0,0,1,2,0,2,1,0,1,0
638000.0,101,-27.088806,-78.398121,29.292837,4.944087,102,-27.081999,-78.391312,-88.859323,0.501086,1013.810647,3,-1,0,8,41.68950405465269,-138.31359620622922,12.396667054652688,-49.45427320622922,118.15216000000004,7.9079e-05,2.919997073471148,4.301913559904879,674.2789402232221,757.0732717128554,586.7101920681098,2049.7042626842003,1,0,0,1,2,0,2,1,0,1,0
639000.0,101,-27.088761,-78.398101,28.194334,4.9803,102,-27.081986,-78.391333,-83.903508,0.555131,1008.783814,3,-1,0,8,41.65172831893178,-138.35135327084734,13.45739431893178,-54.44784527084734,112.09784200000001,5.404500000000001e-05,2.905001945605017,4.330431609842446,670.4388083766657,753.7616251911893,497.5789005044098,1601.057791006388,1,0,0,1,0,0,2,1,0,1,0
640000.0,101,-27.088718,-78.398077,27.997737,5.039967,102,-27.081961,-78.39137,-76.93889,0.671013,1003.70597,3,-1,0,8,41.469882461885014,-138.5331713499758,13.472145461885013,-61.59428134997579,104.93662700000004,0.00011588199999999993,3.0195990350423445,4.298477845739117,664.6804586460529,752.0808215263261,392.14604819480616,1068.3340011508146,1,0,0,1,2,0,2,1,0,1,0
641000.0,101,-27.088681,-78.398067,26.500425,4.907334,102,-27.081959,-78.391375,-76.900901,0.6683,998.562655,3,-1,0,8,41.55389133348892,-138.44915564658783,15.05346633348892,-61.54825464658782,103.40132599999998,-2.7129999999999654e-06,2.840584796137666,4.240264745403135,662.3707829458529,747.256530155707,415.89757428390806,1141.1250196857802,1,0,0,1,0,0,2,1,0,0,0
642000.0,101,-27.088639,-78.398045,26.288645,4.950535,102,-27.081985,-78.39135,-84.875858,0.549057,993.335395,3,-1,0,8,41.85600008769896,-138.1470482575042,15.56735508769896,-53.2711902575042,111.16450299999997,-0.00011924299999999998,2.7394225500222884,4.3894835990521175,662.8137400486924,739.8602252875002,548.5731922885731,1867.6365984894346,1,0,0,1,0,0,2,0,0,0,0
643000.0,101,-27.088606,-78.398011,28.375924,4.921445,102,-27.082001,-78.391336,-91.506252,0.482501,988.000592,3,-1,0,8,41.98130390524271,-138.02173533273626,13.60537990524271,-46.51548333273625,119.88217600000002,-6.6556e-05,2.821273327705181,4.342808323093149,660.8618153983615,734.4432113790231,678.1318159358447,2540.646519236396,1,0,0,1,1,0,2,0,0,0,0
644000.0,101,-27.088566,-78.397989,28.127472,4.92583,102,-27.08201,-78.39133,-95.836019,0.449687,982.528125,3,-1,0,8,42.12510771318249,-137.87792423813042,13.997635713182486,-42.041905238130425,123.96349099999998,-3.281400000000001e-05,2.769563878974892,4.389818977738981,659.0324076749404,728.7234057241383,885.7120851147062,3633.209241964347,1,0,0,1,2,0,2,0,0,0,0
645000.0,101,-27.088526,-78.397961,28.614896,4.953203,102,-27.082017,-78.391327,-99.596787,0.427571,976.879569,3,-1,0,8,42.222988402245385,-137.78003216446143,13.608092402245383,-38.183245164461425,128.211683,-2.2116000000000023e-05,2.7937758029554693,4.419493161544005,656.4804229919839,723.4135377209161,1125.3555057026135,4924.525549829558,1,0,0,1,2,0,2,0,0,0,0
646000.0,101,-27.088489,-78.397931,29.55182,4.973558,102,-27.082059,-78.391287,-129.716627,0.357601,971.214247,3,-1,0,8,42.61436966846719,-137.38865545163875,13.062549668467192,-7.6720284516387665,159.268447,-6.996999999999998e-05,2.7280829483812443,4.555051572876127,657.570862041549,714.7430831912338,-999,6258.349188911204,1,0,0,0,1,0,2,0,1,0,0
647000.0,101,-27.08846,-78.397907,30.264105,4.830447,102,-27.082086,-78.391262,-150.621729,0.371813,966.376829,3,-1,0,8,42.868480308596816,-137.13454526673146,12.604375308596815,13.487183733268523,179.11416600000004,1.4212000000000002e-05,2.6168821917243874,4.496110252260076,657.4433367463976,708.2742650949971,-999,6143.526423192089,1,0,0,0,2,0,2,0,1,1,0
648000.0,101,-27.088422,-78.397879,30.689321,4.858558,102,-27.082053,-78.391309,-119.595232,0.381113,961.353738,3,-1,0,8,42.56673821700271,-137.43625320600992,11.877417217002709,-17.841021206009927,150.28455300000002,9.299999999999975e-06,2.8111151760225153,4.36632447540414,650.3063237959343,708.0273263071066,-999,6137.323401299526,1,0,0,0,1,0,2,1,1,1,0
649000.0,101,-27.088388,-78.397858,30.539184,4.790814,102,-27.082058,-78.391307,-122.363225,0.374654,956.279429,3,-1,0,8,42.65940881076879,-137.34357395976843,12.12022481076879,-14.980348959768435,152.90240899999998,-6.458999999999993e-06,2.750803977745371,4.326787761800642,648.0120921216702,703.24296995609,-999,6065.555161967117,1,0,0,0,2,0,2,0,1,1,0
650000.0,101,-27.088354,-78.397835,30.599642,4.750551,102,-27.082027,-78.391353,-99.094753,0.461592,951.139357,3,-1,0,8,42.37073252844666,-137.63221882205315,11.77109052844666,-38.53746582205315,129.694395,8.693800000000001e-05,2.873990654920954,4.161976765706404,640.9966734311657,702.7014594296448,876.5438540089599,3493.3172973032893,1,0,0,1,2,0,2,1,0,1,0
651000.0,101,-27.088312,-78.397809,30.404568,4.813541,102,-27.082054,-78.391327,-116.243101,0.395452,945.914933,3,-1,0,8,42.68370165908395,-137.31924969065543,12.27913365908395,-21.07614869065543,146.64766899999998,-6.613999999999997e-05,2.7908364449565837,4.326411937240336,641.2835858195879,695.3491375063076,-999,6077.413044927396,1,0,0,0,0,0,2,0,1,0,0
652000.0,101,-27.088273,-78.397781,30.750062,4.856545,102,-27.082065,-78.391319,-123.427456,0.380425,940.582418,3,-1,0,8,42.82454668466436,-137.1783955573902,12.074484684664363,-13.750939557390183,154.17751800000002,-1.5027000000000012e-05,2.8006190071201718,4.383312026966763,639.3661534719479,689.8595558845382,-999,6124.283803626121,1,0,0,0,2,0,2,0,1,0,0
653000.0,101,-27.08824,-78.397752,31.547388,4.83056,102,-27.082049,-78.391344,-110.013702,0.413207,935.111507,3,-1,0,8,42.66319690683283,-137.3397207458126,11.115808906832829,-27.326018745812604,141.56109,3.278199999999998e-05,2.915620068453231,4.258058525325009,633.7133499635602,687.6342927761625,2314.4163373092933,11019.216289969485,1,0,0,1,1,0,2,1,0,0,0
654000.0,101,-27.088208,-78.397732,31.375269,4.728709,102,-27.082041,-78.391359,-103.77127,0.439374,929.463542,3,-1,0,8,42.61771955785419,-137.38518215680028,11.242450557854188,-33.61391215680028,135.14653900000002,2.6166999999999995e-05,2.888704186163675,4.141847816438248,629.3430974374248,683.9808050048289,1130.0920507305884,4787.230869710922,1,0,0,1,2,0,2,1,0,1,0
655000.0,101,-27.088162,-78.397701,31.229934,4.886937,102,-27.082014,-78.391398,-89.970934,0.543769,923.756789,3,-1,0,8,42.390572575293035,-137.61229726383132,11.160638575293035,-47.64136326383132,121.20086800000001,0.00010439499999999997,3.0775178295302443,4.178512220077296,622.7791587334066,682.2556153458181,502.87608190823875,1693.7901419527498,1,0,0,1,2,0,2,1,0,1,0
656000.0,101,-27.088127,-78.397673,31.824922,4.865548,102,-27.081985,-78.391442,-80.402815,0.679441,918.924553,3,-1,0,8,42.090802865786074,-137.91203418768458,10.265880865786073,-57.50921918768458,112.22773700000005,0.000135672,3.235658863044679,4.020801457150119,615.9620273055478,681.9187011835716,356.6609229443531,924.7924832816101,1,0,0,1,1,0,2,1,0,1,0
657000.0,101,-27.088092,-78.397657,30.798003,4.781226,102,-27.081936,-78.391513,-71.485813,0.936092,913.905681,3,-1,0,8,41.62557466016147,-138.37722277708335,10.827571660161468,-66.89140977708335,102.283816,0.00025665100000000005,3.3356941281612924,3.8097205704330497,607.0709284134967,683.1460178023793,293.2859049001867,571.263594478986,1,0,0,1,0,0,2,1,0,1,0
658000.0,101,-27.088042,-78.397633,29.632213,4.927653,102,-27.081923,-78.391534,-70.074664,0.985842,908.835371,3,-1,0,8,41.58794724302175,-138.41482970218897,11.955734243021752,-68.34016570218897,99.70687699999996,4.974999999999996e-05,3.3632096723007154,3.9472298555860346,603.256646253869,679.7522712953904,283.62248941079963,562.4379975186558,1,0,0,1,0,0,2,1,0,1,0
659000.0,101,-27.088007,-78.397606,30.139478,4.902753,102,-27.081913,-78.391551,-69.130267,1.020917,903.698984,3,-1,0,8,41.49845997968801,-138.50429692972992,11.358981979688007,-69.37402992972991,99.269745,3.507500000000008e-05,3.415642743447203,3.87623254947712,598.7908719958207,676.8466187380396,274.2041137070916,512.9567710383172,1,0,0,1,1,0,2,1,0,1,0
660000.0,101,-27.087966,-78.397578,30.29724,4.954541,102,-27.081905,-78.391567,-68.481162,1.045631,898.477811,3,-1,0,8,41.445479019236416,-138.55725785417914,11.148239019236417,-70.07609585417914,98.77840199999997,2.4713999999999903e-05,3.4722441328346134,3.894304173336497,594.7088100044242,673.4863088159055,265.7416618803417,488.05314317466673,1,0,0,1,2,0,2,1,0,1,0
661000.0,101,-27.087921,-78.39755,30.171319,5.057641,102,-27.081906,-78.39157,-69.033572,1.017862,893.147954,3,-1,0,8,41.51507559532852,-138.48764716140525,11.343756595328518,-69.45407516140524,99.20489099999998,-2.7768999999999934e-05,3.492375475827454,4.008252382843303,591.9937274420212,668.7725281466696,263.9184470220379,509.99057545966906,1,0,0,1,2,0,2,0,0,0,0
662000.0,101,-27.087878,-78.397519,30.584293,5.126268,102,-27.081914,-78.391565,-70.519581,0.958314,887.678907,3,-1,0,8,41.633330564544295,-138.36938035249517,11.049037564544296,-67.84979935249517,101.10387400000002,-5.954800000000005e-05,3.5117288225178873,4.093526457601839,589.7393488123172,663.4616359633304,265.61391695523884,545.2548630104304,1,0,0,1,2,0,2,0,0,0,0
663000.0,101,-27.087836,-78.397491,30.551664,5.167496,102,-27.081924,-78.39156,-72.366311,0.897021,882.031755,3,-1,0,8,41.772398348988915,-138.23030209443155,11.220734348988916,-65.86399109443155,102.91797500000001,-6.129300000000004e-05,3.4815886303932544,4.17836368137865,587.5859763066825,657.8166441160506,273.54239115821395,606.9804654890497,1,0,0,1,2,0,2,0,0,0,0
664000.0,101,-27.087805,-78.397473,30.241274,5.004778,102,-27.081967,-78.39152,-82.315756,0.694939,876.265743,3,-1,0,8,42.23675830433019,-137.7659521564753,11.995484304330187,-55.4501961564753,112.55702999999994,-0.000202082,3.209316912917611,4.230766024693171,589.022079213551,648.7639343815956,363.88643246982406,1062.2892441841427,1,0,0,1,0,0,2,0,0,0,0
665000.0,101,-27.08777,-78.39745,30.307993,4.941939,102,-27.081987,-78.391504,-88.60356,0.611141,871.439319,3,-1,0,8,42.47321137717659,-137.52949589577958,12.16521837717659,-48.925935895779574,118.91155300000003,-8.379799999999993e-05,3.104899454278402,4.251606725840237,588.4354089709684,642.7676533307762,451.9548516680705,1516.313503163777,1,0,0,1,2,0,2,0,0,0,0
666000.0,101,-27.087737,-78.397424,30.829067,4.875654,102,-27.081969,-78.391531,-83.036922,0.68781,866.435579,3,-1,0,8,42.29187070327822,-137.7108124359227,11.462803703278222,-54.67389043592269,113.86598900000001,7.6669e-05,3.1814051942905563,4.103341177127145,583.0310562678582,640.9254246667476,367.46842609384635,1046.4187600368004,1,0,0,1,1,0,2,1,0,1,0
667000.0,101,-27.087689,-78.397397,30.238881,5.004745,102,-27.081943,-78.39157,-76.962928,0.811249,861.401949,3,-1,0,8,42.079711689218506,-137.92294139619077,11.840830689218507,-60.96001339619076,107.20180900000003,0.00012343899999999995,3.3107597547534184,4.1407629001631445,577.2804421493086,639.3438893529033,306.39539658357717,766.2750369038802,1,0,0,1,2,0,2,1,0,1,0
668000.0,101,-27.087658,-78.39738,29.842227,4.852235,102,-27.081918,-78.391606,-72.889594,0.927834,856.336601,3,-1,0,8,41.84917695307744,-138.15345199841272,12.006949953077438,-65.26385799841272,102.73182099999997,0.00011658500000000005,3.301304699042797,3.9358418641732023,571.3238597284502,637.8882515905268,284.7079420860748,607.3148185671444,1,0,0,1,2,0,2,1,0,1,0
669000.0,101,-27.087625,-78.397359,29.876437,4.771731,102,-27.081916,-78.391613,-72.909342,0.921262,851.23945,3,-1,0,8,41.86495651608851,-138.13765968520428,11.988519516088513,-65.22831768520429,102.78577899999999,-6.572000000000022e-06,3.2575279564962893,3.8668313606954694,568.097793563355,633.9349321379523,287.03981429819174,601.0177915251057,1,0,0,1,2,0,2,0,0,1,0
670000.0,101,-27.087588,-78.397338,29.508713,4.751462,102,-27.081943,-78.391588,-78.408879,0.782178,846.113418,3,-1,0,8,42.20602373131139,-137.7965942907953,12.69731073131139,-59.3877152907953,107.91759200000001,-0.00013908399999999998,3.1065872621292776,3.9779461759887353,568.4176990834695,626.7449525032467,332.1262605714228,834.8319978310282,1,0,0,1,0,0,2,0,0,0,0
671000.0,101,-27.087545,-78.39731,29.547469,4.852479,102,-27.081934,-78.391604,-76.742249,0.814463,840.966423,3,-1,0,8,42.15925472353227,-137.84334326269285,12.611785723532272,-61.101094262692854,106.289718,3.228500000000001e-05,3.1857293260699238,4.034619146776857,564.4512845545574,623.3933525296247,310.6451256614505,760.0027803224281,1,0,0,1,2,0,2,1,0,1,0
672000.0,101,-27.087503,-78.397283,29.61272,4.910286,102,-27.081943,-78.391598,-79.059805,0.758737,835.82768,3,-1,0,8,42.31447960490437,-137.6881088183992,12.701759604904371,-58.6283038183992,108.67252500000001,-5.5726000000000056e-05,3.1712911923252447,4.124933870689412,562.6787003733867,618.0619635605308,325.681545561732,864.3957390774314,1,0,0,1,2,0,2,0,0,0,0
673000.0,101,-27.087468,-78.397261,29.582895,4.852145,102,-27.081989,-78.391554,-94.358471,0.569671,831.006862,3,-1,0,8,42.84364925234323,-137.15894918821144,13.260754252343233,-42.80047818821144,123.94136600000002,-0.00018906599999999997,2.963441509553153,4.262923690691512,565.0847321860841,609.3042344685194,577.7200651673436,2179.6479423546857,1,0,0,1,0,0,2,0,0,0,0
674000.0,101,-27.087433,-78.397238,29.686876,4.818064,102,-27.081978,-78.39157,-89.91576,0.605203,826.151113,3,-1,0,8,42.77317353425028,-137.22940714728765,13.086297534250281,-47.31364714728764,119.60263599999996,3.5532000000000005e-05,2.991395225530889,4.184779104301867,561.0373124518626,606.4344940287697,469.79126252292343,1600.367590867822,1,0,0,1,2,0,2,1,0,1,0
675000.0,101,-27.087393,-78.397222,28.539675,4.794747,102,-27.081976,-78.391576,-89.086034,0.604614,821.309365,3,-1,0,8,42.86176640268726,-137.14080426026737,14.32209140268726,-48.054770260267375,117.62570899999997,-5.890000000000617e-07,2.895309883007336,4.202476235579859,558.6808216107331,602.017285965328,478.72356867628446,1634.656236239288,1,0,0,1,0,0,2,1,0,0,0
676000.0,101,-27.087347,-78.397194,28.549041,4.922723,102,-27.081943,-78.39162,-79.373589,0.748848,816.489712,3,-1,0,8,42.56386925603239,-137.43866862138714,14.014828256032391,-58.06507962138714,107.92262999999997,0.00014423399999999997,3.088628025327659,4.186070240638292,552.2831549199645,601.3640882140317,330.9273259040032,913.9314177830806,1,0,0,1,2,0,2,1,0,1,0
677000.0,101,-27.087304,-78.397163,29.115399,5.023212,102,-27.08192,-78.391652,-74.628911,0.848506,811.703372,3,-1,0,8,42.34531586465164,-137.65719332562392,13.229916864651639,-63.02828232562392,103.74431000000004,9.965800000000003e-05,3.2622995997227777,4.163573224663226,546.7611878888672,599.9288020544815,280.7579162434778,678.2829150919896,1,0,0,1,1,0,2,1,0,1,0
678000.0,101,-27.087264,-78.397134,29.548932,5.051168,102,-27.081903,-78.391675,-71.81691,0.916192,806.965866,3,-1,0,8,42.19703532846683,-137.80545018350327,12.648103328466831,-65.98854018350328,101.36584199999999,6.768600000000003e-05,3.3615089920678325,4.108285141439173,542.0246540068072,597.8320695127779,257.7032680657211,563.5180159758813,1,0,0,1,1,0,2,1,0,1,0
679000.0,101,-27.087233,-78.397099,31.579189,5.006529,102,-27.081912,-78.391667,-73.505934,0.845268,802.298693,3,-1,0,8,42.26920259438756,-137.73327062342088,10.690013594387558,-64.22733662342088,105.08512300000001,-7.092399999999999e-05,3.4322861164268708,4.025163025666092,539.6380171825139,593.6952106938653,256.5241537998046,555.659451728571,1,0,0,1,1,0,2,0,0,1,0
680000.0,101,-27.0872,-78.397078,31.422197,4.89708,102,-27.081928,-78.391649,-77.105195,0.740951,797.720809,3,-1,0,8,42.51738002347959,-137.48509182769024,11.095183023479589,-60.379896827690246,108.52739199999996,-0.000104317,3.2753102740453124,4.013565865209644,539.110748205229,587.9779675134201,285.50778451057226,684.1858880501666,1,0,0,1,2,0,2,0,0,0,0
681000.0,101,-27.087167,-78.397054,31.591706,4.833951,102,-27.081939,-78.391638,-79.935425,0.668707,792.905773,3,-1,0,8,42.68819620462055,-137.31426972665705,11.096490204620554,-57.37884472665705,111.527131,-7.224399999999998e-05,3.190742718204677,4.000710989664222,537.5966571355744,582.8287905494915,309.10132217113784,792.9381178856742,1,0,0,1,2,0,2,0,0,0,0
682000.0,101,-27.087128,-78.397031,31.039795,4.837389,102,-27.081907,-78.391679,-72.835493,0.813761,788.17297,3,-1,0,8,42.38714869665904,-137.6152880921542,11.347353696659038,-64.7797950921542,103.87528800000001,0.0001450539999999999,3.271836043232091,3.904566156585795,531.3363541044623,582.1497311221558,261.48219863977266,545.5884110973567,1,0,0,1,2,0,2,1,0,1,0
683000.0,101,-27.087081,-78.39701,29.733406,4.936942,102,-27.08191,-78.391676,-73.475791,0.770074,783.476055,3,-1,0,8,42.56561740591149,-137.43681118558254,12.83221140591149,-63.96102018558254,103.20919700000002,-4.368699999999992e-05,3.1868202833010395,4.067931729667743,529.9699387216024,577.0325751721336,269.49819391029456,614.6510875312574,1,0,0,1,0,0,2,1,0,0,0
684000.0,101,-27.087037,-78.396995,28.065397,4.940394,102,-27.081901,-78.391686,-71.690836,0.789119,778.826289,3,-1,0,8,42.62538417951931,-137.37703302721172,14.559987179519307,-65.68619702721172,99.75623300000001,1.9044999999999978e-05,3.0735219045022455,4.111561591712623,527.4227375913356,573.0581508967242,268.5775193873841,609.1196099012793,1,0,0,1,0,0,2,1,0,1,0
685000.0,101,-27.086999,-78.396958,29.946608,4.999967,102,-27.08189,-78.391699,-69.665909,0.81854,774.238451,3,-1,0,8,42.50572885565792,-137.49666558387855,12.55912085565792,-67.83075658387855,99.61251700000003,2.942100000000003e-05,3.263477846846818,4.047988770422183,523.1249888905721,570.7761601583569,243.02441443410444,493.4012865074861,1,0,0,1,1,0,2,1,0,1,0
686000.0,101,-27.086966,-78.396937,29.862108,4.906928,102,-27.081891,-78.391697,-69.724567,0.781987,769.731963,3,-1,0,8,42.59300658008145,-137.4093792073912,12.730898580081451,-67.6848122073912,99.58667499999996,-3.6553000000000055e-05,3.1767629176181824,3.98443199330924,520.9439071028587,566.6610455256664,247.84099908690985,498.06908249701615,1,0,0,1,2,0,2,1,0,0,0
687000.0,101,-27.086931,-78.396909,30.559858,4.876069,102,-27.081865,-78.391727,-65.841607,0.891207,765.332387,3,-1,0,8,42.32604255388848,-137.67631682357097,11.766184553888479,-71.83470982357098,96.40146500000003,0.00010921999999999999,3.292332881717037,3.8340396049126673,515.3355121761919,565.8294552965759,226.1892249282878,378.7332931178491,1,0,0,1,1,0,2,1,0,1,0
688000.0,101,-27.086888,-78.396883,30.225072,4.955055,102,-27.081843,-78.391752,-63.166914,0.975806,761.073457,3,-1,0,8,42.162458008861805,-137.8398781455632,11.937386008861804,-74.67296414556321,93.39198600000003,8.459899999999998e-05,3.3651016380111125,3.840966184072631,510.85917750132813,564.1415670845372,213.24297115229115,328.2044836674706,1,0,0,1,2,0,2,1,0,1,0
689000.0,101,-27.086845,-78.396856,30.094053,5.014955,102,-27.081849,-78.391741,-63.609536,0.897284,756.908617,3,-1,0,8,42.35172001695388,-137.65060885119578,12.257667016953878,-74.04107285119579,93.70358899999997,-7.852199999999998e-05,3.3183776529607805,3.940126206495711,509.9141159664593,559.3730855404084,213.80016333997187,346.3039816802305,1,0,0,1,2,0,2,0,0,0,0
690000.0,101,-27.086808,-78.39683,30.392466,4.998705,102,-27.08183,-78.391762,-61.350885,0.964136,752.10049,3,-1,0,8,42.19139591796204,-137.81091154878774,11.798929917962042,-76.46002654878774,91.74335100000002,6.685200000000002e-05,3.375045614975068,3.8495344525214112,505.11771027953245,557.2353594489518,204.37617129454557,294.58132035928514,1,0,0,1,2,0,2,1,0,1,0
691000.0,101,-27.086757,-78.396795,30.474665,5.206587,102,-27.081817,-78.391773,-59.9341,0.988659,747.436086,3,-1,0,8,42.14991052177579,-137.852375998622,11.675245521775786,-77.918275998622,90.40876500000002,2.452299999999996e-05,3.4961933830310206,3.9920012698300242,501.5839536878694,554.1427975331312,191.96233735026306,271.59706131746975,1,0,0,1,2,0,2,1,0,1,0
692000.0,101,-27.086721,-78.396763,31.536901,5.186357,102,-27.081807,-78.391782,-58.730868,1.002694,742.817571,3,-1,0,8,42.066666267437256,-137.93560158382303,10.529765267437256,-79.20473358382303,90.26776899999999,1.4035000000000019e-05,3.569752812636232,3.899893053854451,497.68393688763786,551.4423294872835,185.13918310239265,236.08815879835404,1,0,0,1,1,0,2,1,0,1,0
693000.0,101,-27.086694,-78.396741,32.025676,4.996745,102,-27.0818,-78.391786,-57.817546,0.994988,738.257933,3,-1,0,8,42.033746124905775,-137.96850988725697,10.008070124905778,-80.15096388725698,89.84322199999997,-7.70599999999999e-06,3.491884487331669,3.7063454264625078,494.3140268060949,548.3415163382905,187.051944125253,215.03523663687434,1,0,0,1,1,0,2,1,0,1,0
694000.0,101,-27.086665,-78.396717,32.489008,4.86239,102,-27.081823,-78.391757,-59.597518,0.822392,733.773949,3,-1,0,8,42.36706017145233,-137.63519811697742,9.878052171452332,-78.03768011697741,92.08652599999999,-0.00017259599999999996,3.3210797644259045,3.6852104212884553,494.4739245138897,542.1436582741577,196.08301033600765,239.02390997103382,1,0,0,1,2,0,2,0,0,0,0
695000.0,101,-27.086628,-78.396693,32.215206,4.844253,102,-27.081811,-78.391767,-57.942519,0.84623,729.387297,3,-1,0,8,42.3185122987128,-137.68373050762233,10.103306298712795,-79.74121150762232,90.15772500000003,2.3838000000000025e-05,3.2996688034367065,3.649335235653087,491.0610579432165,539.3188911920805,192.6003874959069,218.20738022671054,1,0,0,1,2,0,2,1,0,1,0
696000.0,101,-27.086588,-78.396665,32.207582,4.894054,102,-27.081813,-78.39176,-57.420253,0.792078,725.126029,3,-1,0,8,42.44646583070148,-137.5557674128923,10.238883830701475,-80.13551441289229,89.627835,-5.415200000000009e-05,3.275912087105387,3.714457318994321,489.38831079160155,535.0764797613998,189.62251305359268,214.52867364829862,1,0,0,1,2,0,2,1,0,1,0
697000.0,101,-27.08654,-78.396639,31.272728,5.016417,102,-27.081836,-78.391729,-59.56054,0.619456,721.026503,3,-1,0,8,42.90331010819862,-137.09892541095738,11.630582108198617,-77.53838541095737,90.83326800000003,-0.00017262199999999993,3.1381572343240993,3.9737282492192887,490.84830117617634,528.1544880627928,194.60440707913716,272.879154147714,1,0,0,1,0,0,2,0,0,0,0
698000.0,101,-27.086493,-78.396622,29.378593,5.064385,102,-27.081839,-78.39172,-58.754586,0.563396,717.135956,3,-1,0,8,43.1621215275653,-136.8401103475335,13.783528527565299,-78.08552434753351,88.13317900000004,-5.606e-05,2.966154269778189,4.120854495994914,490.567630869699,523.0940440598848,196.03127987193938,298.87799079260685,1,0,0,1,0,0,2,1,0,0,0
699000.0,101,-27.086461,-78.396604,29.171149,4.921333,102,-27.081817,-78.391737,-55.057949,0.643184,713.279112,3,-1,0,8,43.018783615530175,-136.9834323220483,13.847634615530175,-81.92548332204828,84.22909800000002,7.978799999999998e-05,2.925994676669668,3.9287665258147095,486.6261771778382,521.4998133276674,190.93343932026818,239.71532232428873,1,0,0,1,2,0,2,1,0,1,0
700000.0,101,-27.086417,-78.396572,29.656576,5.036532,102,-27.081832,-78.391714,-55.388067,0.518412,708.479327,3,-1,0,8,43.331413887882285,-136.6707979509487,13.674837887882283,-81.28273095094869,85.04464299999995,-0.000124772,2.9187394803045237,4.082314521193012,486.1707496246764,515.3454753810819,185.45261335276427,247.9344526651267,1,0,0,1,2,0,2,0,0,0,0
701000.0,101,-27.086383,-78.396559,28.58363,4.894218,102,-27.081834,-78.391705,-53.946424,0.465822,703.851549,3,-1,0,8,43.53333765872326,-136.4688723576723,14.949707658723263,-82.52244835767229,82.53005399999995,-5.258999999999997e-05,2.71819622524591,4.0235537019012515,484.79642024311823,510.27388131194533,188.57938029734945,250.03557453427877,1,0,0,1,0,0,2,1,0,0,0
702000.0,101,-27.086338,-78.396535,28.246166,4.974903,102,-27.081823,-78.39171,-50.980664,0.492701,699.272243,3,-1,0,8,43.576537667088104,-136.4256591435666,15.330371667088105,-85.44499514356662,79.22683,2.6878999999999988e-05,2.737222108423784,4.07230754616147,482.0243992422295,506.5907108953132,178.17023734062252,219.04661239706488,1,0,0,1,2,0,2,1,0,1,0
703000.0,101,-27.086302,-78.396506,29.174201,4.962801,102,-27.081829,-78.391697,-49.360912,0.425028,694.760164,3,-1,0,8,43.74893248709538,-136.25325703768206,14.57473148709538,-86.89234503768206,78.53511299999997,-6.767299999999999e-05,2.7417222858856705,4.056410950249163,480.4263733169271,501.87865595465564,171.90204705238702,195.63931579183307,1,0,0,1,1,0,2,1,0,1,1
704000.0,101,-27.086265,-78.396482,29.298417,4.934389,102,-27.081833,-78.391686,-47.101799,0.366581,690.32749,3,-1,0,8,43.93503380055142,-136.06714980414898,14.636616800551423,-88.96535080414898,76.400216,-5.8447000000000025e-05,2.683228639915775,4.05366483591918,478.9784019046949,497.1234594731219,166.65419591874831,181.24949808598814,1,0,0,1,2,0,2,1,0,1,1
705000.0,101,-27.086226,-78.396456,29.435824,4.94268,102,-27.08181,-78.391704,-44.33499,0.466276,686.003683,3,-1,0,8,43.774731700732445,-136.22743186857764,14.338907700732445,-91.89244186857763,73.77081400000003,9.969500000000003e-05,2.7549301036322604,3.9711017431856415,474.59436042809995,495.3395261226458,161.27140531994075,148.21642022936106,1,0,0,1,2,0,2,1,0,1,1
706000.0,101,-27.086188,-78.396428,29.926955,4.95061,102,-27.081819,-78.391687,-41.51331,0.379552,681.810389,3,-1,0,8,44.01469867956853,-135.987459880413,14.087743679568533,-94.47414988041302,71.44026500000001,-8.672400000000002e-05,2.7214019402995717,4.006297035494368,473.75109927391355,490.3318289537095,154.0653259526207,138.09889772684696,1,0,0,1,2,0,2,1,0,1,1
707000.0,101,-27.086144,-78.396405,29.331247,5.005364,102,-27.081811,-78.391687,-38.459289,0.390889,677.79476,3,-1,0,8,44.11236292596472,-135.88978516029897,14.781115925964716,-97.43049616029897,67.79053600000003,1.1336999999999986e-05,2.6950341633472643,4.057601864132729,471.7910621711663,486.6404528384999,148.05539050989094,135.34179534187268,1,0,0,1,0,0,2,1,0,1,1
708000.0,101,-27.086102,-78.396379,29.288139,5.048496,102,-27.081815,-78.391674,-33.817341,0.335357,673.994387,3,-1,0,8,44.33899334893217,-135.66314881710528,15.05085434893217,-101.84580781710528,63.10548,-5.553199999999997e-05,2.656375855344733,4.1245296133780815,471.05615795025943,482.05241391849285,139.5935017119662,137.22018217341056,1,0,0,1,2,0,2,1,0,0,1
709000.0,101,-27.086066,-78.396352,29.828338,5.014334,102,-27.08179,-78.391693,-33.69355,0.448105,670.37706,3,-1,0,8,44.13120361707437,-135.87091760314814,14.30286561707437,-102.17736760314814,63.52188799999999,0.00011274799999999996,2.7427318164597083,3.9772019775896217,466.7860870426818,481.1612531341499,141.12093519100355,113.02031321521848,1,0,0,1,1,0,2,0,0,1,1
710000.0,101,-27.08603,-78.396328,29.918032,4.976089,102,-27.081803,-78.39167,-27.139012,0.341063,665.587433,3,-1,0,8,44.455136525049035,-135.54698423902943,14.537104525049035,-108.40797223902942,57.05704399999996,-0.00010704199999999997,2.637453057946186,4.009461709177442,466.14453371831877,475.09567947105216,133.40865978958098,128.98586355296487,1,0,0,1,2,0,2,1,0,0,1
711000.0,101,-27.085993,-78.396297,30.810279,4.978136,102,-27.081781,-78.391685,-28.296191,0.435925,660.981992,3,-1,0,8,44.27270223410968,-135.72939758428853,13.462423234109679,-107.43320658428854,59.10647,9.4862e-05,2.7564274919452414,3.8917259879315567,461.4144914540376,473.27989691566233,134.4287789221938,103.66106709226248,1,0,0,1,1,0,2,0,0,1,1
712000.0,101,-27.085954,-78.396263,31.825825,5.043441,102,-27.081752,-78.391711,-30.578845,0.572352,656.428563,3,-1,0,8,43.96579856278803,-136.03627393557176,12.139973562788033,-105.45742893557176,62.40467000000001,0.00013642699999999997,2.9507711564358576,3.792430361925711,455.7116482885981,472.46730250498194,134.58352489873909,69.79370093550797,1,0,0,1,1,0,2,0,0,1,1
713000.0,101,-27.085904,-78.396235,30.968703,5.189881,102,-27.08175,-78.391703,-27.751045,0.542462,651.940911,3,-1,0,8,44.168677694790155,-135.8333856958199,13.199974694790154,-108.08234069581991,58.71974799999998,-2.9889999999999973e-05,2.9231428782799136,3.969988147515336,454.25487647232353,467.63175537662545,128.0251434183128,89.74169093027537,1,0,0,1,0,0,2,1,0,0,1
714000.0,101,-27.085868,-78.396213,30.73611,5.100346,102,-27.081744,-78.391701,-25.718307,0.542671,647.541853,3,-1,0,8,44.24958731197962,-135.75246697131757,13.513477311979617,-110.03415997131758,56.45441699999998,2.0900000000001472e-07,2.8421993875150733,3.8949889668255517,451.84518646198677,463.83874229931024,128.4034164692112,94.17085029934768,1,0,0,1,2,0,2,1,0,0,1
715000.0,101,-27.085825,-78.396186,30.520496,5.146641,102,-27.081732,-78.391704,-24.773651,0.5712,643.250052,3,-1,0,8,44.27462401866942,-135.7274166038849,13.75412801866942,-110.9537656038849,55.29414699999995,2.8529000000000028e-05,2.853056448216294,3.9149286431813453,449.0517295802496,460.56831584357724,126.38361064351416,94.85754685977908,1,0,0,1,2,0,2,1,0,0,1
716000.0,101,-27.085784,-78.396158,30.686056,5.183413,102,-27.081707,-78.391724,-26.616564,0.679023,639.094613,3,-1,0,8,44.078451080413785,-135.92356768582144,13.392395080413785,-109.30700368582144,57.30261999999999,0.000107823,2.9494842641029284,3.8505499801240255,444.5814768146446,459.11788773574204,127.20700613503762,75.87427718540496,1,0,0,1,2,0,2,0,0,1,1
717000.0,101,-27.085758,-78.396126,32.457984,5.04216,102,-27.081704,-78.391717,-24.104821,0.649521,635.121675,3,-1,0,8,44.078539889082734,-135.92346749387343,11.62055588908273,-111.81864649387343,56.562805000000026,-2.9502000000000027e-05,2.97130051794423,3.6616174871103793,441.81843886484575,456.2630920136278,126.89939333902565,65.30391729052248,1,0,0,1,1,0,2,1,0,1,1
718000.0,101,-27.085735,-78.39611,32.489541,4.769149,102,-27.081707,-78.391703,-20.24475,0.594112,631.372584,3,-1,0,8,44.24979312772863,-135.75221334396522,11.760252127728627,-115.50746334396523,52.73429100000004,-5.540900000000004e-05,2.767308830437827,3.465317594726602,440.56413281073475,452.25499964905015,131.2348248618214,77.4377059243659,1,0,0,1,2,0,2,1,0,0,1
719000.0,101,-27.085699,-78.396104,29.857794,4.644836,102,-27.081724,-78.391676,-11.760567,0.477354,627.909342,3,-1,0,8,44.76535185533508,-135.23666417684254,14.907557855335085,-123.47609717684254,41.61836099999999,-0.00011675799999999997,2.4097224430330266,3.5609643957959976,442.17688973868195,445.81357084761174,130.46402820902634,129.16502575322673,1,0,0,1,0,0,2,1,0,0,1
720000.0,101,-27.085664,-78.396078,30.406148,4.63673,102,-27.081712,-78.391676,-10.831701,0.50793,624.483347,3,-1,0,8,44.76288648991043,-135.23911770305475,14.356738489910427,-124.40741670305475,41.23784900000004,3.057599999999999e-05,2.4422236814286964,3.500110786298497,439.7452084357647,443.4000477425642,130.2646059275747,122.25478624035436,1,0,0,1,1,0,2,1,0,1,1
721000.0,101,-27.085619,-78.396057,29.308991,4.743129,102,-27.081692,-78.391687,-13.035824,0.57902,619.705465,3,-1,0,8,44.73567393736797,-135.26631568405364,15.426682937367971,-122.23049168405363,42.34481499999998,7.108999999999999e-05,2.4524570405323307,3.5718745503572675,436.1717158424427,440.21483124711466,128.85128421733828,121.82666151717181,1,0,0,1,0,0,2,0,0,1,1
722000.0,101,-27.085575,-78.39603,29.14649,4.840355,102,-27.081675,-78.391695,-14.059819,0.634097,615.116527,3,-1,0,8,44.70295440585021,-135.29901927834396,15.556464405850207,-121.23920027834396,43.206308999999976,5.507700000000004e-05,2.511511060422873,3.612355167150167,432.6922512199804,437.2021929527883,126.67084096415981,116.35536764532952,1,0,0,1,2,0,2,0,0,1,1
723000.0,101,-27.08553,-78.396001,29.27002,4.953407,102,-27.081701,-78.391659,-1.959453,0.480318,610.581106,3,-1,0,8,45.27551536833488,-134.72646150222508,16.00549536833488,-132.76700850222508,31.229472999999984,-0.000153779,2.43827298986507,3.84094471647393,433.817156602992,429.66494113562294,117.15184257080764,149.55432228945747,1,0,0,1,2,0,2,1,0,0,1
724000.0,101,-27.085494,-78.395983,28.753163,4.890463,102,-27.081682,-78.39167,-5.874965,0.548011,606.116435,3,-1,0,8,45.21101260642666,-134.7909510588821,16.457849606426656,-128.91598605888208,34.62812799999995,6.7693e-05,2.4085877244134157,3.742337250414851,430.16456670078145,427.0077028956717,119.91227018012674,143.00813857004655,1,0,0,1,2,0,2,0,0,1,1
725000.0,101,-27.085466,-78.39595,30.836065,4.80816,102,-27.081682,-78.391659,-1.373739,0.520792,601.738208,3,-1,0,8,45.275707899163095,-134.72624574884796,14.439642899163093,-133.35250674884796,32.20980400000002,-2.7218999999999995e-05,2.4770686371493342,3.607823781187246,427.53571087924604,423.4407714073232,119.75906879236305,131.1684073174875,1,0,0,1,1,0,2,1,0,1,1
726000.0,101,-27.085423,-78.395921,30.860877,4.898901,102,-27.081658,-78.391676,-7.073732,0.610281,597.469614,3,-1,0,8,45.11115082834383,-134.89078187412798,14.250273828343833,-127.81704987412797,37.93460900000002,8.948899999999993e-05,2.588070839230664,3.5996560414478873,423.29359926825447,421.6544420160131,118.6894924060214,116.25111308303256,1,0,0,1,2,0,2,0,0,1,1
727000.0,101,-27.085391,-78.395896,31.270236,4.826603,102,-27.081649,-78.391675,-6.400554,0.625417,593.340294,3,-1,0,8,45.12426780452552,-134.87765396965742,13.854031804525523,-128.47709996965742,37.67079000000001,1.5136000000000038e-05,2.5750903363644277,3.503916921869729,420.463923234898,418.6439940354146,119.9263135703626,111.6538404853907,1,0,0,1,2,0,2,1,0,1,1
728000.0,101,-27.085347,-78.39588,29.517612,4.850717,102,-27.081637,-78.391677,-6.53642,0.652417,589.388181,3,-1,0,8,45.24787926203061,-134.75403431512177,15.730267262030608,-128.21761431512178,36.05403200000001,2.7000000000000023e-05,2.4641726930379617,3.572938651015234,418.5595079691467,414.9534506316518,119.8577842713427,123.92403459939345,1,0,0,1,0,0,2,1,0,0,1
729000.0,101,-27.08531,-78.39586,29.151085,4.814359,102,-27.081616,-78.391688,-9.173522,0.722104,585.671943,3,-1,0,8,45.15961702770412,-134.8422824336571,16.008532027704124,-125.66876043365708,38.324607000000015,6.968699999999994e-05,2.4602642635203185,3.4916955821206903,415.28470220714394,412.9772886371829,122.21312719413515,115.43043404217802,1,0,0,1,2,0,2,0,0,1,1
730000.0,101,-27.085276,-78.395823,31.117891,4.852511,102,-27.081612,-78.391681,-6.624408,0.7068,582.246762,3,-1,0,8,45.1864765728673,-134.81540922859398,14.068585572867299,-128.191001228594,37.742299,-1.5303999999999984e-05,2.5893176513276757,3.4521813778841635,413.04841667542473,410.3684897033511,118.8379233214231,105.33935073893986,1,0,0,1,1,0,2,1,0,1,1
731000.0,101,-27.085237,-78.395792,31.71457,4.903273,102,-27.08161,-78.39167,-3.199343,0.684251,578.97737,3,-1,0,8,45.338571154216304,-134.66330554017952,13.624001154216305,-131.46396254017952,34.91391299999998,-2.254899999999993e-05,2.6157798176044187,3.4879192792085423,411.8108745572583,406.9724788834042,115.93668210498075,108.57704876279836,1,0,0,1,2,0,2,1,0,0,1
732000.0,101,-27.085194,-78.395762,31.761116,5.000001,102,-27.081609,-78.391659,0.300923,0.66191,574.213713,3,-1,0,8,45.53986628813648,-134.46200175440006,13.778750288136479,-134.76292475440007,31.460193000000004,-2.2341000000000056e-05,2.628418583053159,3.589350568507302,409.8381285514983,402.18664396353574,112.1393965603309,115.08930229389127,1,0,0,1,2,0,2,1,0,0,1
733000.0,101,-27.085143,-78.395735,30.781924,5.161916,102,-27.081631,-78.391627,12.83681,0.554735,569.64085,3,-1,0,8,46.16384032997242,-133.83802998807116,15.381916329972423,-146.67483998807114,17.94511399999999,-0.00010717500000000002,2.518475083397509,3.8938420748036315,410.89520017291176,394.53242257587056,107.87438369634076,141.5347948684407,1,0,0,1,0,0,2,1,0,0,1
734000.0,101,-27.085105,-78.395712,30.450353,5.109946,102,-27.081628,-78.391619,15.812825,0.551666,565.122245,3,-1,0,8,46.3458029075701,-133.65606057989172,15.895449907570104,-149.46888557989172,14.637528000000032,-3.0689999999999883e-06,2.4393509747844635,3.8743347842521114,408.87680263867054,390.10628302786625,109.35187492271125,146.03749117375654,1,0,0,1,0,0,2,1,0,0,1
735000.0,101,-27.085062,-78.395685,30.395941,5.159102,102,-27.081639,-78.391598,25.831071,0.513647,560.67205,3,-1,0,8,46.75159390628071,-133.2502668484388,16.35565290628071,-159.0813378484388,4.564869999999985,-3.8019000000000023e-05,2.386558665422339,3.9876561968529662,408.3879316820001,384.1515910518926,112.05155850274113,154.2736087192797,1,0,0,2,2,0,2,1,0,0,1
736000.0,101,-27.085021,-78.395672,28.649536,5.078485,102,-27.081628,-78.391599,22.980326,0.537158,556.312208,3,-1,0,8,46.905166264302395,-133.0966881147452,18.255630264302393,-156.0770141147452,5.669210000000021,2.351100000000006e-05,2.225168904945171,3.96219133250762,406.23246085415406,380.0769139506022,111.99861493750042,169.4395132862263,1,0,0,1,0,0,2,0,0,0,1
737000.0,101,-27.084982,-78.395645,29.120573,5.082274,102,-27.081612,-78.391605,18.45911,0.570903,552.062969,3,-1,0,8,46.867049487026,-133.13478986587265,17.746476487026,-151.59389986587266,10.66146299999997,3.374500000000002e-05,2.292520269459032,3.8983321012222323,402.87855598814923,377.44190396138924,109.17320863936465,160.01356420778458,1,0,0,1,1,0,2,0,0,1,1
738000.0,101,-27.084953,-78.39562,29.932367,4.945054,102,-27.081604,-78.391604,17.812068,0.585995,547.954087,3,-1,0,8,46.87541442862263,-133.12641399629962,16.943047428622634,-150.93848199629963,12.120298999999989,1.5091999999999994e-05,2.2882166524179146,3.7275526990992733,399.9347109495704,374.57430295962257,111.6303719973491,150.35083538367226,1,0,0,1,1,0,2,0,0,1,1
739000.0,101,-27.084899,-78.39559,29.355045,5.173692,102,-27.081608,-78.39159,23.39934,0.565899,544.023642,3,-1,0,8,47.260534468928824,-132.74128666983742,17.905489468928824,-156.14062666983742,5.955705000000023,-2.0096000000000002e-05,2.3115078726108704,3.9900242710877443,399.55669615687015,369.21019705738183,107.88206657142126,162.19289757431514,1,0,0,1,0,0,2,1,0,0,1
740000.0,101,-27.084863,-78.395562,30.034316,5.127661,102,-27.081613,-78.391574,30.002353,0.54977,540.320437,3,-1,0,8,47.532651061771936,-132.46916461263385,17.498335061771936,-162.47151761263385,0.03196300000001884,-1.612900000000006e-05,2.291585134126448,3.963044846861529,398.5739701909387,364.8081206964884,112.53848874116822,162.42805056112533,1,0,0,2,2,0,2,1,0,0,1
741000.0,101,-27.084818,-78.395542,28.865474,5.146655,102,-27.081595,-78.391581,24.034631,0.586214,536.907157,3,-1,0,8,47.57685401614645,-132.42494936363178,18.71138001614645,-156.45958036363177,4.830843000000016,3.644400000000003e-05,2.2458137734113914,3.9718229644736116,396.33567144482487,362.1979165845691,107.87671107672648,167.7126697629404,1,0,0,1,0,0,2,0,0,0,1
742000.0,101,-27.084784,-78.395515,29.669116,5.083854,102,-27.081575,-78.391589,18.303625,0.633904,533.804992,3,-1,0,8,47.44779955699299,-132.55398788619812,17.77868355699299,-150.85761288619813,11.365490999999963,4.769000000000001e-05,2.3173796733947865,3.815520867536491,393.23359743427,360.9918383191267,106.49762141443104,153.3001895182462,1,0,0,1,1,0,2,0,0,1,1
743000.0,101,-27.084757,-78.395505,28.796283,4.830784,102,-27.081594,-78.391561,31.002351,0.578372,529.058527,3,-1,0,8,47.990022217664304,-132.01177342038764,19.193739217664305,-163.01412442038765,2.2060679999999593,-5.553200000000002e-05,2.029069364975976,3.737649915105144,393.10545175754885,354.0777157488214,119.5592896034758,176.81691132534513,1,0,0,2,0,0,2,1,0,0,1
744000.0,101,-27.084725,-78.395488,28.419696,4.706138,102,-27.081589,-78.391555,31.873232,0.586297,524.502593,3,-1,0,8,48.15465533050185,-131.84713529829463,19.734959330501855,-163.72036729829463,3.4535360000000423,7.92499999999996e-06,1.9301868785269434,3.6410836296502245,390.7272957497963,349.9073454784494,123.18752321788874,181.9946399553668,1,0,0,2,0,0,2,0,0,0,1
745000.0,101,-27.084694,-78.395469,28.544698,4.608657,102,-27.081565,-78.391569,22.514846,0.633379,520.001132,3,-1,0,8,47.978301888341214,-132.02347371442966,19.433603888341214,-154.53831971442966,6.029852000000005,4.708200000000007e-05,1.9596847716976304,3.463346787832094,386.3043534040244,348.09499252701124,118.52390356531461,166.19205503817918,1,0,0,1,2,0,2,0,0,1,1
746000.0,101,-27.084659,-78.395445,28.85354,4.597777,102,-27.08156,-78.391564,23.529985,0.635479,515.568191,3,-1,0,8,48.1136201225137,-131.88814682872302,19.260080122513703,-155.41813182872303,5.323554999999999,2.099999999999991e-06,1.9650583383711893,3.444351410918763,383.82519534352264,344.2219908583981,118.47036582554229,163.95951895523277,1,0,0,1,2,0,2,1,0,1,1
747000.0,101,-27.084612,-78.395425,27.571901,4.71985,102,-27.08153,-78.391586,13.01214,0.711449,511.225515,3,-1,0,8,47.96035409306548,-132.04139373402188,20.388453093065483,-145.05353373402187,14.559761000000037,7.596999999999998e-05,2.024448145506926,3.49063917330797,379.67780471085655,342.33943944126554,110.7451464470343,161.64928545350602,1,0,0,1,0,0,2,0,0,1,1
748000.0,101,-27.084572,-78.395396,28.41728,4.778805,102,-27.081519,-78.391586,12.085599,0.726654,506.993192,3,-1,0,8,48.013671686434456,-131.98806293591076,19.596391686434455,-144.07366193591076,16.331681000000003,1.5205000000000025e-05,2.1220414624051323,3.4924349493973965,376.85030564491797,339.15474914805606,108.18050567648827,152.2756951331885,1,0,0,1,1,0,2,0,0,1,1
749000.0,101,-27.084543,-78.395364,30.339332,4.726232,102,-27.081513,-78.391583,12.499202,0.728818,502.900712,3,-1,0,8,48.01143109580052,-131.99029032236956,17.67209909580052,-144.48949232236956,17.840129999999988,2.1639999999999436e-06,2.229580088715301,3.3674255136459177,373.795190863955,336.4316890797988,108.55832075709148,134.93757194471752,1,0,0,1,1,0,2,0,0,1,1
750000.0,101,-27.084507,-78.395331,31.504608,4.779921,102,-27.081513,-78.391574,15.297901,0.709258,498.985809,3,-1,0,8,48.170486488243455,-131.83122400212076,16.665878488243454,-147.12912500212076,16.206706999999994,-1.955999999999991e-05,2.310700620091796,3.3912248315115097,371.81057556923116,332.78181061810085,106.55100527148251,128.8084577342607,1,0,0,1,1,0,2,1,0,1,1
751000.0,101,-27.084464,-78.395308,30.727495,4.837907,102,-27.081481,-78.391597,6.644934,0.801451,495.29685,3,-1,0,8,47.92440665679926,-132.0772828885106,17.196911656799262,-138.72221688851062,24.082561,9.219299999999998e-05,2.3792142752008076,3.3626324555217355,367.6397133100877,331.90361675823755,103.99651385697142,121.52021157248716,1,0,0,1,0,0,2,0,0,1,1
752000.0,101,-27.084424,-78.395276,31.415766,4.914443,102,-27.081473,-78.391594,6.951247,0.808797,491.895977,3,-1,0,8,48.008183229641205,-131.993493111176,16.592417229641203,-138.944740111176,24.464518999999996,7.345999999999964e-06,2.463741850454952,3.3911700900996076,365.59695582144224,329.09044058264436,101.39138246892863,116.72978108489028,1,0,0,1,1,0,2,0,0,1,1
753000.0,101,-27.084386,-78.39525,31.430292,4.919872,102,-27.081469,-78.391586,9.166726,0.795573,488.863256,3,-1,0,8,48.198652096331635,-131.80301604824584,16.768360096331634,-140.96974204824585,22.263566000000026,-1.3224000000000014e-05,2.4387794663453706,3.412592180679294,364.42815879557105,325.85180702858094,100.83227329697695,119.91697168431853,1,0,0,1,2,0,2,1,0,0,1
754000.0,101,-27.084341,-78.395217,31.671382,5.056655,102,-27.081437,-78.391606,2.815985,0.897512,485.901572,3,-1,0,8,47.91083276174727,-132.09081125084688,16.23945076174727,-134.9067962508469,28.855396999999982,0.000101939,2.6108862840452995,3.4071566648960094,360.5888119098493,325.69317830976206,97.81108079030045,105.4867787474848,1,0,0,1,1,0,2,0,0,1,1
755000.0,101,-27.084297,-78.395199,30.192188,5.057045,102,-27.081409,-78.391623,-1.435137,0.98886,481.718375,3,-1,1,8,47.79067994677001,-132.21094812905122,17.59849194677001,-130.77581112905122,31.627324999999985,9.134799999999998e-05,2.567964804684677,3.3824735461704596,356.80654623042375,323.6381951806015,98.81570349903005,103.59536694629804,1,0,0,1,0,0,2,0,0,1,1
756000.0,101,-27.084259,-78.39518,29.451959,4.999538,102,-27.081401,-78.391619,-0.465645,0.982133,477.93905,3,-1,1,8,47.96850573392282,-132.03311551144785,18.51654673392282,-131.56747051144785,29.917603999999983,-6.726999999999927e-06,2.466222666267265,3.3713385097733894,355.00208901911583,319.9988317275022,99.579873685218,110.53924606305013,1,0,0,1,0,0,2,1,0,0,1
757000.0,101,-27.084214,-78.395165,27.891099,5.010271,102,-27.081383,-78.391626,-2.063429,1.02601,474.453696,3,-1,1,8,48.062377640082026,-131.93923358745195,20.171278640082026,-129.87580458745194,29.954527999999982,4.3877000000000054e-05,2.3807096249135835,3.402924755132624,352.9332297753735,317.0874405718143,99.8721716025707,117.39598921220815,1,0,0,1,0,0,2,0,0,0,1
758000.0,101,-27.084173,-78.395144,27.349994,5.007365,102,-27.081339,-78.391664,-8.804663,1.19774,471.215344,3,-1,1,8,47.552869537740364,-132.4487148260941,20.202875537740365,-123.64405182609408,36.154656999999986,0.00017172999999999993,2.483841006264109,3.2639994470676474,347.710001199771,318.0277589876293,103.03094534431452,93.59701263062547,1,0,0,1,2,0,2,0,0,1,1
759000.0,101,-27.084127,-78.395133,25.398928,5.011665,102,-27.081314,-78.391679,-10.671627,1.269696,468.252379,3,-1,1,8,47.55111202242197,-132.450460502326,22.152184022421967,-121.778833502326,36.07055500000001,7.19559999999999e-05,2.3847167971017225,3.279517966658676,345.513933934071,316.03862405813953,104.8324501479281,99.47070300700123,1,0,0,1,0,0,2,1,0,0,1
760000.0,101,-27.084092,-78.395132,23.055355,4.828747,102,-27.081292,-78.391691,-11.902206,1.32439,465.596928,3,-1,1,8,47.5756909357048,-132.42587566892314,24.5203359357048,-120.52366966892313,34.957561,5.469400000000002e-05,2.1641798634275213,3.147143144138006,343.6893052211327,314.09896663257626,111.94108820516558,108.38210588345977,1,0,1,1,0,0,2,1,0,0,1
761000.0,101,-27.084049,-78.395133,20.03884,4.781822,102,-27.081288,-78.391686,-10.834244,1.286198,463.189961,3,-1,1,8,48.02527647557426,-131.9762928594912,27.98643647557426,-121.1420488594912,30.873084000000006,-3.8192e-05,1.8802896466947263,3.2290615191312853,344.35391926305715,309.7826952225599,112.69366076322923,143.0839774837194,1,0,1,1,0,0,2,1,0,0,1
762000.0,101,-27.084007,-78.395131,17.917849,4.738832,102,-27.081316,-78.391654,-5.56523,1.086014,460.516996,3,-1,1,8,49.00177861246877,-130.99980438043872,31.08392961246877,-125.43457438043872,23.483078999999975,-0.00020018399999999993,1.5632365775231805,3.4280970529112125,347.56596736926366,302.115544008467,105.92472955863424,191.9335749294307,1,0,1,1,0,0,2,1,0,0,1
763000.0,101,-27.083966,-78.395133,15.459278,4.684657,102,-27.081319,-78.391641,-2.890897,1.022242,458.070711,3,-1,1,8,49.59070395115345,-130.41088586982048,34.13142595115345,-127.51998886982048,18.35017499999998,-6.377199999999994e-05,1.3002673914010046,3.4942257116143445,348.79022083785196,296.94133784962975,103.03552301020964,223.8888668354954,1,0,1,1,0,0,2,1,0,0,0
764000.0,101,-27.08392,-78.395138,12.71106,4.703863,102,-27.081309,-78.39164,-2.570005,1.027885,455.819924,3,-1,1,8,50.0259807849329,-129.97561176618962,37.314920784932895,-127.40560676618962,15.281064999999955,5.6429999999998425e-06,1.0811025681192237,3.5617300063602135,349.3111427740213,292.8370342857493,99.70538122053259,249.42181619013886,1,0,1,1,0,0,2,1,0,0,0
765000.0,101,-27.08387,-78.395141,10.401887,4.789325,102,-27.081285,-78.391651,-4.601183,1.098216,453.753875,3,-1,1,8,50.24355510662999,-129.7580338002568,39.84166810662999,-125.1568508002568,15.00306999999998,7.033100000000014e-05,0.9528183408564616,3.615938263977858,348.83232118247884,290.1871650779193,97.22098731745332,263.44336265015016,1,0,1,1,0,0,2,1,0,0,0
766000.0,101,-27.083811,-78.395133,9.745973,5.026374,102,-27.081266,-78.391656,-5.125635,1.139671,451.821677,3,-1,1,8,50.57736793220578,-129.42421505403445,40.83139493220578,-124.29858005403445,14.87160799999998,4.145500000000002e-05,0.9526838973631563,3.8187194899263233,349.0244705644154,286.92289339528463,91.0225616456107,269.2328526951122,1,0,1,1,0,0,2,1,0,0,0
767000.0,101,-27.083774,-78.395128,9.501864,4.907862,102,-27.081247,-78.391659,-5.369482,1.183497,450.087794,3,-1,1,8,50.712063794912076,-129.28951554763358,41.21019979491208,-123.92003354763358,14.871346000000017,4.382599999999992e-05,0.9209376610020178,3.662223514655583,348.35604898427886,285.00365864993586,94.57905416547665,268.36499037532695,1,0,1,1,2,0,2,2,0,1,0
768000.0,101,-27.083729,-78.395114,10.232625,4.940132,102,-27.081237,-78.391651,-3.616449,1.174616,448.399872,3,-1,0,8,51.054681038534206,-128.94689557091888,40.82205603853421,-125.33044657091888,13.849073999999973,-8.880999999999917e-06,0.9516816716546472,3.6892803522616293,348.7413002395324,281.8544850039763,92.87228392669991,267.35626831772095,1,0,1,1,2,0,2,1,0,1,0
769000.0,101,-27.083689,-78.395103,10.713095,4.886712,102,-27.081226,-78.391645,-2.389054,1.175397,444.364952,3,-1,1,8,51.34177816770463,-128.65979616396325,40.62868316770464,-126.27074216396325,13.102148999999997,7.809999999999206e-07,0.9573928584450796,3.6271628958084854,346.99841695566545,277.5829771369715,93.20695028067692,264.7661913114741,1,0,1,1,2,0,2,1,0,1,0
770000.0,101,-27.083651,-78.395098,10.277845,4.803127,102,-27.081218,-78.391638,-0.889809,1.162335,441.411753,3,-1,1,8,51.6999467258389,-128.30162851521007,41.4221017258389,-127.41181951521007,11.167654000000027,-1.3062000000000128e-05,0.8750327999752855,3.563861685296353,346.4092590546412,273.5780709920798,93.02547155013484,271.27134732597585,1,0,1,1,0,0,2,1,0,0,0
771000.0,101,-27.083616,-78.395092,10.176957,4.698427,102,-27.081205,-78.391636,-0.440084,1.174639,439.644205,3,-1,1,8,51.9206502062833,-128.08092321235583,41.7436932062833,-127.64083921235583,10.617041000000029,1.2304000000000093e-05,0.8391821396178281,3.4499011119291216,346.06917142603646,271.1515361907039,95.31920582437301,272.26127666449156,1,0,1,1,2,0,2,1,0,0,0
772000.0,101,-27.083569,-78.395095,8.293607,4.744987,102,-27.08118,-78.391645,-2.040888,1.240874,438.541538,3,-1,1,8,52.12712212139974,-127.8744485636811,43.83351512139974,-125.8335605636811,10.334495000000004,6.623500000000005e-05,0.7286352506234971,3.455276531148183,346.17363042865446,269.2257382704165,93.61826114468634,283.20486431895745,1,0,1,1,0,0,2,1,0,0,0
773000.0,101,-27.083525,-78.395103,5.97941,4.749035,102,-27.081151,-78.391659,-4.27806,1.33058,437.558652,3,-1,1,8,52.253614232233495,-127.74795371926945,46.274204232233494,-123.46989371926945,10.257469999999955,8.970600000000007e-05,0.5939691273582342,3.3963246753904457,345.9899613485282,267.8591431818244,93.47734531997065,294.6751195623191,1,0,1,1,0,2,2,1,0,0,0
774000.0,101,-27.083475,-78.395117,3.128231,4.83589,102,-27.081141,-78.391656,-3.567182,1.318782,436.713698,3,-1,1,8,52.85976854038067,-127.14180714906614,49.73153754038067,-123.57462514906614,6.6954130000000305,-1.1798000000000198e-05,0.34595154005675616,3.512457156313455,348.13076871760205,263.67370345358046,84.06635714479582,320.6095391810628,1,0,1,1,0,2,2,1,0,0,0
775000.0,101,-27.083437,-78.395138,-0.500731,4.743699,102,-27.081149,-78.39164,-0.656134,1.223466,436.02947,3,-1,1,8,53.69835746569939,-126.30323506796837,54.19908846569939,-125.64710106796838,0.15540300000003526,-9.531599999999995e-05,-0.027446119522364414,3.520132068592163,351.40108149782236,258.1452665276699,72.55390427779793,353.4030727677838,1,0,1,1,0,2,2,1,0,0,0
776000.0,101,-27.08339,-78.395142,-0.951838,4.799634,102,-27.081128,-78.391646,-1.702224,1.268848,435.076316,3,-1,1,8,53.99467816716116,-126.00691345410861,54.946516167161164,-124.30468945410861,0.7503859999999918,4.5382000000000034e-05,-0.04204006152305505,3.5306836415291274,351.9603787429763,255.76413458347233,71.27271226384295,354.9806294262782,1,0,1,1,0,2,2,0,0,0,0
777000.0,101,-27.083347,-78.395167,-4.536962,4.811611,102,-27.081122,-78.391641,-0.689794,1.245715,434.234139,3,-1,1,8,54.674198386851,-125.32740689115423,59.211160386851006,-124.63761289115422,3.8471680000000106,-2.313300000000007e-05,-0.365611991864374,3.550909150004644,354.281770250721,251.08507470792975,59.55880885450255,378.1361409550115,1,0,1,1,0,2,2,0,0,0,0
778000.0,101,-27.083302,-78.395184,-6.442649,4.856178,102,-27.08112,-78.391632,1.069117,1.200201,433.438839,3,-1,1,8,55.39699000184443,-124.60462711189383,61.83963900184443,-125.67374411189384,7.511766000000023,-4.5513999999999836e-05,-0.5672990547415799,3.625517572106111,356.76634137203064,246.14427642682165,50.83176932907351,390.5324100086025,1,0,1,1,0,2,2,0,0,0,0
779000.0,101,-27.083254,-78.395199,-7.735599,4.932238,102,-27.08111,-78.391628,1.691639,1.197342,432.753177,3,-1,1,8,56.007872344072915,-123.99375341814383,63.743471344072915,-125.68539241814382,9.427237999999988,-2.859000000000167e-06,-0.6992344844687939,3.6905332786234046,358.80188935364873,241.94320903849595,45.00085716696564,397.5736418597905,1,0,1,1,0,2,2,0,0,0,0
780000.0,101,-27.083199,-78.395216,-8.953055,5.098915,102,-27.081078,-78.39164,-0.70565,1.294951,432.153047,3,-1,1,8,56.33075656888432,-123.67087146724664,65.28381156888432,-122.96522146724664,8.247405000000015,9.760900000000006e-05,-0.7775713343413143,3.7419379608138357,359.6601705242114,239.58467766090422,41.573027381595125,400.8898601307635,1,0,1,1,0,2,2,1,0,0,0
781000.0,101,-27.083149,-78.395227,-9.268506,5.169148,102,-27.08108,-78.391627,1.878694,1.230665,431.651876,3,-1,1,8,57.15866346039222,-122.84297550077757,66.42716946039222,-124.72166950077757,11.147199999999998,-6.428600000000007e-05,-0.8728954753216033,3.8716581665677383,362.6633586549961,234.0910727545949,36.85449759259258,405.27521248745126,1,0,1,1,0,2,2,0,0,0,0
782000.0,101,-27.083105,-78.395238,-9.635181,5.154612,102,-27.081073,-78.391618,3.588346,1.215306,431.203419,3,-1,1,8,57.771371239373586,-122.23027682566345,67.40655223937358,-125.81862282566345,13.22352699999999,-1.53589999999999e-05,-0.9388117416792688,3.8689748464142077,364.766528503219,229.96036232577103,34.007246826302094,408.71177955402567,1,0,1,1,0,2,2,0,0,0,0
783000.0,101,-27.083062,-78.395238,-8.548611,5.099185,102,-27.081042,-78.391623,2.309173,1.307703,430.717569,3,-1,1,8,57.88863672232165,-122.11300906438721,66.43724772232164,-124.42218206438721,10.857783999999981,9.239700000000006e-05,-0.8106756589860075,3.7358924888955825,364.8248939181378,228.95506332660415,37.78439863766997,405.0845886352801,1,0,1,1,1,2,2,1,0,1,0
784000.0,101,-27.083023,-78.395232,-6.775744,4.981202,102,-27.081018,-78.39162,2.543415,1.368328,430.332324,3,-1,0,8,58.05925946414015,-121.94238495496934,64.83500346414014,-124.48579995496934,9.319158999999956,6.062499999999993e-05,-0.6484215424927146,3.579430982638785,365.1781698443539,227.66381651103288,43.337977371923884,399.91319150111144,1,0,1,1,1,2,2,1,0,1,0
785000.0,101,-27.082984,-78.39522,-4.24739,4.882823,102,-27.080991,-78.391617,2.831432,1.438051,429.882806,3,-1,1,8,58.149436603488944,-121.85220371642767,62.39682660348895,-124.68363571642767,7.078822000000002,6.972299999999998e-05,-0.4326732349572535,3.4331172085445893,365.1542018755746,226.85157206209914,51.73862264102545,390.654096820048,1,0,1,1,1,2,2,1,0,1,0
786000.0,101,-27.082951,-78.395198,-0.522718,4.707707,102,-27.080949,-78.391623,1.608161,1.571514,429.516862,3,-1,1,8,57.83249305404464,-122.16913451632519,58.35521105404464,-123.77729551632518,2.130878999999993,0.00013346300000000011,-0.08705152119133994,3.136616061339218,363.5839748516354,228.67319032499728,69.67054190836575,369.7880473386881,1,0,1,1,1,2,2,1,0,1,0
787000.0,101,-27.08291,-78.395186,1.33061,4.688753,102,-27.080922,-78.391616,2.490178,1.631874,429.262903,3,-1,1,8,57.97738998407067,-122.02423530804974,56.64677998407067,-124.51441330804974,1.1595680000000357,6.035999999999997e-05,0.03797772415395602,3.0571556632924644,363.94579341556033,227.61831944530678,76.00006139126188,361.09040869147304,1,0,1,1,1,2,2,1,0,1,0
788000.0,101,-27.082872,-78.395166,4.316319,4.639165,102,-27.080883,-78.39162,1.642172,1.749705,426.738859,3,-1,1,8,57.79039120820608,-122.21122315547011,53.47407220820608,-123.85339515547011,2.674147000000005,0.00011783100000000002,0.2990143112974784,2.8770207272246013,361.0653651651217,227.45956972349876,90.76875054265166,335.61881677336146,1,0,1,1,1,0,2,0,0,1,0
789000.0,101,-27.082827,-78.395161,4.508473,4.690717,102,-27.080833,-78.391634,-0.271618,1.909656,425.611324,3,-1,1,8,57.586349152568104,-122.41525655856674,53.0778761525681,-122.14363855856674,4.78009099999997,0.00015995099999999995,0.37777387875186935,2.7665680673133584,359.3011817010394,228.13956242894312,97.86082667740793,325.1346588305299,1,0,1,1,2,0,2,0,0,1,0
790000.0,101,-27.082796,-78.395173,2.143609,4.509513,102,-27.080817,-78.391624,0.993221,1.903832,425.520174,3,-1,1,8,57.94230920647171,-122.0593065190811,55.798700206471715,-123.05252751908111,1.1503880000000208,-5.824000000000051e-06,0.1356739804459799,2.6028113510619866,360.6343446066235,225.8545726150822,93.65203201527787,348.38855606661167,1,0,1,1,0,2,2,1,0,0,0
791000.0,101,-27.082749,-78.395179,0.869506,4.59376,102,-27.080798,-78.391617,1.82785,1.910956,425.53387,3,-1,1,8,58.40201055789707,-121.59961108428526,57.53250455789707,-123.42746108428526,0.958344000000011,7.12400000000013e-06,0.008758063857936697,2.683247374889313,362.44648258554435,222.96103197317595,83.5900674663973,361.71684720202745,1,0,1,1,0,2,2,1,0,0,0
792000.0,101,-27.08272,-78.39519,-0.972545,4.426205,102,-27.080781,-78.39161,2.547938,1.914416,425.545098,3,-1,1,8,58.68794103130477,-121.31368880422384,59.660486031304764,-123.86162680422385,3.520483000000013,3.4599999999997966e-06,-0.16023313828026015,2.5130440115587587,363.5642283809025,221.15533516880973,78.57611199631974,376.89998491960404,1,0,1,1,0,2,2,0,0,0,0
793000.0,101,-27.082683,-78.395221,-5.858376,4.396835,102,-27.080768,-78.391602,3.512623,1.895839,425.688559,3,-1,1,8,59.277241736959326,-120.72440585241034,65.13561773695932,-124.23702885241035,9.37099900000004,-1.8576999999999843e-05,-0.5649395283842229,2.48159401255184,365.94291975600623,217.47765113672176,51.11421488075972,405.08845164699073,1,0,1,1,0,2,2,0,0,0,0
794000.0,101,-27.082649,-78.395249,-9.881006,4.370332,102,-27.080739,-78.391605,2.937434,1.950354,425.864057,3,-1,1,8,59.515729685026024,-120.48592928409981,69.39673568502602,-123.4233632840998,12.81844000000001,5.451499999999987e-05,-0.8499067287985554,2.3577122567598208,366.99621466101536,216.04160124611457,30.75347938850612,418.51657537140846,1,0,1,1,0,2,2,0,0,0,0
795000.0,101,-27.082608,-78.395278,-13.223945,4.453124,102,-27.080715,-78.391605,2.733055,1.981407,425.621244,3,-1,1,8,59.93650568586739,-120.06516648392754,73.16045068586739,-122.79822148392753,15.956999999999994,3.1052999999999996e-05,-1.1131654030290985,2.3558890150890552,368.3627499047418,213.21896685502477,13.077767046160888,424.1476164415129,1,0,1,1,0,2,2,0,0,0,0
796000.0,101,-27.082564,-78.395294,-13.867998,4.527449,102,-27.080684,-78.39161,1.983325,2.039622,425.466267,3,-1,1,8,60.18138436173482,-119.82029281382795,74.04938236173481,-121.80361781382794,15.85132299999998,5.8215000000000126e-05,-1.1557538708739552,2.357076010574742,369.13620901301607,211.5656010565381,10.011545696018285,424.5818159371149,1,0,1,1,0,2,2,1,0,0,0
797000.0,101,-27.082525,-78.395319,-15.971558,4.564348,102,-27.080657,-78.391613,1.532506,2.080855,425.322115,3,-1,1,8,60.485903027658296,-119.5157841616875,76.4574610276583,-121.0482901616875,17.504064000000028,4.123300000000008e-05,-1.3115772246384774,2.3080461850677665,370.1299842119685,209.52970265649958,-0.2482921669571462,425.32154586020624,1,0,1,1,0,2,2,0,1,0,0
798000.0,101,-27.082478,-78.395348,-18.115822,4.725476,102,-27.080631,-78.391615,1.220999,2.114455,425.241554,3,-1,1,8,60.93974522806765,-119.06195425112062,79.05556722806764,-120.28295325112063,19.336820999999986,3.3599999999999854e-05,-1.5143908870016731,2.377258804153817,371.7076295787538,206.55221461238037,-8.457725859987175,424.47940472583997,1,0,1,1,0,2,2,0,1,1,0
799000.0,101,-27.082429,-78.395366,-18.045358,4.86169,102,-27.080594,-78.391624,0.176452,2.199017,425.179923,3,-1,1,8,61.15639331653628,-118.84531025749622,79.20175131653627,-119.02176225749622,18.221810000000005,8.456200000000002e-05,-1.5127769615040703,2.4235446081548946,372.43200527854407,205.11550006396016,-7.584448858862685,424.54891648863776,1,0,1,1,2,2,2,1,1,0,0
800000.0,101,-27.082391,-78.395373,-17.117529,4.780804,102,-27.080562,-78.391628,-0.339266,2.25774,425.232204,3,-1,1,8,61.25499416893485,-118.74671076883688,78.37252316893485,-118.40744476883688,16.77826299999998,5.872300000000008e-05,-1.3937783744117305,2.311328361525296,372.8302771801695,204.4994174477171,-6.042783143068144,424.8772601042603,1,0,1,1,1,2,2,1,1,0,0
801000.0,101,-27.082348,-78.39538,-15.88611,4.773557,102,-27.080554,-78.391618,0.816795,2.197138,425.29138,3,-1,1,8,61.82750138436252,-118.17421129128898,77.71361138436252,-118.99100629128898,16.702904999999987,-6.0602000000000264e-05,-1.3379677622093682,2.394329115625505,374.90718252674395,200.7918384600408,-2.6201463978448123,425.22362807215006,1,0,1,1,1,2,2,1,1,0,0
802000.0,101,-27.082309,-78.395381,-14.230766,4.700687,102,-27.080499,-78.391635,-1.04782,2.366564,425.308654,3,-1,1,8,61.51299608795963,-118.4887093008354,75.74376208795962,-117.4408893008354,13.182946000000015,0.00016942600000000008,-1.1122829737893074,2.190271046418389,373.8145453953231,202.85496498281634,4.4922408649466075,425.15055253095005,1,0,1,1,1,2,2,1,0,1,0
803000.0,101,-27.082266,-78.395385,-13.09848,4.707765,102,-27.080447,-78.391648,-2.168646,2.516243,425.240599,3,-1,1,8,61.33573382450229,-118.66596746427561,74.4342138245023,-116.49732146427561,10.929833999999971,0.0001496789999999999,-0.9716823584162132,2.07083747422767,373.1254480846815,203.97785916487217,10.922316561981901,424.4366713323388,1,0,1,1,1,2,2,1,0,1,0
804000.0,101,-27.082228,-78.395376,-10.175948,4.599917,102,-27.080435,-78.391633,-0.596465,2.459222,425.954516,3,-1,0,8,61.71994177442035,-118.28176224445836,71.89588977442035,-117.68529724445837,9.579482999999982,-5.7020999999999765e-05,-0.7870738476885428,2.0684709137506037,375.11356739091286,201.80946771659976,24.210389419104228,422.3641053254808,1,0,1,1,1,2,2,1,0,1,0
805000.0,101,-27.082189,-78.395362,-6.762771,4.545115,102,-27.080387,-78.391637,-0.992038,2.585992,425.798906,3,-1,1,8,61.48437402465502,-118.51732179709629,68.24714502465501,-117.5252837970963,5.770733000000007,0.00012677000000000006,-0.4904545604311955,1.9278867643077855,374.1439407457962,203.27572396624976,51.87820090862702,412.7143787781096,1,0,1,1,1,2,2,1,0,1,0
806000.0,101,-27.08214,-78.395339,-2.252931,4.631802,102,-27.080356,-78.391629,-0.17261,2.619389,425.775222,3,-1,1,8,61.628453467064844,-118.37323552351508,63.88138446706484,-118.20062552351507,2.0803209999999694,3.33969999999999e-05,-0.1741892599020979,2.008844626702282,374.63308753140035,202.32298286610794,83.76692432636952,390.7107700702323,1,0,1,1,1,2,2,1,0,1,0
807000.0,101,-27.082096,-78.395323,0.415847,4.659308,102,-27.080321,-78.391622,0.425865,2.675096,425.741188,3,-1,1,8,61.69139073447008,-118.31029415661064,61.275543734470084,-118.73615915661064,0.010018000000002303,5.570699999999995e-05,0.013933364401290251,1.984163174576782,374.82514194274466,201.89520085245385,103.07512250596469,373.3981692941381,1,0,1,1,1,2,2,1,0,1,0
808000.0,101,-27.082052,-78.395316,1.452401,4.688646,102,-27.080251,-78.39164,-1.03348,2.895279,425.688592,3,-1,1,8,61.1784204808614,-118.82325302565128,59.726019480861396,-117.78977302565129,2.4858810000000062,0.00022018300000000002,0.1710617365936762,1.7923316489781058,372.9564914145679,205.2175257395864,133.08976485614372,351.77185424120586,1,0,1,1,1,2,2,0,0,1,0
809000.0,101,-27.082016,-78.395301,3.683269,4.611899,102,-27.080192,-78.39165,-1.738561,3.051558,423.743997,3,-1,1,8,60.70373108360902,-119.29793103880587,57.02046208360902,-117.55937003880587,5.42183,0.00015627900000000005,0.3888536454018629,1.552219483248508,369.54762243590676,207.3488117774117,181.00140465281132,308.0862668319808,1,0,1,1,1,0,2,0,0,1,0
810000.0,101,-27.081974,-78.395297,3.848106,4.619765,102,-27.080133,-78.391662,-2.486307,3.201973,423.242042,3,-1,1,8,60.36833339985969,-119.63332143577018,56.520227399859685,-117.14701443577019,6.334412999999984,0.00015041500000000018,0.44894359358881875,1.4103908939226892,367.89121032386174,209.2603246742533,209.2935962436365,287.0904628685605,1,0,1,1,1,2,2,0,0,1,0
811000.0,101,-27.081933,-78.395298,3.184778,4.594753,102,-27.080091,-78.391664,-2.478978,3.265178,423.427461,3,-1,1,8,60.34819129364458,-119.6534630843541,57.16341329364458,-117.1744850843541,5.663755999999978,6.320499999999996e-05,0.39649540606221695,1.3255343656379668,367.97876094662513,209.48137440138458,220.84787576079466,292.5132869031893,1,0,1,1,0,2,2,1,0,0,0
812000.0,101,-27.08189,-78.395304,1.777484,4.614523,102,-27.080064,-78.391658,-1.946357,3.252152,423.592879,3,-1,1,8,60.643415252493945,-119.35824458656052,58.865931252493944,-117.41188758656051,3.723840999999993,-1.3025999999999982e-05,0.2535886023756982,1.3620269008550805,369.19742731164087,207.66363862259155,196.19725482978208,324.9494762279986,1,0,1,1,0,2,2,1,0,0,0
813000.0,101,-27.081855,-78.395316,-0.262197,4.519574,102,-27.08001,-78.391671,-2.732978,3.372017,423.868462,3,-1,1,8,60.38256523998,-119.61909414123866,60.644762239980004,-116.88611614123866,2.470780999999988,0.00011986499999999988,0.14010001261413652,1.151345021361974,368.4877524981393,209.47851760291672,218.61735863221836,340.48789290462975,1,0,1,1,0,2,2,1,0,0,0
814000.0,101,-27.08181,-78.395334,-2.986464,4.585218,102,-27.079969,-78.391676,-2.930565,3.420671,424.267414,3,-1,1,8,60.523438179000216,-119.4782271180334,63.509902179000214,-116.5476621180334,0.0558990000000108,4.865399999999998e-05,-0.06400576689260787,1.1627931484700107,369.348992792811,208.76819706359356,161.53434328259246,380.26495406633757,1,0,1,1,0,2,2,1,0,0,0
815000.0,101,-27.081761,-78.395355,-5.836334,4.724112,102,-27.079931,-78.391681,-3.078482,3.454403,424.686675,3,-1,1,8,60.77698557202906,-119.2246870065138,66.61331957202906,-116.14620500651381,2.757852000000014,3.3732000000000096e-05,-0.29486705586967665,1.2502062224337487,370.6351220606447,207.33638903397215,89.66526448252128,408.3357425766048,1,0,1,1,0,2,2,0,0,0,0
816000.0,101,-27.081725,-78.395383,-9.446365,4.665508,102,-27.079917,-78.391672,-2.433073,3.371503,424.669694,3,-1,1,8,61.313744619575246,-118.68794480164178,70.76010961957525,-116.25487180164178,7.013292000000035,-8.289999999999997e-05,-0.6225947655735765,1.233778617715707,372.54630427917624,203.8470018665496,9.86366399392707,424.4341633388769,1,0,1,1,0,2,2,0,0,0,0
817000.0,101,-27.081684,-78.395405,-11.584701,4.693272,102,-27.079881,-78.391677,-2.63463,3.398236,424.720953,3,-1,1,8,61.49049771848696,-118.51119943968553,73.07519871848696,-115.87656943968553,8.95007099999998,2.6732999999999674e-05,-0.7862798357402233,1.2030209541005288,373.21842621133646,202.72122299739962,-22.798448620706715,423.32132717109886,1,0,1,1,0,2,2,0,1,1,0
818000.0,101,-27.081642,-78.395417,-11.957395,4.701825,102,-27.079873,-78.391667,-1.893985,3.290543,424.756555,3,-1,1,8,62.085328432248716,-117.91637873993747,74.04272343224872,-116.02239373993747,10.063410000000033,-0.00010769299999999981,-0.8653909689096313,1.3110591385855024,375.33433720664465,198.8523732046384,-24.672693151429048,422.79681562648756,1,0,1,1,0,2,2,0,1,1,0
819000.0,101,-27.081588,-78.395438,-13.113506,4.911796,102,-27.079843,-78.391669,-1.930278,3.291837,424.821892,3,-1,1,8,62.52656974794314,-117.47514607140968,75.64007574794314,-115.54486807140968,11.183227999999986,1.2940000000001283e-06,-1.0035126068547968,1.493739638574719,376.91254547659094,195.98615508452747,-24.955529213189347,422.1655760546635,1,0,1,1,0,2,2,0,1,1,0
820000.0,101,-27.081551,-78.395445,-12.715513,4.806557,102,-27.079834,-78.391659,-1.219859,3.191633,424.860898,3,-1,1,8,63.0085933134852,-116.99313024371342,75.7241063134852,-115.77327124371342,11.495654000000002,-0.00010020400000000018,-0.9900263165004908,1.497766450349975,378.5827566080954,192.8260331189283,-25.305720703188538,422.15934026626206,1,0,1,1,2,2,2,0,1,2,0
821000.0,101,-27.081505,-78.395458,-12.998934,4.863349,102,-27.079809,-78.391658,-1.043258,3.172106,424.844237,3,-1,1,8,63.377540797128205,-116.62418913144361,76.37647479712821,-115.58093113144362,11.95567600000004,-1.9527000000000072e-05,-1.0361718953820653,1.5671418619778432,379.8016784690875,190.37675998970062,-25.56441451906674,421.82018797830693,1,0,1,1,0,2,2,0,1,1,0
822000.0,101,-27.081469,-78.395476,-14.166528,4.7987,102,-27.079749,-78.391677,-2.324938,3.326646,424.86956,3,-1,1,8,63.04757229055469,-116.95415717989982,77.21410029055468,-114.62921917989982,11.841589999999997,0.00015454000000000035,-1.039487612741855,1.3288566824022658,378.7215719160845,192.57236037397368,-45.39439817943805,416.97855455083686,1,0,1,1,0,2,2,1,1,1,0
823000.0,101,-27.081419,-78.395501,-15.689378,4.94487,102,-27.07971,-78.39168,-2.45724,3.3683,424.947539,3,-1,1,8,63.32876333608118,-116.67297614708708,79.01814133608119,-114.21573614708709,13.232137999999964,4.1653999999999856e-05,-1.1927897191407602,1.39543068343542,379.7317782650058,190.74639571392436,-51.5827961984746,412.6491011629677,1,0,1,1,0,2,2,0,1,1,0
824000.0,101,-27.081378,-78.395502,-14.13341,4.876626,102,-27.079666,-78.391685,-2.656372,3.434874,424.981868,3,-1,1,8,63.26433752032485,-116.73740013933045,77.39774752032486,-114.08102813933044,11.47703800000005,6.657400000000014e-05,-1.0315849696772303,1.2978264588154675,379.5477138142703,191.18870538588362,-48.888936216072054,416.1213479421094,1,0,1,1,1,2,2,1,1,0,0
825000.0,101,-27.081338,-78.395492,-10.992204,4.777302,102,-27.07965,-78.391673,-1.720541,3.361777,425.285067,3,-1,0,8,63.59993537726972,-116.4018031912485,74.59213937726972,-114.6812621912485,9.27166299999999,-7.309700000000018e-05,-0.8099781175262644,1.3293921170177105,380.9326226875868,189.0971316164028,-22.531637237903727,423.70002984249925,1,0,1,1,1,2,2,1,1,0,0
826000.0,101,-27.081295,-78.39548,-7.74274,4.752006,102,-27.07962,-78.391666,-1.15663,3.359864,425.279326,3,-1,1,8,63.74618371537341,-116.25555257471927,71.48892371537342,-115.09892257471927,6.586110000000019,-1.9130000000000535e-06,-0.5723948197669025,1.349502424005602,381.4089057051507,188.1216408917746,16.117362386814932,424.58758587706365,1,0,1,1,1,2,2,1,0,0,0
827000.0,101,-27.081248,-78.395472,-5.575583,4.790288,102,-27.079551,-78.391681,-2.071914,3.54184,425.269629,3,-1,1,8,63.30957426789718,-116.692151548244,68.88515726789718,-114.62023754824399,3.503669000000002,0.00018197600000000014,-0.3373673612575227,1.228100172427574,379.9556438023231,191.01823497394125,64.64321009639427,416.9840148808839,1,0,1,1,1,2,2,1,0,1,0
828000.0,101,-27.081207,-78.395466,-3.988883,4.749879,102,-27.079518,-78.391674,-1.500377,3.54784,425.326473,3,-1,1,8,63.42412967520285,-116.57759659401086,67.41301267520285,-115.07721959401086,2.4885059999999726,5.999999999999783e-06,-0.2375204771089739,1.1917490999271791,380.3876380780925,190.28361314624516,91.65247681701516,410.24437717393084,1,0,1,1,1,2,2,1,0,1,0
829000.0,101,-27.081164,-78.395451,-1.18542,4.747628,102,-27.079459,-78.391681,-1.864959,3.677476,425.309177,3,-1,1,8,63.07299747858527,-116.92871877239531,64.25841747858527,-115.06375977239531,0.679538999999977,0.00012963600000000008,0.021460556234452213,1.0710838506944396,379.1989448083834,192.60336522663854,187.10119296376124,375.26467289017233,1,0,1,1,1,2,2,1,0,1,0
830000.0,101,-27.081117,-78.395436,1.123915,4.797626,102,-27.079441,-78.391667,-0.894099,3.600923,423.747243,3,-1,1,8,63.4617838750653,-116.53993191875264,62.337868875065304,-115.64583291875265,2.0180139999999938,-7.655300000000009e-05,0.15029429893277507,1.1962184255438464,379.0997714890287,189.32799372271208,194.95692936345534,352.54072738607624,1,0,1,1,1,0,2,0,0,1,0
831000.0,101,-27.08108,-78.395432,1.739727,4.71415,102,-27.079407,-78.391663,-0.580065,3.608429,423.63821,3,-1,1,8,63.502801084615506,-116.49891470713538,61.7630740846155,-115.91884970713538,2.3197920000000067,7.506000000000234e-06,0.17964955819370046,1.1037329374344265,379.13763171643757,189.00790774053624,220.91574982279303,343.84899055931066,1,0,1,1,1,2,2,0,0,1,0
832000.0,101,-27.081038,-78.395441,0.082373,4.708642,102,-27.079379,-78.391657,-0.183817,3.588063,423.735201,3,-1,1,8,63.784879090610715,-116.21684352764368,63.70250609061072,-116.03302652764367,0.2661899999999946,-2.0366000000000106e-05,0.01828076496755635,1.120592599073111,380.1505697504324,187.18190319828477,172.52958033321403,377.04681320176485,1,0,1,1,0,2,2,1,0,0,0
833000.0,101,-27.080996,-78.395451,-1.435923,4.699239,102,-27.079319,-78.391672,-1.069426,3.719117,423.925739,3,-1,1,8,63.50880646678584,-116.49291387227522,64.94472946678584,-115.42348787227522,0.3664969999999812,0.00013105399999999978,-0.04834473966792292,0.979294139828236,379.4147795485547,189.09642314654647,173.4290015256144,388.27705928432675,1,0,1,1,0,2,2,0,0,0,0
834000.0,101,-27.080946,-78.395463,-2.965863,4.811931,102,-27.079284,-78.391672,-1.067494,3.728279,424.218652,3,-1,1,8,63.78584196524661,-116.21588383410314,66.75170496524662,-115.14838983410314,1.8983690000000024,9.162000000000337e-06,-0.17951532150642074,1.077853678448248,380.5874430502015,187.38906824360578,111.37676371532508,406.20216621235505,1,0,1,1,0,2,2,0,0,0,0
835000.0,101,-27.080905,-78.395487,-6.305805,4.808889,102,-27.079247,-78.391675,-1.17213,3.742415,424.505273,3,-1,1,8,63.96556767587664,-116.03616768114739,70.27137267587665,-114.8640376811474,5.133675000000039,1.4135999999999705e-05,-0.4516291769881542,1.038162508494799,381.4309104186127,186.3201207117276,16.145446036039665,424.0936255959522,1,0,1,1,0,2,2,0,0,0,0
836000.0,101,-27.08086,-78.395502,-7.731989,4.839307,102,-27.07924,-78.391664,-0.469481,3.614452,424.919153,3,-1,1,8,64.63683160821752,-115.3649155833852,72.36882060821752,-114.8954345833852,7.262508000000025,-0.00012796299999999982,-0.6214612222556436,1.1809785164037683,383.961552683699,182.0159681098349,-12.910110282322867,424.5494100730895,1,0,1,1,0,2,2,0,1,0,0
837000.0,101,-27.080821,-78.395515,-8.692732,4.797982,102,-27.079195,-78.391673,-1.015677,3.675331,424.880098,3,-1,1,8,64.57790503706524,-115.4238439729772,73.27063703706523,-114.4081669729772,7.677054999999996,6.08789999999999e-05,-0.6599962218798767,1.0681143580871812,383.7388797236868,182.39399624137695,-35.75871855697965,422.3254759118662,1,0,1,1,0,2,2,0,1,1,0
838000.0,101,-27.080776,-78.395533,-10.25602,4.847603,102,-27.079168,-78.391673,-0.966345,3.645792,424.888492,3,-1,1,8,64.92729112677317,-115.07446607532445,75.18331112677316,-114.10812107532445,9.289674999999988,-2.953899999999976e-05,-0.8016142081828381,1.1248745056137595,384.85156846988855,180.05416096358545,-53.13404849217358,417.9188151921484,1,0,1,1,0,2,2,0,1,1,0
839000.0,101,-27.080734,-78.395549,-11.323772,4.856642,102,-27.079131,-78.391678,-1.253609,3.664765,424.854513,3,-1,1,8,65.05812758353194,-114.94363462376654,76.38189958353195,-113.69002562376654,10.070163000000036,1.8972999999999908e-05,-0.8734389375313302,1.0982112492141267,385.2309132539661,179.16054445659182,-67.44800459171559,413.0508702659572,1,0,1,1,0,2,2,0,1,1,0
840000.0,101,-27.080704,-78.395576,-14.396399,4.710127,102,-27.079112,-78.391675,-1.024251,3.600119,424.816254,3,-1,1,8,65.37662689442709,-114.62514896838402,79.7730258944271,-113.60089796838402,13.372147999999981,-6.464600000000021e-05,-1.1067199340108598,0.9626795409064965,386.18610485459044,177.0004013550021,-112.07076699028367,387.15224278815924,1,0,1,1,0,2,2,0,1,1,0
841000.0,101,-27.080667,-78.395585,-14.121291,4.65452,102,-27.079084,-78.391675,-1.021479,3.57518,424.823867,3,-1,1,8,65.54923213778038,-114.45254782013818,79.67052313778038,-113.43106882013818,13.099811999999986,-2.4938999999999823e-05,-1.0718528204404416,0.9392551810051213,386.7245008946159,175.83935390191783,-115.30898379359373,387.26643024648564,1,0,1,1,2,2,2,1,1,0,0
842000.0,101,-27.080624,-78.395588,-12.726165,4.660709,102,-27.079046,-78.391681,-1.329051,3.602534,424.830153,3,-1,1,8,65.60092597604955,-114.40085261371537,78.32709097604955,-113.07180161371537,11.397113999999988,2.7353999999999877e-05,-0.943157366146288,0.9446494000467727,386.8887152052928,175.4929655137243,-105.41563365058134,397.8716082873943,1,0,1,1,1,2,2,1,1,0,0
843000.0,101,-27.080584,-78.395597,-12.629492,4.637481,102,-27.079021,-78.391679,-1.187182,3.567466,424.912307,3,-1,1,8,65.8663272014683,-114.13545639389706,78.4958192014683,-112.94827439389707,11.44231000000002,-3.5067999999999875e-05,-0.9400511333925445,0.958573899405005,387.77244029350635,173.73256225843588,-103.70527593559171,398.58664098107727,1,0,1,1,2,2,2,0,1,0,0
844000.0,101,-27.080541,-78.395597,-10.932717,4.638081,102,-27.078991,-78.391679,-1.128863,3.558616,424.946185,3,-1,1,8,66.04440034053931,-113.95738325257858,76.97711734053931,-112.82852025257858,9.803854000000001,-8.850000000000247e-06,-0.80953183615268,0.9959771747272175,388.341480660423,172.5402983204926,-82.37429814521867,410.2142775126939,1,0,1,1,1,2,2,1,1,0,0
845000.0,101,-27.080482,-78.395606,-10.441622,4.893175,102,-27.078988,-78.391666,-0.245556,3.420657,424.980787,3,-1,1,8,66.93296284337607,-113.06883076288757,77.37458484337607,-112.82327476288758,10.196065999999973,-0.00013795899999999994,-0.8721476684910031,1.3915188028569574,391.0023238958108,166.51081654719866,-38.90465868404931,419.7445381693848,1,0,1,1,2,2,2,0,1,0,0
846000.0,101,-27.080447,-78.395595,-7.697948,4.734222,102,-27.078942,-78.39167,-0.459924,3.489662,425.002512,3,-1,1,8,66.70177373625648,-113.30001303905931,74.39972173625648,-112.84008903905931,7.238023999999996,6.900500000000021e-05,-0.6061404504674718,1.2020076092481164,390.34722322563465,168.09574809121955,-18.543628166977957,424.2273305369607,1,0,1,1,1,2,2,1,1,0,0
847000.0,101,-27.080409,-78.395587,-5.539464,4.649181,102,-27.078923,-78.39166,0.233891,3.431675,424.977381,3,-1,1,8,66.97557736949642,-113.02621031456206,72.51504136949642,-113.26010131456206,5.773355000000038,-5.7987000000000236e-05,-0.46280028590081906,1.1958226662045486,391.12292578018514,166.21862498157947,10.631859915197728,424.751766752651,1,0,1,1,1,2,2,1,0,0,0
848000.0,101,-27.080369,-78.395571,-2.389265,4.607994,102,-27.078903,-78.39165,0.949177,3.38171,425.04267,3,-1,1,8,67.22248786163809,-112.7792970892084,69.61175286163808,-113.7284740892084,3.338442000000043,-4.996499999999982e-05,-0.24811989389387984,1.2227421087528692,391.89579197414463,164.5568581180585,66.61605299319199,416.793311065366,1,0,1,1,1,2,2,1,0,1,0
849000.0,101,-27.080331,-78.395557,-0.041984,4.556808,102,-27.078844,-78.391657,0.368835,3.513811,425.03291,3,-1,1,8,66.81900301334697,-113.18277237478969,66.86098701334697,-113.5516073747897,0.4108190000000036,0.00013210100000000003,-0.025958640438381867,1.0430685824285453,390.71827988078434,167.30869777172134,150.99821361615457,394.75982953571184,1,0,1,1,1,2,2,1,0,1,0
850000.0,101,-27.080284,-78.395557,0.102693,4.640801,102,-27.07881,-78.391652,0.710915,3.527773,425.093603,3,-1,1,8,67.02690975650322,-112.97486790534813,66.92421675650321,-113.68578290534813,0.608222000000012,1.3961999999999808e-05,-0.03545295808608611,1.1132920991747355,391.37869147206806,165.91350509567732,137.73803035993691,396.46125800012965,1,0,1,1,2,2,2,0,0,0,0
851000.0,101,-27.080238,-78.395557,-0.051671,4.6944,102,-27.07879,-78.391642,1.383281,3.471326,424.03486,3,-1,1,8,67.44303106155701,-112.55875115052041,67.494702061557,-113.9420321505204,1.4349520000000098,-5.6446999999999915e-05,-0.0880329614102252,1.224083716767883,391.59558915396525,162.66055775872175,109.43261269001721,402.2548339718727,1,0,1,1,0,0,2,0,0,0,0
852000.0,101,-27.080211,-78.395573,-2.608417,4.478343,102,-27.078761,-78.391637,1.665125,3.461037,424.091854,3,-1,1,8,67.52349863344622,-112.47829313667441,70.13191563344623,-114.14341813667441,4.2735419999999635,-1.028899999999977e-05,-0.30437842942109783,1.0141274504911184,391.87631181946307,162.13222031395327,40.167719430474875,421.94320655765193,1,0,1,1,0,2,2,0,0,0,0
853000.0,101,-27.08017,-78.39558,-3.263258,4.499825,102,-27.078724,-78.391636,1.608265,3.485187,424.230229,3,-1,1,8,67.62035645764594,-112.38143895194032,70.88361445764593,-113.98970395194033,4.871523000000025,2.4149999999999672e-05,-0.353961860285827,1.0087145435272422,392.27778709363025,161.52221194101125,20.9675577488987,423.6318823258379,1,0,1,1,0,2,2,0,0,0,0
854000.0,101,-27.080119,-78.395584,-3.406204,4.644466,102,-27.078695,-78.391634,1.704965,3.474837,424.335932,3,-1,1,8,67.95826688745554,-112.04353125097514,71.36447088745554,-113.74849625097514,5.111169000000018,-1.0349999999999859e-05,-0.37933479642986334,1.1629624483628405,393.3215380872969,159.24556779688302,23.941081671709604,423.31442179831504,1,0,1,1,2,2,2,0,0,1,0
855000.0,101,-27.080075,-78.395604,-6.061002,4.694913,102,-27.078696,-78.391622,2.585929,3.321703,424.535711,3,-1,1,8,68.7475612260367,-111.25425147827416,74.8085632260367,-113.84018047827416,8.646930999999995,-0.0001531340000000001,-0.6455904336901013,1.3503481884557478,395.6640737544971,153.88473171264056,-20.993634207720152,423.34109291064544,1,0,1,1,0,2,2,0,1,0,0
856000.0,101,-27.080035,-78.39563,-9.264374,4.702586,102,-27.078668,-78.391621,2.526756,3.315811,424.838318,3,-1,1,8,69.04584437389195,-110.95598061931004,78.31021837389196,-113.48273661931005,11.791129999999953,-5.891999999999786e-06,-0.9032507017780185,1.3286583321687941,396.7424304801011,151.93103796726746,-58.90695938166228,413.53030617035114,1,0,1,1,0,2,2,0,1,1,0
857000.0,101,-27.079989,-78.395638,-9.204544,4.755527,102,-27.07863,-78.391625,2.120619,3.350783,425.134942,3,-1,1,8,69.17691597881318,-110.82491083270324,78.38145997881318,-112.94552983270324,11.325162999999975,3.497199999999978e-05,-0.8846817438668567,1.34580465739544,397.3662034827671,151.12848586231362,-55.44908921643571,415.07211348438096,1,0,1,1,2,2,2,1,1,0,0
858000.0,101,-27.079954,-78.395644,-9.150696,4.651668,102,-27.078586,-78.391633,1.468668,3.415182,424.96158,3,-1,1,8,69.0414091357911,-110.9604167628406,78.1921051357911,-112.42908476284059,10.619363999999962,6.439900000000032e-05,-0.8272946700173363,1.1784083749989382,396.84577527008014,152.00583911937557,-69.6785707384283,412.1498517927517,1,0,1,1,2,2,2,1,1,1,0
859000.0,101,-27.079909,-78.395655,-9.534835,4.704762,102,-27.078575,-78.391628,1.813128,3.322267,424.932619,3,-1,1,8,69.59326054815389,-110.40857263221413,79.1280955481539,-112.22170063221414,11.347962999999993,-9.291500000000008e-05,-0.8844465287930273,1.31916239095851,398.2642651167607,148.1664800864409,-60.185683819989826,413.3183122257939,1,0,1,1,0,2,2,0,1,0,0
860000.0,101,-27.079871,-78.395656,-8.66581,4.645165,102,-27.078536,-78.391634,1.292102,3.364662,424.832929,3,-1,1,8,69.55594266987403,-110.44588823204553,78.22175266987404,-111.73799023204553,9.957912000000022,4.239499999999996e-05,-0.775762858856365,1.2283292101727077,398.07426598556236,148.39102507488366,-58.1975525174896,415.81618559085217,1,0,1,1,1,2,2,1,1,0,0
861000.0,101,-27.079819,-78.395672,-9.745565,4.808037,102,-27.078499,-78.391639,0.853623,3.39741,424.810684,3,-1,1,8,69.81767958274162,-110.18415632383693,79.56324458274162,-111.03777932383693,10.599188000000026,3.2747999999999775e-05,-0.8644864346013024,1.3416200579715172,398.7271065079676,146.56333708104387,-56.09142739591424,414.5702519123782,1,0,1,1,0,2,2,0,1,1,0
862000.0,101,-27.079771,-78.395676,-8.912198,4.867907,102,-27.078489,-78.391634,1.196373,3.297989,424.787387,3,-1,1,8,70.39405970125179,-109.60778030043681,79.3062577012518,-110.80415330043681,10.108570999999984,-9.942099999999998e-05,-0.8229987750133024,1.5118662404143093,400.1593479968176,142.5370841747846,-37.31864585058159,419.6125550981293,1,0,1,1,2,2,2,1,1,0,0
863000.0,101,-27.079738,-78.395694,-10.736359,4.744712,102,-27.07847,-78.391632,1.307731,3.24896,424.817301,3,-1,1,8,70.68056428484398,-109.32128481965765,81.41692328484399,-110.62901581965765,12.044089999999983,-4.902899999999999e-05,-0.9580415210526367,1.4135409885855954,400.8953209753305,140.5442309346468,-61.158911153162926,410.72825319782896,1,0,1,1,0,2,2,0,1,1,0
864000.0,101,-27.079693,-78.395701,-10.385123,4.782996,102,-27.078431,-78.391637,0.890426,3.29375,424.84618,3,-1,1,8,70.77403365160313,-109.22781636075145,81.15915665160313,-110.11824236075145,11.275549000000012,4.479000000000033e-05,-0.9133864710604009,1.4112901846860146,401.15133233933716,139.89955404849246,-57.55450758028443,412.8024320223417,1,0,1,1,2,2,2,1,1,0,0
865000.0,101,-27.079649,-78.395716,-11.279305,4.814516,102,-27.078382,-78.391645,0.257678,3.384367,424.947202,3,-1,1,8,70.73422235765955,-109.26763083825169,82.01352735765954,-109.52530883825169,11.53698300000002,9.061699999999995e-05,-0.9569010747672362,1.3371926285199431,401.1493925465332,140.2115877778162,-69.43728621625766,407.8547185503741,1,0,1,1,0,2,2,0,1,1,0
866000.0,101,-27.079596,-78.395715,-9.441031,4.939133,102,-27.078347,-78.391646,0.195588,3.40251,425.012648,3,-1,1,8,70.97949201783823,-109.02236026487586,80.42052301783822,-109.21794826487586,9.636618999999996,1.81429999999998e-05,-0.8217929609516791,1.4697420048625163,401.8078005740896,138.51441209413758,-43.16029463381033,418.31519973565673,1,0,1,1,1,2,2,1,1,0,0
867000.0,101,-27.079554,-78.395713,-8.010314,4.890912,102,-27.078288,-78.391656,-0.481734,3.539312,425.028131,3,-1,1,8,70.6867962740195,-109.31505054287533,78.6971102740195,-108.83331654287532,7.528579999999977,0.00013680199999999986,-0.6517976052246299,1.3040044696326478,401.1095709125396,140.5703534309831,-35.7239294619597,421.63774997029526,1,0,1,1,1,2,2,1,1,0,0
868000.0,101,-27.079505,-78.395702,-5.390561,4.949181,102,-27.078241,-78.391659,-0.663639,3.612051,425.039968,3,-1,1,8,70.6532302219941,-109.34861021881512,76.0437912219941,-108.68497121881512,4.726922000000002,7.273900000000033e-05,-0.42311103663647626,1.3154843137364876,401.03831918792173,140.80923599099458,8.023517578635142,424.89103827683607,1,0,1,1,1,2,2,1,0,0,0
869000.0,101,-27.079462,-78.395693,-3.421554,4.913035,102,-27.078197,-78.39166,-0.697247,3.665815,425.129713,3,-1,1,8,70.59464265392307,-109.40719323198492,74.01619665392307,-108.70994623198492,2.7243070000000102,5.3763999999999704e-05,-0.24861010178748727,1.2387336877347117,400.9787723640038,141.24906013463857,46.856406365218824,420.93345339315215,1,0,1,1,1,2,2,1,0,1,0
870000.0,101,-27.079422,-78.39569,-2.51981,4.847889,102,-27.078181,-78.39165,-0.04944,3.584145,425.192391,3,-1,1,8,70.96667647817883,-109.03516259250941,73.48648647817883,-108.9857225925094,2.4703700000000026,-8.166999999999991e-05,-0.21004377118201092,1.259057815819976,401.9467248207399,138.6628997611734,55.13438439581294,419.2848898425159,1,0,1,1,1,2,2,1,0,1,0
871000.0,101,-27.079365,-78.395695,-2.8339,5.034314,102,-27.078132,-78.391654,-0.279129,3.661135,424.473069,3,-1,1,8,71.08498402793822,-108.91685549459358,73.91888402793822,-108.63772649459358,2.5547709999999597,7.69899999999999e-05,-0.2310641618371258,1.3670657806993844,401.55170777502195,137.59946325928064,49.37510917555198,418.8680793142763,1,0,1,1,2,2,2,0,0,1,0
872000.0,101,-27.079325,-78.395705,-3.970189,4.965349,102,-27.078124,-78.391645,0.354197,3.542515,424.617166,3,-1,1,8,71.62281755221083,-108.37903061792835,75.59300655221084,-108.73322761792835,4.324386000000004,-0.00011861999999999995,-0.36568735962682225,1.4109858928473393,402.9623872949688,133.8695338283178,19.394766284318617,423.6602453098701,1,0,1,1,0,2,2,0,0,0,0
873000.0,101,-27.07928,-78.395711,-4.283121,4.973312,102,-27.078088,-78.391645,0.307501,3.561453,424.717337,3,-1,1,8,71.7765365800959,-108.22531431873513,76.05965758009589,-108.53281531873513,4.590621999999996,1.8938000000000343e-05,-0.3905454891103844,1.3980207188835383,403.41524243475965,132.81927013681278,13.23050169479251,424.2749500062272,1,0,1,1,2,2,2,0,0,0,0
874000.0,101,-27.079236,-78.395715,-4.413777,4.968059,102,-27.078069,-78.391641,0.582526,3.50186,424.897464,3,-1,1,8,72.1670914032536,-107.8347631353351,76.58086840325359,-108.4172891353351,4.996302999999955,-5.959300000000001e-05,-0.4179385017058246,1.451646096476698,404.48269407474464,130.12150132728962,8.615624387475457,424.6944174552874,1,0,1,1,0,2,2,0,0,0,0
875000.0,101,-27.079195,-78.395726,-5.52702,4.913226,102,-27.078055,-78.391636,0.915344,3.418739,424.923115,3,-1,1,8,72.61853546876307,-107.38332635140581,78.14555546876306,-108.29867035140582,6.442363999999998,-8.312100000000022e-05,-0.5278327950247779,1.4720811266995217,405.5198591964033,126.93816391705258,-10.968424053365602,424.56749784221023,1,0,1,1,0,2,2,0,1,1,0
876000.0,101,-27.079159,-78.395731,-5.62685,4.796752,102,-27.078044,-78.391631,1.269504,3.323181,425.040016,3,-1,1,8,73.01659679742266,-106.98526957345004,78.64344679742267,-108.25477357345004,6.896353999999974,-9.555800000000004e-05,-0.5439438270537205,1.4512738420856008,406.5037687643811,124.15192782085525,-16.81937882571748,424.2186682387431,1,0,1,1,2,2,2,0,1,1,0
877000.0,101,-27.079119,-78.395748,-7.554882,4.775988,102,-27.078014,-78.391632,1.137952,3.322508,425.136194,3,-1,1,8,73.22205152240186,-106.7798221296081,80.77693352240186,-107.9177741296081,8.692834000000005,-6.729999999999236e-07,-0.6939109099266317,1.4126767355382497,407.03842969285137,122.72122963034285,-43.040867889326755,419.45169572579124,1,0,1,1,0,2,2,0,1,1,0
878000.0,101,-27.079076,-78.395759,-8.131778,4.790817,102,-27.077991,-78.391631,1.144628,3.288853,424.982406,3,-1,1,8,73.55445975037034,-106.44741936208115,81.68623775037034,-107.59204736208115,9.276406000000009,-3.365499999999999e-05,-0.7433613195175108,1.4544503182126043,407.59606079180185,120.31415808854172,-46.77203001670627,417.6996435949002,1,0,1,1,0,2,2,0,1,1,0
879000.0,101,-27.079029,-78.395762,-7.507396,4.8439,102,-27.077961,-78.391633,0.937123,3.293978,424.949249,3,-1,1,8,73.80225203449842,-106.19962753069319,81.30964803449842,-107.13675053069319,8.444518999999957,5.125000000000046e-06,-0.6867492534926246,1.508840693766079,408.0807401673408,118.54102129701468,-36.08303873361759,420.52719516712347,1,0,1,1,2,2,2,1,1,0,0
880000.0,101,-27.078988,-78.395776,-8.72969,4.820684,102,-27.077934,-78.391634,0.831012,3.277181,424.933316,3,-1,1,8,74.0513220592853,-105.95056342142793,82.7810120592853,-106.78157542142793,9.560701999999992,-1.679699999999995e-05,-0.7791800216518902,1.4880018643934152,408.57687177205975,116.76156430826748,-49.80463889560353,416.1269570283473,1,0,1,1,0,2,2,0,1,1,0
881000.0,101,-27.078947,-78.395794,-10.332805,4.810108,102,-27.077914,-78.391634,0.860703,3.230952,424.836749,3,-1,1,8,74.4178085942488,-105.58408507826273,84.75061359424879,-106.44478807826273,11.193508000000008,-4.62290000000003e-05,-0.9113013580009344,1.5015126327940798,409.22234397092006,114.11983392835356,-62.9653301787946,409.06361096617627,1,0,1,1,0,2,2,0,1,1,0
882000.0,101,-27.0789,-78.395806,-10.762828,4.880448,102,-27.077891,-78.391634,0.820687,3.202648,424.806623,3,-1,1,8,74.80464627079293,-105.19725286205946,85.56747427079293,-106.01793986205946,11.583515000000034,-2.8303999999999884e-05,-0.9572665164189236,1.5922746809977917,409.95442889131976,111.34645561065696,-59.96802611732184,408.742359086956,1,0,1,1,0,2,2,0,1,1,0
883000.0,101,-27.07885,-78.395812,-10.045549,4.976943,102,-27.077872,-78.391633,0.884584,3.155883,424.881926,3,-1,1,8,75.2745118002717,-104.7273905167102,85.32006080027169,-105.6119745167102,10.930133000000012,-4.6764999999999726e-05,-0.9168547067580896,1.7451365630016906,410.92658230437496,107.99997683849405,-46.85761920538323,414.01928548592434,1,0,1,1,2,2,2,1,1,0,0
884000.0,101,-27.078811,-78.395816,-9.509752,4.885421,102,-27.077826,-78.391639,0.357709,3.238018,424.989224,3,-1,1,8,75.16695413932197,-104.83494726450532,84.67670613932198,-105.19265626450532,9.867460999999992,8.213499999999962e-05,-0.8273626069129113,1.5803281842463162,410.82683938787534,108.79866062912282,-51.085611267945204,414.43785578238015,1,0,1,1,1,2,2,1,1,0,0
885000.0,101,-27.078769,-78.395814,-8.025548,4.844487,102,-27.077812,-78.391636,0.602098,3.168079,425.067388,3,-1,1,8,75.57409790581553,-104.42780395148051,83.59964590581554,-105.02990195148051,8.627646000000027,-6.993899999999975e-05,-0.7096527683035768,1.6291355998207746,411.66528326813403,105.89607590892825,-36.98204050233662,419.70627541038476,1,0,1,1,1,2,2,1,1,0,0
886000.0,101,-27.078714,-78.39582,-7.700565,5.006581,102,-27.077792,-78.391633,0.81762,3.12516,425.088649,3,-1,1,8,76.10961044883071,-103.89229550282654,83.8101754488307,-104.70991550282655,8.51818499999996,-4.291899999999993e-05,-0.7154566383015333,1.8365892382908444,412.65768060519713,102.04899875150309,-27.17888862089775,421.5560014875852,1,0,1,1,2,2,2,1,1,0,0
887000.0,101,-27.078674,-78.395828,-7.98314,4.940527,102,-27.077746,-78.391636,0.527196,3.211555,425.079721,3,-1,1,8,76.03877119836919,-103.96313702648277,84.0219111983692,-104.49033302648277,8.510335999999995,8.6395e-05,-0.7156988530566004,1.681229201180158,412.52252982358516,102.55696755163514,-35.923873865278324,419.7346388251747,1,0,1,1,2,2,2,1,1,1,0
888000.0,101,-27.078627,-78.39582,-5.811691,4.968282,102,-27.077704,-78.391637,0.432287,3.271619,425.127552,3,-1,1,8,76.08235718661273,-103.9195469385277,81.89404818661272,-104.3518339385277,6.24397799999997,6.0063999999999674e-05,-0.5277683221400316,1.6712194852317834,412.64685428775925,102.25462882397771,-15.058666658069965,424.28490458605773,1,0,1,1,1,2,2,1,1,0,0
889000.0,101,-27.078579,-78.395807,-3.089601,4.995412,102,-27.077667,-78.391636,0.475979,3.309665,425.104178,3,-1,1,8,76.20382252629014,-103.79807613364088,79.29342352629014,-104.27405513364087,3.5655800000000113,3.804600000000002e-05,-0.29673501953563497,1.678600217997467,412.8400039434386,101.37402673780551,16.335882644010855,424.18366280916024,1,0,1,1,1,2,2,1,0,1,0
890000.0,101,-27.078535,-78.395799,-1.507506,4.979068,102,-27.077619,-78.391638,0.309729,3.396845,425.088171,3,-1,1,8,76.11362831367364,-103.88826579124114,77.62113431367365,-104.19799479124114,1.8172349999999824,8.718000000000003e-05,-0.14935140504937297,1.580549312500846,412.66437174380644,102.01994617433769,39.48218281661247,420.43173877349557,1,0,1,1,1,2,2,1,0,1,0
891000.0,101,-27.0785,-78.395789,-0.014906,4.834809,102,-27.077577,-78.391639,0.234299,3.450476,424.713927,3,-1,1,8,75.97603916452438,-104.0258499306203,75.99094516452438,-104.26014893062029,0.24920500000001766,5.3631000000000205e-05,-0.015367772160193931,1.384361686264087,412.0551036436296,102.91992688007026,71.03378681196988,413.17215857673597,1,0,1,1,1,2,2,1,0,1,0
892000.0,101,-27.078452,-78.395777,1.76019,4.899358,102,-27.077528,-78.391642,-0.023029,3.53143,424.826664,3,-1,1,8,75.91254280790966,-104.08933945609444,74.15235280790966,-104.06631045609444,1.783219000000031,8.095399999999975e-05,0.15190944063530767,1.3656164927201937,412.0501391334338,103.40395198195641,107.7679607508123,398.0922575031511,1,0,1,1,1,2,2,0,0,1,0
893000.0,101,-27.078405,-78.395788,-0.063827,4.93959,102,-27.077497,-78.391641,0.022987,3.529145,424.88979,3,-1,1,8,76.1855799067028,-103.81630781719628,76.2494069067028,-103.83929481719628,0.08681400000000394,-2.2849999999996486e-06,-0.006918547980818834,1.4104422190689423,412.5995195001659,101.45427617639535,70.494060356262,413.09220664216895,1,0,1,1,0,2,2,1,0,0,0
894000.0,101,-27.078358,-78.395798,-1.385354,4.971367,102,-27.077453,-78.391645,-0.2099,3.586213,424.905876,3,-1,1,8,76.24863184670855,-103.75325860545964,77.63398584670855,-103.54335860545963,1.175454000000002,5.706799999999968e-05,-0.10705304553537616,1.383724946796931,412.72654133536236,101.00398772660822,49.57062956235175,419.28785966031774,1,0,1,1,0,2,2,0,0,0,0
895000.0,101,-27.078317,-78.395797,-1.106763,4.915845,102,-27.077445,-78.39164,0.10185,3.470244,424.878006,3,-1,1,8,76.74436330930688,-103.2575289621349,77.85112630930688,-103.3593789621349,1.208613000000014,-0.00011596899999999977,-0.10112055776227402,1.4446893786594046,413.5578560695188,97.42289087128998,47.13784474259876,419.35094318437916,1,0,1,1,2,2,2,0,0,0,0
896000.0,101,-27.078265,-78.395806,-2.219055,5.031355,102,-27.077432,-78.391637,0.3073,3.384647,424.929629,3,-1,1,8,77.3529935760006,-102.64890415569266,79.5720485760006,-102.95620415569266,2.5263550000000237,-8.559699999999992e-05,-0.21296785920721922,1.6429836401150708,414.61975905780736,93.03571895204226,23.467631693541282,423.13931135569527,1,0,1,1,0,2,2,0,0,0,0
897000.0,101,-27.078215,-78.395815,-3.215179,5.102491,102,-27.0774,-78.391639,0.188381,3.392705,424.945498,3,-1,1,8,77.63790291867873,-102.36399799677979,80.85308191867874,-102.5523789967798,3.4035599999999704,8.057999999999676e-06,-0.2973331274823767,1.7017727143536727,415.09276209628905,90.97623385116324,10.473459430116986,424.5566099485053,1,0,1,1,0,2,2,0,0,0,0
898000.0,101,-27.078169,-78.395826,-4.36217,5.105175,102,-27.07736,-78.391643,-0.084854,3.438158,424.811583,3,-1,1,8,77.74607605097397,-102.25582804807675,82.10824605097397,-102.17097404807674,4.277315999999985,4.545300000000019e-05,-0.3832113335926671,1.6522320446548333,415.1329193128997,90.16396372007733,-3.4854663178866265,424.7697491720892,1,0,1,1,0,2,2,0,1,0,0
899000.0,101,-27.078124,-78.395829,-4.290319,5.088645,102,-27.07732,-78.391647,-0.337022,3.477609,424.773969,3,-1,1,8,77.81672685571712,-102.18517678538923,82.10704585571712,-101.84815478538923,3.9532970000000205,3.945100000000013e-05,-0.36022705621395307,1.596836700192302,415.2070170441462,89.64406136111336,-2.376464797812332,424.75585408553854,1,0,1,1,2,2,2,1,1,1,0
900000.0,101,-27.078085,-78.395836,-4.743962,4.993387,102,-27.077299,-78.391646,-0.303407,3.42691,424.841732,3,-1,1,8,78.10373398900464,-101.89817329177194,82.84769598900463,-101.59476629177195,4.440555000000018,-5.0699000000000275e-05,-0.39482206428306665,1.5494188206129578,415.7171603226624,87.57705100094229,-11.010841420484931,424.4692452082032,1,0,1,1,0,2,2,0,1,1,0
901000.0,101,-27.078048,-78.39584,-4.946228,4.885216,102,-27.077267,-78.391648,-0.435474,3.432476,424.788102,3,-1,1,8,78.18276550581055,-101.81914268307268,83.12899350581056,-101.38366868307268,4.51075400000002,5.56599999999996e-06,-0.39511899236031767,1.4346468650921733,415.7850717456522,86.9925612579905,-17.62364297369327,423.95883005614337,1,0,1,1,2,2,2,0,1,1,0
902000.0,101,-27.078007,-78.395854,-6.371266,4.850511,102,-27.077247,-78.391648,-0.393098,3.381379,424.868712,3,-1,1,8,78.52924649205542,-101.47266806764607,84.90051249205543,-101.07957006764607,5.978167999999982,-5.109699999999995e-05,-0.5150648614547051,1.4392533530751765,416.3825304305151,84.49266707129183,-39.020819056629975,420.505218864358,1,0,1,1,0,2,2,0,1,1,0
903000.0,101,-27.077968,-78.39586,-6.480159,4.793277,102,-27.077212,-78.39165,-0.546291,3.403003,424.870253,3,-1,1,8,78.59859946035249,-101.40331691769899,85.07875846035249,-100.85702591769899,5.933868000000018,2.1624000000000086e-05,-0.5085194293771748,1.3598044196399108,416.4860090674113,83.98890483500882,-45.40829896395181,419.52164673590903,1,0,1,1,2,2,2,1,1,1,0
904000.0,101,-27.077925,-78.395865,-6.407966,4.792001,102,-27.077173,-78.391653,-0.727322,3.442652,424.940815,3,-1,1,8,78.66261247180189,-101.33930481396183,85.0705784718019,-100.61198281396183,5.6806439999999725,3.964899999999982e-05,-0.49112090916965023,1.3196879244649846,416.6487697898157,83.53741009570128,-46.68252960975246,419.6233228063697,1,0,1,1,2,2,2,1,1,0,0
905000.0,101,-27.077883,-78.395863,-5.342359,4.761262,102,-27.07713,-78.391657,-0.916879,3.497679,425.00001,3,-1,1,8,78.63215502724243,-101.36975952456216,83.97451402724244,-100.45288052456216,4.425479999999993,5.502700000000038e-05,-0.3873359983206708,1.2433485624963319,416.6623375918513,83.77054931474544,-33.257167621810304,422.72215406835676,1,0,1,1,1,2,2,1,1,0,0
906000.0,101,-27.077842,-78.395875,-6.470388,4.748261,102,-27.077092,-78.391658,-0.978445,3.530333,424.992325,3,-1,1,8,78.70506255133893,-101.29685700499336,85.17545055133893,-100.31841200499336,5.491942999999992,3.265399999999996e-05,-0.47479520631965877,1.1881974243997577,416.761060119857,83.23878348869943,-59.18112155922627,417.89737191416526,1,0,1,1,0,2,2,0,1,1,0
907000.0,101,-27.077794,-78.395876,-5.753716,4.828104,102,-27.07707,-78.391656,-0.789367,3.48497,425.020241,3,-1,1,8,79.09466426397279,-100.90725665569228,84.84838026397279,-100.11788965569228,4.96434899999997,-4.536300000000004e-05,-0.43601883999430047,1.3191408314448783,417.34484241968454,80.4082568234553,-38.69059872904715,421.4954871200052,1,0,1,1,2,2,2,1,1,0,0
908000.0,101,-27.077747,-78.395876,-5.005575,4.861489,102,-27.077029,-78.391657,-0.810875,3.530166,425.084093,3,-1,1,8,79.18040685608537,-100.82151360550209,84.18598185608536,-100.0106386055021,4.194700000000012,4.519599999999979e-05,-0.37421912602618085,1.3131358414046779,417.52742216249106,79.79560053021477,-27.257573526891207,423.4100622323811,1,0,1,1,1,2,2,1,1,0,0
909000.0,101,-27.077713,-78.395871,-3.71408,4.720119,102,-27.076988,-78.391657,-0.795345,3.57166,425.072531,3,-1,1,8,79.06479376795569,-100.93712441521049,82.77887376795569,-100.1417794152105,2.9187350000000265,4.149400000000014e-05,-0.2561796711616594,1.138889586154498,417.3542063210186,80.63574317198717,-10.981277442764204,424.8761383605871,1,0,1,1,1,2,2,1,1,0,0
910000.0,101,-27.077672,-78.395862,-1.978107,4.688315,102,-27.076961,-78.391655,-0.573939,3.54548,425.107026,3,-1,1,8,79.25358902844819,-100.74832596614358,81.23169602844818,-100.17438696614359,1.404168000000027,-2.618000000000009e-05,-0.1263145616820434,1.1402190632768892,417.6515328723979,79.26651653694019,28.526546387801517,423.8399197560628,1,0,1,1,1,2,2,1,0,1,0
911000.0,101,-27.077624,-78.395864,-1.943108,4.772898,102,-27.076908,-78.391658,-0.727937,3.647966,425.1935,3,-1,1,8,79.17728078855178,-100.82463374751525,81.12038878855178,-100.09669674751525,1.215170999999998,0.00010248599999999986,-0.11548949476134032,1.1224819390264975,417.6305288431252,79.83892421908976,32.43524775803927,423.60874320242306,1,0,1,1,2,2,2,1,0,1,0
912000.0,101,-27.07757,-78.395848,0.622341,4.922649,102,-27.076886,-78.391654,-0.483779,3.593466,424.964107,3,-1,1,8,79.62135653831247,-100.38055253297502,78.99901553831246,-99.89677353297502,1.1061200000000326,-5.449999999999999e-05,0.08380946788109346,1.329020707947142,418.0111373092677,76.55835240991026,77.12603631521336,412.36417530696804,1,0,1,1,1,2,2,1,0,1,0
913000.0,101,-27.077516,-78.395846,0.918643,5.068158,102,-27.076816,-78.391663,-1.015767,3.775901,424.841635,3,-1,1,8,79.356739011173,-100.64516504898799,78.438096011173,-99.629398048988,1.934409999999957,0.00018243500000000035,0.14819351772147127,1.2921989482735627,417.53273475956036,78.4654716016913,96.52002435220429,405.87370827898974,1,0,1,1,1,2,2,0,0,1,0
914000.0,101,-27.077481,-78.395845,0.962091,4.915057,102,-27.076819,-78.391658,-0.673842,3.596674,424.783291,3,-1,1,8,79.93182708386674,-100.07007879599745,78.96973608386674,-99.39623679599745,1.6359329999999659,-0.00017922700000000004,0.12482671640619894,1.3179388273194421,418.2418161088202,74.2605384493439,85.61196229362136,409.3762463267442,1,0,1,1,0,2,2,1,0,0,0
915000.0,101,-27.077433,-78.395848,0.437868,4.970289,102,-27.076769,-78.391662,-0.86981,3.680937,424.790036,3,-1,1,8,79.89967322674751,-100.10223219480271,79.46180522674752,-99.23242219480271,1.307677999999953,8.426299999999998e-05,0.09386209941660673,1.289631012817651,418.2067163971047,74.49642303649844,80.96572094498973,411.6957239444611,1,0,1,1,2,2,2,1,0,0,0
916000.0,101,-27.077388,-78.39586,-1.462348,4.960831,102,-27.076759,-78.391659,-0.649949,3.568569,424.862854,3,-1,1,8,80.4555657617928,-99.54634648574012,81.9179137617928,-98.89639748574011,0.8123990000000276,-0.00011236800000000002,-0.08612040259962425,1.3908759140610853,418.98160778193994,70.44754821486693,31.84604404507079,422.5343962637564,1,0,1,1,0,2,2,1,0,0,0
917000.0,101,-27.077348,-78.395865,-2.004969,4.90469,102,-27.076736,-78.391658,-0.563262,3.529081,424.882941,3,-1,1,8,80.72201426703917,-99.27990070962946,82.72698326703917,-98.71663870962946,1.441707000000008,-3.9487999999999965e-05,-0.13690326640270795,1.3727768632159996,419.3245098634884,68.5015983795613,19.207891435447536,424.0524942352158,1,0,1,1,0,2,2,0,0,0,0
918000.0,101,-27.077307,-78.395867,-2.102684,4.847394,102,-27.076697,-78.391659,-0.653456,3.560573,424.851336,3,-1,1,8,80.75397620371672,-99.24793922548561,82.85666020371671,-98.5944832254856,1.449228000000005,3.149200000000008e-05,-0.13724610769469653,1.283788698712848,419.33146324699084,68.26259321269956,18.005924899674408,424.21192317546104,1,0,1,1,2,2,2,0,0,0,0
919000.0,101,-27.077261,-78.395881,-3.78282,4.891012,102,-27.076662,-78.391661,-0.709279,3.575031,424.769172,3,-1,1,8,80.94332618968812,-99.05859469911869,84.72614618968812,-98.34931569911869,3.0735410000000343,1.445799999999986e-05,-0.2784280078403899,1.3055988561358927,419.47362618712646,66.86349089741336,-16.427598805863035,424.19414596383615,1,0,1,1,0,2,2,0,1,1,0
920000.0,101,-27.077213,-78.39588,-3.092648,4.954102,102,-27.076673,-78.391657,-0.502039,3.368512,424.757485,3,-1,1,8,81.82850186564858,-98.17342038746543,84.92114986564857,-97.67138138746543,2.590608999999972,-0.00020651900000000011,-0.23776187894794448,1.5785041632154644,420.44494748684946,60.373563720436515,-1.8231032147028952,424.74742832011844,1,0,1,1,2,2,2,1,1,0,0
921000.0,101,-27.077173,-78.395882,-3.107896,4.88727,102,-27.076664,-78.391656,-0.354808,3.267417,424.818132,3,-1,1,8,82.29726065743404,-97.70466295964022,85.40515665743403,-97.34985495964021,2.753087999999991,-0.00010109499999999994,-0.24473672074978822,1.6127274923365946,420.9849099001685,56.93988858714474,-4.191986966734717,424.7626229100847,1,0,1,1,2,2,2,0,1,0,0
922000.0,101,-27.077139,-78.395876,-1.839473,4.734116,102,-27.076649,-78.391654,-0.242207,3.195949,424.834319,3,-1,1,8,82.57461010779751,-97.42731168697232,84.41408310779751,-97.18510468697232,1.5972659999999905,-7.146799999999987e-05,-0.13845179910788052,1.5357559866564499,421.27165453290957,54.903476094857965,10.914821811372077,424.4997717698443,1,0,1,1,1,2,2,1,0,1,0
923000.0,101,-27.077088,-78.39589,-3.732704,4.852255,102,-27.076634,-78.391653,-0.140037,3.133172,424.811333,3,-1,1,8,83.13892758767116,-96.86300103267817,86.87163158767116,-96.72296403267816,3.592667000000006,-6.277700000000008e-05,-0.30823322278300597,1.7087988871388657,421.76914668687795,50.74894627733403,-14.27290272775431,424.07936634665765,1,0,1,1,0,2,2,0,1,1,0
924000.0,101,-27.077043,-78.395885,-2.394503,4.869727,102,-27.076607,-78.391653,-0.115689,3.124014,424.878478,3,-1,1,8,83.40082805823502,-96.60109828386503,85.79533105823502,-96.48540928386502,2.278814000000011,-9.158000000000221e-06,-0.19714834428476877,1.7414673324553145,422.06341446121485,48.82822176710126,0.5922934144263841,424.8772038368646,1,0,1,1,1,2,2,1,0,0,0
925000.0,101,-27.076997,-78.395887,-2.483843,4.905366,102,-27.076588,-78.391651,-0.026278,3.082846,424.929751,3,-1,1,8,83.81207762928852,-96.18985053133711,86.29592062928852,-96.16357253133711,2.4575649999999882,-4.1167999999999874e-05,-0.21117318057752224,1.81791164563601,422.4539859974233,45.80308941338899,-1.7705128605457192,424.9173347337131,1,0,1,1,0,2,2,0,1,0,0
926000.0,101,-27.076948,-78.395896,-3.388294,4.968034,102,-27.076553,-78.391652,-0.056134,3.118987,424.9867,3,-1,1,8,84.03355329513558,-95.96837850421917,87.42184729513558,-95.91224450421917,3.3321599999999876,3.61410000000002e-05,-0.29056710730540286,1.8403639952449455,422.68452083166716,44.17568365281902,-11.905577292290582,424.4020783754632,1,0,1,1,0,2,2,0,1,1,0
927000.0,101,-27.076903,-78.395902,-3.88062,4.97561,102,-27.076545,-78.39165,0.129442,3.022712,425.088256,3,-1,1,8,84.59916276902666,-95.40277267011498,88.47978276902666,-95.53221467011498,4.010062000000005,-9.627500000000033e-05,-0.34356733626933794,1.94149777248863,423.2011146669917,40.01052278760237,-17.32099326732232,423.698535951258,1,0,1,1,0,2,2,0,1,1,0
928000.0,101,-27.076851,-78.395907,-4.040092,5.088324,102,-27.076501,-78.39165,0.070526,3.098135,425.127982,3,-1,1,8,84.72535506462361,-95.27658264718814,88.76544706462361,-95.34710864718814,4.110617999999988,7.542300000000024e-05,-0.36230879697436524,1.9775468356104433,423.3277679449631,39.081990304074296,-18.70905317472791,423.44007818557026,1,0,1,1,2,2,2,0,1,1,0
929000.0,101,-27.076807,-78.395911,-3.991401,5.059653,102,-27.076481,-78.391648,0.22882,3.063928,425.124761,3,-1,1,8,85.09216171205149,-94.90977872869922,89.08356271205149,-95.13859872869922,4.220220999999981,-3.420699999999988e-05,-0.3644223018529637,1.9834772865991854,423.56608421247046,36.37079488025379,-20.095652191804643,423.1655408519518,1,0,1,1,2,2,2,0,1,1,0
930000.0,101,-27.076755,-78.395911,-3.475996,5.147536,102,-27.076461,-78.391646,0.397063,3.027677,425.199743,3,-1,1,8,85.57405768544412,-94.42788366335049,89.05005368544411,-94.82494666335049,3.873059000000012,-3.6251000000000036e-05,-0.33307880099004256,2.1104617141506883,423.93176049137156,32.81286171537696,-15.693972065578443,423.86406341760943,1,0,1,1,2,2,2,1,1,0,0
931000.0,101,-27.076705,-78.395911,-2.995565,5.191933,102,-27.076426,-78.391645,0.466727,3.06272,425.236078,3,-1,1,8,85.80007327158178,-94.20186852962699,88.79563827158178,-94.668595529627,3.462291999999991,3.5042999999999935e-05,-0.2962718497951934,2.1222202681393827,424.09413665448545,31.142981361917172,-12.929046774006796,424.326853359327,1,0,1,1,2,2,2,1,1,0,0
932000.0,101,-27.076667,-78.395906,-2.017898,5.070827,102,-27.076389,-78.391644,0.519598,3.108749,425.236336,3,-1,1,8,85.8111625328878,-94.1907774450065,87.82906053288781,-94.7103754450065,2.537495999999976,4.6028999999999874e-05,-0.20674426942286794,1.9590612932618061,424.1004135630845,31.06091869738573,-6.903554649755141,425.01816944402117,1,0,1,1,1,2,2,1,1,0,0
933000.0,101,-27.076624,-78.39591,-2.327356,5.026312,102,-27.076339,-78.391645,0.408196,3.212793,425.04321,3,-1,1,8,85.70906592939068,-94.29287541097476,88.03642192939067,-94.70107141097476,2.735551999999984,0.00010404400000000002,-0.22700169185226965,1.8094544316428207,423.8518074853199,31.802132924245182,-11.602586271383922,424.51392545422067,1,0,1,1,2,2,2,0,1,1,0
934000.0,101,-27.076579,-78.395907,-1.572823,5.027028,102,-27.076295,-78.391645,0.35197,3.282983,424.935051,3,-1,1,8,85.72107097019604,-94.28086900165734,87.29389397019604,-94.63283900165733,1.9247930000000224,7.01900000000002e-05,-0.15814666667893587,1.7422129947322862,423.7506040804612,31.70525366271052,-3.84450118320619,424.8817163127015,1,0,1,1,1,2,2,1,1,0,0
935000.0,101,-27.076531,-78.39591,-1.767311,5.062297,102,-27.076249,-78.391646,0.258925,3.362266,424.884845,3,-1,1,8,85.75308858865344,-94.24885229047548,87.52039958865345,-94.50777729047549,2.026235999999983,7.928299999999978e-05,-0.17131813873294127,1.6976572913301569,423.7181870770674,31.464733445515705,-6.576915608416103,424.73621328283673,1,0,1,1,2,2,2,0,1,1,0
936000.0,101,-27.076489,-78.395906,-1.069938,5.011765,102,-27.076219,-78.391646,0.283876,3.360537,424.772028,3,-1,1,8,85.92942307801293,-94.07251597803305,86.99936107801292,-94.35639197803306,1.3538139999999999,-1.7290000000000916e-06,-0.11023391471458141,1.6503954306643331,423.700484261594,30.152535676514923,1.1169572823797334,424.7680061684012,1,0,1,1,1,2,2,1,0,0,0
937000.0,101,-27.076443,-78.395906,-0.911309,5.023524,102,-27.076182,-78.391646,0.252651,3.390846,424.834972,3,-1,1,8,86.0647087887743,-93.93723026453584,86.9760177887743,-94.18988126453584,1.1639600000000314,3.030899999999992e-05,-0.09484969948903106,1.6320755546405095,423.83329428081066,29.15633881879746,2.762125907146823,424.8109557697902,1,0,1,1,2,2,2,1,0,0,0
938000.0,101,-27.076409,-78.395913,-1.924352,4.860081,102,-27.076157,-78.391645,0.278544,3.363616,424.832288,3,-1,1,8,86.20714348337793,-93.7947992094394,88.13149548337793,-94.0733432094394,2.2028960000000097,-2.7229999999999866e-05,-0.1795535345368792,1.4937638276549996,423.901787775654,28.10244202768407,-15.053351093297637,424.22602899073564,1,0,1,1,0,2,2,0,1,1,0
939000.0,101,-27.076363,-78.395911,-1.327993,4.889232,102,-27.076124,-78.391646,0.253283,3.378174,424.881252,3,-1,1,8,86.39980455359856,-93.60213677103151,87.72779755359856,-93.8554197710315,1.5812760000000026,1.4558000000000071e-05,-0.12824532393448834,1.5097777878394218,424.0427548962998,26.679961039028917,-6.136640050673832,424.77932565859317,1,0,1,1,2,2,2,1,1,0,0
940000.0,101,-27.076317,-78.395913,-1.352792,4.919518,102,-27.076079,-78.391647,0.151795,3.444536,424.858608,3,-1,1,8,86.41567290846483,-93.58626886833845,87.76846490846482,-93.73806386833846,1.504587000000015,6.636199999999981e-05,-0.125268022787365,1.4736229251680664,424.0275280776302,26.561103592888923,-6.383934121895006,424.753497183046,1,0,1,1,2,2,2,1,1,1,0
941000.0,101,-27.076274,-78.395919,-2.177113,4.903809,102,-27.076056,-78.391646,0.169697,3.406372,424.759872,3,-1,1,8,86.72164038372702,-93.28030457712615,88.89875338372703,-93.45000157712614,2.346810000000005,-3.8163999999999643e-05,-0.19637794921303298,1.4939122281208892,424.0647469919266,24.290722923158178,-20.64900801300343,423.61354631427366,1,0,1,1,0,2,2,0,1,1,0
942000.0,101,-27.076224,-78.395926,-2.872123,4.979033,102,-27.076053,-78.391646,0.182897,3.273468,424.81903,3,-1,1,8,87.43177703154556,-92.57017111371528,90.30390003154557,-92.75306811371527,3.055020000000013,-0.00013290400000000037,-0.2599338640788364,1.6993272893398697,424.39233118400665,19.035689699754464,-26.287810795277515,422.391212099304,1,1,1,1,0,2,2,0,1,1,0
943000.0,101,-27.076186,-78.395923,-2.046473,4.884878,102,-27.076027,-78.391646,0.190121,3.259595,424.789935,3,-1,1,8,87.61018092834712,-92.39176584929375,89.65665392834713,-92.58188684929375,2.236593999999968,-1.3872999999999803e-05,-0.18525556185018624,1.6221853263063748,424.42047618025435,17.712940925504373,-18.68065535491708,423.68940779149017,1,0,1,1,1,2,2,1,1,0,0
944000.0,101,-27.076139,-78.395913,-0.407288,4.920411,102,-27.075999,-78.391646,0.194208,3.253021,424.785507,3,-1,1,8,87.89066738832545,-92.11127483505857,88.29795538832545,-92.30548283505857,0.6014959999999974,-6.57400000000008e-06,-0.04600284685674925,1.6672843711100707,424.49767736084493,15.634860808304163,2.350607637231669,424.7674115368361,1,0,1,1,1,2,2,1,0,0,0
945000.0,101,-27.076103,-78.395915,-0.543138,4.795955,102,-27.075946,-78.391648,0.060492,3.363263,424.799998,3,-1,1,8,87.6346926961027,-92.36724952435175,88.1778306961027,-92.42774152435175,0.6036300000000097,0.00011024199999999995,-0.04901367754217778,1.432478389522216,424.43806955907587,17.53178284616579,2.097934578445524,424.78935196239576,1,0,1,1,2,2,2,0,0,0,0
946000.0,101,-27.07605,-78.395918,-0.901198,4.946048,102,-27.075932,-78.391647,0.083939,3.285116,424.831077,3,-1,1,8,88.22372075005865,-91.77822328885269,89.12491875005864,-91.86216228885269,0.9851370000000088,-7.814699999999997e-05,-0.08260528211737089,1.6603237182016004,424.62693671408766,13.16846998668144,-4.7793375731576955,424.7567232693141,1,0,1,1,0,2,2,0,1,1,0
947000.0,101,-27.076014,-78.395913,-0.102547,4.812309,102,-27.075903,-78.391647,0.099356,3.285225,424.88432,3,-1,1,8,88.32713010502295,-91.67481165592518,88.42967710502295,-91.77416765592518,0.2019030000000157,1.0900000000013677e-07,-0.014309853989878633,1.5270812317560312,424.70323231249944,12.403622260352954,5.515819223847955,424.8008126483629,1,0,1,1,1,2,2,1,0,0,0
948000.0,101,-27.075978,-78.395908,0.620921,4.701557,102,-27.07588,-78.391647,0.129608,3.249796,424.964406,3,-1,1,8,88.5213386131973,-91.48060086992369,87.9004176131973,-91.6102088699237,0.491312999999991,-3.542900000000015e-05,0.04359900769248857,1.45149323469068,424.82289485166393,10.966055662130202,16.32864194585376,424.3021351324764,1,0,1,1,1,2,2,0,0,1,0
949000.0,101,-27.075937,-78.395914,-0.306569,4.691661,102,-27.075874,-78.391646,0.133521,3.141312,425.048957,3,-1,1,8,89.05121599379353,-90.95072667392314,89.35778499379353,-91.08424767392314,0.44008999999999787,-0.0001084839999999998,-0.03242370928213564,1.550290370320711,424.9906811682962,7.038236064201615,-1.1929390217242528,425.0449315346,1,0,1,1,0,2,2,1,1,0,0
950000.0,101,-27.07589,-78.395929,-2.571702,4.752041,102,-27.075846,-78.391646,0.166435,3.140563,425.13005,3,-1,1,8,89.33994565489154,-90.66200383786365,91.91164765489154,-90.82843883786366,2.7381369999999947,-7.489999999998887e-07,-0.2223449845130038,1.6067052435934666,425.1018401271297,4.897441529076267,-32.83962378847113,421.76027655768723,1,1,1,1,0,2,2,0,1,1,0
951000.0,101,-27.075844,-78.395927,-1.848279,4.80609,102,-27.075809,-78.391646,0.181987,3.18264,425.20385,3,-1,1,8,89.47490167869663,-90.52704690097643,91.32318067869663,-90.70903390097644,2.0302659999999833,4.207699999999992e-05,-0.1651195407898762,1.6209656281766236,425.1859933433635,3.8968088790355226,-24.029537532485016,423.39195919606397,1,1,1,1,1,2,2,1,1,0,0
952000.0,101,-27.075787,-78.395925,-1.347561,5.003938,102,-27.07574,-78.391648,0.003767,3.370942,425.268377,3,-1,1,8,89.29388875092135,-90.70805800391807,90.64144975092135,-90.71182500391807,1.3513279999999668,0.00018830199999999976,-0.11790027881959537,1.6316120792514792,425.2360824979051,5.240860430211483,-15.526321100976341,424.50794500605696,1,1,1,1,1,2,2,1,1,0,0
953000.0,101,-27.075747,-78.395924,-0.986357,4.928142,102,-27.075728,-78.391648,0.009887,3.284145,425.012851,3,-1,1,8,89.71505150368631,-90.2868947942339,90.70140850368631,-90.29678179423391,0.9962439999999901,-8.679699999999979e-05,-0.08540136196742178,1.6432668091139062,425.00759496019793,2.1137032186608495,-12.117032708523235,424.544499213807,1,1,1,1,2,2,2,1,1,0,0
954000.0,101,-27.075703,-78.39593,-1.723814,4.924472,102,-27.075724,-78.391649,-0.044154,3.161497,424.818911,3,-1,1,8,90.31662321148005,-89.68532536073066,92.04043721148005,-89.64117136073065,1.6796600000000126,-0.00012264800000000032,-0.14570009377391152,1.7607473370578508,424.8124244618782,-2.3475872820735715,-21.12661315348448,423.17182525721944,1,1,1,1,0,2,2,0,1,1,0
955000.0,101,-27.07566,-78.395928,-1.2852,4.890503,102,-27.075677,-78.391649,-0.04531,3.251862,424.796187,3,-1,1,8,90.25661936930273,-89.74532828948513,91.54181936930273,-89.70001828948513,1.2398900000000026,9.036500000000025e-05,-0.10711793430688522,1.6374117438209876,424.79192627514266,-1.902593280950113,-18.042789410274203,423.76165264119226,1,1,1,1,2,2,2,1,1,0,0
956000.0,101,-27.075613,-78.395922,-0.234265,4.939522,102,-27.075672,-78.391649,-0.111828,3.136204,424.822351,3,-1,1,8,90.88939318068414,-89.11255174547756,91.12365818068413,-89.00072374547756,0.1224369999999908,-0.00011565799999999982,-0.01407501051259023,1.803282685513092,424.7711697406971,-6.594184277612678,-5.494887833166275,424.7067640424414,1,1,1,1,2,2,2,1,1,0,0
957000.0,101,-27.075567,-78.395927,-0.866319,4.963663,102,-27.075665,-78.39165,-0.18297,3.031416,424.774061,3,-1,1,8,91.47506762193346,-88.52687912311842,92.34138662193347,-88.34390912311842,0.6833489999999642,-0.00010478800000000011,-0.0653677201027781,1.93169507662444,424.6332999165138,-10.934509611490054,-13.08068262170624,424.0205739965791,1,1,1,1,0,2,2,0,1,1,0
958000.0,101,-27.075528,-78.395932,-1.566039,4.86781,102,-27.075651,-78.391651,-0.199954,2.970122,424.766399,3,-1,1,8,91.84915051385234,-88.15279805008329,93.41518951385234,-87.95284405008329,1.3660849999999982,-6.129400000000018e-05,-0.12266775422368485,1.8958879083887563,424.5452007318684,-13.706431153467946,-21.607404907747284,422.77435244784124,1,1,1,1,0,2,2,0,1,1,0
959000.0,101,-27.075486,-78.395935,-1.812126,4.846028,102,-27.075602,-78.39165,-0.150694,3.077537,424.673268,3,-1,1,8,91.74241066877747,-88.25953971279746,93.55453666877747,-88.10884571279746,1.6614319999999907,0.00010741500000000004,-0.1451482745834533,1.7660780985191842,424.4769106164817,-12.912664608331367,-26.847155526964062,421.9928532082703,1,1,1,1,2,2,2,0,1,1,0
960000.0,101,-27.075443,-78.395937,-1.889916,4.844648,102,-27.075582,-78.39165,-0.137664,3.036714,424.726053,3,-1,1,8,92.08644268828269,-87.91550860149806,93.97635868828269,-87.77784460149806,1.7522520000000554,-4.082300000000005e-05,-0.1524767062223198,1.8053074499877608,424.4444750984785,-15.463106264132161,-28.180795554053326,421.6372547377847,1,1,1,1,2,2,2,0,1,1,0
961000.0,101,-27.075388,-78.395945,-2.790215,4.996999,102,-27.075531,-78.391649,-0.072293,3.151404,424.674524,3,-1,1,8,92.14191144664834,-87.86004393606473,94.93212644664834,-87.78775093606473,2.7179219999999873,0.00011468999999999996,-0.2392735905661694,1.8396733931424314,424.37781317355115,-15.872083059923842,-37.86829636060036,418.78617716466147,1,1,1,1,0,2,2,0,1,1,0
962000.0,101,-27.075343,-78.395943,-2.131493,5.000928,102,-27.075488,-78.391648,0.007779,3.219167,424.625064,3,-1,1,8,92.17232999715262,-87.82962492754301,94.30382299715262,-87.83740392754301,2.1392720000000054,6.776300000000024e-05,-0.186436531361622,1.7783008944168572,424.3199023614446,-16.095509839027464,-33.63173691322589,420.32878974730926,1,1,1,1,1,2,2,1,1,0,0
963000.0,101,-27.075296,-78.395932,-0.236373,5.025477,102,-27.075449,-78.391647,0.087618,3.266041,424.680865,3,-1,1,8,92.29734218094333,-87.70460818919338,92.53371518094333,-87.79222618919339,0.323991000000035,4.687399999999986e-05,-0.025726983500114407,1.7593970529992764,424.33953015874425,-17.023520253002346,-13.199420087315643,424.04526936499826,1,1,1,1,1,2,2,1,1,0,0
964000.0,101,-27.075257,-78.395942,-1.662997,4.939535,102,-27.075403,-78.391646,0.1611,3.346049,424.702467,3,-1,1,8,92.18678049429616,-87.81517487972637,93.84977749429616,-87.97627487972638,1.8240969999999948,8.000799999999986e-05,-0.15275691221018747,1.5914187480068303,424.3931760686919,-16.205480005677106,-35.40860396233365,420.90306698992555,1,1,1,1,0,2,2,0,1,1,0
965000.0,101,-27.075203,-78.395946,-1.968198,5.077951,102,-27.07537,-78.391645,0.221789,3.356884,424.787349,3,-1,1,8,92.49790073494904,-87.50405691200456,94.46609873494904,-87.72584591200456,2.1899869999999737,1.083500000000015e-05,-0.18739540121697282,1.7180963826087172,424.3837241683925,-18.513414904159063,-37.21035592757181,419.87429820296404,1,1,1,1,0,2,2,0,1,1,0
966000.0,101,-27.075151,-78.395935,-0.236651,5.159819,102,-27.075339,-78.391644,0.269723,3.360623,424.796898,3,-1,1,8,92.81794532218747,-87.18400777041033,93.05459632218746,-87.45373077041033,0.5063739999999939,3.738999999999937e-06,-0.037131998933989,1.79918922500674,424.28322864693814,-20.884119309953682,-16.467501842877166,423.76198049394964,1,1,1,1,1,2,2,1,1,0,0
967000.0,101,-27.075116,-78.395941,-1.043405,4.988064,102,-27.075338,-78.391647,0.087539,3.222724,424.839473,3,-1,1,8,93.32402321722536,-86.67793123957169,94.36742821722535,-86.7654702395717,1.1309439999999995,-0.000137899,-0.09575569485245777,1.76451667558027,424.1247201696948,-24.633301847211293,-26.912462159233087,422.1667633510894,1,1,1,1,0,2,2,0,1,1,0
968000.0,101,-27.075083,-78.395938,-0.55631,4.819703,102,-27.075297,-78.391646,0.140824,3.280115,424.915282,3,-1,1,8,93.20601605383658,-86.79593749027717,93.76232605383657,-86.93676149027716,0.6971340000000055,5.739099999999997e-05,-0.05485788524362475,1.5393707248227542,424.2502459971364,-23.763956920276357,-25.22336200007151,423.1347823450343,1,1,1,1,1,2,2,1,1,0,0
969000.0,101,-27.075039,-78.395931,0.663853,4.828317,102,-27.075263,-78.391646,0.160879,3.299393,424.935472,3,-1,1,8,93.36091442675247,-86.64103592864016,92.69706142675247,-86.80191492864016,0.5029739999999947,1.9277999999999906e-05,0.0466774112128269,1.5286129209776043,424.204605422636,-24.912007187066475,-7.814313404760149,424.7673256059401,1,1,1,1,1,2,2,1,1,0,0
970000.0,101,-27.074988,-78.395913,3.151249,4.947633,102,-27.07524,-78.391646,0.117571,3.269867,424.990798,3,-1,1,8,93.79564599237455,-86.20629616774407,90.64439699237454,-86.32386716774407,3.033678000000009,-2.952599999999972e-05,0.26527124889948467,1.6702915651276786,424.0585813993918,-28.13357293718982,22.800429388840573,423.22249416302856,1,1,1,1,1,2,2,0,0,1,0
971000.0,101,-27.07494,-78.395918,1.988325,4.982853,102,-27.075201,-78.391646,0.137274,3.313078,425.071652,3,-1,1,8,93.92616729473099,-86.07577713821956,91.93784229473098,-86.21305113821957,1.851050999999984,4.321099999999989e-05,0.1649465942206272,1.6667844210783809,424.07405637037664,-29.105051925459854,7.628121410940659,424.8789123833394,1,1,1,1,0,2,2,1,0,0,0
972000.0,101,-27.074898,-78.395914,2.398301,4.937122,102,-27.075145,-78.391645,0.166679,3.435506,425.17207,3,-1,1,8,93.7188279909422,-86.28311507326504,91.3205269909422,-86.44979407326504,2.2316220000000158,0.0001224280000000002,0.1966047311460143,1.4973059707313134,424.2768100034851,-27.576758354664108,18.418700759723077,424.2560948015528,1,1,1,1,1,2,2,0,0,1,0
973000.0,101,-27.074851,-78.395911,2.488229,4.981519,102,-27.075114,-78.391645,0.143942,3.437639,425.168216,3,-1,1,8,93.96169099445822,-86.04025070179834,91.47346199445822,-86.18419270179834,2.3442870000000084,2.1329999999997185e-06,0.20763211950475524,1.5391940817646215,424.15226282732226,-29.374646126970312,17.712548466294486,424.2719548169702,1,1,1,1,2,2,2,0,0,0,0
974000.0,101,-27.074821,-78.395915,1.650185,4.768386,102,-27.075079,-78.391645,0.148407,3.457624,424.949634,3,-1,1,8,93.88299598542565,-86.11894752923024,92.23281098542566,-86.26735452923025,1.5017780000000016,1.998500000000014e-05,0.12836017361794697,1.3087960308963416,423.9741282075416,-28.777248780747833,9.675481451381852,424.758532454861,1,1,1,1,0,2,2,1,0,0,0
975000.0,101,-27.074774,-78.395917,1.112546,4.812703,102,-27.075066,-78.391647,-0.000595,3.367257,424.770465,3,-1,1,8,94.39269384610519,-85.60924966659246,93.2801478461052,-85.60865466659246,1.1131409999999846,-9.036700000000009e-05,0.09348019298304508,1.444538731105098,423.5227132525303,-32.53397140730337,-3.5319554624543086,424.73965596475074,1,1,1,1,0,2,2,1,1,1,0
976000.0,101,-27.07472,-78.395917,0.934746,4.967475,102,-27.075038,-78.391647,-0.004438,3.357886,424.756395,3,-1,1,8,94.78199674911767,-85.21994676085602,93.84725074911766,-85.21550876085603,0.9391840000000116,-9.370999999999796e-06,0.08129785036727921,1.6089279544136308,423.27786172783107,-35.40970014715102,-8.68924407298205,424.5254819005585,1,1,1,1,0,2,2,1,1,1,0
977000.0,101,-27.074673,-78.395927,-0.679587,4.997795,102,-27.075029,-78.39165,-0.186229,3.25719,424.663551,3,-1,1,8,95.34147162445723,-84.6604750696968,96.02105862445723,-84.4742460696968,0.49335800000000063,-0.00010069600000000012,-0.048690753997214134,1.7402706543952529,422.8194826577287,-39.53247567481974,-29.48548176572678,421.5484449130867,1,1,1,1,0,2,2,1,1,1,0
978000.0,101,-27.074639,-78.395932,-1.358236,4.846548,102,-27.074987,-78.391649,-0.071735,3.317773,424.606057,3,-1,1,8,95.21485695653556,-84.78709246602409,96.57309295653556,-84.71535746602409,1.286500999999987,6.058299999999983e-05,-0.11072611483675288,1.5274158816832983,422.8485547212565,-38.592789627491825,-45.05862092269682,418.95148841074786,1,1,1,1,0,2,2,0,1,1,0
979000.0,101,-27.074599,-78.395932,-1.069728,4.78917,102,-27.074957,-78.391648,-0.018374,3.318629,424.456607,3,-1,1,8,95.36257375107748,-84.6393761242819,96.43230175107747,-84.6210021242819,1.0513540000000035,8.5600000000019e-07,-0.08834568917433466,1.4697064923792738,422.59885585492776,-39.66885750886297,-44.09098393378464,419.4571798521504,1,1,1,1,2,2,2,1,1,0,0
980000.0,101,-27.074553,-78.395918,1.058926,4.825211,102,-27.074943,-78.391649,-0.116358,3.24011,424.325193,3,-1,1,8,95.85901188708155,-84.1429311590089,94.80008588708155,-84.02657315900889,1.1752839999999765,-7.851900000000001e-05,0.09575335239966545,1.5842836195019743,422.1085597987129,-43.31550714402004,-11.190919074084889,423.95289802799005,1,1,1,1,1,2,2,0,1,0,0
981000.0,101,-27.074506,-78.395913,1.665622,4.877841,102,-27.074924,-78.39165,-0.142593,3.190338,424.318853,3,-1,1,8,96.28510329122564,-83.71683702174482,94.61948129122564,-83.57424402174482,1.8082149999999615,-4.977199999999993e-05,0.14972157541059744,1.6854518956801656,421.76846434044455,-46.452680214803095,-5.283559260444008,424.2244316278091,1,1,1,1,2,2,2,0,1,0,0
982000.0,101,-27.074465,-78.395899,3.51022,4.849584,102,-27.074878,-78.391647,0.063883,3.272476,424.301363,3,-1,1,8,96.22645831801998,-83.77547698546749,92.71623831801998,-83.8393599854675,3.446337000000028,8.213800000000005e-05,0.2932747280134414,1.5680116963521895,421.7984031149983,-46.01905880496869,20.142928008768056,423.0692676868616,1,1,1,1,1,2,2,0,0,1,0
983000.0,101,-27.074412,-78.395892,4.02209,4.975669,102,-27.074869,-78.391649,-0.072574,3.177649,424.251888,3,-1,1,8,96.89810133672893,-83.10382986832178,92.87601133672892,-83.03125586832178,4.094663999999966,-9.482699999999999e-05,0.3530237453686197,1.785767884309716,421.1808653912622,-50.95432366180488,17.297190327096803,423.06639032022764,1,1,1,1,2,2,2,0,0,2,0
984000.0,101,-27.074364,-78.395886,4.381842,5.025906,102,-27.074815,-78.391645,0.197579,3.299104,424.26395,3,-1,1,8,96.81158010720698,-83.19035018418909,92.42973810720697,-83.38792918418909,4.184262999999987,0.00012145499999999964,0.3726178831676872,1.7121309713409958,421.26930712662715,-50.31967947686083,22.879117812236565,422.3345746902838,1,1,1,1,2,2,2,0,0,1,0
985000.0,101,-27.07432,-78.395882,4.384661,5.015442,102,-27.074786,-78.391644,0.285453,3.292266,424.305411,3,-1,1,8,97.04079045425199,-82.96113846928631,92.656129454252,-83.24659146928632,4.099207999999976,-6.837999999999678e-06,0.36703875189725493,1.7085379412925312,421.10578242945314,-52.009631880614194,21.340090892140026,422.6365206122892,1,1,1,1,2,2,2,1,0,0,0
986000.0,101,-27.074279,-78.395882,3.905964,4.954682,102,-27.074734,-78.39164,0.514088,3.400182,424.338269,3,-1,1,8,96.86980084317858,-83.13212989790375,92.96383684317858,-83.64621789790375,3.391875999999968,0.0001079159999999999,0.3070008605303599,1.5431281001012684,421.2917430567118,-50.756613068189424,20.462930168368274,423.0978421897426,1,1,1,1,2,2,2,1,0,0,0
987000.0,101,-27.074238,-78.39587,5.129962,4.906977,102,-27.074734,-78.391645,0.188233,3.254336,424.445353,3,-1,1,8,97.51177813711604,-82.4901448650133,92.38181613711603,-82.6783778650133,4.9417289999999525,-0.00014584600000000015,0.42806668035744705,1.633003387257269,420.8027665936425,-55.487740181332235,31.061809531305837,421.12026626739595,1,1,1,1,1,2,2,0,0,1,0
988000.0,101,-27.074188,-78.39587,4.480661,4.983972,102,-27.074711,-78.391645,0.167182,3.22575,424.598076,3,-1,1,8,97.91558044252284,-82.0863425572836,93.43491944252284,-82.2535245572836,4.3134789999999725,-2.8585999999999777e-05,0.37994853730090444,1.7430035133543602,420.5525273215713,-58.473052822140254,18.03389027198678,423.35716591649066,1,1,1,1,0,2,2,1,0,0,0
989000.0,101,-27.074145,-78.395863,4.865126,4.960826,102,-27.074694,-78.391647,0.011836,3.165777,424.755086,3,-1,1,8,98.32115540397346,-81.68076349749762,93.45602940397346,-81.69259949749762,4.853289999999959,-5.9973000000000274e-05,0.42007598618343783,1.777175717548742,420.2834431780477,-61.471216624304226,19.992337372689672,423.15314772661634,1,1,1,1,2,2,2,0,0,1,0
990000.0,101,-27.074105,-78.39587,3.387863,4.889046,102,-27.074699,-78.391654,-0.596998,3.007316,424.853091,3,-1,1,8,98.99240730045875,-81.00951159988705,95.60454430045876,-80.41251359988705,3.9848609999999667,-0.00015846099999999996,0.3202521601720334,1.8733489960324592,419.6312481028799,-66.40605806606459,2.7528799275383786,424.8205984735853,1,1,1,1,0,2,2,1,0,0,0
991000.0,101,-27.074058,-78.395875,2.164135,4.929029,102,-27.074638,-78.391651,-0.314906,3.165061,424.897378,3,-1,1,8,98.76745278895807,-81.23446974901474,96.60331778895807,-80.91956374901474,2.479040999999995,0.00015774500000000026,0.20352702651582813,1.7605001742472544,419.9325058955802,-64.76474599296556,-9.072819500197419,424.59185991103647,1,1,1,1,0,2,2,1,1,1,0
992000.0,101,-27.074007,-78.395876,1.759365,5.017967,102,-27.074616,-78.391653,-0.452167,3.137765,424.996254,3,-1,1,8,99.20059728925436,-80.80132479117435,97.44123228925436,-80.34915779117435,2.211531999999977,-2.7296000000000208e-05,0.17882342000063656,1.8779341702792292,419.52850647625723,-67.9532793015431,-14.761087472132074,424.08091497367286,1,1,1,1,0,2,2,1,1,1,0
993000.0,101,-27.073966,-78.395885,0.207256,4.960288,102,-27.074538,-78.39165,-0.169076,3.370077,425.023006,3,-1,1,8,98.62624864637961,-81.37567889189475,98.4189926463796,-81.20660289189475,0.3763319999999908,0.0002323120000000003,0.027887665255835234,1.5901932210202667,420.21504858112235,-63.748479003353765,-35.44307061504884,421.26824671160307,1,1,1,1,0,2,2,1,1,1,0
994000.0,101,-27.073926,-78.395882,0.636286,4.881319,102,-27.074493,-78.391648,-0.03602,3.44025,424.863259,3,-1,1,8,98.55395849069299,-81.44796858964267,97.917672490693,-81.41194858964268,0.6723059999999919,7.01729999999996e-05,0.0563701013441562,1.44076868280878,420.1371756160695,-63.1944816693125,-32.3962051160757,422.28657339624704,1,1,1,1,1,2,2,0,1,0,0
995000.0,101,-27.073879,-78.395881,0.648324,4.920542,102,-27.074461,-78.391648,-0.008355,3.445767,424.719669,3,-1,1,8,98.77878783493938,-81.22313878763248,98.13046383493938,-81.21478378763248,0.6566789999999969,5.517000000000216e-06,0.05617912535244261,1.4744600317812724,419.74405788678797,-64.82069965838329,-33.06067647978532,421.90768769931555,1,1,1,1,2,2,2,1,1,1,0
996000.0,101,-27.073832,-78.395885,-0.003366,4.963243,102,-27.074415,-78.391645,0.174404,3.515391,424.615,3,-1,1,8,98.77934261379518,-81.2225871917021,98.78270861379518,-81.3969911917021,0.17777000000000953,6.962400000000013e-05,-0.010992146131370098,1.4478682773036629,419.6399875835716,-64.80878833815584,-46.959959287415316,419.1358835428406,1,1,1,1,0,2,2,1,1,1,0
997000.0,101,-27.073791,-78.395888,-0.396225,4.913793,102,-27.07437,-78.391642,0.368078,3.580941,424.543212,3,-1,1,8,98.70790840871074,-81.29402412485837,99.10413340871074,-81.66210212485836,0.7643030000000408,6.555e-05,-0.056985151021009414,1.3328083963172142,419.64950205510024,-64.27467837479522,-61.573796394377844,416.5208568724606,1,1,1,1,2,2,2,0,1,1,0
998000.0,101,-27.073742,-78.395876,1.425435,4.980275,102,-27.074324,-78.391639,0.575824,3.642804,424.376573,3,-1,1,8,98.77062023834401,-81.23130819582602,97.34518523834402,-81.80713219582601,0.8496109999999817,6.186299999999978e-05,0.08727950615354801,1.3361137956776519,419.4142098317887,-64.70854891280317,-27.779650618639412,422.74020697725246,1,1,1,1,1,2,2,0,1,0,0
999000.0,101,-27.073695,-78.395869,2.13291,5.015706,102,-27.074305,-78.391639,0.523915,3.577352,424.224509,3,-1,1,8,99.20043333859765,-80.80149190734153,97.06752333859765,-81.32540690734153,1.608994999999993,-6.545200000000006e-05,0.1539620647001504,1.4350285811491479,418.76688437774135,-67.8286855603915,-15.740735500004975,423.6130342024338,1,1,1,1,2,2,2,0,1,0,0
1000000.0,101,-27.073656,-78.395843,5.753684,4.935627,102,-27.074272,-78.391637,0.669057,3.581208,424.073537,3,-1,1,8,99.34141125018486,-80.66050307002604,93.58772725018486,-81.32956007002603,5.084627000000012,3.856000000000303e-06,0.4529889528956057,1.329797838539497,418.4497525590888,-68.83436181826414,48.85770299447056,418.29606823221195,1,1,1,1,1,2,2,0,0,1,0
1001000.0,101,-27.073613,-78.39583,6.927882,4.929532,102,-27.074252,-78.391636,0.667244,3.52249,424.025937,3,-1,1,8,99.71084747846717,-80.29106137804735,92.78296547846718,-80.95830537804734,6.260638000000029,-5.871800000000027e-05,0.5535792195373552,1.3712891705339372,417.95030353992615,-71.52299643898857,59.616714595887004,414.34032350236015,1,1,1,1,1,2,2,0,0,1,0
1002000.0,101,-27.073575,-78.395822,7.399941,4.847837,102,-27.074273,-78.391649,-0.190639,3.271373,424.059041,3,-1,1,8,100.63999804295115,-79.36190125503725,93.24005704295115,-79.17126225503725,7.590579999999989,-0.0002511169999999998,0.6352598561611316,1.5361059040923863,416.76806400268765,-78.29719714837381,51.141659128335576,415.0600544726081,1,1,1,1,2,2,2,0,0,0,0
1003000.0,101,-27.073531,-78.395807,8.608527,4.874524,102,-27.074266,-78.391651,-0.382686,3.166976,424.024669,3,-1,1,8,101.23467471982774,-78.76721683916618,92.62614771982774,-78.38453083916617,8.99121299999996,-0.00010439700000000008,0.75078339235477,1.6527028165703328,415.89926550189955,-82.6118688539367,51.90014467216053,412.8355285935487,1,1,1,1,1,2,2,0,0,1,0
1004000.0,101,-27.073492,-78.395796,9.166228,4.815257,102,-27.074246,-78.39165,-0.323394,3.12427,424.006122,3,-1,1,8,101.54443287798503,-78.45745412771673,92.37820487798503,-78.13406012771674,9.489621999999997,-4.270599999999991e-05,0.7847013084820392,1.6295475368648074,415.42839340851714,-84.85541493326865,55.679922914695176,411.1194298547145,1,1,1,1,2,2,2,0,0,1,0
1005000.0,101,-27.073454,-78.395789,9.237531,4.740865,102,-27.074225,-78.39165,-0.238521,3.092038,424.076842,3,-1,1,8,101.81686677644477,-78.18501704138386,92.57933577644476,-77.94649604138385,9.476051999999981,-3.223200000000004e-05,0.7739125154909121,1.5873710547238962,415.08944367425545,-86.8442379832425,57.020039360025145,411.177852406012,1,1,1,1,2,2,2,1,0,0,0
1006000.0,101,-27.073407,-78.395787,8.301494,4.796607,102,-27.074183,-78.391644,0.15389,3.156081,424.063532,3,-1,1,8,101.88016223108072,-78.12172340447569,93.57866823108071,-78.27561340447569,8.147604000000001,6.404299999999985e-05,0.684066859197274,1.5902786538744569,414.98022745065117,-87.29999998465534,47.14034312273107,415.7101843343733,1,1,1,1,0,2,2,1,0,0,0
1007000.0,101,-27.073366,-78.395789,6.981229,4.767379,102,-27.074131,-78.391638,0.609734,3.271179,424.146791,3,-1,1,8,101.69449847762797,-78.30739079596351,94.71326947762797,-78.91712479596352,6.371494999999982,0.00011509800000000015,0.5446362997387871,1.4610399974398858,415.3424696889456,-85.97169992669103,40.52445852225759,419.21292953646156,1,1,1,1,0,2,2,1,0,0,0
1008000.0,101,-27.073316,-78.395791,5.722325,4.852427,102,-27.074152,-78.391653,-0.562183,3.027412,424.277042,3,-1,1,8,102.78449036057327,-77.21739299530762,97.06216536057327,-76.65520999530762,6.284508000000017,-0.00024376700000000007,0.5135274942749627,1.8009800912862035,413.75891309886174,-93.88594250215706,12.221230352785307,423.6440596537414,1,1,1,1,0,2,2,1,0,0,0
1009000.0,101,-27.073274,-78.395792,4.897342,4.821703,102,-27.074147,-78.391659,-1.060005,2.922563,424.410084,3,-1,1,8,103.3460247089354,-76.65585636976313,98.44868270893541,-75.59585136976312,5.95734699999997,-0.00010484900000000019,0.4656981871600122,1.8820373453593264,412.94836504402355,-97.9671741368247,2.0924395537364133,424.3903687929184,1,1,1,1,0,2,2,1,0,0,0
1010000.0,101,-27.073233,-78.395799,3.288088,4.78281,102,-27.074117,-78.391659,-0.978682,2.942867,424.521907,3,-1,1,8,103.48604497599112,-76.5158392864193,100.19795697599112,-75.53715728641929,4.266770000000008,2.0304000000000323e-05,0.3245904069376637,1.8324986673393382,412.81645822975736,-99.00212794458344,-13.641359023538561,423.7563698441168,1,1,1,1,0,2,2,1,1,1,0
1011000.0,101,-27.073197,-78.395806,1.794415,4.676149,102,-27.074096,-78.391662,-1.181767,2.91523,424.635178,3,-1,1,8,103.69356987667685,-76.30831620439267,101.89915487667685,-75.12654920439267,2.9761819999999943,-2.7636999999999912e-05,0.206550268047706,1.7592459754207335,412.5652175379972,-100.52350806113326,-29.182554599751928,421.4725234315516,1,1,1,1,0,2,2,1,1,1,0
1012000.0,101,-27.073157,-78.395803,1.99774,4.644749,102,-27.074082,-78.391668,-1.615585,2.856615,424.724577,3,-1,1,8,104.10345039820722,-75.89843158497065,102.10571039820722,-74.28284658497066,3.6133250000000317,-5.861500000000008e-05,0.2424543970528239,1.786446487433225,411.922249685075,-103.49408931052855,-26.142799157243836,422.0986404448647,1,1,1,1,2,2,2,0,1,0,0
1013000.0,101,-27.073105,-78.395817,-0.41866,4.785421,102,-27.074078,-78.391677,-2.44221,2.752642,424.774896,3,-1,1,8,104.78676644559832,-75.21511781140643,105.20542644559832,-72.77290781140643,2.02355,-0.00010397300000000031,0.0823280156103777,2.035151448394144,410.7073551413886,-108.41208744681622,-45.12579403234246,414.7537723170482,1,1,1,1,0,2,2,1,1,1,0
1014000.0,101,-27.07305,-78.395816,-0.181372,4.950564,102,-27.074056,-78.39168,-2.602601,2.742429,424.797756,3,-1,1,8,105.27926799886197,-74.72261443513585,105.46063999886196,-72.12001343513586,2.4212289999999825,-1.0212999999999805e-05,0.10885796611238105,2.210938985687801,409.78235987302185,-111.94441048812021,-41.50127783162198,414.79165437723253,1,1,1,1,2,2,2,0,1,0,0
1015000.0,101,-27.072997,-78.395814,0.184941,5.071848,102,-27.074011,-78.391677,-2.118573,2.836179,424.694869,3,-1,1,8,105.39147262373024,-74.61041026224831,105.20653162373024,-72.49183726224831,2.303514000000007,9.375e-05,0.12121790148728723,2.2375812122405248,409.4631520543816,-112.71938105143006,-40.405661500280715,414.96112937583433,1,1,1,1,2,2,2,1,1,0,0
1016000.0,101,-27.072949,-78.395811,0.518173,5.102077,102,-27.073974,-78.391674,-1.808268,2.890124,424.624877,3,-1,1,8,105.55038752867958,-74.45149535455754,105.03221452867957,-72.64322735455754,2.3264409999999884,5.3945000000000135e-05,0.1373395001161105,2.213183581869581,409.08151039254193,-113.83586439352833,-39.853685834418265,415.34667611816286,1,1,1,1,2,2,2,0,1,0,0
1017000.0,101,-27.072903,-78.395805,1.273542,5.101076,102,-27.073953,-78.391676,-1.91395,2.864941,424.460292,3,-1,1,8,105.93991103084163,-74.06196820923198,104.66636903084162,-72.14801820923198,3.18749200000002,-2.518300000000018e-05,0.2090596165998967,2.236473239199275,408.1398965027875,-116.56913985879426,-34.783650496645336,417.2176130790408,1,1,1,1,2,2,2,0,1,0,0
1018000.0,101,-27.072867,-78.395786,3.935001,4.977104,102,-27.073932,-78.391678,-1.943688,2.845718,424.310842,3,-1,1,8,106.23404579590742,-73.7678238845629,102.29904479590742,-71.8241358845629,5.8786890000000085,-1.922299999999977e-05,0.4380714235190629,2.121289992145129,407.3926083033172,-118.62104930647374,-15.53150201119687,422.96433307830637,1,1,1,1,1,2,2,0,1,0,0
1019000.0,101,-27.072816,-78.395782,3.91349,5.0689,102,-27.073924,-78.391683,-2.421777,2.761503,424.043687,3,-1,1,8,106.88786608931687,-73.1139994930966,102.97437608931688,-70.6922224930966,6.335267000000044,-8.421500000000037e-05,0.46264178771242115,2.2980439871904443,405.7568566608478,-123.18450291031796,-17.30166315537483,422.0877727780032,1,1,1,1,0,2,2,0,1,1,0
1020000.0,101,-27.07278,-78.395766,5.812464,4.94475,102,-27.073901,-78.391683,-2.310344,2.753494,423.761669,3,-1,1,8,107.13752199040815,-72.86433630803488,101.32505799040814,-70.55399230803488,8.122807999999964,-8.008999999999933e-06,0.6117676320455747,2.168071788188388,404.94675601440485,-124.86823818359738,-4.4891811623167905,423.63877389393446,1,1,1,1,1,2,2,0,1,0,0
1021000.0,101,-27.072728,-78.395763,5.498422,5.047623,102,-27.073872,-78.391681,-1.988115,2.772797,423.8018,3,-1,1,8,107.47194441352494,-72.52991342720385,101.97352241352493,-70.54179842720386,7.486536999999998,1.9303000000000293e-05,0.5798492467962294,2.253270166939629,404.2493143632429,-127.24172869026897,-9.581779161512065,423.205153461187,1,1,1,1,0,2,2,1,1,1,0
1022000.0,101,-27.072691,-78.395755,6.087309,4.931376,102,-27.073866,-78.391687,-2.502519,2.681111,423.776885,3,-1,1,8,107.97316196854983,-72.02868949901377,101.88585296854983,-69.52617049901376,8.589828000000011,-9.168600000000015e-05,0.6400081459810553,2.2250161931775487,403.0970642655455,-130.76545813326214,-6.092316159617194,423.5375751234189,1,1,1,1,2,2,2,0,1,0,0
1023000.0,101,-27.07265,-78.395737,7.954628,4.907162,102,-27.073852,-78.391689,-2.649793,2.635073,423.770216,3,-1,1,8,108.44329965829006,-71.55854270494699,100.48867165829006,-68.90874970494698,10.604421000000002,-4.60379999999998e-05,0.8009190173029413,2.2276896305601577,402.0041902650439,-134.06650207278867,4.091963916622955,423.6557911876719,1,1,1,1,1,2,2,0,0,0,0
1024000.0,101,-27.072606,-78.395722,9.11678,4.919354,102,-27.07383,-78.391689,-2.525516,2.623159,423.736028,3,-1,1,8,108.82228187073031,-71.17955366344911,99.7055018707303,-68.65403766344912,11.642295999999988,-1.1914000000000425e-05,0.8950457252906817,2.2365988730967166,401.0762616832253,-136.71157134429308,8.970763563424356,423.1601802022368,1,1,1,1,1,2,2,0,0,1,0
1025000.0,101,-27.072559,-78.395717,8.624028,4.952216,102,-27.073784,-78.39168,-1.584091,2.731174,423.734887,3,-1,1,8,108.81921972495753,-71.18261762679593,100.19519172495754,-69.59852662679593,10.20811900000001,0.00010801500000000042,0.818085500527891,2.1660939593673394,401.08248759213916,-136.68976775093427,5.847843070014956,423.5090322511108,1,1,1,1,2,2,2,1,0,0,0
1026000.0,101,-27.072514,-78.395713,8.142126,4.968564,102,-27.07377,-78.391684,-1.84135,2.679946,423.810499,3,-1,1,8,109.2961621484189,-70.70567156053573,101.1540361484189,-68.86432156053573,9.983475999999996,-5.122800000000005e-05,0.7898054904723577,2.2399176934335614,400.0021340455033,-140.04867661521186,0.38736630785922055,423.80946269462044,1,1,1,1,0,2,2,1,0,0,0
1027000.0,101,-27.072475,-78.395712,7.412545,4.873556,102,-27.073738,-78.391681,-1.486662,2.715859,423.888361,3,-1,1,8,109.38678040700174,-70.61505421002423,101.97423540700174,-69.12839221002423,8.899207000000047,3.5912999999999864e-05,0.6992116077005776,2.1178825741079037,399.85358185688034,-140.70698514107045,-3.642122685581475,423.80793012034076,1,1,1,1,0,2,2,1,1,2,0
1028000.0,101,-27.072441,-78.395713,6.435324,4.734437,102,-27.073696,-78.391675,-0.926059,2.799123,424.010188,3,-1,1,8,109.24211223055367,-70.7597255698919,102.80678823055368,-69.8336665698919,7.361382999999989,8.326399999999978e-05,0.5758828570488235,1.9058479548630785,400.3226040803691,-139.73708237295997,-8.901120328567648,423.6292692154806,1,1,1,1,0,2,2,1,1,1,0
1029000.0,101,-27.072392,-78.395712,5.668603,4.8117,102,-27.073673,-78.391678,-1.115901,2.789148,424.103543,3,-1,1,8,109.62855142226991,-70.3732845554319,103.9599484222699,-69.2573835554319,6.784504000000027,-9.974999999999844e-06,0.5295915061062875,1.9995510189918893,399.4589602645803,-142.46527383714704,-16.95612238727992,422.61998167522194,1,1,1,1,0,2,2,1,1,1,0
1030000.0,101,-27.07235,-78.395719,3.891192,4.78777,102,-27.073607,-78.391668,-0.227454,2.981431,424.22373,3,-1,1,8,109.21320612096109,-70.78863759054481,105.32201412096109,-70.56118359054481,4.1186460000000125,0.0001922830000000002,0.3367429684654368,1.7953253565314125,400.5946992641552,-139.60537244882056,-34.48391348538587,419.4652972396997,1,1,1,1,0,2,2,1,1,1,0
1031000.0,101,-27.072298,-78.395713,4.230276,4.921635,102,-27.07355,-78.391661,0.315985,3.126953,424.285297,3,-1,1,8,109.13796670347877,-70.86387745969365,104.90769070347876,-71.17986245969365,3.9142909999999915,0.0001455219999999997,0.34580031825274815,1.7813212364613964,400.83584448361194,-139.0993854317404,-32.918343439277955,419.9982502765661,1,1,1,1,2,2,2,1,1,0,0
1032000.0,101,-27.072253,-78.395721,2.555526,4.912087,102,-27.073501,-78.391658,0.556673,3.22218,424.364622,3,-1,1,8,109.0333126082371,-70.96853655827051,106.4777866082371,-71.52520955827052,1.9988529999999969,9.522699999999995e-05,0.1877124646952109,1.6851739129483803,401.16423708791996,-138.39287296269998,-54.77579787345711,414.0193467158989,1,1,1,1,0,2,2,1,1,1,0
1033000.0,101,-27.072207,-78.395733,0.496416,4.945148,102,-27.07347,-78.391661,0.324119,3.231302,424.440611,3,-1,1,8,109.205915012565,-70.79593824764807,108.709499012565,-71.12005724764806,0.17229700000001458,9.122000000000075e-06,0.0245654933359317,1.7137120959676024,400.81727126850814,-139.6257401732234,-78.10199798939688,402.7773801690225,1,1,1,1,0,2,2,1,1,1,0
1034000.0,101,-27.072156,-78.395737,-0.178707,5.033832,102,-27.073408,-78.391654,0.75919,3.389713,424.496866,3,-1,1,8,109.00311202948319,-70.99874623348963,109.1818190294832,-71.75793623348963,0.937896999999964,0.00015841100000000007,-0.060614245854319876,1.6443920799456286,401.36216499486807,-138.22446149091797,-92.95244359408963,395.9981096764614,1,1,1,1,2,2,2,0,1,1,0
1035000.0,101,-27.072114,-78.395731,0.740827,4.984017,102,-27.073402,-78.391667,-0.218057,3.270053,424.924464,3,-1,1,8,109.59301660549953,-70.40883300866709,108.85218960549953,-70.19077600866709,0.9588840000000118,-0.0001196600000000001,0.07688607687077628,1.713571070006104,400.32062863701356,-142.4927871625563,-72.51119958328756,406.3053412021514,1,1,1,1,2,2,2,0,1,0,0
1036000.0,101,-27.072067,-78.39573,0.804819,5.008038,102,-27.07336,-78.391665,-0.011672,3.33198,424.72688,3,-1,1,8,109.65877740401773,-70.34307266244784,108.85395840401773,-70.33140066244783,0.816490999999985,6.192700000000029e-05,0.07102307526953493,1.6755640069070017,399.9707525901501,-142.88568741131272,-75.00105256380876,405.6630654007531,1,1,1,1,2,2,2,1,1,1,0
1037000.0,101,-27.072029,-78.39572,2.180492,4.909214,102,-27.073306,-78.391658,0.476897,3.443643,424.556551,3,-1,1,8,109.44712345112048,-70.55472524706471,107.26663145112047,-71.0316222470647,1.703595000000007,0.00011166299999999963,0.1581211416402456,1.4621356651835749,400.3352388602612,-141.35049177032678,-66.13741095112557,413.21224221252254,1,1,1,1,1,2,2,0,1,0,0
1038000.0,101,-27.071986,-78.395717,2.367882,4.896164,102,-27.073249,-78.391649,1.034506,3.567186,424.404245,3,-1,1,8,109.2233780819096,-70.7784733438486,106.8554960819096,-71.8129793438486,1.333375999999987,0.00012354300000000018,0.13788387105612437,1.3253788361145822,400.74035808549473,-139.73592442721895,-72.99906764356324,413.0484640468042,1,1,1,1,2,2,2,1,1,1,0
1039000.0,101,-27.071947,-78.395699,4.712211,4.828175,102,-27.073206,-78.391643,1.336609,3.620107,424.138201,3,-1,1,8,109.2194883172441,-70.78235764452862,104.5072773172441,-72.11896664452861,3.375602000000015,5.2921e-05,0.3121959594498845,1.192733289519357,400.49862782913567,-139.62113971206472,-26.98136774249675,422.8008340971746,1,1,1,1,1,2,2,0,1,0,0
1040000.0,101,-27.0719,-78.395686,6.018135,4.885736,102,-27.073168,-78.391639,1.566915,3.647048,423.862593,3,-1,1,8,109.38650638894309,-70.61533547406435,103.36837138894309,-72.18225047406435,4.451219999999978,2.6940999999999883e-05,0.41250998845362785,1.2131252747649,399.8299478093843,-140.69651942897767,-3.437603110199496,423.83885655599096,1,1,1,1,1,2,2,0,1,0,0
1041000.0,101,-27.071868,-78.395671,7.632905,4.735944,102,-27.073148,-78.391641,1.392033,3.584799,423.557291,3,-1,1,8,109.63229307254407,-70.36954105181336,101.99938807254408,-71.76157405181335,6.240871999999968,-6.224899999999999e-05,0.5419685893395845,1.11023975330118,398.9351584363959,-142.30782874665184,37.046281684852744,420.93032294550414,1,1,1,1,1,2,2,0,0,1,0
1042000.0,101,-27.071823,-78.395656,8.971194,4.784065,102,-27.073113,-78.391636,1.628405,3.596214,423.554939,3,-1,1,8,109.81916469015992,-70.18266488049287,100.84797069015993,-71.81106988049287,7.342789000000039,1.1414999999999953e-05,0.6438225902015198,1.1307792174338127,398.4666841887886,-143.60740908075024,53.58274474394122,417.33685170762243,1,1,1,1,1,2,2,0,0,1,0
1043000.0,101,-27.07178,-78.395637,10.642834,4.815413,102,-27.07309,-78.391636,1.608753,3.552789,423.582277,3,-1,1,8,110.18974542063712,-69.81207550076012,99.54691142063712,-71.42082850076011,9.034081000000015,-4.3424999999999605e-05,0.789597787386349,1.1811874905122925,397.5551826104308,-146.19104681235353,66.79822852933034,411.7784227246644,1,1,1,1,1,2,2,0,0,1,0
1044000.0,101,-27.071738,-78.395635,9.562628,4.797809,102,-27.073078,-78.39164,1.290553,3.45879,423.596132,3,-1,1,8,110.64193509112107,-69.35988309793292,101.07930709112107,-70.65043609793292,8.27207500000003,-9.399900000000017e-05,0.719138229674467,1.2732289160447303,396.4020101917814,-149.3289300881656,42.7339362467419,418.59817148135727,1,1,1,1,0,2,2,1,0,0,0
1045000.0,101,-27.071694,-78.39562,10.509166,4.828878,102,-27.073076,-78.39165,0.602979,3.319193,423.659356,3,-1,1,8,111.35371247822191,-68.64809433152566,100.8445464782219,-69.25107333152566,9.906186999999989,-0.0001395970000000002,0.8458222426864741,1.428867957340938,394.57526190477506,-154.26474846546412,39.44963917114311,418.1356527326119,1,1,1,1,2,2,2,0,0,1,0
1046000.0,101,-27.071649,-78.395608,11.020943,4.86472,102,-27.073039,-78.391643,1.036943,3.353414,423.701469,3,-1,1,8,111.4906935179572,-68.51111101367349,100.4697505179572,-69.54805401367348,9.98399999999998,3.422100000000006e-05,0.8692907706630062,1.422136955199155,394.24450822831704,-155.22307355728526,41.99018896769394,417.34715480867663,1,1,1,1,2,2,2,0,0,1,0
1047000.0,101,-27.071603,-78.395608,9.500739,4.88819,102,-27.072993,-78.391634,1.624501,3.426664,423.749144,3,-1,1,8,111.44644334574575,-68.55536527906297,101.94570434574575,-70.17986627906296,7.876238000000001,7.325000000000026e-05,0.7097034246678574,1.395854240381171,394.40864512894916,-154.93597932139386,25.0282018717512,421.7979441940854,1,1,1,1,0,2,2,1,0,0,0
1048000.0,101,-27.071563,-78.395616,7.260086,4.801114,102,-27.072963,-78.391631,1.742856,3.423814,423.821017,3,-1,1,8,111.53245354279807,-68.46936008607693,104.27236754279807,-70.21221608607694,5.517229999999984,-2.8500000000000193e-06,0.5026025452931744,1.3403920078555043,394.24247392056765,-155.55425486917682,-4.936613625141757,423.759299665556,1,1,1,1,0,2,2,1,1,0,0
1049000.0,101,-27.071516,-78.395609,7.335946,4.860989,102,-27.072919,-78.391624,2.117586,3.486019,423.928187,3,-1,1,8,111.57434964482252,-68.4274639812584,104.23840364482251,-70.5450499812584,5.2183599999999615,6.220500000000006e-05,0.4918745752646737,1.3375611248894694,394.22828518173094,-155.8819004752597,-7.015464140350914,423.80460872123933,1,1,1,1,2,2,2,1,1,0,0
1050000.0,101,-27.07148,-78.395593,8.882629,4.782761,102,-27.072907,-78.391633,1.474291,3.392923,424.058624,3,-1,1,8,112.03380303981129,-67.96799920692368,103.1511740398113,-69.44229020692367,7.408338000000015,-9.309600000000007e-05,0.6512157281436668,1.33360019402066,393.0865206745274,-159.08709517986608,19.247421737822076,423.0302954709613,1,1,1,1,1,2,2,0,0,1,0
1051000.0,101,-27.071438,-78.39559,8.30935,4.756188,102,-27.072893,-78.391642,0.767946,3.310277,424.132813,3,-1,1,8,112.48503447055256,-67.51676231315282,104.17568447055257,-68.28470831315282,7.541404,-8.2646e-05,0.6429863158252186,1.3962789118943215,391.89000627332933,-162.20624539882198,10.482413862605299,423.80868522592414,1,1,1,1,0,2,2,0,0,0,0
1052000.0,101,-27.071398,-78.395588,7.535881,4.711318,102,-27.072837,-78.391634,1.26084,3.436497,424.20219,3,-1,1,8,112.23154599428553,-67.77025351712231,104.69566499428552,-69.03109351712232,6.275041000000044,0.00012622,0.5422586656305322,1.2349610359307364,392.66802252038826,-160.49710929086524,7.879991076089813,424.0618727059727,1,1,1,1,0,2,2,1,0,0,0
1053000.0,101,-27.071348,-78.395593,5.665495,4.806249,102,-27.072806,-78.391637,1.003912,3.435099,424.323685,3,-1,1,8,112.48573784332793,-67.51606257581999,106.82024284332792,-68.51997457581999,4.661583000000007,-1.3980000000000104e-06,0.41428997820379876,1.3481997300967405,392.0643758830098,-162.2840559495764,-27.903341988372897,422.43816604619957,1,1,1,1,0,2,2,1,1,1,0
1054000.0,101,-27.071297,-78.395599,3.977615,4.907115,102,-27.072778,-78.391642,0.638771,3.423398,424.363796,3,-1,1,8,112.7992064515918,-67.20259442023107,108.8215914515918,-67.84136542023107,3.3388439999999946,-1.1700999999999961e-05,0.3022250125198905,1.472109625170169,391.20762396749836,-164.44216705344763,-54.42746794096781,416.285827706938,1,1,1,1,0,2,2,1,1,1,0
1055000.0,101,-27.071262,-78.395601,3.403431,4.768864,102,-27.072726,-78.391636,1.016463,3.523094,425.321083,3,-1,1,8,112.52288775844544,-67.47891675160398,109.11945675844544,-68.49537975160398,2.3869680000000244,9.969599999999979e-05,0.22061048225032898,1.2379134308964477,392.8803934409704,-162.92028754566198,-72.3054196169641,415.3706380116907,1,1,1,1,2,2,2,1,1,1,0
1056000.0,101,-27.071217,-78.395596,3.556319,4.80397,102,-27.072673,-78.391628,1.46582,3.625609,424.938587,3,-1,1,8,112.39674187308427,-67.60506399924603,108.84042287308426,-69.07088399924602,2.0904989999999657,0.00010251499999999991,0.20524324034206481,1.1702964688121105,392.88449274644154,-161.9091661424019,-76.61324556482485,414.9471033248026,1,1,1,1,2,2,2,1,1,1,0
1057000.0,101,-27.071174,-78.395592,3.790154,4.804908,102,-27.072623,-78.39162,1.872303,3.707992,424.697313,3,-1,1,8,112.27937249442284,-67.72243519550803,108.48921849442284,-69.59473819550803,1.9178509999999847,8.23830000000001e-05,0.1964684550588559,1.0883865076194565,392.9920742209546,-161.01253761409927,-79.58341978029483,415.3447008301482,1,1,1,1,2,2,2,1,1,0,0
1058000.0,101,-27.071143,-78.395585,4.460133,4.625188,102,-27.072572,-78.391611,2.322881,3.791095,424.466943,3,-1,1,8,111.9913692996872,-68.01043929792812,107.5312362996872,-70.33332029792811,2.1372519999999895,8.310299999999993e-05,0.20602347193003478,0.8232016590613935,393.5828439320712,-158.948830326329,-68.30346808566078,420.39770883645053,1,1,1,1,1,2,2,0,1,0,0
1059000.0,101,-27.0711,-78.395578,5.047095,4.648234,102,-27.07255,-78.391613,2.132403,3.734882,424.233535,3,-1,1,8,112.32872155100718,-67.67308294863076,107.28162655100718,-69.80548594863076,2.9146920000000023,-5.6213000000000066e-05,0.2699555770612561,0.8979158747519875,392.4242441624117,-161.17476481185295,-43.45959056479709,422.21255072936276,1,1,1,1,2,2,2,0,1,0,0
1060000.0,101,-27.071067,-78.395565,6.490406,4.539232,102,-27.072516,-78.391609,2.300163,3.734583,423.859335,3,-1,1,8,112.36059602548501,-67.64120437609519,105.87019002548502,-69.94136737609519,4.1902430000000095,-2.9899999999960514e-07,0.3632143228118694,0.7785651665926938,391.9884564673748,-161.25069259686055,22.208519209249786,423.40661609624476,1,1,1,1,1,2,2,0,0,0,0
1061000.0,101,-27.07103,-78.395549,8.399348,4.508955,102,-27.072477,-78.391601,2.649411,3.761894,423.440766,3,-1,1,8,112.37355324972903,-67.62824350870928,103.97420524972902,-70.27765450870928,5.7499369999999885,2.731099999999964e-05,0.4847394936598796,0.702719098617477,391.56492031677783,-161.1800095792966,100.79562365211437,413.8550909081656,1,1,1,1,1,2,2,0,0,1,0
1062000.0,101,-27.070986,-78.39553,10.196192,4.579298,102,-27.072443,-78.391596,2.898896,3.761848,423.42565,3,-1,1,8,112.58485518225537,-67.41693520225812,102.38866318225537,-70.31583120225811,7.297296000000017,-4.599999999976845e-08,0.6203736972054275,0.7499447820449476,390.9538840210384,-162.61716282971798,120.93172835183148,404.94197345170187,1,1,1,1,1,2,2,0,0,1,0
1063000.0,101,-27.070934,-78.395511,11.459159,4.766536,102,-27.072441,-78.391606,2.215261,3.607578,423.415938,3,-1,1,8,113.43278360685092,-66.5689935780147,101.97362460685092,-68.7842545780147,9.243898000000002,-0.00015426999999999992,0.8075175721769865,1.0666406755676245,388.4956546942799,-168.38106436319575,71.05984425097935,411.41014919304064,1,1,1,1,2,2,2,0,0,0,0
1064000.0,101,-27.070885,-78.395495,12.125626,4.880912,102,-27.072418,-78.391604,2.281146,3.56551,423.361713,3,-1,1,8,113.86851414890236,-66.1332566623438,101.74288814890237,-68.4144026623438,9.844480000000033,-4.206799999999999e-05,0.8833462214545773,1.2093313525618168,387.154318635379,-171.30870846594402,56.89192881652308,413.7073042925212,1,1,1,1,2,2,2,0,0,0,0
1065000.0,101,-27.070846,-78.395471,14.184514,4.857868,102,-27.072409,-78.39161,1.835776,3.452461,423.316764,3,-1,1,8,114.44871189194382,-65.55304526465564,100.26419789194381,-67.38882126465563,12.348737999999969,-0.00011304900000000017,1.0797988984014135,1.2590704252677813,385.35884610328185,-175.20171920782857,66.62617140062859,406.6405814038016,1,1,1,1,1,2,2,0,0,1,0
1066000.0,101,-27.070802,-78.395456,14.601819,4.887502,102,-27.072392,-78.391612,1.695755,3.386449,423.313997,3,-1,1,8,114.91695725397312,-65.08479216404531,100.31513825397312,-66.78054716404532,12.906063999999958,-6.601200000000018e-05,1.1319272142645398,1.3446754684373454,383.9116612893132,-178.34398330808813,59.035109129759626,408.6173837371725,1,1,1,1,2,2,2,0,0,0,0
1067000.0,101,-27.070756,-78.39544,14.931515,4.952702,102,-27.072388,-78.391622,0.956181,3.258425,423.35791,3,-1,1,8,115.643879668262,-64.35785791557593,100.712364668262,-65.31403891557594,13.975333999999975,-0.0001280239999999999,1.2217587717087024,1.527500274420499,381.65772798765295,-183.2192637985177,45.68885875305764,412.5327687629256,1,1,1,1,2,2,2,0,0,0,0
1068000.0,101,-27.070716,-78.395425,15.371577,4.91651,102,-27.072386,-78.391634,0.014031,3.128169,423.438052,3,-1,1,8,116.32333853967671,-63.67838675515426,100.95176153967671,-63.69241775515426,15.357546000000013,-0.0001302559999999997,1.3024917106656029,1.6124628864599422,379.53001493218244,-187.76781312869383,41.825574344692846,413.2690464740592,1,1,1,1,2,2,2,0,0,0,0
1069000.0,101,-27.070674,-78.395421,14.109189,4.873534,102,-27.072378,-78.391644,-0.791964,3.032321,423.527412,3,-1,1,8,116.87046286114312,-63.13125606082221,102.76127386114312,-62.33929206082221,14.901153000000022,-9.584800000000016e-05,1.2299366449343232,1.6944824398759857,377.79943278034256,-191.42376369267532,30.28812256756733,418.20817096882234,1,1,1,1,0,2,2,1,0,0,0
1070000.0,101,-27.070632,-78.39543,11.164598,4.812001,102,-27.07236,-78.391651,-1.258777,2.989544,423.64258,3,-1,1,8,117.1825413345051,-62.81917849584208,106.0179433345051,-61.56040149584208,12.423375000000021,-4.277700000000007e-05,0.9974135027081578,1.7321112498934004,376.8536357304314,-193.53132259614137,9.796043156694306,423.154550383933,1,1,1,1,0,2,2,1,0,0,0
1071000.0,101,-27.070587,-78.395429,9.802019,4.815424,102,-27.072305,-78.39164,-0.330336,3.1198,423.78145,3,-1,1,8,116.98635720578885,-63.015367172687554,107.18433820578885,-62.68503117268755,10.132354999999961,0.00013025600000000014,0.8377850714522851,1.6253798104777695,377.63783703648073,-192.30283773910074,1.1030464370373854,423.77632221773655,1,1,1,1,0,2,2,1,0,0,0
1072000.0,101,-27.07054,-78.395433,7.920843,4.859372,102,-27.072261,-78.391635,0.021311,3.193008,423.903061,3,-1,1,8,116.97180791285346,-63.029920558853824,109.05096491285346,-63.05123155885382,7.899531999999965,7.320799999999972e-05,0.6684574648352697,1.6200028879267503,377.79504025683985,-192.262093722352,-18.728125630233766,422.5682234402264,1,1,1,1,0,2,2,1,1,1,0
1073000.0,101,-27.070494,-78.395438,6.215201,4.870055,102,-27.072241,-78.391644,-0.677652,3.154012,423.949156,3,-1,1,8,117.34522070656847,-62.65650594273028,111.13001970656848,-61.978853942730275,6.892853000000002,-3.899600000000003e-05,0.5645497343374745,1.6876387559871966,376.57494343000997,-194.7413640031237,-36.10362373271726,418.9039995028965,1,1,1,1,0,2,2,1,1,1,0
1074000.0,101,-27.070443,-78.395446,4.11897,4.969974,102,-27.072221,-78.391655,-1.45838,3.116186,424.071658,3,-1,1,8,117.77716593552016,-62.224559346390606,113.65819593552015,-60.76617934639061,5.577349999999967,-3.782599999999991e-05,0.43629109009793365,1.8419602431276525,375.20451272877295,-197.6318414295455,-55.58825701366926,410.6540919787461,1,1,1,1,0,2,2,1,1,1,0
1075000.0,101,-27.0704,-78.395459,1.751029,4.924564,102,-27.07217,-78.39165,-0.950957,3.22463,424.137876,3,-1,1,8,117.55929123181103,-62.44244223916628,115.80826223181103,-61.49148523916628,2.7019860000000335,0.00010844399999999998,0.2039950571900977,1.6980785729842522,376.0120235570902,-196.23428853870988,-87.61299461916084,396.73368089899935,1,1,1,1,0,2,2,1,1,1,0
1076000.0,101,-27.070362,-78.395466,0.514534,4.835708,102,-27.072151,-78.39166,-1.718661,3.1769,425.487182,3,-1,1,8,117.82960249920617,-62.17212960477431,117.31506849920618,-60.453468604774315,2.2331950000000234,-4.773000000000005e-05,0.13870651857256544,1.6600421556013814,376.2752891461516,-198.63597062033148,-100.13820259777032,391.50826902107974,1,1,1,1,0,1,2,1,1,1,0
1077000.0,101,-27.070324,-78.395468,0.061671,4.756108,102,-27.072111,-78.391657,-1.405616,3.230388,425.488991,3,-1,1,8,117.77212208092145,-62.22961229621773,117.71045108092144,-60.82399629621773,1.467286999999999,5.3488000000000203e-05,0.08436124833669176,1.5266893003224875,376.47597646373754,-198.25922578249273,-115.99022285745887,386.8412072427525,1,1,1,1,2,2,2,1,1,1,0
1078000.0,101,-27.070274,-78.395463,0.85473,4.861994,102,-27.072093,-78.391666,-2.026697,3.176257,425.028881,3,-1,0,8,118.28135134749625,-61.720376656301596,117.42662134749625,-59.6936796563016,2.8814270000000306,-5.4130999999999926e-05,0.18485665598645812,1.6871828953401389,374.29386916669955,-201.3793663420704,-94.06201835317253,394.0002815801394,1,1,1,1,2,2,2,0,1,0,0
1079000.0,101,-27.070229,-78.395455,1.984272,4.871203,102,-27.072062,-78.391665,-1.87784,3.188447,424.692854,3,-1,1,8,118.50933691738913,-61.49238789845988,116.52506491738913,-59.61454789845988,3.862111999999968,1.2189999999999924e-05,0.2731471893526781,1.6815473873267832,373.1943195965156,-202.70673412484138,-82.3102789111108,400.86736644508653,1,1,1,1,1,2,2,0,1,0,0
1080000.0,101,-27.070193,-78.395447,2.839867,4.761589,102,-27.072067,-78.391688,-3.656297,3.032177,424.345778,3,-1,1,8,119.24425378080758,-60.757456926116475,116.40438678080758,-57.10115992611647,6.496164000000022,-0.00015627000000000013,0.4292769955435887,1.7297361606663797,370.2607897193014,-207.30722829381648,-62.98628916592433,409.2932788201138,1,1,1,1,2,2,2,0,1,0,0
1081000.0,101,-27.070157,-78.395444,3.03744,4.667204,102,-27.072033,-78.391683,-3.091144,3.063406,423.967453,3,-1,1,8,119.25730861935257,-60.744402995708455,116.21986861935257,-57.653258995708455,6.128583999999989,3.122900000000017e-05,0.4125006942818304,1.6016983535118565,369.8834817051712,-207.2066870662418,-65.55429709687473,409.8728708784845,1,1,1,1,2,2,2,1,1,0,0
1082000.0,101,-27.07012,-78.395433,4.379576,4.598889,102,-27.072018,-78.391689,-3.538706,3.001707,423.531817,3,-1,1,8,119.65445994546909,-60.34724393148301,115.27488394546909,-56.80853793148301,7.9182819999999765,-6.169899999999995e-05,0.5364615547732715,1.589476678656605,368.0597552294095,-209.55003362392625,-48.06611267057167,415.74405773321774,1,1,1,1,1,2,2,0,1,0,0
1083000.0,101,-27.070076,-78.395412,7.057166,4.662177,102,-27.071988,-78.391685,-3.05075,3.013615,423.482705,3,-1,1,8,119.94849024301153,-60.053205895203256,112.89132424301154,-57.002455895203255,10.107915999999989,1.1908000000000029e-05,0.7331791362846564,1.617512583740874,366.9369909818648,-211.41155617253258,-22.788282908023007,421.4872791493512,1,1,1,1,1,2,2,0,1,0,0
1084000.0,101,-27.070028,-78.395402,7.591009,4.758157,102,-27.071978,-78.391693,-3.643485,2.936202,423.417668,3,-1,1,8,120.55990114880069,-59.44178679601532,112.96889214880069,-55.79830179601532,11.234493999999984,-7.741299999999996e-05,0.8151462059795886,1.7861905475219406,364.604137720932,-215.28201116520134,-22.321973111093552,421.075542627742,1,1,1,1,2,2,2,0,1,1,0
1085000.0,101,-27.069992,-78.395373,11.13889,4.713188,102,-27.071959,-78.391695,-3.684492,2.900055,423.39834,3,-1,1,8,120.98992020141498,-59.01175363388426,109.85103020141497,-55.32726163388426,14.823381999999981,-3.6147000000000154e-05,1.0968952099748441,1.7303391161625212,362.96157005779946,-218.00241506903717,4.825233004600251,423.27539628640034,1,1,1,1,1,2,2,0,0,0,0
1086000.0,101,-27.069955,-78.39535,13.437619,4.682577,102,-27.071921,-78.391685,-2.637986,2.952582,423.351593,3,-1,1,8,121.06664787288071,-58.93502004407025,107.62902887288071,-56.29703404407025,16.075604999999996,5.2526999999999994e-05,1.2240613365017734,1.6049313944841508,362.6292646829762,-218.46415653631058,21.831111245569627,420.82814995941004,1,1,1,1,1,2,2,0,0,1,0
1087000.0,101,-27.069918,-78.395326,15.445893,4.66173,102,-27.071899,-78.391684,-2.520968,2.930842,423.411373,3,-1,1,8,121.41969698872946,-58.5819604594349,105.97380398872946,-56.0609924594349,17.966860999999994,-2.173999999999987e-05,1.3704635021521028,1.5653539415348865,361.32725588903287,-220.7256327150214,32.643853102798744,417.27447643120007,1,1,1,1,1,2,2,0,0,1,0
1088000.0,101,-27.069872,-78.3953,17.263716,4.778796,102,-27.071885,-78.39169,-2.938954,2.875085,423.449791,3,-1,1,8,122.05661592247543,-57.945026961055014,104.79289992247543,-55.00607296105501,20.202670000000012,-5.575700000000028e-05,1.5656153538581665,1.6922026328519748,358.8838821967764,-224.74893681019714,32.02915158947313,416.09121431071804,1,1,1,1,1,2,2,0,0,1,0
1089000.0,101,-27.069837,-78.395279,18.45569,4.724746,102,-27.071877,-78.391703,-3.972877,2.789819,423.536753,3,-1,1,8,122.64677027290054,-57.35485713627167,104.19108027290054,-53.38198013627167,22.428566999999987,-8.526599999999984e-05,1.6890088418092843,1.698631504706381,356.62316414369735,-228.4804147797366,34.93970926455125,414.0262009914639,1,1,1,1,1,2,2,0,0,1,0
1090000.0,101,-27.069801,-78.395266,18.528857,4.656144,102,-27.071842,-78.391697,-3.258577,2.838046,423.601812,3,-1,1,8,122.71054134127033,-57.29108288032263,104.18168434127033,-54.032505880322624,21.78743400000002,4.82269999999998e-05,1.6409607660980072,1.581329467524069,356.4233825318095,-228.9123577141844,40.06584420126978,412.2070055977079,1,1,1,1,2,2,2,1,0,1,0
1091000.0,101,-27.069766,-78.395265,16.650948,4.534738,102,-27.071793,-78.391686,-2.093371,2.945789,423.710367,3,-1,1,8,122.45883724558314,-57.54279152453397,105.80788924558314,-55.44942052453397,18.74431899999996,0.00010774300000000015,1.4069897023816116,1.4007650262408373,357.51716314439,-227.40262346873297,43.88454890431709,413.4363585068537,1,1,1,1,0,2,2,1,0,0,0
1092000.0,101,-27.069723,-78.395278,12.50945,4.510729,102,-27.071748,-78.391679,-1.386399,3.032705,423.851954,3,-1,1,8,122.28886919242838,-57.712768677126796,109.77941919242838,-56.3263696771268,13.895848999999998,8.691599999999999e-05,1.0504026571981924,1.3718284171199948,358.30987221090203,-226.41668309960102,21.008786292831452,422.14310681637994,1,1,1,1,0,2,2,1,0,0,0
1093000.0,101,-27.069667,-78.395289,8.778839,4.68591,102,-27.071701,-78.391672,-0.798216,3.123289,423.988337,3,-1,1,8,122.27452072399362,-57.72712533424233,113.49568172399361,-56.928909334242334,9.57705500000003,9.058400000000022e-05,0.7586782255835225,1.5080277923408607,358.481873796887,-226.3997704749242,-23.686407583853885,421.9895160190347,1,1,1,1,0,2,2,1,1,1,0
1094000.0,101,-27.069629,-78.395304,5.444074,4.597147,102,-27.071664,-78.391673,-0.823739,3.164306,424.122193,3,-1,1,8,122.18736370817125,-57.81428871920653,116.74328970817125,-56.99054971920653,6.26781299999999,4.101699999999964e-05,0.48164174698367723,1.4124315707866533,358.93913676449796,-225.92549810476513,-64.82836487456905,412.64983249783495,1,1,1,1,0,2,2,1,1,1,0
1095000.0,101,-27.069579,-78.395306,4.280204,4.723948,102,-27.071598,-78.391658,0.334607,3.344544,424.18834,3,-1,1,8,121.86370418378594,-58.13795597676005,117.58350018378594,-58.472562976760045,3.9455970000000207,0.00018023800000000013,0.3330360249987662,1.3662858460236618,360.26581816705203,-223.92920321472187,-93.19267471760891,403.05005035075504,1,1,1,1,0,2,2,1,1,1,0
1096000.0,101,-27.069538,-78.395328,0.458717,4.678009,102,-27.071545,-78.391651,0.785369,3.451367,424.233258,3,-1,1,8,121.50826620159609,-58.49340715383829,121.0495492015961,-59.278776153838294,0.32665200000002415,0.0001068229999999999,-0.009855044174153477,1.2268163078503687,361.68633145037904,-221.71345208457944,-183.12228986741547,359.89369430882886,1,1,1,1,0,2,2,1,1,1,0
1097000.0,101,-27.069494,-78.395341,-1.678903,4.709393,102,-27.071501,-78.391647,0.995251,3.513296,425.938088,3,-1,1,8,121.39062724573742,-58.61105384360932,123.06953024573743,-59.60630484360932,2.6741539999999873,6.192900000000012e-05,-0.19900101239973755,1.1946053540209198,363.5960922622267,-221.85837036437024,-229.79005712431425,322.19848618068505,1,1,1,1,0,1,2,0,1,1,0
1098000.0,101,-27.069447,-78.395358,-3.910944,4.784482,102,-27.071469,-78.391649,0.810001,3.515324,426.295039,3,-1,0,8,121.4771422871757,-58.52454562621068,125.3880862871757,-59.33454662621068,4.720944999999972,2.028000000000141e-06,-0.3760248182193865,1.258367509441214,363.56510302800325,-222.59352222436502,-239.78220979020588,284.62495856640635,1,1,1,1,0,2,2,0,1,1,0
1099000.0,101,-27.069403,-78.395355,-2.923277,4.7904,102,-27.071429,-78.391645,1.06384,3.554301,426.186079,3,-1,0,8,121.52069593157499,-58.480992434467744,124.44397293157499,-59.54483243446774,3.987117000000012,3.897700000000004e-05,-0.3102947870634764,1.2304780118225587,363.3029094353886,-222.81285853643203,-239.2666266057309,297.7952425285909,1,1,1,1,1,2,2,1,1,0,0
1100000.0,101,-27.069367,-78.395348,-1.632775,4.681266,102,-27.071407,-78.391651,0.632018,3.507005,426.075754,3,-1,0,8,121.7867807191963,-58.21490172908478,123.4195557191963,-58.84691972908478,2.2647929999999974,-4.7296000000000226e-05,-0.17206965362766435,1.1725736710102872,362.17046230608514,-224.43953390538198,-231.42995688997334,325.74657112453065,1,1,1,1,1,2,2,1,1,0,0
1101000.0,101,-27.069333,-78.395324,2.345593,4.564525,102,-27.071346,-78.391631,1.84589,3.647741,425.946791,3,-1,0,8,121.47359557333202,-58.52808505187554,119.12800257333203,-60.37397505187554,0.4997030000000109,0.00014073599999999998,0.06931337123468201,0.9148524640057474,363.2818672235337,-222.38919422890245,-211.45162925038628,379.0448535403967,1,1,1,1,1,2,2,1,1,0,0
1102000.0,101,-27.0693,-78.395301,5.741734,4.465924,102,-27.071317,-78.391629,1.904179,3.631236,425.776913,3,-1,0,8,121.67006429506158,-58.33160677161165,115.92833029506158,-60.23578577161165,3.837555000000009,-1.6504999999999992e-05,0.32613222794962343,0.8142874757800822,362.3725738916776,-223.54439678714883,-81.26644160208866,419.5116774368889,1,1,1,1,1,2,2,0,1,0,0
1103000.0,101,-27.069262,-78.395286,7.46791,4.459012,102,-27.071294,-78.391631,1.723486,3.580843,425.53745,3,-1,0,8,121.97937613246644,-58.02228719608081,114.51146613246644,-59.74577319608081,5.744424000000038,-5.0392999999999685e-05,0.4718444216975691,0.8419667322400488,360.95737082800895,-225.37057881949391,-20.213137758284766,425.0610368159217,1,1,1,1,1,2,2,0,1,0,0
1104000.0,101,-27.069214,-78.395267,9.32917,4.60266,102,-27.071285,-78.391642,0.940968,3.46889,425.310775,3,-1,1,8,122.68497003862112,-57.316679635863906,113.35580003862111,-58.257647635863904,8.388201999999978,-0.0001119530000000002,0.6891528340000076,1.0733598559525017,357.96386433056784,-229.67613538334237,0.09852037939791426,425.3107549582172,1,1,1,1,1,2,2,0,0,0,0
1105000.0,101,-27.069166,-78.395233,13.083167,4.764631,102,-27.071266,-78.391645,0.745947,3.411104,425.16755,3,-1,1,8,123.31736790429525,-56.68426493023866,110.23420090429525,-57.43021193023866,12.337220000000002,-5.7786000000000114e-05,1.0341377236008789,1.2301382423923788,355.2873938219525,-233.53439439236212,29.307600902858127,422.24232886819544,1,1,1,1,1,2,2,0,0,1,0
1106000.0,101,-27.069125,-78.395196,16.97967,4.827505,102,-27.071225,-78.391631,1.654755,3.46312,425.044855,3,-1,1,8,123.48668940519067,-56.51493296021925,106.50701940519068,-58.16968796021925,15.324914999999976,5.201600000000006e-05,1.30978350399814,1.155390717278158,354.4933690870556,-234.51562855229835,58.74698799527371,410.4548254090346,1,1,1,1,1,2,2,0,0,1,0
1107000.0,101,-27.069081,-78.395172,18.127517,4.906849,102,-27.071185,-78.391618,2.43715,3.503286,424.977704,3,-1,1,8,123.61845287617857,-56.38316448098516,105.49093587617857,-58.82031448098516,15.690367000000037,4.0166000000000144e-05,1.3777102502129623,1.1631873303884936,353.8971955515581,-235.29305956158987,60.60210512639242,408.19499245034876,1,1,1,1,1,2,2,0,0,1,0
1108000.0,101,-27.069038,-78.395152,18.786268,4.932328,102,-27.071174,-78.391626,1.845489,3.407111,424.97139,3,-1,1,8,124.22879367579479,-55.772810937606906,105.4425256757948,-57.618299937606906,16.94077900000002,-9.617500000000012e-05,1.478677418121195,1.2642217193365033,351.36549444505624,-239.04596133780058,52.8354443349243,410.1202713851662,1,1,1,1,2,2,2,0,0,0,0
1109000.0,101,-27.069001,-78.395136,19.050865,4.862722,102,-27.071156,-78.39163,1.536753,3.344984,424.990037,3,-1,1,8,124.61735569361822,-55.384239816730776,105.56649069361822,-56.920992816730774,17.51411200000001,-6.212699999999982e-05,1.4975221521552164,1.2526058073380222,349.7516380619118,-241.43388996218155,53.424683837361584,409.68964235959487,1,1,1,1,2,2,2,0,0,1,0
1110000.0,101,-27.068957,-78.395121,18.759557,4.893465,102,-27.071138,-78.391635,1.150571,3.287455,425.065715,3,-1,1,8,125.09330323005392,-54.9082831769911,106.33374623005392,-56.0588541769911,17.60898599999996,-5.752900000000016e-05,1.5077138928927967,1.3467148332285013,347.79595963355877,-244.37436962789943,44.02428024215218,414.01462484685266,1,1,1,1,0,2,2,0,0,0,0
1111000.0,101,-27.06891,-78.395119,16.638334,4.905229,102,-27.071131,-78.391652,-0.131146,3.177869,425.078099,3,-1,1,8,125.73291948708514,-54.26865827197528,109.09458548708514,-54.13751227197528,16.769479999999987,-0.00010958600000000018,1.4117855485276354,1.5219923654846097,345.05634655260786,-248.24888308554458,23.6496902013886,421.81911036477965,1,1,1,1,0,2,2,1,0,0,0
1112000.0,101,-27.068865,-78.395122,13.995095,4.887072,102,-27.071121,-78.391669,-1.479157,3.088516,424.938784,3,-1,1,8,126.26915375318974,-53.732417633290886,112.27405875318973,-52.253260633290886,15.474251999999979,-8.935300000000001e-05,1.2616085371102141,1.6545194229690843,342.60557164889497,-251.38494867937612,3.5723538899609215,424.8666453439045,1,1,1,1,0,2,2,1,0,0,0
1113000.0,101,-27.068828,-78.395133,10.932884,4.74329,102,-27.071098,-78.391679,-2.169384,3.067701,424.150898,3,-1,1,8,126.4304369827002,-53.57113485725502,115.4975529827002,-51.40175085725502,13.102267999999981,-2.0814999999999807e-05,1.015731883003824,1.5916970573732492,341.2626697538204,-251.88047662870042,-14.684484175752273,423.17660643565574,1,1,1,1,0,2,2,1,1,1,0
1114000.0,101,-27.068797,-78.39514,8.762721,4.555013,102,-27.071059,-78.391678,-1.974783,3.1212,425.184132,3,-1,1,8,126.27058847988852,-53.73098699881656,117.50786747988852,-51.75620399881656,10.737504000000001,5.349899999999996e-05,0.801478967444678,1.3824992839524444,342.79708411182634,-251.53867541398645,-27.828910627437246,422.72426185734,1,1,1,1,0,1,2,1,1,1,0
1115000.0,101,-27.068765,-78.395156,5.390685,4.403445,102,-27.071026,-78.391683,-2.252838,3.145228,421.775105,3,-1,1,8,126.17185998113925,-53.829720501600576,120.78117498113924,-51.57688250160058,7.643523000000016,2.4027999999999937e-05,0.5373247951036707,1.241172646472136,340.47807266298173,-248.935576472031,-68.15184504846489,411.3547986837479,1,1,1,1,0,0,2,1,1,1,0
1116000.0,101,-27.068736,-78.395178,1.094276,4.228017,102,-27.070995,-78.391691,-2.724718,3.158663,418.849845,3,-1,1,8,126.03797814182052,-53.96360871041987,124.94370214182052,-51.23889071041987,3.818993999999975,1.3435000000000308e-05,0.23089935679115706,1.072153910957752,338.6933803040078,-246.41831667870954,-155.18528108608362,382.9818892504858,1,1,1,1,0,0,2,1,1,1,0
1117000.0,101,-27.06872,-78.395193,-1.662398,3.914663,102,-27.070947,-78.391683,-2.002567,3.251545,419.075113,3,-1,1,8,125.47175946391694,-54.52983785334884,127.13415746391694,-52.52727085334884,0.34016900000000305,9.288199999999991e-05,5.752877871610662e-05,0.6634562145765264,341.29546028657904,-243.18996509670154,-366.9165476019467,341.31665511949103,1,1,1,1,0,2,2,1,1,1,0
1118000.0,101,-27.068712,-78.395197,-2.519793,3.520009,102,-27.070927,-78.391696,-2.870386,3.206453,419.175336,3,-1,1,8,125.39500858779928,-54.606584633045074,127.91480158779927,-51.73619863304508,0.3505930000000035,-4.509199999999991e-05,0.005813224919290122,0.3141753819117681,341.70262004125937,-242.79061301387176,-754.8374315200721,346.1366005285122,1,1,1,1,0,2,2,0,1,0,0
1119000.0,101,-27.068698,-78.395197,-2.308488,3.258466,102,-27.070898,-78.391698,-2.940134,3.20897,419.245562,3,-1,1,8,125.22681195687213,-54.77478035265394,127.53529995687212,-51.83464635265394,0.6316459999999893,2.5169999999996584e-06,0.033345685046498874,0.05107560854603577,342.4712450302686,-241.82697861097628,-256.1486596507436,418.96747496920534,1,1,1,1,2,2,2,0,1,0,0
1120000.0,101,-27.068692,-78.395202,-3.433605,2.934871,102,-27.070874,-78.391703,-3.198284,3.187176,419.251668,3,-1,1,8,125.00532467438532,-54.9962676342979,128.43892967438532,-51.7979836342979,0.235320999999999,-2.179399999999987e-05,0.002042803944594135,-0.25260923723627515,343.40851154087494,-240.50479272160663,965.6781045223466,341.4530930278001,1,1,1,1,0,2,2,1,0,1,0
1121000.0,101,-27.068688,-78.3952,-2.961531,2.598659,102,-27.070844,-78.391702,-2.974341,3.192455,419.138786,3,-1,1,8,124.69093375483044,-55.31065809787838,127.65246475483043,-52.33631709787838,0.012810000000001764,5.278999999999812e-06,0.03139154097454014,-0.5929659985737747,344.630207157307,-238.55259848567036,431.84031742355825,331.5370019967114,1,1,1,1,1,2,2,1,0,1,0
1122000.0,101,-27.06869,-78.395195,-1.484512,2.240096,102,-27.070804,-78.391693,-2.141045,3.240872,418.820824,3,-1,1,8,124.1348836113655,-55.86671006055239,125.61939561136549,-53.725665060552394,0.6565330000000245,4.841700000000016e-05,0.06304409691007302,-0.9992653604807256,346.6658887705906,-235.01839115042785,255.8522603379673,331.1800780443961,1,1,1,1,1,2,2,0,0,1,0
1123000.0,101,-27.068688,-78.395206,-5.429202,1.984603,102,-27.07078,-78.391693,-2.077595,3.218591,418.378502,3,-1,1,8,123.77394855009827,-56.22765012698378,129.20315055009826,-54.15005512698378,3.3516070000000013,-2.2280999999999996e-05,-0.07109127603295222,-1.2407754331932817,347.7718255210641,-232.58402419235628,171.87967836944054,360.5090282959198,1,1,1,1,0,2,2,0,0,0,0
1124000.0,101,-27.068686,-78.395204,-4.538265,1.757089,102,-27.070756,-78.391693,-2.001076,3.192107,417.957733,3,-1,1,8,123.5096283067916,-56.49196945938982,128.0478933067916,-54.490893459389824,2.537189000000012,-2.6483999999999952e-05,-0.027566599974745087,-1.4385803411839277,348.49025701550806,-230.74489667111692,156.18004395223096,352.8477789471158,1,1,1,1,1,2,2,1,0,1,0
1125000.0,101,-27.068678,-78.395209,-6.30195,1.648531,102,-27.070714,-78.391679,-0.881968,3.256212,417.543686,3,-1,1,8,122.93300901514888,-57.068597396101175,129.2349590151489,-56.186629396101175,5.4199820000000045,6.410500000000008e-05,-0.13083448939242187,-1.617256934475186,350.4472523358941,-227.00099790240733,122.7694462995132,367.61237257150196,1,1,1,1,0,2,2,0,0,0,0
1126000.0,101,-27.068676,-78.395202,-2.986561,1.448691,102,-27.070658,-78.391658,0.684658,3.379525,417.17213,3,-1,1,8,122.13193737530209,-57.86967540540028,125.11849837530208,-58.55433340540028,3.671219000000008,0.000123313,-0.11586209072332053,-1.9325603561257656,353.2720316398571,-221.88162995116272,103.58053749844314,365.9174493347472,1,1,1,1,1,2,2,1,0,1,0
1127000.0,101,-27.068645,-78.395194,1.321305,1.711265,102,-27.070617,-78.391645,1.562822,3.430256,416.897714,3,-1,1,8,121.96525314528841,-58.03636190873375,120.64394814528842,-59.59918390873375,0.24151699999998755,5.073099999999986e-05,-0.05409320288335121,-1.7181700397932478,353.68322519481006,-220.70768032450312,121.84070256439922,360.45317991818996,1,1,1,1,1,2,2,1,0,1,0
1128000.0,101,-27.068632,-78.395181,6.813987,1.689471,102,-27.070581,-78.391635,2.174358,3.456055,416.928201,3,-1,1,8,121.68578713430713,-58.31582655317691,114.87180013430714,-60.49018455317691,4.6396290000000135,2.5799000000000127e-05,0.06932480309286351,-1.7760290813325923,354.78148057849336,-218.99594934068648,131.6979465716952,345.9726923342516,1,1,1,1,1,2,2,0,0,1,0
1129000.0,101,-27.068602,-78.395166,10.845803,1.919753,102,-27.070554,-78.391631,2.364668,3.44035,416.906863,3,-1,1,8,121.80485441594534,-58.19675426419392,110.95905141594534,-60.56142226419392,8.481134999999995,-1.570500000000008e-05,0.21928600451404662,-1.551959690874302,354.3074817677926,-219.72150732203275,174.02191078589092,320.1317594878664,1,1,1,1,1,2,2,0,0,1,0
1130000.0,101,-27.068566,-78.395158,10.905932,2.19916,102,-27.070527,-78.391629,2.422036,3.419543,416.92043,3,-1,1,8,121.96671194813865,-58.034893999848954,111.06077994813865,-60.45692999984895,8.483896000000016,-2.080700000000002e-05,0.2715651167629112,-1.2570468972343685,353.696876912158,-220.72871180245366,232.51064489554673,299.2346751848892,1,1,1,1,2,2,2,0,0,1,0
1131000.0,101,-27.06853,-78.395142,13.0648,2.463608,102,-27.070493,-78.391621,2.87925,3.433316,418.562655,3,-1,1,8,122.05139764646036,-57.95020465900253,108.98659764646035,-60.82945465900253,10.185549999999978,1.3773000000000036e-05,0.38444598877278513,-1.0291442547130822,354.7621484412655,-222.12274578256626,318.8995907751092,255.24588250612857,1,1,1,1,1,1,2,0,0,1,0
1132000.0,101,-27.06849,-78.395129,13.912682,2.736006,102,-27.070459,-78.39161,3.466145,3.454032,418.837099,3,-1,1,8,122.14475391455817,-57.85684747876623,108.23207191455816,-61.322992478766224,10.446537000000035,2.071600000000018e-05,0.4490267538566408,-0.7919729555777986,354.6321301381886,-222.8465116899672,436.4396970080812,200.6315043070737,1,1,1,1,1,2,2,0,0,1,0
1133000.0,101,-27.068436,-78.395116,13.23631,3.183906,102,-27.070442,-78.391611,3.329814,3.385183,419.119291,3,-1,1,8,122.73099107197567,-57.27060394837737,109.49468107197566,-60.60041794837737,9.906496000000004,-6.884900000000015e-05,0.5323886758576073,-0.280145553243881,352.5708782022331,-226.61587749327887,739.3831714559219,45.454565330993944,1,1,1,1,0,2,2,1,0,1,1
1134000.0,101,-27.068397,-78.395101,14.322483,3.353682,102,-27.070427,-78.391612,3.18943,3.310935,419.39442,3,-1,1,8,123.1616082202191,-56.839979517589434,108.83912522021909,-60.029409517589436,11.133052999999961,-7.424799999999988e-05,0.6454197786051621,-0.056361194364521694,351.0880817089653,-229.40976092802876,578.3473409019816,198.0602426762093,1,1,1,1,1,2,2,0,0,0,1
1135000.0,101,-27.068349,-78.395077,16.271749,3.673347,102,-27.070419,-78.391618,2.715513,3.203557,419.643431,3,-1,1,8,123.90420856193974,-56.09736552229937,107.63245956193974,-58.81287852229937,13.556236000000013,-0.00010737800000000019,0.8774730577217038,0.32624613765037225,348.2920101147986,-234.07965497164594,248.35953621384505,341.0078501044271,1,1,1,1,1,2,2,0,0,0,0
1136000.0,101,-27.068308,-78.395055,17.788501,3.840764,102,-27.070398,-78.391612,3.039106,3.165315,419.841835,3,-1,1,8,124.28324255731953,-55.71832424413773,106.49474155731953,-58.75743024413773,14.749394999999993,-3.824199999999989e-05,1.005552369352956,0.4962766164967256,346.8998056263804,-236.49036190201656,171.97846315683827,365.84809858541297,1,1,1,1,1,2,2,0,0,0,0
1137000.0,101,-27.068263,-78.39503,19.321671,4.050943,102,-27.070372,-78.391602,3.700138,3.155681,419.958195,3,-1,1,8,124.64185640291866,-55.35970357060301,105.32018540291867,-59.05984157060301,15.621533,-9.634000000000142e-06,1.1366899877395085,0.6736743084085988,345.50856090273,-238.72310296781612,122.45198598651508,381.7682534564174,1,1,1,1,1,2,2,0,0,0,0
1138000.0,101,-27.068217,-78.394994,22.089016,4.302021,102,-27.070369,-78.39161,3.071655,3.032123,419.9522,3,-1,1,8,125.53389799248264,-54.46764195678102,103.44488199248264,-57.53929695678102,19.017360999999994,-0.00012355800000000007,1.4552847621714697,0.9584890824111656,341.7452634564237,-244.06971379083387,79.02062114491298,392.0370596760186,1,1,1,1,1,2,2,0,0,0,0
1139000.0,101,-27.06818,-78.39497,23.158732,4.355284,102,-27.07035,-78.391603,3.504245,2.996248,419.88996,3,-1,1,8,125.8968497002576,-54.10468251137635,102.7381177002576,-57.60892751137635,19.65448699999996,-3.5874999999999876e-05,1.5297070319251809,1.0136843404222922,340.1418889833234,-246.19316373055145,72.88043497187027,393.3561234491517,1,1,1,1,1,2,2,0,0,0,0
1140000.0,101,-27.068138,-78.394951,22.910036,4.445089,102,-27.070346,-78.391611,2.898998,2.882304,419.936473,3,-1,1,8,126.59105232865826,-53.41046759495938,103.68101632865826,-56.30946559495938,20.011037999999985,-0.00011394400000000005,1.5846339137853398,1.2158327278182726,337.1714352724353,-250.32391933653824,52.15603948069565,403.99619985398647,1,1,1,1,0,2,2,0,0,0,0
1141000.0,101,-27.068103,-78.394915,25.886828,4.514072,102,-27.070308,-78.39159,4.405425,2.944894,419.886078,3,-1,1,8,126.67722677675914,-53.324286318937276,100.79039877675913,-57.72971131893728,21.481403,6.259000000000014e-05,1.744613726376002,1.1249285085201821,336.7541424593599,-250.80064998855806,63.57072716295176,393.56448145798913,1,1,1,1,1,2,2,0,0,1,0
1142000.0,101,-27.068055,-78.394891,25.470936,4.684281,102,-27.070312,-78.391605,3.131602,2.796613,419.84773,3,-1,1,8,127.64549661255207,-52.355998734414335,102.17456061255207,-55.487600734414336,22.339334000000008,-0.00014828100000000032,1.8617122765157483,1.4365487255847906,332.4374891464809,-256.43212005545695,40.57983701690099,406.2577075618795,1,1,1,1,0,2,2,0,0,0,0
1143000.0,101,-27.068008,-78.394871,24.857475,4.787031,102,-27.070295,-78.391602,3.283113,2.758591,419.870624,3,-1,1,8,128.15625156416576,-51.845236045061135,103.29877656416576,-55.128349045061135,21.574362000000008,-3.802199999999978e-05,1.8543043643604427,1.589479100839844,330.15638592787525,-259.3995021760706,30.02716721575616,411.90361256088096,1,1,1,1,0,2,2,1,0,0,0
1144000.0,101,-27.067974,-78.394858,24.286505,4.692626,102,-27.070299,-78.391622,1.505921,2.617883,419.939688,3,-1,1,8,128.89958759514474,-51.101884996227405,104.61308259514473,-52.607805996227405,22.780583999999976,-0.00014070800000000005,1.8612769539752332,1.6603506048409908,326.8170830850833,-263.7042581402414,24.675230980380903,414.39728802626905,1,1,1,1,0,2,2,0,0,0,0
1145000.0,101,-27.067926,-78.394846,22.510443,4.770454,102,-27.070294,-78.391637,0.131445,2.525917,419.992942,3,-1,1,8,129.64934197384179,-50.352118329428116,107.13889897384179,-50.483563329428115,22.378998000000024,-9.196599999999978e-05,1.8205821577759034,1.8810816475686134,323.379454160192,-267.9921639840831,11.228270844281509,418.75732730487914,1,1,1,1,0,2,2,1,0,0,0
1146000.0,101,-27.067877,-78.39484,20.31686,4.843161,102,-27.070258,-78.391626,1.142955,2.592774,419.631635,3,-1,1,8,129.7596605930218,-50.2418019834473,109.44280059302181,-51.3847569834473,19.173905000000047,6.685699999999972e-05,1.629883711093397,1.9495943364012103,322.5851077653672,-268.38322850129754,0.3603285546078295,419.63045483913226,1,1,1,1,0,2,2,1,0,0,0
1147000.0,101,-27.067842,-78.394857,15.756258,4.623676,102,-27.070235,-78.391631,0.582997,2.590374,418.54774,3,-1,1,8,129.79629600691652,-50.20517202884822,114.04003800691652,-50.788169028848216,15.173261000000025,-2.3999999999997356e-06,1.229181572680158,1.8597041671587915,321.5806517697145,-267.895679447193,-19.44918401623755,416.00281568677576,1,1,1,1,0,0,2,1,1,1,0
1148000.0,101,-27.0678,-78.394891,8.472693,4.533106,102,-27.070196,-78.391626,1.00634,2.662199,420.206952,3,-1,1,8,129.49330631738897,-50.508179463844705,121.02061331738898,-51.51451946384471,7.46635299999997,7.182500000000002e-05,0.6211426018392812,1.8218441954399731,324.2732380526934,-267.24660819541106,-75.24441234113054,393.1811096571241,1,1,1,1,0,1,2,1,1,1,0
1149000.0,101,-27.067747,-78.394902,5.398366,4.68272,102,-27.070173,-78.391636,0.09308,2.659684,420.255688,3,-1,1,8,129.834976045997,-50.16651018838163,124.436610045997,-50.25959018838163,5.305286000000024,-2.515000000000267e-06,0.436229134142887,2.0022699983636714,322.71124440432703,-269.20679046295265,-93.90541797578474,372.6265311808993,1,1,1,1,0,2,2,1,1,1,0
1150000.0,101,-27.067702,-78.394915,2.829332,4.711506,102,-27.07013,-78.391631,0.521412,2.747493,420.302852,3,-1,1,8,129.70334804126307,-50.29814638197065,126.87401604126308,-50.81955838197065,2.307920000000024,8.780900000000003e-05,0.20756226215381288,1.95838343428025,323.36513854660274,-268.4948315556005,-117.94092774632632,349.8630388600818,1,1,1,1,0,2,2,1,1,1,0
1151000.0,101,-27.06766,-78.394939,-1.319675,4.693901,102,-27.070107,-78.39164,-0.330949,2.739002,422.902059,3,-1,1,8,129.79454259189046,-50.20695865561028,131.11421759189045,-49.87600965561028,0.9887260000000424,-8.490999999999804e-06,-0.09228273416985447,1.9536996800414603,324.9344670075897,-270.67276120240297,-145.98677773399467,311.80168145881964,1,1,1,1,0,1,2,1,1,1,0
1152000.0,101,-27.067606,-78.394948,-2.366854,4.871992,102,-27.0701,-78.391664,-2.490892,2.655798,424.197829,3,-1,1,8,130.4603464139648,-49.54114800605775,132.8272004139648,-47.05025600605775,0.12403799999998455,-8.320400000000028e-05,-0.08577930335269465,2.214546996037424,322.75314825332737,-275.27114527476164,-129.77806463493755,311.856810906995,1,1,1,1,0,1,2,1,1,0,0
1153000.0,101,-27.067567,-78.394942,-1.219013,4.795171,102,-27.070074,-78.391667,-2.571342,2.669802,424.79681,3,-1,1,8,130.68518133271823,-49.31630899011896,131.90419433271822,-46.74496699011896,1.3523289999999974,1.4003999999999905e-05,0.017762827042280827,2.126971883641473,322.1246809731476,-276.92601844919517,-129.15079738073223,324.42640035030183,1,1,1,1,1,2,2,0,1,0,0
1154000.0,101,-27.067522,-78.394934,0.11923,4.826693,102,-27.070055,-78.391675,-3.277245,2.643673,425.382086,3,-1,1,8,131.1165875868721,-48.88489545334032,130.9973575868721,-45.60765045334032,3.3964750000000095,-2.6128999999999624e-05,0.16117638782370627,2.187333013672475,320.4713975577368,-279.72844409731096,-116.87629407109105,340.16255048755465,1,1,1,1,1,2,2,0,1,0,0
1155000.0,101,-27.06748,-78.39493,0.688123,4.793448,102,-27.070025,-78.391671,-2.689982,2.675269,425.93324,3,-1,0,8,131.25077617585376,-48.750706862515926,130.56265317585377,-46.060724862515926,3.378105000000005,3.159599999999996e-05,0.1831231657318903,2.120781189049183,320.22976067758435,-280.84163742806135,-118.77648889033004,343.203049608844,1,1,1,1,2,2,2,1,1,0,0
1156000.0,101,-27.067439,-78.394919,2.287427,4.763912,102,-27.070016,-78.391687,-4.125582,2.603993,426.424095,3,-1,0,8,131.84271679048902,-48.158753960088376,129.555289790489,-44.033171960088374,6.413008999999988,-7.127600000000012e-05,0.3774782792248974,2.1628705773860117,317.6769362414962,-284.46242805823306,-103.1524908805699,361.854614333333,1,1,1,1,1,2,2,0,1,0,0
1157000.0,101,-27.067398,-78.394897,5.276598,4.75831,102,-27.069981,-78.391675,-2.828953,2.657598,426.821107,3,-1,0,8,131.9972056772917,-48.004260520739315,126.7206076772917,-45.17530752073932,8.105550999999991,5.360500000000013e-05,0.5687570507038601,2.08378666381304,317.2038253984022,-285.58359640099326,-88.31345356815093,381.20948576780756,1,1,1,1,1,2,2,0,1,0,0
1158000.0,101,-27.067349,-78.394878,7.427313,4.863732,102,-27.069965,-78.391682,-3.33166,2.618683,427.081322,3,-1,0,8,132.5903181085116,-47.41113625640274,125.16300510851161,-44.07947625640274,10.758973000000026,-3.891500000000025e-05,0.7809129573743843,2.2086665503788976,314.4221617760207,-289.0279567539472,-70.65277066568174,392.7908273051722,1,1,1,1,1,2,2,0,1,0,0
1159000.0,101,-27.067299,-78.394852,10.07612,5.004167,102,-27.069921,-78.39166,-1.222263,2.711872,427.149795,3,-1,0,8,132.69146905171516,-47.30998349064544,122.61534905171516,-46.087720490645445,11.298383000000001,9.31890000000002e-05,0.9333576275272958,2.2157286827757776,313.961745913884,-289.62902042310566,-58.613986690309844,401.7951309187468,1,1,1,1,1,2,2,0,1,0,0
1160000.0,101,-27.067262,-78.394826,12.769011,4.935152,102,-27.069902,-78.391661,-1.264556,2.688734,426.956342,3,-1,0,8,133.12963108798272,-46.87180916647789,120.36062008798271,-45.60725316647789,14.033567000000005,-2.3137999999999882e-05,1.150109788477398,2.125021779230077,311.59650290730076,-291.88925528350904,-42.967831160373116,412.9942870200726,1,1,1,1,1,2,2,0,1,0,0
1161000.0,101,-27.067233,-78.394797,15.932119,4.788316,102,-27.069874,-78.391654,-0.557482,2.705102,426.641833,3,-1,1,8,133.3398951678135,-46.66153507398607,117.4077761678135,-46.10405307398607,16.489600999999993,1.636799999999994e-05,1.3407046004339427,1.8994112492976107,310.2944909413225,-292.8149288493765,-24.35841050398261,422.376705577042,1,1,1,1,1,2,2,0,1,0,0
1162000.0,101,-27.067201,-78.39477,18.455174,4.705201,102,-27.069852,-78.391653,-0.472372,2.692091,426.420337,3,-1,1,8,133.68565319856745,-46.3157652104523,115.23047919856745,-45.8433932104523,18.927546000000007,-1.3011000000000106e-05,1.5116853415071074,1.7712205879712526,308.3616534357644,-294.529106367359,-9.491156580503068,425.7565900218419,1,1,1,1,1,2,2,0,1,0,0
1163000.0,101,-27.067165,-78.39475,19.357327,4.673863,102,-27.069833,-78.391656,-0.693346,2.670063,426.317513,3,-1,1,8,134.08063351794345,-45.92077442345271,114.72330651794346,-45.227428423452714,20.050673000000018,-2.202800000000016e-05,1.5815019162818553,1.7397810158796987,306.250080201731,-296.57631440649226,-5.285185012708183,426.10627843735693,1,1,1,1,1,2,2,0,1,0,0
1164000.0,101,-27.06712,-78.394742,17.908627,4.704681,102,-27.069804,-78.391651,-0.243941,2.691413,426.277214,3,-1,1,8,134.27962066594264,-45.72178590852859,116.37099366594265,-45.47784490852859,18.15256800000003,2.134999999999998e-05,1.4581477700748475,1.7853417285745228,305.1893797552997,-297.60998918076876,-15.090256139160548,424.6374347051446,1,1,1,1,0,2,2,1,1,1,0
1165000.0,101,-27.067083,-78.394735,17.024194,4.640277,102,-27.069769,-78.391643,0.517957,2.744463,426.109145,3,-1,1,8,134.29168048418953,-45.709726543636,117.26748648418953,-46.227683543636005,16.506237,5.3050000000000266e-05,1.3337496259954815,1.6925948292059783,305.00642818755983,-297.55685543589476,-19.416342142867034,423.7441224297224,1,1,1,1,0,2,2,1,1,1,0
1166000.0,101,-27.067045,-78.394729,16.017116,4.585275,102,-27.069721,-78.391626,1.852604,2.85598,425.392344,3,-1,1,8,134.08316519559074,-45.91824683572306,118.06604919559074,-47.77085083572306,14.164512000000002,0.00011151700000000009,1.1728604397323315,1.552784288033211,305.57239801491295,-295.94620441091985,-24.916573159432893,422.21928493557823,1,1,1,1,0,2,2,1,1,1,0
1167000.0,101,-27.066996,-78.394739,12.091132,4.635109,102,-27.069716,-78.391662,-1.234187,2.756773,423.978977,3,-1,1,8,134.79125989269522,-45.21014030595878,122.70012789269522,-43.97595330595878,13.325319000000036,-9.920700000000027e-05,1.0302814375704912,1.7761487520622676,300.8886439146999,-298.7041963232848,-50.15865690653412,410.1723306757184,1,1,1,1,0,0,2,1,1,1,0
1168000.0,101,-27.066953,-78.394754,8.208706,4.615439,102,-27.069682,-78.391671,-1.910863,2.798881,422.479542,3,-1,1,8,134.8300773012748,-45.171325625851594,126.62137130127479,-43.260462625851595,10.119569000000013,4.2108000000000255e-05,0.7523170335404796,1.7708271621634588,299.6228048817165,-297.85086570856663,-79.8812157698076,392.24612976791366,1,1,1,1,0,0,2,1,1,1,0
1169000.0,101,-27.066915,-78.394773,4.417292,4.526657,102,-27.069628,-78.391662,-1.038524,2.932426,425.690404,3,-1,1,8,134.40265125290088,-45.598764413476566,129.98535925290088,-44.56024041347656,5.45581599999997,0.0001335449999999998,0.4017920946524373,1.581266500497935,304.1303813377758,-297.8540434592458,-130.0518081264713,368.1194032636492,1,1,1,1,0,1,2,1,1,1,0
1170000.0,101,-27.066861,-78.394807,-1.465957,4.71549,102,-27.069575,-78.391654,-0.354623,3.061702,425.810255,3,-1,1,8,134.0291746569689,-45.97226011891,135.4951316569689,-45.617637118910004,1.1113339999999994,0.00012927599999999995,-0.10168651895334758,1.6523032725136564,306.151608317537,-295.94858673044956,-189.63080491609477,287.3946553804598,1,1,1,1,0,2,2,1,1,1,0
1171000.0,101,-27.06682,-78.394837,-5.932719,4.714505,102,-27.069536,-78.391658,-0.611534,3.113718,428.85062,3,-1,0,8,133.8151609322666,-46.186285673003376,139.74787993226659,-45.57475167300338,5.321185000000014,5.201600000000006e-05,-0.45406086781722427,1.5757132522434962,309.44876787900364,-296.9079223135532,-222.9688982189936,215.20362127753913,1,1,1,1,0,1,2,0,1,1,0
1172000.0,101,-27.066767,-78.394835,-4.770437,4.860507,102,-27.069501,-78.391662,-0.879941,3.149188,430.635369,3,-1,0,8,134.05833495114223,-45.94310892164326,138.82877195114222,-45.063167921643256,3.8904960000000415,3.547000000000011e-05,-0.3558546893889796,1.6948531103136353,309.4684298151946,-299.45970009582953,-204.07074585527985,241.35308298599028,1,1,1,1,1,1,2,1,1,0,0
1173000.0,101,-27.066712,-78.394845,-5.364407,5.019292,102,-27.069465,-78.391663,-0.901237,3.185234,431.507311,3,-1,0,8,134.17552733464916,-45.82592063132689,139.53993433464916,-44.924683631326886,4.463170000000048,3.6045999999999804e-05,-0.41915255063069995,1.8124687108827504,309.4806341900939,-300.6996782634594,-192.8098080542749,233.8053109674127,1,1,1,1,0,2,2,0,1,1,0
1174000.0,101,-27.066668,-78.394841,-4.208237,5.00432,102,-27.069427,-78.391659,-0.609917,3.228052,432.359768,3,-1,0,8,134.23786132931457,-45.763586634643616,138.44609832931457,-45.15366963464361,3.598320000000001,4.281800000000002e-05,-0.33286271606600226,1.7629589383122233,309.7640524818789,-301.6309015585399,-195.82069888282078,248.43714382132728,1,1,1,1,1,2,2,1,1,0,0
1175000.0,101,-27.066622,-78.394828,-1.851899,5.008161,102,-27.069377,-78.391642,0.653686,3.32738,433.171315,3,-1,0,8,134.16032668033293,-45.84112310143209,136.01222568033293,-46.49480910143209,2.5055849999999964,9.932799999999986e-05,-0.19980543437696585,1.6783817797829634,310.7541444741367,-301.77682122882896,-198.7558845280848,272.9020652251431,1,1,1,1,1,2,2,1,1,0,0
1176000.0,101,-27.066586,-78.394811,0.850835,4.876756,102,-27.069349,-78.391645,0.44484,3.31755,433.914528,3,-1,0,8,134.42370285040084,-45.57773782884724,133.57286785040085,-46.02257782884724,0.40599500000001854,-9.829999999999562e-06,0.046659598659033796,1.558768289886117,309.89445434385374,-303.72231524270313,-188.6802557309462,318.84316199884785,1,1,1,1,1,2,2,1,1,0,0
1177000.0,101,-27.066539,-78.394795,3.071687,4.924134,102,-27.069302,-78.391627,1.658027,3.397341,434.554313,3,-1,0,8,134.40560358358692,-45.595838003454745,131.33391658358693,-47.25386500345474,1.413659999999993,7.979099999999972e-05,0.165562928323778,1.5211407411810383,310.4474473908236,-304.0720857879325,-175.03377815495634,341.52718496934847,1,1,1,1,1,2,2,0,1,0,0
1178000.0,101,-27.066495,-78.394784,4.393291,4.917027,102,-27.069251,-78.391603,3.154556,3.499381,435.045774,3,-1,0,8,134.21566189349073,-45.785785606779584,129.82237089349073,-48.94034160677958,1.2387349999999628,0.00010204000000000013,0.18408601649564418,1.4085009660940502,311.80601134661464,-303.3839757854292,-182.43946108010405,348.4957048037633,1,1,1,1,1,2,2,1,1,0,0
1179000.0,101,-27.066457,-78.394757,7.861054,4.869907,102,-27.069233,-78.391612,2.479186,3.433848,435.331513,3,-1,0,8,134.7487578482954,-45.25267326896339,126.88770384829542,-47.73185926896339,5.381867999999997,-6.553300000000028e-05,0.5175270679711061,1.3935089070222855,309.17271837862637,-306.473092491396,-117.80032630129915,396.55521138624295,1,1,1,1,1,2,2,0,1,0,0
1180000.0,101,-27.066423,-78.39474,9.668967,4.74463,102,-27.069229,-78.391638,0.58281,3.301193,435.338231,3,-1,0,8,135.45104632965817,-44.550365219784254,125.78207932965817,-45.133175219784256,9.086157000000014,-0.00013265499999999975,0.7633075604861663,1.376208336173117,305.3977842860139,-310.24436936615416,-75.45660562537061,417.57158635584665,1,1,1,1,1,2,2,0,1,0,0
1181000.0,101,-27.066383,-78.394715,12.168635,4.75462,102,-27.069203,-78.391637,0.670871,3.282715,434.972459,3,-1,0,8,135.81602767183668,-44.18537295491,123.64739267183668,-44.85624395491,11.497764000000018,-1.8477999999999995e-05,0.9637888198148212,1.3653005212915432,303.1603755058447,-311.92118685921605,-45.49623450013543,427.57216545822945,1,1,1,1,1,2,2,0,1,0,0
1182000.0,101,-27.06634,-78.394688,14.665846,4.814983,102,-27.06918,-78.391639,0.509653,3.251402,434.228611,3,-1,1,8,136.28933881484403,-43.71204861406078,121.62349281484403,-44.22170161406078,14.156192999999973,-3.131299999999992e-05,1.190142471657615,1.4068319270267335,300.0593189230895,-313.87719212838795,-23.356747862710964,431.8119290486366,1,1,1,1,1,2,2,0,1,0,0
1183000.0,101,-27.06631,-78.394654,18.371078,4.727532,102,-27.069166,-78.391652,-0.501185,3.181081,433.604157,3,-1,1,8,136.89436344741233,-43.10700259339122,118.52328544741233,-42.60581759339122,18.872263000000032,-7.03210000000003e-05,1.5178019565866092,1.305635097698406,296.3014933095475,-316.5722508847117,8.420375054686541,433.22486416083376,1,1,1,1,1,2,2,0,0,0,0
1184000.0,101,-27.066287,-78.394636,19.827686,4.513758,102,-27.069138,-78.391651,-0.41763,3.176632,433.057435,3,-1,1,8,137.0065857119014,-42.99477259198384,117.17889971190141,-42.577142591983836,20.245315999999946,-4.448999999999703e-06,1.5541872997329584,1.06962116690657,295.3080542005796,-316.75210359687713,31.245272973657446,428.3748728221659,1,1,1,1,1,2,2,0,0,1,0
1185000.0,101,-27.066245,-78.394615,20.314032,4.58141,102,-27.069103,-78.391645,0.097359,3.208589,432.41453,3,-1,1,8,137.22056316038137,-42.78078831608836,116.90653116038138,-42.87814731608836,20.216673000000014,3.195699999999979e-05,1.585054590600302,1.087879982593401,293.68640479803497,-317.3808774830734,30.0151950155098,427.895003630088,1,1,1,1,2,2,2,1,0,1,0
1186000.0,101,-27.066204,-78.394607,18.989467,4.576956,102,-27.069056,-78.39163,1.141463,3.292379,431.248913,3,-1,1,8,137.09326846385676,-42.90808619587461,118.10380146385675,-44.04954919587461,17.848004000000003,8.379000000000004e-05,1.4237281440256346,1.0361451269009208,293.5972480389348,-315.87383701035725,27.015602385682932,428.1790761542383,1,1,1,1,0,0,2,1,0,0,0
1187000.0,101,-27.066155,-78.394607,16.344465,4.660129,102,-27.069026,-78.391639,0.448129,3.294065,429.527598,3,-1,1,8,137.36937404451356,-42.631976518021844,121.02490904451356,-43.080105518021846,15.89633600000002,1.6859999999998543e-06,1.2856501569512542,1.1778358391661126,290.9058703821948,-316.0185627788775,0.5472939848082854,429.52638339077873,1,1,1,1,0,0,2,1,0,0,0
1188000.0,101,-27.06611,-78.394619,12.317881,4.637019,102,-27.068975,-78.391631,0.954895,3.396496,427.324974,3,-1,1,8,137.11780973597536,-42.88354992515908,124.79992873597536,-43.83844492515908,11.362985999999978,0.00010243100000000016,0.9326362225193475,1.1342460792765627,290.79171058763217,-313.12427957221627,-36.87709833653063,423.4936531696753,1,1,1,1,0,0,2,1,1,1,0
1189000.0,101,-27.066067,-78.394636,8.144932,4.603588,102,-27.068919,-78.391622,1.518829,3.513913,429.641366,3,-1,1,8,136.74017611033145,-43.26119537950444,128.59524411033144,-44.78002437950444,6.6261030000000005,0.0001174170000000001,0.5590873015525434,1.0444724976041808,294.43660775292767,-312.887819183321,-111.82883020249626,407.2703015373689,1,1,1,1,0,1,2,1,1,1,0
1190000.0,101,-27.066009,-78.394651,4.528023,4.815574,102,-27.068873,-78.391623,1.311026,3.580675,429.598088,3,-1,1,8,136.7277130235876,-43.273664834405515,132.1996900235876,-44.584690834405514,3.216996999999992,6.676199999999976e-05,0.2982486877859305,1.2208061579027327,294.4749951302882,-312.79225446975585,-184.21553436410528,360.30378197359823,1,1,1,1,0,2,2,1,1,1,0
1191000.0,101,-27.065967,-78.394673,0.667014,4.781091,102,-27.068848,-78.391652,-0.599779,3.544889,429.352829,3,-1,1,8,136.96306120472883,-43.03831346635903,136.29604720472884,-42.43853446635903,1.266793000000007,-3.578599999999987e-05,0.0927658859504205,1.2360722464433667,293.0203069895077,-313.819934774829,-234.75984102675562,315.6843815822016,1,1,1,1,0,2,2,1,1,1,0
1192000.0,101,-27.065916,-78.394685,-1.189056,4.894366,102,-27.068798,-78.391646,-0.189219,3.630459,432.041504,3,-1,0,8,136.80315446881585,-43.19822839059933,137.99221046881584,-43.00900939059933,0.9998370000000136,8.557000000000014e-05,-0.08957565456876772,1.2628728715003774,295.7354212024208,-314.9609846073141,-264.46489652022933,272.71020120861107,1,1,1,1,0,1,2,1,1,1,0
1193000.0,101,-27.065878,-78.394698,-3.005941,4.820394,102,-27.068744,-78.391633,0.639334,3.731209,433.414779,3,-1,0,8,136.40024141270777,-43.60115327548833,139.40618241270778,-44.24048727548833,3.6452750000000265,0.00010075000000000012,-0.2944128392066623,1.0827849200380393,298.8899796786731,-313.8680466426954,-337.96416247402277,206.07697179598966,1,1,1,1,0,1,2,0,1,1,0
1194000.0,101,-27.065837,-78.3947,-2.924165,4.780123,102,-27.068692,-78.391619,1.462817,3.819515,434.437032,3,-1,0,8,136.14116424116222,-43.86023772541017,139.0653292411622,-45.323054725410174,4.386981999999989,8.830599999999977e-05,-0.3413592728049738,0.9556287175975817,301.0144547109354,-313.2504314890041,-388.8035998536858,178.1053230022619,1,1,1,1,2,1,2,0,1,1,1
1195000.0,101,-27.065797,-78.394692,-1.347677,4.740414,102,-27.068672,-78.391638,0.216694,3.75142,435.435123,3,-1,0,8,136.5927768081885,-43.408612871007406,137.9404538081885,-43.6253068710074,1.5643709999999942,-6.809500000000002e-05,-0.1256788227569311,0.9877095580695587,299.22191745914233,-316.3384112846546,-352.6564643955619,256.8992193383659,1,1,1,1,1,2,2,1,1,0,0
1196000.0,101,-27.065754,-78.394684,0.074088,4.732158,102,-27.068635,-78.391635,0.437445,3.766247,436.386693,3,-1,0,8,136.69925481481422,-43.30213258729321,136.62516681481424,-43.739577587293205,0.3633570000000077,1.4826999999999924e-05,-0.022635417473812362,0.9660168124419788,299.28613356679057,-317.5864545003729,-335.88037313294257,291.76446120820503,1,1,1,1,1,2,2,1,1,0,0
1197000.0,101,-27.065716,-78.394661,3.505536,4.678117,102,-27.068618,-78.391652,-0.710559,3.687737,437.263154,3,-1,0,8,137.28419411999107,-42.7171750793804,133.77865811999106,-42.00661607938039,4.216094999999996,-7.851000000000007e-05,0.33177601759745945,0.9819103351505154,296.62287427830813,-321.269258256844,-200.51019542542045,383.8592575920188,1,1,1,1,1,2,2,0,1,0,0
1198000.0,101,-27.065676,-78.394651,4.62508,4.654729,102,-27.068597,-78.391664,-1.467062,3.626203,438.027947,3,-1,0,8,137.67986722134233,-42.32149196590037,133.05478722134234,-40.85442996590037,6.092142000000024,-6.153399999999998e-05,0.46817417604649914,1.0145573409329858,294.91211223000033,-323.8754828835837,-150.9256367757085,403.48370684214257,1,1,1,1,1,2,2,0,1,0,0
1199000.0,101,-27.06564,-78.394638,6.250679,4.584143,102,-27.06856,-78.391653,-0.647445,3.649887,438.634324,3,-1,0,8,137.68919524970283,-42.31216302577485,131.43851624970284,-41.66471802577485,6.898123999999996,2.368400000000026e-05,0.54035834186688,0.9072365163720835,295.2675637143712,-324.37191001860305,-118.23509551701196,419.6762133033461,1,1,1,1,1,2,2,0,1,0,0
1200000.0,101,-27.065609,-78.394601,11.478075,4.499404,102,-27.068541,-78.391663,-1.326032,3.581581,439.022539,3,-1,0,8,138.25824134201608,-41.74309554572165,126.78016634201607,-40.41706354572165,12.804106999999988,-6.83060000000002e-05,0.9782329891480936,0.828798229621444,292.28994435252,-327.5780489904769,8.403015723480056,438.8784861557723,1,1,1,1,1,2,2,0,0,0,0
1201000.0,101,-27.065578,-78.394574,14.598641,4.424417,102,-27.068531,-78.391684,-2.759824,3.478241,439.116289,3,-1,0,8,138.92925586812981,-41.072059177097074,124.33061486812981,-38.31223517709707,17.358464999999967,-0.00010333999999999977,1.2826335869669392,0.8073686103727935,288.4951785349643,-331.049312379909,42.66913857954807,433.8619962985836,1,1,1,1,1,2,2,0,0,1,0
1202000.0,101,-27.065537,-78.394542,17.674304,4.530563,102,-27.068503,-78.39168,-2.325103,3.465217,438.818243,3,-1,0,8,139.32979153817928,-40.67151076463039,121.65548753817927,-38.34640776463039,19.99940700000002,-1.3024000000000147e-05,1.5160874664418402,0.8543460356307113,285.9796550696866,-332.83192045810466,46.51466659774604,430.38620550464117,1,1,1,1,1,2,2,0,0,1,0
1203000.0,101,-27.065495,-78.394507,20.691723,4.657199,102,-27.068464,-78.391663,-1.059396,3.49937,438.004445,3,-1,0,8,139.53697739708693,-40.464316713329104,118.84525439708693,-39.404920713329105,21.751119000000017,3.415299999999988e-05,1.7102728044162676,0.8580149334979628,284.24612259664303,-333.2447083278775,51.09603350083744,425.3784323906547,1,1,1,1,1,2,2,0,0,1,0
1204000.0,101,-27.065462,-78.394487,21.559763,4.581053,102,-27.068444,-78.391671,-1.631709,3.441416,437.065263,3,-1,1,8,139.93999316896765,-40.06128819936311,118.38023016896764,-38.42957919936311,23.191471999999976,-5.795400000000006e-05,1.7814002488399918,0.8205180751110088,281.29063515146237,-334.5169991156594,55.162712537335544,421.5801097009819,1,1,1,1,2,2,2,0,0,1,0
1205000.0,101,-27.065427,-78.394466,22.447827,4.56014,102,-27.068416,-78.391669,-1.439526,3.429216,436.280006,3,-1,1,8,140.1970215798311,-39.804251141557735,117.7491945798311,-38.364725141557734,23.88735300000002,-1.2199999999999988e-05,1.8274011326598245,0.7864735974825399,279.2844872468682,-335.1722226238535,58.355779456923536,418.3524369739402,1,1,1,1,1,2,2,0,0,1,0
1206000.0,101,-27.065388,-78.394441,23.338748,4.614013,102,-27.068393,-78.391679,-2.023086,3.391881,435.363514,3,-1,1,8,140.7014226234921,-39.29983417048026,117.36267462349211,-37.27674817048026,25.361833999999988,-3.7334999999999676e-05,1.9476583388253141,0.8467215416399885,275.7425572315924,-336.90863962476567,52.15592786784214,418.9825920760741,1,1,1,1,2,2,2,0,0,0,0
1207000.0,101,-27.065338,-78.394434,20.941659,4.712301,102,-27.068359,-78.391677,-1.790001,3.409526,433.877835,3,-1,1,8,140.9012797236333,-39.09997479336942,119.95962072363331,-37.30997379336942,22.731660000000034,1.764499999999991e-05,1.7907582824244044,0.9931669982154254,273.628733312288,-336.71544664627436,34.57472906394441,427.2045513574399,1,1,1,1,0,0,2,1,0,0,0
1208000.0,101,-27.065297,-78.39444,17.608816,4.638645,102,-27.0683,-78.391652,-0.025684,3.538283,431.798454,3,-1,1,8,140.41931587338922,-39.58195274742038,122.81049987338922,-39.55626874742038,17.634500000000003,0.0001287569999999998,1.404853003017639,0.8830146148567541,275.1265138271588,-332.79919811517624,31.45601535268077,428.1889029962072,1,1,1,1,0,0,2,1,0,0,0
1209000.0,101,-27.065254,-78.394452,13.472332,4.587238,102,-27.068273,-78.391674,-1.52396,3.516605,429.068737,3,-1,1,8,140.66971081670098,-39.331553252274006,127.19737881670099,-37.807593252274,14.996291999999983,-2.1677999999999642e-05,1.1622394100795257,0.9456477045020328,271.939419738221,-331.8869281294683,0.9355512404165437,429.0662067877431,1,1,1,1,0,0,2,1,0,0,0
1210000.0,101,-27.065199,-78.394471,8.485489,4.731974,102,-27.068219,-78.391665,-0.802945,3.619838,430.968367,3,-1,1,8,140.39705510273043,-39.604221704680405,131.91156610273043,-38.801276704680404,9.288433999999995,0.00010323299999999991,0.7489718619772532,1.0606917918142216,274.7266432078516,-332.0527139873916,-84.13963595523414,415.9646444366715,1,1,1,1,0,1,2,1,1,1,0
1211000.0,101,-27.06515,-78.394481,5.758721,4.799603,102,-27.068182,-78.391678,-1.585333,3.643774,430.951477,3,-1,1,8,140.53867658962616,-39.462598850817365,134.77995558962616,-37.877265850817366,7.344053999999971,2.393599999999996e-05,0.5823975293047463,1.1330013653818214,273.89431522005293,-332.7177176205376,-131.9310679648834,395.7129627044077,1,1,1,1,0,2,2,1,1,1,0
1212000.0,101,-27.06511,-78.394501,2.178526,4.729747,102,-27.068132,-78.391676,-1.385516,3.722857,426.570236,3,-1,1,8,140.22566392576275,-39.775621523293175,138.04713792576274,-38.39010552329317,3.564041999999972,7.90829999999998e-05,0.2698099168972456,1.0045599344366907,272.9049227615594,-327.84915643265424,-235.9000718659548,348.60574322355643,1,1,1,1,0,0,2,1,1,1,0
1213000.0,101,-27.065074,-78.394513,-0.013028,4.626631,102,-27.068089,-78.391679,-1.471146,3.766385,426.780763,3,-1,0,8,140.07063487254067,-39.93065467002641,140.08366287254066,-38.45950867002641,1.4581179999999563,4.352800000000023e-05,0.09564435140655991,0.8614873530038012,273.9261314767221,-327.2709797110946,-340.9895460586892,308.3663253745937,1,1,1,1,0,2,2,1,1,1,0
1214000.0,101,-27.06506,-78.394527,-2.392714,4.236594,102,-27.068045,-78.391675,-1.145958,3.817762,426.82123,3,-1,0,8,139.60943513552328,-40.391862596227085,142.0021491355233,-39.245904596227085,1.2467560000000049,5.1377000000000006e-05,-0.10051889425864821,0.4159018968041277,276.5778037950591,-325.0862667456359,-884.6375559865213,192.48205662861773,1,1,1,1,0,2,2,1,1,1,1
1215000.0,101,-27.065047,-78.39454,-4.535791,3.879573,102,-27.068003,-78.391671,-0.851797,3.852916,426.835235,3,-1,0,8,139.16476331281714,-40.83654215309302,143.70055431281713,-39.98474515309302,3.683994000000041,3.515399999999991e-05,-0.24952582434816653,0.014932447804812732,279.10159705700244,-322.9405771310504,-1188.3815189321879,305.6924653525084,1,1,1,1,0,2,2,0,1,0,0
1216000.0,101,-27.065036,-78.394543,-4.980426,3.53968,102,-27.067966,-78.39167,-0.766394,3.862007,426.797805,3,-1,0,8,138.87463257583286,-41.12667470911186,143.85505857583286,-40.36028070911186,4.2140320000000315,9.091000000000183e-06,-0.2556417133557022,-0.33534587254973625,280.70867978028485,-321.49495089165475,207.8666675657945,418.15259330225496,1,1,1,1,2,2,2,0,0,0,0
1217000.0,101,-27.065026,-78.394539,-4.050265,3.215895,102,-27.067921,-78.391657,0.074746,3.909208,426.669107,3,-1,0,8,138.44429244950695,-41.55701892944931,142.49455744950694,-41.63176492944931,4.125011000000029,4.720099999999983e-05,-0.23224361749134023,-0.7013414685384181,283.0300687966416,-319.28123500316417,292.84966578934285,369.05638840747713,1,1,1,1,1,2,2,1,0,1,0
1218000.0,101,-27.065019,-78.394537,-3.240574,2.909078,102,-27.067884,-78.39165,0.485455,3.917531,426.397923,3,-1,0,8,138.0984796889149,-41.90283396414594,141.3390536889149,-42.38828896414594,3.7260289999999827,8.322999999999857e-06,-0.19763793533888893,-1.012964047428961,284.77083577461576,-317.3653412566356,250.05702763198695,340.27715694891776,1,1,1,1,1,2,2,1,0,1,0
1219000.0,101,-27.065017,-78.394542,-4.641805,2.555715,102,-27.067842,-78.391635,1.356796,3.951115,426.05199,3,-1,0,8,137.50078790583956,-42.500534846702955,142.14259290583956,-43.85733084670296,5.998600999999951,3.358400000000028e-05,-0.30038013287898596,-1.4026747175355077,287.8322327356695,-314.1224346992101,173.01289669677257,347.2307813103052,1,1,1,1,0,2,2,0,0,0,0
1220000.0,101,-27.065015,-78.394538,-3.347389,2.258511,102,-27.067816,-78.391637,1.213552,3.90552,425.610905,3,-1,0,8,137.31620702818807,-42.68511299359111,140.66359602818807,-43.89866499359111,4.560941000000014,-4.5595000000000054e-05,-0.2145884428172345,-1.6499863262052834,288.5436622839267,-312.86929764791284,164.4281772166652,326.4846992777662,1,1,1,1,1,2,2,1,0,1,0
1221000.0,101,-27.065007,-78.394529,-0.074702,2.072874,102,-27.067792,-78.391639,1.006374,3.850729,425.048827,3,-1,0,8,137.26109713003598,-42.74021788576996,137.33579913003598,-43.74659188576996,1.081075999999996,-5.4791000000000255e-05,-0.07033540884795111,-1.7772627770024512,288.46300282221483,-312.17879706486605,168.93331135815941,300.58223218240636,1,1,1,1,1,2,2,1,0,1,0
1222000.0,101,-27.064997,-78.394521,2.708832,1.941918,102,-27.067785,-78.391663,-0.503887,3.719889,424.333111,3,-1,0,8,137.60964349456086,-42.3916569601544,134.90081149456086,-41.8877699601544,3.2127189999999928,-0.00013084000000000007,0.12448996744034814,-1.7799970429973675,286.07608548080003,-313.39920613639134,186.614366841307,263.5140812737026,1,1,1,1,1,2,2,0,0,1,0
1223000.0,101,-27.064985,-78.394521,2.49789,1.864991,102,-27.067763,-78.391666,-0.684452,3.664893,423.64247,3,-1,1,8,137.53708014652804,-42.46421894236039,135.03919014652803,-41.77976694236039,3.1823420000000056,-5.49959999999996e-05,0.12506070334812752,-1.8014125665297653,286.00650577170126,-312.52715249072793,183.7937030193928,263.6752428090926,1,1,1,1,2,2,2,1,0,0,0
1224000.0,101,-27.064967,-78.394511,6.05295,1.892483,102,-27.06774,-78.391668,-0.817431,3.614753,423.21499,3,-1,1,8,137.6058509890249,-42.39544263866746,131.5529009890249,-41.57801163866746,6.870381000000009,-5.0140000000000296e-05,0.25112704981897954,-1.7324529645123956,285.3429619448898,-312.5545101725734,201.26070128257552,237.5629534438995,1,1,1,1,1,2,2,0,0,1,0
1225000.0,101,-27.064946,-78.394503,8.013236,1.960307,102,-27.067722,-78.391676,-1.329307,3.54929,423.225231,3,-1,1,8,137.79764422041993,-42.20364212609251,129.78440822041992,-40.87433512609251,9.342542999999978,-6.546299999999983e-05,0.35560936665021897,-1.607168443235465,284.3019923621083,-313.51550726230283,225.77532697629414,209.89654709485802,1,1,1,1,1,2,2,0,0,1,0
1226000.0,101,-27.064916,-78.394504,6.007121,2.132715,102,-27.06769,-78.39167,-0.834647,3.548869,423.262238,3,-1,1,8,137.70656448823263,-42.2947250420531,131.69944348823262,-41.460078042053105,6.841768000000002,-4.2100000000022676e-07,0.27488877871210377,-1.4274884176884983,284.82491315028784,-313.0905475508637,250.47933154361976,220.50093146855804,1,1,1,1,0,2,2,1,0,0,0
1227000.0,101,-27.064882,-78.394504,4.818064,2.34993,102,-27.067649,-78.391655,0.165362,3.589916,423.330705,3,-1,1,8,137.48386327164093,-42.51743308232485,132.66579927164094,-42.68279508232485,4.652701999999977,4.104700000000028e-05,0.18701446045882447,-1.2482746953068657,286.0859704992333,-312.03157417048175,279.8838909305754,236.7073995743962,1,1,1,1,0,2,2,1,0,0,0
1228000.0,101,-27.064838,-78.394492,7.009488,2.690241,102,-27.067625,-78.391658,-0.016026,3.547264,426.516691,3,-1,1,8,137.8398604951943,-42.16142903194947,130.8303724951943,-42.14540303194947,7.025513999999987,-4.265199999999991e-05,0.3292922671901749,-0.8771298385447976,286.28015748935707,-316.1647657938158,432.00109826565244,157.10412723672695,1,1,1,1,1,1,2,0,0,1,1
1229000.0,101,-27.064811,-78.394478,9.5897,2.738346,102,-27.067599,-78.391654,0.248076,3.521679,428.448458,3,-1,0,8,137.95082492887457,-42.050460046884474,128.36112492887457,-42.29853604688447,9.341623999999968,-2.5585000000000413e-05,0.4409372300183532,-0.8215656345022477,286.96114241266224,-318.15308250557246,462.91786851072385,103.57333682981738,1,1,1,1,1,1,2,0,0,1,1
1230000.0,101,-27.064768,-78.394469,9.688572,3.019602,102,-27.067576,-78.391653,0.331781,3.477868,429.814663,3,-1,0,8,138.23519424680504,-41.76608708732795,128.54662224680504,-42.09786808732795,9.356791000000044,-4.381099999999982e-05,0.48803811318565593,-0.501276105476939,286.2885574423038,-320.5924303651106,642.0777305140508,27.099424957436312,1,1,1,1,2,1,2,0,0,1,1
1231000.0,101,-27.06473,-78.394446,13.319391,3.224607,102,-27.067555,-78.391651,0.460713,3.429885,431.150799,3,-1,0,8,138.61976517058702,-41.38150660690504,125.30037417058702,-41.84221960690504,12.858677999999998,-4.798299999999989e-05,0.7153027388312408,-0.29190595101622474,285.0135559431316,-323.50932661515304,521.897808707412,192.59889312207187,1,1,1,1,1,1,2,0,0,0,1
1232000.0,101,-27.064694,-78.394422,16.237797,3.384693,102,-27.067537,-78.391651,0.419976,3.367304,432.433368,3,-1,0,8,139.04492812385232,-40.95633273199515,122.80713112385232,-41.376308731995145,15.81782099999998,-6.258100000000022e-05,0.9217612063116397,-0.11753786916300157,283.445813924876,-326.58396826587796,353.53394383041456,288.17084531883194,1,1,1,1,1,1,2,0,0,0,0
1233000.0,101,-27.06465,-78.394406,16.465078,3.597727,102,-27.06749,-78.391615,2.834855,3.452611,433.632378,3,-1,0,8,138.81086590056324,-41.19040405369713,122.34578790056324,-44.02525905369713,13.630223,8.530700000000025e-05,0.8489499009687982,0.001807987120366672,285.56719582479354,-326.32562865747906,335.4363883626559,326.93306847282145,1,1,1,1,2,1,2,1,0,0,0
1234000.0,101,-27.064606,-78.39438,18.535371,3.8401,102,-27.067468,-78.391607,3.316409,3.408726,434.709524,3,-1,0,8,139.21329447334776,-40.78796728919092,120.67792347334776,-44.10437628919092,15.218961999999976,-4.388499999999995e-05,1.023534923922733,0.23788738456887737,283.971796520124,-329.1388598106274,184.6470302641491,384.9647046813511,1,1,1,1,1,1,2,0,0,0,0
1235000.0,101,-27.064558,-78.39436,18.909738,4.073594,102,-27.067457,-78.391612,2.956591,3.315365,435.615877,3,-1,0,8,139.83290023773932,-40.16835014812462,120.92316223773932,-43.12494114812462,15.953147000000001,-9.336100000000025e-05,1.149158682702431,0.5427914059776437,280.980515759426,-332.8830756557715,82.12458452327957,421.06729883902426,1,1,1,1,2,2,2,0,0,0,0
1236000.0,101,-27.064516,-78.394331,20.892612,4.241742,102,-27.06744,-78.391608,3.166331,3.252714,436.288943,3,-1,0,8,140.332718871789,-39.668520137399284,119.44010687178901,-42.83485113739928,17.72628099999997,-6.265099999999979e-05,1.3330166463588686,0.7151010518375709,278.4955994516564,-335.83960884642516,52.7886739188341,427.65131527601494,1,1,1,1,1,2,2,0,0,0,0
1237000.0,101,-27.064474,-78.394299,23.130909,4.403368,102,-27.067436,-78.391622,2.058523,3.129074,436.648936,3,-1,0,8,141.17342433004166,-38.82779374743936,118.04251533004165,-40.88631674743936,21.072385999999995,-0.00012363999999999997,1.6173922510423044,0.9223252982016601,273.76369909003205,-340.17014914668,34.04176632047127,431.15469725281537,1,1,1,1,1,2,2,0,0,0,0
1238000.0,101,-27.064429,-78.394278,23.01624,4.53924,102,-27.067412,-78.391608,3.101792,3.113242,436.594076,3,-1,0,8,141.44411495054766,-38.55709994039679,118.42787495054766,-41.65889194039679,19.914447999999993,-1.5832000000000068e-05,1.6063489661050054,1.069208531628223,272.1193424711521,-341.41682830721976,17.566690730102735,435.0072115650856,1,1,1,1,2,2,2,1,0,0,0
1239000.0,101,-27.064392,-78.394257,23.500415,4.53929,102,-27.06739,-78.391597,3.809104,3.085721,435.994665,3,-1,0,8,141.68872770436823,-38.31248263518401,118.18831270436823,-42.12158663518401,19.691310999999985,-2.752100000000013e-05,1.6050758220650156,1.0838841033820965,270.2876618835516,-342.10514135567314,15.194186540972458,434.78955593040484,1,1,1,1,2,2,2,1,0,1,0
1240000.0,101,-27.064344,-78.394238,22.759019,4.682152,102,-27.067378,-78.391602,3.352423,3.010462,435.21384,3,-1,1,8,142.27253983456112,-37.728659583384406,119.51352083456112,-41.08108258338441,19.406596000000036,-7.525899999999997e-05,1.6352750541268914,1.312289767766603,266.31003826420914,-344.22383712819925,-3.3369414008183957,435.1456236843552,1,1,1,1,0,2,2,1,1,0,0
1241000.0,101,-27.0643,-78.394209,24.014345,4.795526,102,-27.067374,-78.391624,1.574136,2.89784,434.5588,3,-1,1,8,143.17363658281513,-36.827539628464024,119.15929158281514,-38.40167562846403,22.44020899999998,-0.000112622,1.8720081047888508,1.4836961057148126,260.4710571077839,-347.8450503695483,-4.509049241809575,434.39660474367093,1,1,1,1,2,2,2,0,1,1,0
1242000.0,101,-27.064253,-78.394186,23.965572,4.917285,102,-27.067371,-78.391654,-0.981526,2.785991,433.62312,3,-1,1,8,144.12890847496635,-35.87224361959408,120.16333647496634,-34.89071761959408,24.947097999999983,-0.00011184899999999987,2.0450644616962017,1.707782139931378,254.08735453919388,-351.38102746421634,-10.286621278819874,432.5793587678097,1,1,1,1,0,2,2,0,1,1,0
1243000.0,101,-27.064215,-78.39418,22.089352,4.81549,102,-27.067346,-78.391653,-0.91793,2.783884,431.942973,3,-1,1,8,144.2957100005194,-35.705439817713035,122.20635800051939,-34.78750981771304,23.007282000000032,-2.1070000000000812e-06,1.8554733949241224,1.6784992326334476,252.08278904611444,-350.7548993112012,-17.65936669262199,429.24712622432855,1,1,1,1,0,0,2,1,1,1,0
1244000.0,101,-27.064167,-78.394176,19.701518,4.847913,102,-27.067311,-78.391645,-0.165562,2.833134,429.86357,3,-1,1,8,144.3652326879776,-35.635918948684136,124.6637146879776,-35.470356948684135,19.867080000000044,4.9249999999999794e-05,1.6425160267955587,1.731001822872285,250.4455036597223,-349.3704888936284,-31.267055832933302,422.20305371207417,1,1,1,1,0,0,2,1,1,1,0
1245000.0,101,-27.064122,-78.394194,14.637264,4.778982,102,-27.067274,-78.391645,-0.137415,2.885611,427.576519,3,-1,1,8,144.241817977802,-35.75934184743428,129.604553977802,-35.62192684743428,14.774678999999992,5.247700000000011e-05,1.2145631396383767,1.7382775581627916,249.86098985744368,-346.97430070196236,-62.8709933469765,403.62828283155164,1,1,1,1,0,0,2,1,1,1,0
1246000.0,101,-27.064072,-78.39421,10.268553,4.812755,102,-27.067232,-78.391648,-0.389089,2.964423,424.76531,3,-1,1,8,144.1724372625225,-35.8287284760473,133.9038842625225,-35.439639476047304,10.65764200000001,7.88120000000001e-05,0.8780630930225238,1.7713145818161613,248.63543040943145,-344.3922056674815,-96.84038111999877,375.7840075971832,1,1,1,1,0,0,2,1,1,1,0
1247000.0,101,-27.064022,-78.394232,5.581532,4.865237,102,-27.067201,-78.391675,-2.502786,2.985569,428.53636,3,-1,1,8,144.38828192605746,-35.61288153588942,138.80674992605745,-33.11009553588942,8.084317999999996,2.114599999999989e-05,0.6035769203081605,1.8594488837195198,249.53211673930946,-348.3922136868866,-128.93944962800035,344.91210325867246,1,1,1,1,0,1,2,1,1,1,0
1248000.0,101,-27.063957,-78.39427,-0.674585,5.145773,102,-27.067152,-78.391676,-2.366155,3.08718,430.561102,3,-1,1,8,144.13440272192423,-35.86677757306133,144.80898772192424,-33.50062257306133,1.691570000000013,0.00010161100000000012,0.06687210118112341,2.0608685031147953,252.2596654188716,-348.9239512532973,-165.48675261721658,263.4439155774853,1,1,1,1,0,1,2,1,1,1,0
1249000.0,101,-27.063893,-78.394307,-5.56818,5.434745,102,-27.067104,-78.391671,-1.823536,3.186274,434.388587,3,-1,0,8,143.83283520452423,-36.168364198581386,149.40101520452424,-34.34482819858139,3.744643999999994,9.909400000000001e-05,-0.42594274892110084,2.2244404472426544,256.35143423691267,-350.6813178379116,-171.65591497545614,185.86590614350294,1,1,1,1,0,1,2,0,1,1,1
1250000.0,101,-27.063834,-78.394321,-6.505584,5.586575,102,-27.06706,-78.391669,-1.580209,3.255959,437.091685,3,-1,0,8,143.79485095450246,-36.20635572664959,150.30043495450246,-34.626146726649594,4.925374999999974,6.968499999999978e-05,-0.5431717273378839,2.295881269355573,258.18052316592565,-352.6924418723885,-168.3215676218687,170.13491835537076,1,1,1,1,0,1,2,0,1,1,1
1251000.0,101,-27.063779,-78.394342,-8.252212,5.671773,102,-27.067042,-78.391703,-4.054995,3.209794,438.643438,3,-1,0,8,144.23934824502118,-35.761852519521405,152.49156024502116,-31.706857519521407,4.1972169999999664,-4.616499999999979e-05,-0.5870970775329352,2.4112878752545934,256.34345931273685,-355.9439514418514,-160.98365652221906,165.00944344923587,1,1,1,1,0,1,2,1,1,1,1
1252000.0,101,-27.063733,-78.394356,-9.06497,5.620277,102,-27.066984,-78.391676,-1.792837,3.341321,440.160646,3,-1,0,8,143.71880227445294,-36.28241714318626,152.78377227445293,-34.48958014318626,7.272132999999997,0.00013152700000000018,-0.7809631463858249,2.2103961743185967,260.46447783205576,-354.82340688687924,-174.97655516239254,127.86864678493971,1,1,1,1,2,1,2,0,1,1,1
1253000.0,101,-27.063673,-78.394355,-7.677196,5.744875,102,-27.066933,-78.391654,-0.165903,3.43773,441.619312,3,-1,0,8,143.58091919579604,-36.420309774698346,151.25811519579605,-36.254406774698346,7.5112929999999665,9.640899999999996e-05,-0.7575138370273841,2.255664927735497,262.18360108304057,-355.36935159701426,-173.1066617572629,135.67226885480386,1,1,1,1,1,1,2,0,1,0,1
1254000.0,101,-27.063631,-78.394359,-7.378593,5.608657,102,-27.066898,-78.39165,0.098623,3.456409,442.988826,3,-1,0,8,143.5586673751121,-36.44256523379758,150.9372603751121,-36.541188233797584,7.4772159999999985,1.8678999999999666e-05,-0.7262417062868562,2.1058090327147156,263.1350856861286,-356.36922796702305,-186.0892368814087,132.8211472495059,1,1,1,1,2,1,2,1,1,1,1
1255000.0,101,-27.063595,-78.394342,-4.358472,5.375702,102,-27.06687,-78.391653,-0.124587,3.443171,444.230112,3,-1,0,8,143.82810619613204,-36.17311731134205,148.18657819613205,-36.04853031134205,4.233884999999987,-1.323799999999986e-05,-0.4010466889167516,1.916993127604556,262.188941433353,-358.604728632502,-205.0439139985217,183.22700804276715,1,1,1,1,1,1,2,1,1,0,1
1256000.0,101,-27.063552,-78.394327,-1.868971,5.277857,102,-27.066831,-78.391639,0.849964,3.480918,445.293273,3,-1,0,8,143.87156073422372,-36.129662316529796,145.7405317342237,-36.979626316529796,2.7189349999999877,3.7746999999999976e-05,-0.2237679464339753,1.7945143225063216,262.5437282410258,-359.6621883661875,-215.05575382971523,216.0229911419859,1,1,1,1,1,1,2,1,1,0,0
1257000.0,101,-27.063506,-78.394303,1.634481,5.250963,102,-27.066789,-78.391619,2.128491,3.531405,446.114593,3,-1,0,8,143.94541671696066,-36.05580451192295,142.31093571696067,-38.18429551192295,0.49401000000000295,5.0486999999999945e-05,0.01861568584881268,1.7198580412027678,262.5632874412253,-360.66431785749495,-208.2089757450502,266.45167762452917,1,1,1,1,1,2,2,1,1,0,0
1258000.0,101,-27.063467,-78.394282,4.448384,5.153234,102,-27.066769,-78.391629,1.368784,3.474852,446.612731,3,-1,0,8,144.4181582410583,-35.58304888152815,139.9697742410583,-36.95183288152815,3.079599999999971,-5.655300000000007e-05,0.3166842576965269,1.6638499923646664,259.86842933488686,-363.2235274955317,-180.5120879432207,323.2090861992264,1,1,1,1,1,2,2,0,1,0,0
1259000.0,101,-27.063426,-78.394251,8.186447,5.112483,102,-27.066731,-78.391612,2.475662,3.508841,446.683906,3,-1,0,8,144.58605912171276,-35.41514162920627,136.39961212171278,-37.89080362920627,5.710784999999987,3.398900000000005e-05,0.5764265924515823,1.554820439747624,258.84416087101783,-364.0414979949339,-147.63297220004728,369.30637760783793,1,1,1,1,1,2,2,0,1,0,0
1260000.0,101,-27.063396,-78.394228,10.806128,4.921101,102,-27.066706,-78.391614,2.26552,3.476637,446.195833,3,-1,0,8,144.88396846930675,-35.11722090547261,134.07784046930675,-37.38274090547261,8.54060800000002,-3.220399999999968e-05,0.785206245479665,1.3599165806274227,256.66708085104915,-364.98319275545396,-114.29565664581285,404.8620230264075,1,1,1,1,1,2,2,0,1,0,0
1261000.0,101,-27.063358,-78.394199,13.83329,4.898288,102,-27.066679,-78.391614,2.171167,3.453891,445.072137,3,-1,0,8,145.2732021011787,-34.72797407721392,131.4399121011787,-36.89914107721392,11.662122999999951,-2.2746000000000155e-05,1.0403187588982952,1.3048042410241925,253.5415682567338,-365.7948609530522,-72.00199702473766,426.35384911137095,1,1,1,1,1,0,2,0,1,0,0
1262000.0,101,-27.063324,-78.394177,15.803952,4.802641,102,-27.066652,-78.391615,2.043168,3.436199,443.862183,3,-1,1,8,145.5688447800807,-34.43232093209093,129.7648927800807,-36.47548893209093,13.760784000000001,-1.7692000000000264e-05,1.1854741049695172,1.187082945037122,250.9665956640131,-366.1002668099837,-45.29377836636586,436.3143589286314,1,1,1,1,1,0,2,0,1,0,0
1263000.0,101,-27.063279,-78.394151,17.407093,4.902658,102,-27.066608,-78.391594,3.315595,3.499019,442.837065,3,-1,1,8,145.62903517121342,-34.37212826416185,128.2219421712134,-37.68772326416185,14.091498000000001,6.282000000000032e-05,1.2643054640705438,1.1849704149547833,250.00313228206502,-365.51757821884644,-35.91556035443031,437.68733297373996,1,1,1,1,1,0,2,0,1,0,0
1264000.0,101,-27.063245,-78.394127,19.181526,4.817816,102,-27.066585,-78.391609,2.211217,3.457982,441.668233,3,-1,1,8,146.12574125011227,-33.87540443913452,126.94421525011226,-36.08662143913452,16.970309000000043,-4.103700000000021e-05,1.4495310654901665,1.094935093462165,246.1735741345441,-366.70069462596655,-12.448507727773677,440.98740109948386,1,1,1,1,1,0,2,0,1,0,0
1265000.0,101,-27.063208,-78.394119,18.16536,4.730206,102,-27.066561,-78.391627,0.888007,3.419591,440.768499,3,-1,1,8,146.5029035372623,-33.49823032081772,128.33754353726232,-34.38623732081772,17.277353000000005,-3.839099999999984e-05,1.4216945995026617,1.0752755897048272,243.25781014707925,-367.56293000404787,-14.398992387255522,439.9013837172387,1,1,1,1,0,2,2,0,1,1,0
1266000.0,101,-27.06317,-78.394106,18.013882,4.694731,102,-27.066512,-78.391606,2.248855,3.508821,440.024956,3,-1,1,8,146.33150926302574,-33.66962823333444,128.31762726302574,-35.91848323333444,15.765027000000032,8.923000000000015e-05,1.3141478194287586,0.958484302672868,243.94403537303427,-366.2147860323525,-10.630417549382779,439.629293977644,1,1,1,1,2,2,2,1,1,1,0
1267000.0,101,-27.063125,-78.394093,17.55479,4.750222,102,-27.06646,-78.391581,3.695002,3.610011,439.375108,3,-1,1,8,146.14924035780865,-33.85190259663858,128.59445035780865,-37.54690459663858,13.859788000000037,0.00010118999999999989,1.200102794989928,0.9264925543775622,244.74581293046097,-364.8972082422932,-17.781255498645915,438.4060877064788,1,1,1,1,2,2,2,1,1,1,0
1268000.0,101,-27.063088,-78.394077,18.089471,4.703028,102,-27.066423,-78.39158,3.637485,3.627941,438.784649,3,-1,1,8,146.30779676708332,-33.69333936098014,128.21832576708331,-37.33082436098014,14.451985999999977,1.792999999999978e-05,1.2301293348502573,0.8499382515906002,243.40753953803326,-365.08182356027254,-4.483978189573352,438.72474030295103,1,1,1,1,2,2,2,0,1,0,0
