timestamp, source_id, contact_id, contact_type, intent_type, group_id, intent_class, intent_prob, group_confidence, frame_number
0,1,99,99,0,99,0,1,0,0
0,1,99,99,0,99,8,0,0,0
0,1,99,99,0,99,1,0.0,0,0
0,1,99,99,0,99,5,0.0,0,0
0,1,99,99,0,99,7,0.0,0,0
0,1,99,99,0,99,3,0.0,0,0
0,1,99,99,0,99,9,0.0,0,0
0,1,99,99,0,99,11,0.0,0,0
0,1,99,99,0,99,13,0.0,0,0
0,1,99,99,0,99,15,0.0,0,0
0,1,99,99,0,99,17,0.0,0,0
0,1,99,99,0,99,19,0.0,0,0
1000,1,99,99,0,99,0,1,0,1
1000,1,99,99,0,99,8,0,0,1
1000,1,99,99,0,99,1,0.0,0,1
1000,1,99,99,0,99,5,0.0,0,1
1000,1,99,99,0,99,7,0.0,0,1
1000,1,99,99,0,99,3,0.0,0,1
1000,1,99,99,0,99,9,0.0,0,1
1000,1,99,99,0,99,11,0.0,0,1
1000,1,99,99,0,99,13,0.0,0,1
1000,1,99,99,0,99,15,0.0,0,1
1000,1,99,99,0,99,17,0.0,0,1
1000,1,99,99,0,99,19,0.0,0,1
2000,1,99,99,0,99,0,1,0,2
2000,1,99,99,0,99,8,0,0,2
2000,1,99,99,0,99,1,0.0,0,2
2000,1,99,99,0,99,5,0.0,0,2
2000,1,99,99,0,99,7,0.0,0,2
2000,1,99,99,0,99,3,0.0,0,2
2000,1,99,99,0,99,9,0.0,0,2
2000,1,99,99,0,99,11,0.0,0,2
2000,1,99,99,0,99,13,0.0,0,2
2000,1,99,99,0,99,15,0.0,0,2
2000,1,99,99,0,99,17,0.0,0,2
2000,1,99,99,0,99,19,0.0,0,2
3000,1,99,99,0,99,0,1,0,3
3000,1,99,99,0,99,8,0,0,3
3000,1,99,99,0,99,1,0.0,0,3
3000,1,99,99,0,99,5,0.0,0,3
3000,1,99,99,0,99,7,0.0,0,3
3000,1,99,99,0,99,3,0.0,0,3
3000,1,99,99,0,99,9,0.0,0,3
3000,1,99,99,0,99,11,0.0,0,3
3000,1,99,99,0,99,13,0.0,0,3
3000,1,99,99,0,99,15,0.0,0,3
3000,1,99,99,0,99,17,0.0,0,3
3000,1,99,99,0,99,19,0.0,0,3
4000,1,99,99,0,99,0,1,0,4
4000,1,99,99,0,99,8,0,0,4
4000,1,99,99,0,99,1,0.0,0,4
4000,1,99,99,0,99,5,0.0,0,4
4000,1,99,99,0,99,7,0.0,0,4
4000,1,99,99,0,99,3,0.0,0,4
4000,1,99,99,0,99,9,0.0,0,4
4000,1,99,99,0,99,11,0.0,0,4
4000,1,99,99,0,99,13,0.0,0,4
4000,1,99,99,0,99,15,0.0,0,4
4000,1,99,99,0,99,17,0.0,0,4
4000,1,99,99,0,99,19,0.0,0,4
5000,1,99,99,0,99,0,1,0,5
5000,1,99,99,0,99,8,0,0,5
5000,1,99,99,0,99,1,0.0,0,5
5000,1,99,99,0,99,5,0.0,0,5
5000,1,99,99,0,99,7,0.0,0,5
5000,1,99,99,0,99,3,0.0,0,5
5000,1,99,99,0,99,9,0.0,0,5
5000,1,99,99,0,99,11,0.0,0,5
5000,1,99,99,0,99,13,0.0,0,5
5000,1,99,99,0,99,15,0.0,0,5
5000,1,99,99,0,99,17,0.0,0,5
5000,1,99,99,0,99,19,0.0,0,5
6000,1,99,99,0,99,0,1,0,6
6000,1,99,99,0,99,8,0,0,6
6000,1,99,99,0,99,1,0.0,0,6
6000,1,99,99,0,99,5,0.0,0,6
6000,1,99,99,0,99,7,0.0,0,6
6000,1,99,99,0,99,3,0.0,0,6
6000,1,99,99,0,99,9,0.0,0,6
6000,1,99,99,0,99,11,0.0,0,6
6000,1,99,99,0,99,13,0.0,0,6
6000,1,99,99,0,99,15,0.0,0,6
6000,1,99,99,0,99,17,0.0,0,6
6000,1,99,99,0,99,19,0.0,0,6
7000,1,99,99,0,99,0,1,0,7
7000,1,99,99,0,99,8,0,0,7
7000,1,99,99,0,99,1,0.0,0,7
7000,1,99,99,0,99,5,0.0,0,7
7000,1,99,99,0,99,7,0.0,0,7
7000,1,99,99,0,99,3,0.0,0,7
7000,1,99,99,0,99,9,0.0,0,7
7000,1,99,99,0,99,11,0.0,0,7
7000,1,99,99,0,99,13,0.0,0,7
7000,1,99,99,0,99,15,0.0,0,7
7000,1,99,99,0,99,17,0.0,0,7
7000,1,99,99,0,99,19,0.0,0,7
8000,1,99,99,0,99,0,1,0,8
8000,1,99,99,0,99,8,0,0,8
8000,1,99,99,0,99,1,0.0,0,8
8000,1,99,99,0,99,5,0.0,0,8
8000,1,99,99,0,99,7,0.0,0,8
8000,1,99,99,0,99,3,0.0,0,8
8000,1,99,99,0,99,9,0.0,0,8
8000,1,99,99,0,99,11,0.0,0,8
8000,1,99,99,0,99,13,0.0,0,8
8000,1,99,99,0,99,15,0.0,0,8
8000,1,99,99,0,99,17,0.0,0,8
8000,1,99,99,0,99,19,0.0,0,8
9000,1,99,99,0,99,0,1,0,9
9000,1,99,99,0,99,8,0,0,9
9000,1,99,99,0,99,1,0.0,0,9
9000,1,99,99,0,99,5,0.0,0,9
9000,1,99,99,0,99,7,0.0,0,9
9000,1,99,99,0,99,3,0.0,0,9
9000,1,99,99,0,99,9,0.0,0,9
9000,1,99,99,0,99,11,0.0,0,9
9000,1,99,99,0,99,13,0.0,0,9
9000,1,99,99,0,99,15,0.0,0,9
9000,1,99,99,0,99,17,0.0,0,9
9000,1,99,99,0,99,19,0.0,0,9
10000,1,99,99,0,99,0,1,0,10
10000,1,99,99,0,99,8,0,0,10
10000,1,99,99,0,99,1,0.0,0,10
10000,1,99,99,0,99,5,0.0,0,10
10000,1,99,99,0,99,7,0.0,0,10
10000,1,99,99,0,99,3,0.0,0,10
10000,1,99,99,0,99,9,0.0,0,10
10000,1,99,99,0,99,11,0.0,0,10
10000,1,99,99,0,99,13,0.0,0,10
10000,1,99,99,0,99,15,0.0,0,10
10000,1,99,99,0,99,17,0.0,0,10
10000,1,99,99,0,99,19,0.0,0,10
11000,1,99,99,0,99,0,1,0,11
11000,1,99,99,0,99,8,0,0,11
11000,1,99,99,0,99,1,0.0,0,11
11000,1,99,99,0,99,5,0.0,0,11
11000,1,99,99,0,99,7,0.0,0,11
11000,1,99,99,0,99,3,0.0,0,11
11000,1,99,99,0,99,9,0.0,0,11
11000,1,99,99,0,99,11,0.0,0,11
11000,1,99,99,0,99,13,0.0,0,11
11000,1,99,99,0,99,15,0.0,0,11
11000,1,99,99,0,99,17,0.0,0,11
11000,1,99,99,0,99,19,0.0,0,11
12000,1,99,99,0,99,0,1,0,12
12000,1,99,99,0,99,8,0,0,12
12000,1,99,99,0,99,1,0.0,0,12
12000,1,99,99,0,99,5,0.0,0,12
12000,1,99,99,0,99,7,0.0,0,12
12000,1,99,99,0,99,3,0.0,0,12
12000,1,99,99,0,99,9,0.0,0,12
12000,1,99,99,0,99,11,0.0,0,12
12000,1,99,99,0,99,13,0.0,0,12
12000,1,99,99,0,99,15,0.0,0,12
12000,1,99,99,0,99,17,0.0,0,12
12000,1,99,99,0,99,19,0.0,0,12
13000,1,99,99,0,99,0,1,0,13
13000,1,99,99,0,99,8,0,0,13
13000,1,99,99,0,99,1,0.0,0,13
13000,1,99,99,0,99,5,0.0,0,13
13000,1,99,99,0,99,7,0.0,0,13
13000,1,99,99,0,99,3,0.0,0,13
13000,1,99,99,0,99,9,0.0,0,13
13000,1,99,99,0,99,11,0.0,0,13
13000,1,99,99,0,99,13,0.0,0,13
13000,1,99,99,0,99,15,0.0,0,13
13000,1,99,99,0,99,17,0.0,0,13
13000,1,99,99,0,99,19,0.0,0,13
14000,1,99,99,0,99,0,1,0,14
14000,1,99,99,0,99,8,0,0,14
14000,1,99,99,0,99,1,0.0,0,14
14000,1,99,99,0,99,5,0.0,0,14
14000,1,99,99,0,99,7,0.0,0,14
14000,1,99,99,0,99,3,0.0,0,14
14000,1,99,99,0,99,9,0.0,0,14
14000,1,99,99,0,99,11,0.0,0,14
14000,1,99,99,0,99,13,0.0,0,14
14000,1,99,99,0,99,15,0.0,0,14
14000,1,99,99,0,99,17,0.0,0,14
14000,1,99,99,0,99,19,0.0,0,14
15000,1,99,99,0,99,0,1,0,15
15000,1,99,99,0,99,8,0,0,15
15000,1,99,99,0,99,1,0.0,0,15
15000,1,99,99,0,99,5,0.0,0,15
15000,1,99,99,0,99,7,0.0,0,15
15000,1,99,99,0,99,3,0.0,0,15
15000,1,99,99,0,99,9,0.0,0,15
15000,1,99,99,0,99,11,0.0,0,15
15000,1,99,99,0,99,13,0.0,0,15
15000,1,99,99,0,99,15,0.0,0,15
15000,1,99,99,0,99,17,0.0,0,15
15000,1,99,99,0,99,19,0.0,0,15
16000,1,99,99,0,99,0,1,0,16
16000,1,99,99,0,99,8,0,0,16
16000,1,99,99,0,99,1,0.0,0,16
16000,1,99,99,0,99,5,0.0,0,16
16000,1,99,99,0,99,7,0.0,0,16
16000,1,99,99,0,99,3,0.0,0,16
16000,1,99,99,0,99,9,0.0,0,16
16000,1,99,99,0,99,11,0.0,0,16
16000,1,99,99,0,99,13,0.0,0,16
16000,1,99,99,0,99,15,0.0,0,16
16000,1,99,99,0,99,17,0.0,0,16
16000,1,99,99,0,99,19,0.0,0,16
17000,1,99,99,0,99,0,1,0,17
17000,1,99,99,0,99,8,0,0,17
17000,1,99,99,0,99,1,0.0,0,17
17000,1,99,99,0,99,5,0.0,0,17
17000,1,99,99,0,99,7,0.0,0,17
17000,1,99,99,0,99,3,0.0,0,17
17000,1,99,99,0,99,9,0.0,0,17
17000,1,99,99,0,99,11,0.0,0,17
17000,1,99,99,0,99,13,0.0,0,17
17000,1,99,99,0,99,15,0.0,0,17
17000,1,99,99,0,99,17,0.0,0,17
17000,1,99,99,0,99,19,0.0,0,17
18000,1,99,99,0,99,0,1,0,18
18000,1,99,99,0,99,8,0,0,18
18000,1,99,99,0,99,1,0.0,0,18
18000,1,99,99,0,99,5,0.0,0,18
18000,1,99,99,0,99,7,0.0,0,18
18000,1,99,99,0,99,3,0.0,0,18
18000,1,99,99,0,99,9,0.0,0,18
18000,1,99,99,0,99,11,0.0,0,18
18000,1,99,99,0,99,13,0.0,0,18
18000,1,99,99,0,99,15,0.0,0,18
18000,1,99,99,0,99,17,0.0,0,18
18000,1,99,99,0,99,19,0.0,0,18
19000,1,99,99,0,99,0,0,0,19
19000,1,99,99,0,99,8,0,0,19
19000,1,99,99,0,99,1,0.0,0,19
19000,1,99,99,0,99,5,1.0,0,19
19000,1,99,99,0,99,7,0.0,0,19
19000,1,99,99,0,99,3,0.0,0,19
19000,1,99,99,0,99,9,0.0,0,19
19000,1,99,99,0,99,11,0.0,0,19
19000,1,99,99,0,99,13,0.0,0,19
19000,1,99,99,0,99,15,0.0,0,19
19000,1,99,99,0,99,17,0.0,0,19
19000,1,99,99,0,99,19,0.0,0,19
20000,1,99,99,0,99,0,0,0,20
20000,1,99,99,0,99,8,0,0,20
20000,1,99,99,0,99,1,0.0,0,20
20000,1,99,99,0,99,5,1.0,0,20
20000,1,99,99,0,99,7,0.0,0,20
20000,1,99,99,0,99,3,0.0,0,20
20000,1,99,99,0,99,9,0.0,0,20
20000,1,99,99,0,99,11,0.0,0,20
20000,1,99,99,0,99,13,0.0,0,20
20000,1,99,99,0,99,15,0.0,0,20
20000,1,99,99,0,99,17,0.0,0,20
20000,1,99,99,0,99,19,0.0,0,20
21000,1,99,99,0,99,0,0,0,21
21000,1,99,99,0,99,8,0,0,21
21000,1,99,99,0,99,1,0.0,0,21
21000,1,99,99,0,99,5,0.9999999601469055,0,21
21000,1,99,99,0,99,7,0.0,0,21
21000,1,99,99,0,99,3,0.0,0,21
21000,1,99,99,0,99,9,0.0,0,21
21000,1,99,99,0,99,11,0.0,0,21
21000,1,99,99,0,99,13,0.0,0,21
21000,1,99,99,0,99,15,0.0,0,21
21000,1,99,99,0,99,17,0.0,0,21
21000,1,99,99,0,99,19,0.0,0,21
22000,1,99,99,0,99,0,0,0,22
22000,1,99,99,0,99,8,0,0,22
22000,1,99,99,0,99,1,0.0,0,22
22000,1,99,99,0,99,5,0.9999994112647981,0,22
22000,1,99,99,0,99,7,0.0,0,22
22000,1,99,99,0,99,3,0.0,0,22
22000,1,99,99,0,99,9,0.0,0,22
22000,1,99,99,0,99,11,0.0,0,22
22000,1,99,99,0,99,13,0.0,0,22
22000,1,99,99,0,99,15,0.0,0,22
22000,1,99,99,0,99,17,0.0,0,22
22000,1,99,99,0,99,19,0.0,0,22
23000,1,99,99,0,99,0,0,0,23
23000,1,99,99,0,99,8,0,0,23
23000,1,99,99,0,99,1,0.0,0,23
23000,1,99,99,0,99,5,0.9907580231209026,0,23
23000,1,99,99,0,99,7,0.0,0,23
23000,1,99,99,0,99,3,0.0,0,23
23000,1,99,99,0,99,9,0.0,0,23
23000,1,99,99,0,99,11,0.0,0,23
23000,1,99,99,0,99,13,0.0,0,23
23000,1,99,99,0,99,15,0.0,0,23
23000,1,99,99,0,99,17,0.009241959007703438,0,23
23000,1,99,99,0,99,19,0.0,0,23
24000,1,99,99,0,99,0,0,0,24
24000,1,99,99,0,99,8,0,0,24
24000,1,99,99,0,99,1,0.0,0,24
24000,1,99,99,0,99,5,0.9926025495261557,0,24
24000,1,99,99,0,99,7,0.0,0,24
24000,1,99,99,0,99,3,0.0,0,24
24000,1,99,99,0,99,9,0.0,0,24
24000,1,99,99,0,99,11,0.0,0,24
24000,1,99,99,0,99,13,0.0,0,24
24000,1,99,99,0,99,15,0.0,0,24
24000,1,99,99,0,99,17,0.00739745047384433,0,24
24000,1,99,99,0,99,19,0.0,0,24
25000,1,99,99,0,99,0,0,0,25
25000,1,99,99,0,99,8,0,0,25
25000,1,99,99,0,99,1,0.0,0,25
25000,1,99,99,0,99,5,0.9999996671305381,0,25
25000,1,99,99,0,99,7,0.0,0,25
25000,1,99,99,0,99,3,0.0,0,25
25000,1,99,99,0,99,9,0.0,0,25
25000,1,99,99,0,99,11,0.0,0,25
25000,1,99,99,0,99,13,0.0,0,25
25000,1,99,99,0,99,15,0.0,0,25
25000,1,99,99,0,99,17,0.0,0,25
25000,1,99,99,0,99,19,0.0,0,25
26000,1,99,99,0,99,0,0,0,26
26000,1,99,99,0,99,8,0,0,26
26000,1,99,99,0,99,1,0.0,0,26
26000,1,99,99,0,99,5,0.9999955842631888,0,26
26000,1,99,99,0,99,7,0.0,0,26
26000,1,99,99,0,99,3,0.0,0,26
26000,1,99,99,0,99,9,0.0,0,26
26000,1,99,99,0,99,11,0.0,0,26
26000,1,99,99,0,99,13,0.0,0,26
26000,1,99,99,0,99,15,0.0,0,26
26000,1,99,99,0,99,17,0.0,0,26
26000,1,99,99,0,99,19,0.0,0,26
27000,1,99,99,0,99,0,0,0,27
27000,1,99,99,0,99,8,0,0,27
27000,1,99,99,0,99,1,0.0,0,27
27000,1,99,99,0,99,5,0.3199288944893092,0,27
27000,1,99,99,0,99,7,0.0,0,27
27000,1,99,99,0,99,3,0.0,0,27
27000,1,99,99,0,99,9,0.0,0,27
27000,1,99,99,0,99,11,0.0,0,27
27000,1,99,99,0,99,13,0.0,0,27
27000,1,99,99,0,99,15,0.0,0,27
27000,1,99,99,0,99,17,0.6800290951637162,0,27
27000,1,99,99,0,99,19,0.0,0,27
28000,1,99,99,0,99,0,0,0,28
28000,1,99,99,0,99,8,0,0,28
28000,1,99,99,0,99,1,0.0,0,28
28000,1,99,99,0,99,5,0.9585112250149311,0,28
28000,1,99,99,0,99,7,0.0,0,28
28000,1,99,99,0,99,3,0.0,0,28
28000,1,99,99,0,99,9,0.0,0,28
28000,1,99,99,0,99,11,0.0,0,28
28000,1,99,99,0,99,13,0.04148877498506879,0,28
28000,1,99,99,0,99,15,0.0,0,28
28000,1,99,99,0,99,17,0.0,0,28
28000,1,99,99,0,99,19,0.0,0,28
29000,1,99,99,0,99,0,0,0,29
29000,1,99,99,0,99,8,0,0,29
29000,1,99,99,0,99,1,0.0,0,29
29000,1,99,99,0,99,5,0.2991842118179186,0,29
29000,1,99,99,0,99,7,0.0,0,29
29000,1,99,99,0,99,3,0.0,0,29
29000,1,99,99,0,99,9,0.0,0,29
29000,1,99,99,0,99,11,0.0,0,29
29000,1,99,99,0,99,13,0.7008156748993908,0,29
29000,1,99,99,0,99,15,0.0,0,29
29000,1,99,99,0,99,17,0.0,0,29
29000,1,99,99,0,99,19,0.0,0,29
30000,1,99,99,0,99,0,0,0,30
30000,1,99,99,0,99,8,0,0,30
30000,1,99,99,0,99,1,0.0,0,30
30000,1,99,99,0,99,5,0.0,0,30
30000,1,99,99,0,99,7,0.0,0,30
30000,1,99,99,0,99,3,0.0,0,30
30000,1,99,99,0,99,9,0.0,0,30
30000,1,99,99,0,99,11,0.0,0,30
30000,1,99,99,0,99,13,0.0,0,30
30000,1,99,99,0,99,15,0.0,0,30
30000,1,99,99,0,99,17,0.9992417911634162,0,30
30000,1,99,99,0,99,19,0.0,0,30
31000,1,99,99,0,99,0,0,0,31
31000,1,99,99,0,99,8,0,0,31
31000,1,99,99,0,99,1,0.0,0,31
31000,1,99,99,0,99,5,0.0,0,31
31000,1,99,99,0,99,7,0.0,0,31
31000,1,99,99,0,99,3,0.0,0,31
31000,1,99,99,0,99,9,0.0,0,31
31000,1,99,99,0,99,11,0.0,0,31
31000,1,99,99,0,99,13,0.040508517807008315,0,31
31000,1,99,99,0,99,15,0.0,0,31
31000,1,99,99,0,99,17,0.9594903153317387,0,31
31000,1,99,99,0,99,19,0.0,0,31
32000,1,99,99,0,99,0,0,0,32
32000,1,99,99,0,99,8,0,0,32
32000,1,99,99,0,99,1,0.0,0,32
32000,1,99,99,0,99,5,0.0,0,32
32000,1,99,99,0,99,7,0.0,0,32
32000,1,99,99,0,99,3,0.0,0,32
32000,1,99,99,0,99,9,0.0,0,32
32000,1,99,99,0,99,11,0.0,0,32
32000,1,99,99,0,99,13,0.9999999121928685,0,32
32000,1,99,99,0,99,15,0.0,0,32
32000,1,99,99,0,99,17,0.0,0,32
32000,1,99,99,0,99,19,0.0,0,32
33000,1,99,99,0,99,0,0,0,33
33000,1,99,99,0,99,8,0,0,33
33000,1,99,99,0,99,1,0.0,0,33
33000,1,99,99,0,99,5,0.9995985646660537,0,33
33000,1,99,99,0,99,7,0.0,0,33
33000,1,99,99,0,99,3,0.0,0,33
33000,1,99,99,0,99,9,0.0,0,33
33000,1,99,99,0,99,11,0.0,0,33
33000,1,99,99,0,99,13,0.0,0,33
33000,1,99,99,0,99,15,0.0,0,33
33000,1,99,99,0,99,17,0.0,0,33
33000,1,99,99,0,99,19,0.0,0,33
34000,1,99,99,0,99,0,0,0,34
34000,1,99,99,0,99,8,0,0,34
34000,1,99,99,0,99,1,0.0,0,34
34000,1,99,99,0,99,5,0.0,0,34
34000,1,99,99,0,99,7,0.0,0,34
34000,1,99,99,0,99,3,0.0,0,34
34000,1,99,99,0,99,9,0.0,0,34
34000,1,99,99,0,99,11,0.0,0,34
34000,1,99,99,0,99,13,0.0014686145160609106,0,34
34000,1,99,99,0,99,15,0.0,0,34
34000,1,99,99,0,99,17,0.9985088050737887,0,34
34000,1,99,99,0,99,19,0.0,0,34
35000,1,99,99,0,99,0,0,0,35
35000,1,99,99,0,99,8,0,0,35
35000,1,99,99,0,99,1,0.0,0,35
35000,1,99,99,0,99,5,0.0,0,35
35000,1,99,99,0,99,7,0.0,0,35
35000,1,99,99,0,99,3,0.0,0,35
35000,1,99,99,0,99,9,0.0,0,35
35000,1,99,99,0,99,11,0.0,0,35
35000,1,99,99,0,99,13,0.38733383666478005,0,35
35000,1,99,99,0,99,15,0.0,0,35
35000,1,99,99,0,99,17,0.612666163333283,0,35
35000,1,99,99,0,99,19,0.0,0,35
36000,1,99,99,0,99,0,0,0,36
36000,1,99,99,0,99,8,0,0,36
36000,1,99,99,0,99,1,0.0,0,36
36000,1,99,99,0,99,5,0.0,0,36
36000,1,99,99,0,99,7,0.0,0,36
36000,1,99,99,0,99,3,0.0,0,36
36000,1,99,99,0,99,9,0.0,0,36
36000,1,99,99,0,99,11,0.0,0,36
36000,1,99,99,0,99,13,0.018351947185165227,0,36
36000,1,99,99,0,99,15,0.0,0,36
36000,1,99,99,0,99,17,0.9816479189295778,0,36
36000,1,99,99,0,99,19,0.0,0,36
37000,1,99,99,0,99,0,0,0,37
37000,1,99,99,0,99,8,0,0,37
37000,1,99,99,0,99,1,0.0,0,37
37000,1,99,99,0,99,5,0.0,0,37
37000,1,99,99,0,99,7,0.0,0,37
37000,1,99,99,0,99,3,0.0,0,37
37000,1,99,99,0,99,9,0.0,0,37
37000,1,99,99,0,99,11,0.0,0,37
37000,1,99,99,0,99,13,0.8807500721002693,0,37
37000,1,99,99,0,99,15,0.0,0,37
37000,1,99,99,0,99,17,0.11924992789969388,0,37
37000,1,99,99,0,99,19,0.0,0,37
38000,1,99,99,0,99,0,0,0,38
38000,1,99,99,0,99,8,0,0,38
38000,1,99,99,0,99,1,0.0,0,38
38000,1,99,99,0,99,5,0.0,0,38
38000,1,99,99,0,99,7,0.0,0,38
38000,1,99,99,0,99,3,0.0,0,38
38000,1,99,99,0,99,9,0.0,0,38
38000,1,99,99,0,99,11,0.0,0,38
38000,1,99,99,0,99,13,0.8845153298509189,0,38
38000,1,99,99,0,99,15,0.0,0,38
38000,1,99,99,0,99,17,0.11548467014906445,0,38
38000,1,99,99,0,99,19,0.0,0,38
39000,1,99,99,0,99,0,0,0,39
39000,1,99,99,0,99,8,0,0,39
39000,1,99,99,0,99,1,0.0,0,39
39000,1,99,99,0,99,5,0.0,0,39
39000,1,99,99,0,99,7,0.0,0,39
39000,1,99,99,0,99,3,0.0,0,39
39000,1,99,99,0,99,9,0.0,0,39
39000,1,99,99,0,99,11,0.0,0,39
39000,1,99,99,0,99,13,0.9842415525477883,0,39
39000,1,99,99,0,99,15,0.0,0,39
39000,1,99,99,0,99,17,0.015758447452146957,0,39
39000,1,99,99,0,99,19,0.0,0,39
40000,1,99,99,0,99,0,0,0,40
40000,1,99,99,0,99,8,0,0,40
40000,1,99,99,0,99,1,0.0,0,40
40000,1,99,99,0,99,5,0.0,0,40
40000,1,99,99,0,99,7,0.0,0,40
40000,1,99,99,0,99,3,0.0,0,40
40000,1,99,99,0,99,9,0.0,0,40
40000,1,99,99,0,99,11,0.0,0,40
40000,1,99,99,0,99,13,0.9942046552136482,0,40
40000,1,99,99,0,99,15,0.0,0,40
40000,1,99,99,0,99,17,0.005795344786325285,0,40
40000,1,99,99,0,99,19,0.0,0,40
41000,1,99,99,0,99,0,0,0,41
41000,1,99,99,0,99,8,0,0,41
41000,1,99,99,0,99,1,0.0,0,41
41000,1,99,99,0,99,5,0.0,0,41
41000,1,99,99,0,99,7,0.0,0,41
41000,1,99,99,0,99,3,0.0,0,41
41000,1,99,99,0,99,9,0.0,0,41
41000,1,99,99,0,99,11,0.0,0,41
41000,1,99,99,0,99,13,0.9998726183528837,0,41
41000,1,99,99,0,99,15,0.0,0,41
41000,1,99,99,0,99,17,0.0,0,41
41000,1,99,99,0,99,19,0.0,0,41
42000,1,99,99,0,99,0,0,0,42
42000,1,99,99,0,99,8,0,0,42
42000,1,99,99,0,99,1,0.0,0,42
42000,1,99,99,0,99,5,0.0,0,42
42000,1,99,99,0,99,7,0.0,0,42
42000,1,99,99,0,99,3,0.0,0,42
42000,1,99,99,0,99,9,0.0,0,42
42000,1,99,99,0,99,11,0.0,0,42
42000,1,99,99,0,99,13,0.9999957926760124,0,42
42000,1,99,99,0,99,15,0.0,0,42
42000,1,99,99,0,99,17,0.0,0,42
42000,1,99,99,0,99,19,0.0,0,42
43000,1,99,99,0,99,0,0,0,43
43000,1,99,99,0,99,8,0,0,43
43000,1,99,99,0,99,1,0.0,0,43
43000,1,99,99,0,99,5,0.0,0,43
43000,1,99,99,0,99,7,0.0,0,43
43000,1,99,99,0,99,3,0.0,0,43
43000,1,99,99,0,99,9,0.0,0,43
43000,1,99,99,0,99,11,0.0,0,43
43000,1,99,99,0,99,13,0.9999982053653073,0,43
43000,1,99,99,0,99,15,0.0,0,43
43000,1,99,99,0,99,17,0.0,0,43
43000,1,99,99,0,99,19,0.0,0,43
44000,1,99,99,0,99,0,0,0,44
44000,1,99,99,0,99,8,0,0,44
44000,1,99,99,0,99,1,0.0,0,44
44000,1,99,99,0,99,5,0.0,0,44
44000,1,99,99,0,99,7,0.0,0,44
44000,1,99,99,0,99,3,0.0,0,44
44000,1,99,99,0,99,9,0.0,0,44
44000,1,99,99,0,99,11,0.0,0,44
44000,1,99,99,0,99,13,0.9999999832239966,0,44
44000,1,99,99,0,99,15,0.0,0,44
44000,1,99,99,0,99,17,0.0,0,44
44000,1,99,99,0,99,19,0.0,0,44
45000,1,99,99,0,99,0,0,0,45
45000,1,99,99,0,99,8,0,0,45
45000,1,99,99,0,99,1,0.0,0,45
45000,1,99,99,0,99,5,0.0,0,45
45000,1,99,99,0,99,7,0.0,0,45
45000,1,99,99,0,99,3,0.0,0,45
45000,1,99,99,0,99,9,0.0,0,45
45000,1,99,99,0,99,11,0.0,0,45
45000,1,99,99,0,99,13,0.9999999194390382,0,45
45000,1,99,99,0,99,15,0.0,0,45
45000,1,99,99,0,99,17,0.0,0,45
45000,1,99,99,0,99,19,0.0,0,45
46000,1,99,99,0,99,0,0,0,46
46000,1,99,99,0,99,8,0,0,46
46000,1,99,99,0,99,1,0.0,0,46
46000,1,99,99,0,99,5,0.0,0,46
46000,1,99,99,0,99,7,0.0,0,46
46000,1,99,99,0,99,3,0.0,0,46
46000,1,99,99,0,99,9,0.0,0,46
46000,1,99,99,0,99,11,0.0,0,46
46000,1,99,99,0,99,13,0.9999998143756832,0,46
46000,1,99,99,0,99,15,0.0,0,46
46000,1,99,99,0,99,17,0.0,0,46
46000,1,99,99,0,99,19,0.0,0,46
47000,1,99,99,0,99,0,0,0,47
47000,1,99,99,0,99,8,0,0,47
47000,1,99,99,0,99,1,0.0,0,47
47000,1,99,99,0,99,5,0.0,0,47
47000,1,99,99,0,99,7,0.0,0,47
47000,1,99,99,0,99,3,0.0,0,47
47000,1,99,99,0,99,9,0.0,0,47
47000,1,99,99,0,99,11,0.0,0,47
47000,1,99,99,0,99,13,0.9999999439562277,0,47
47000,1,99,99,0,99,15,0.0,0,47
47000,1,99,99,0,99,17,0.0,0,47
47000,1,99,99,0,99,19,0.0,0,47
48000,1,99,99,0,99,0,0,0,48
48000,1,99,99,0,99,8,0,0,48
48000,1,99,99,0,99,1,0.0,0,48
48000,1,99,99,0,99,5,0.0,0,48
48000,1,99,99,0,99,7,0.0,0,48
48000,1,99,99,0,99,3,0.0,0,48
48000,1,99,99,0,99,9,0.0,0,48
48000,1,99,99,0,99,11,0.0,0,48
48000,1,99,99,0,99,13,0.9999997747966701,0,48
48000,1,99,99,0,99,15,0.0,0,48
48000,1,99,99,0,99,17,0.0,0,48
48000,1,99,99,0,99,19,0.0,0,48
49000,1,99,99,0,99,0,0,0,49
49000,1,99,99,0,99,8,0,0,49
49000,1,99,99,0,99,1,0.0,0,49
49000,1,99,99,0,99,5,0.0,0,49
49000,1,99,99,0,99,7,0.0,0,49
49000,1,99,99,0,99,3,0.0,0,49
49000,1,99,99,0,99,9,0.0,0,49
49000,1,99,99,0,99,11,0.0,0,49
49000,1,99,99,0,99,13,0.9999999832155699,0,49
49000,1,99,99,0,99,15,0.0,0,49
49000,1,99,99,0,99,17,0.0,0,49
49000,1,99,99,0,99,19,0.0,0,49
50000,1,99,99,0,99,0,0,0,50
50000,1,99,99,0,99,8,0,0,50
50000,1,99,99,0,99,1,0.0,0,50
50000,1,99,99,0,99,5,0.0,0,50
50000,1,99,99,0,99,7,0.0,0,50
50000,1,99,99,0,99,3,0.0,0,50
50000,1,99,99,0,99,9,0.0,0,50
50000,1,99,99,0,99,11,0.0,0,50
50000,1,99,99,0,99,13,0.9999999213339484,0,50
50000,1,99,99,0,99,15,0.0,0,50
50000,1,99,99,0,99,17,0.0,0,50
50000,1,99,99,0,99,19,0.0,0,50
51000,1,99,99,0,99,0,0,0,51
51000,1,99,99,0,99,8,0,0,51
51000,1,99,99,0,99,1,0.0,0,51
51000,1,99,99,0,99,5,0.0,0,51
51000,1,99,99,0,99,7,0.0,0,51
51000,1,99,99,0,99,3,0.0,0,51
51000,1,99,99,0,99,9,0.0,0,51
51000,1,99,99,0,99,11,0.0,0,51
51000,1,99,99,0,99,13,0.0,0,51
51000,1,99,99,0,99,15,0.0,0,51
51000,1,99,99,0,99,17,0.9999998126044253,0,51
51000,1,99,99,0,99,19,0.0,0,51
52000,1,99,99,0,99,0,0,0,52
52000,1,99,99,0,99,8,0,0,52
52000,1,99,99,0,99,1,0.0,0,52
52000,1,99,99,0,99,5,0.0,0,52
52000,1,99,99,0,99,7,0.0,0,52
52000,1,99,99,0,99,3,0.0,0,52
52000,1,99,99,0,99,9,0.0,0,52
52000,1,99,99,0,99,11,0.0,0,52
52000,1,99,99,0,99,13,0.9999999716657981,0,52
52000,1,99,99,0,99,15,0.0,0,52
52000,1,99,99,0,99,17,0.0,0,52
52000,1,99,99,0,99,19,0.0,0,52
53000,1,99,99,0,99,0,0,0,53
53000,1,99,99,0,99,8,0,0,53
53000,1,99,99,0,99,1,0.0,0,53
53000,1,99,99,0,99,5,0.0,0,53
53000,1,99,99,0,99,7,0.0,0,53
53000,1,99,99,0,99,3,0.0,0,53
53000,1,99,99,0,99,9,0.0,0,53
53000,1,99,99,0,99,11,0.0,0,53
53000,1,99,99,0,99,13,0.999999971658508,0,53
53000,1,99,99,0,99,15,0.0,0,53
53000,1,99,99,0,99,17,0.0,0,53
53000,1,99,99,0,99,19,0.0,0,53
54000,1,99,99,0,99,0,0,0,54
54000,1,99,99,0,99,8,0,0,54
54000,1,99,99,0,99,1,0.0,0,54
54000,1,99,99,0,99,5,0.0,0,54
54000,1,99,99,0,99,7,0.0,0,54
54000,1,99,99,0,99,3,0.0,0,54
54000,1,99,99,0,99,9,0.0,0,54
54000,1,99,99,0,99,11,0.0,0,54
54000,1,99,99,0,99,13,0.9999999999999946,0,54
54000,1,99,99,0,99,15,0.0,0,54
54000,1,99,99,0,99,17,0.0,0,54
54000,1,99,99,0,99,19,0.0,0,54
55000,1,99,99,0,99,0,0,0,55
55000,1,99,99,0,99,8,0,0,55
55000,1,99,99,0,99,1,0.0,0,55
55000,1,99,99,0,99,5,0.0,0,55
55000,1,99,99,0,99,7,0.0,0,55
55000,1,99,99,0,99,3,0.0,0,55
55000,1,99,99,0,99,9,0.0,0,55
55000,1,99,99,0,99,11,0.0,0,55
55000,1,99,99,0,99,13,0.9999999785847513,0,55
55000,1,99,99,0,99,15,0.0,0,55
55000,1,99,99,0,99,17,0.0,0,55
55000,1,99,99,0,99,19,0.0,0,55
56000,1,99,99,0,99,0,0,0,56
56000,1,99,99,0,99,8,0,0,56
56000,1,99,99,0,99,1,0.0,0,56
56000,1,99,99,0,99,5,0.0,0,56
56000,1,99,99,0,99,7,0.0,0,56
56000,1,99,99,0,99,3,0.0,0,56
56000,1,99,99,0,99,9,0.0,0,56
56000,1,99,99,0,99,11,0.0,0,56
56000,1,99,99,0,99,13,0.9999999785299696,0,56
56000,1,99,99,0,99,15,0.0,0,56
56000,1,99,99,0,99,17,0.0,0,56
56000,1,99,99,0,99,19,0.0,0,56
57000,1,99,99,0,99,0,0,0,57
57000,1,99,99,0,99,8,0,0,57
57000,1,99,99,0,99,1,0.0,0,57
57000,1,99,99,0,99,5,0.0,0,57
57000,1,99,99,0,99,7,0.0,0,57
57000,1,99,99,0,99,3,0.0,0,57
57000,1,99,99,0,99,9,0.0,0,57
57000,1,99,99,0,99,11,0.0,0,57
57000,1,99,99,0,99,13,0.9999999279563907,0,57
57000,1,99,99,0,99,15,0.0,0,57
57000,1,99,99,0,99,17,0.0,0,57
57000,1,99,99,0,99,19,0.0,0,57
58000,1,99,99,0,99,0,0,0,58
58000,1,99,99,0,99,8,0,0,58
58000,1,99,99,0,99,1,0.0,0,58
58000,1,99,99,0,99,5,0.0,0,58
58000,1,99,99,0,99,7,0.0,0,58
58000,1,99,99,0,99,3,0.0,0,58
58000,1,99,99,0,99,9,0.0,0,58
58000,1,99,99,0,99,11,0.0,0,58
58000,1,99,99,0,99,13,0.9999991251534271,0,58
58000,1,99,99,0,99,15,0.0,0,58
58000,1,99,99,0,99,17,0.0,0,58
58000,1,99,99,0,99,19,0.0,0,58
59000,1,99,99,0,99,0,0,0,59
59000,1,99,99,0,99,8,0,0,59
59000,1,99,99,0,99,1,0.0,0,59
59000,1,99,99,0,99,5,0.0,0,59
59000,1,99,99,0,99,7,0.0,0,59
59000,1,99,99,0,99,3,0.0,0,59
59000,1,99,99,0,99,9,0.0,0,59
59000,1,99,99,0,99,11,0.0,0,59
59000,1,99,99,0,99,13,0.0,0,59
59000,1,99,99,0,99,15,0.0,0,59
59000,1,99,99,0,99,17,0.9999996493126321,0,59
59000,1,99,99,0,99,19,0.0,0,59
60000,1,99,99,0,99,0,0,0,60
60000,1,99,99,0,99,8,0,0,60
60000,1,99,99,0,99,1,0.0,0,60
60000,1,99,99,0,99,5,0.0,0,60
60000,1,99,99,0,99,7,0.0,0,60
60000,1,99,99,0,99,3,0.0,0,60
60000,1,99,99,0,99,9,0.0,0,60
60000,1,99,99,0,99,11,0.0,0,60
60000,1,99,99,0,99,13,0.0,0,60
60000,1,99,99,0,99,15,0.0,0,60
60000,1,99,99,0,99,17,0.999999865867417,0,60
60000,1,99,99,0,99,19,0.0,0,60
61000,1,99,99,0,99,0,0,0,61
61000,1,99,99,0,99,8,0,0,61
61000,1,99,99,0,99,1,0.0,0,61
61000,1,99,99,0,99,5,0.0,0,61
61000,1,99,99,0,99,7,0.0,0,61
61000,1,99,99,0,99,3,0.0,0,61
61000,1,99,99,0,99,9,0.0,0,61
61000,1,99,99,0,99,11,0.0,0,61
61000,1,99,99,0,99,13,0.9999999999999984,0,61
61000,1,99,99,0,99,15,0.0,0,61
61000,1,99,99,0,99,17,0.0,0,61
61000,1,99,99,0,99,19,0.0,0,61
62000,1,99,99,0,99,0,0,0,62
62000,1,99,99,0,99,8,0,0,62
62000,1,99,99,0,99,1,0.0,0,62
62000,1,99,99,0,99,5,0.0,0,62
62000,1,99,99,0,99,7,0.0,0,62
62000,1,99,99,0,99,3,0.0,0,62
62000,1,99,99,0,99,9,0.0,0,62
62000,1,99,99,0,99,11,0.0,0,62
62000,1,99,99,0,99,13,0.0,0,62
62000,1,99,99,0,99,15,0.0,0,62
62000,1,99,99,0,99,17,0.9999997987862518,0,62
62000,1,99,99,0,99,19,0.0,0,62
63000,1,99,99,0,99,0,0,0,63
63000,1,99,99,0,99,8,0,0,63
63000,1,99,99,0,99,1,0.0,0,63
63000,1,99,99,0,99,5,0.0,0,63
63000,1,99,99,0,99,7,0.0,0,63
63000,1,99,99,0,99,3,0.0,0,63
63000,1,99,99,0,99,9,0.0,0,63
63000,1,99,99,0,99,11,0.0,0,63
63000,1,99,99,0,99,13,0.9999987568736173,0,63
63000,1,99,99,0,99,15,0.0,0,63
63000,1,99,99,0,99,17,0.0,0,63
63000,1,99,99,0,99,19,0.0,0,63
64000,1,99,99,0,99,0,0,0,64
64000,1,99,99,0,99,8,0,0,64
64000,1,99,99,0,99,1,0.0,0,64
64000,1,99,99,0,99,5,0.0,0,64
64000,1,99,99,0,99,7,0.0,0,64
64000,1,99,99,0,99,3,0.0,0,64
64000,1,99,99,0,99,9,0.0,0,64
64000,1,99,99,0,99,11,0.0,0,64
64000,1,99,99,0,99,13,0.9999995760375925,0,64
64000,1,99,99,0,99,15,0.0,0,64
64000,1,99,99,0,99,17,0.0,0,64
64000,1,99,99,0,99,19,0.0,0,64
65000,1,99,99,0,99,0,0,0,65
65000,1,99,99,0,99,8,0,0,65
65000,1,99,99,0,99,1,0.0,0,65
65000,1,99,99,0,99,5,0.0,0,65
65000,1,99,99,0,99,7,0.0,0,65
65000,1,99,99,0,99,3,0.0,0,65
65000,1,99,99,0,99,9,0.0,0,65
65000,1,99,99,0,99,11,0.0,0,65
65000,1,99,99,0,99,13,0.9999999685395575,0,65
65000,1,99,99,0,99,15,0.0,0,65
65000,1,99,99,0,99,17,0.0,0,65
65000,1,99,99,0,99,19,0.0,0,65
66000,1,99,99,0,99,0,0,0,66
66000,1,99,99,0,99,8,0,0,66
66000,1,99,99,0,99,1,0.0,0,66
66000,1,99,99,0,99,5,0.0,0,66
66000,1,99,99,0,99,7,0.0,0,66
66000,1,99,99,0,99,3,0.0,0,66
66000,1,99,99,0,99,9,0.0,0,66
66000,1,99,99,0,99,11,0.0,0,66
66000,1,99,99,0,99,13,0.9999999463025382,0,66
66000,1,99,99,0,99,15,0.0,0,66
66000,1,99,99,0,99,17,0.0,0,66
66000,1,99,99,0,99,19,0.0,0,66
67000,1,99,99,0,99,0,0,0,67
67000,1,99,99,0,99,8,0,0,67
67000,1,99,99,0,99,1,0.0,0,67
67000,1,99,99,0,99,5,0.0,0,67
67000,1,99,99,0,99,7,0.0,0,67
67000,1,99,99,0,99,3,0.0,0,67
67000,1,99,99,0,99,9,0.0,0,67
67000,1,99,99,0,99,11,0.0,0,67
67000,1,99,99,0,99,13,0.999999999999982,0,67
67000,1,99,99,0,99,15,0.0,0,67
67000,1,99,99,0,99,17,0.0,0,67
67000,1,99,99,0,99,19,0.0,0,67
68000,1,99,99,0,99,0,0,0,68
68000,1,99,99,0,99,8,0,0,68
68000,1,99,99,0,99,1,0.0,0,68
68000,1,99,99,0,99,5,0.0,0,68
68000,1,99,99,0,99,7,0.0,0,68
68000,1,99,99,0,99,3,0.0,0,68
68000,1,99,99,0,99,9,0.0,0,68
68000,1,99,99,0,99,11,0.0,0,68
68000,1,99,99,0,99,13,0.9999999654754598,0,68
68000,1,99,99,0,99,15,0.0,0,68
68000,1,99,99,0,99,17,0.0,0,68
68000,1,99,99,0,99,19,0.0,0,68
69000,1,99,99,0,99,0,0,0,69
69000,1,99,99,0,99,8,0,0,69
69000,1,99,99,0,99,1,0.0,0,69
69000,1,99,99,0,99,5,0.0,0,69
69000,1,99,99,0,99,7,0.0,0,69
69000,1,99,99,0,99,3,0.0,0,69
69000,1,99,99,0,99,9,0.0,0,69
69000,1,99,99,0,99,11,0.0,0,69
69000,1,99,99,0,99,13,0.9999999031718161,0,69
69000,1,99,99,0,99,15,0.0,0,69
69000,1,99,99,0,99,17,0.0,0,69
69000,1,99,99,0,99,19,0.0,0,69
70000,1,99,99,0,99,0,0,0,70
70000,1,99,99,0,99,8,0,0,70
70000,1,99,99,0,99,1,0.0,0,70
70000,1,99,99,0,99,5,0.0,0,70
70000,1,99,99,0,99,7,0.0,0,70
70000,1,99,99,0,99,3,0.0,0,70
70000,1,99,99,0,99,9,0.0,0,70
70000,1,99,99,0,99,11,0.0,0,70
70000,1,99,99,0,99,13,0.0,0,70
70000,1,99,99,0,99,15,0.0,0,70
70000,1,99,99,0,99,17,0.9999994285029754,0,70
70000,1,99,99,0,99,19,0.0,0,70
71000,1,99,99,0,99,0,0,0,71
71000,1,99,99,0,99,8,0,0,71
71000,1,99,99,0,99,1,0.0,0,71
71000,1,99,99,0,99,5,0.0,0,71
71000,1,99,99,0,99,7,0.0,0,71
71000,1,99,99,0,99,3,0.0,0,71
71000,1,99,99,0,99,9,0.0,0,71
71000,1,99,99,0,99,11,0.0,0,71
71000,1,99,99,0,99,13,0.99999954002626,0,71
71000,1,99,99,0,99,15,0.0,0,71
71000,1,99,99,0,99,17,0.0,0,71
71000,1,99,99,0,99,19,0.0,0,71
72000,1,99,99,0,99,0,0,0,72
72000,1,99,99,0,99,8,0,0,72
72000,1,99,99,0,99,1,0.0,0,72
72000,1,99,99,0,99,5,0.0,0,72
72000,1,99,99,0,99,7,0.0,0,72
72000,1,99,99,0,99,3,0.0,0,72
72000,1,99,99,0,99,9,0.0,0,72
72000,1,99,99,0,99,11,0.0,0,72
72000,1,99,99,0,99,13,0.9999999999999987,0,72
72000,1,99,99,0,99,15,0.0,0,72
72000,1,99,99,0,99,17,0.0,0,72
72000,1,99,99,0,99,19,0.0,0,72
73000,1,99,99,0,99,0,0,0,73
73000,1,99,99,0,99,8,0,0,73
73000,1,99,99,0,99,1,0.0,0,73
73000,1,99,99,0,99,5,0.0,0,73
73000,1,99,99,0,99,7,0.0,0,73
73000,1,99,99,0,99,3,0.0,0,73
73000,1,99,99,0,99,9,0.0,0,73
73000,1,99,99,0,99,11,0.0,0,73
73000,1,99,99,0,99,13,0.0,0,73
73000,1,99,99,0,99,15,0.0,0,73
73000,1,99,99,0,99,17,0.999999026310106,0,73
73000,1,99,99,0,99,19,0.0,0,73
74000,1,99,99,0,99,0,0,0,74
74000,1,99,99,0,99,8,0,0,74
74000,1,99,99,0,99,1,0.0,0,74
74000,1,99,99,0,99,5,0.0,0,74
74000,1,99,99,0,99,7,0.0,0,74
74000,1,99,99,0,99,3,0.0,0,74
74000,1,99,99,0,99,9,0.0,0,74
74000,1,99,99,0,99,11,0.0,0,74
74000,1,99,99,0,99,13,0.999999840654788,0,74
74000,1,99,99,0,99,15,0.0,0,74
74000,1,99,99,0,99,17,0.0,0,74
74000,1,99,99,0,99,19,0.0,0,74
75000,1,99,99,0,99,0,0,0,75
75000,1,99,99,0,99,8,0,0,75
75000,1,99,99,0,99,1,0.0,0,75
75000,1,99,99,0,99,5,0.0,0,75
75000,1,99,99,0,99,7,0.0,0,75
75000,1,99,99,0,99,3,0.0,0,75
75000,1,99,99,0,99,9,0.0,0,75
75000,1,99,99,0,99,11,0.0,0,75
75000,1,99,99,0,99,13,0.9999985243741205,0,75
75000,1,99,99,0,99,15,0.0,0,75
75000,1,99,99,0,99,17,0.0,0,75
75000,1,99,99,0,99,19,0.0,0,75
76000,1,99,99,0,99,0,0,0,76
76000,1,99,99,0,99,8,0,0,76
76000,1,99,99,0,99,1,0.0,0,76
76000,1,99,99,0,99,5,0.0,0,76
76000,1,99,99,0,99,7,0.0,0,76
76000,1,99,99,0,99,3,0.0,0,76
76000,1,99,99,0,99,9,0.0,0,76
76000,1,99,99,0,99,11,0.0,0,76
76000,1,99,99,0,99,13,0.9999991271551983,0,76
76000,1,99,99,0,99,15,0.0,0,76
76000,1,99,99,0,99,17,0.0,0,76
76000,1,99,99,0,99,19,0.0,0,76
77000,1,99,99,0,99,0,0,0,77
77000,1,99,99,0,99,8,0,0,77
77000,1,99,99,0,99,1,0.0,0,77
77000,1,99,99,0,99,5,0.0,0,77
77000,1,99,99,0,99,7,0.0,0,77
77000,1,99,99,0,99,3,0.0,0,77
77000,1,99,99,0,99,9,0.0,0,77
77000,1,99,99,0,99,11,0.0,0,77
77000,1,99,99,0,99,13,0.9999999999999627,0,77
77000,1,99,99,0,99,15,0.0,0,77
77000,1,99,99,0,99,17,0.0,0,77
77000,1,99,99,0,99,19,0.0,0,77
78000,1,99,99,0,99,0,0,0,78
78000,1,99,99,0,99,8,0,0,78
78000,1,99,99,0,99,1,0.0,0,78
78000,1,99,99,0,99,5,0.0,0,78
78000,1,99,99,0,99,7,0.0,0,78
78000,1,99,99,0,99,3,0.0,0,78
78000,1,99,99,0,99,9,0.0,0,78
78000,1,99,99,0,99,11,0.0,0,78
78000,1,99,99,0,99,13,0.0,0,78
78000,1,99,99,0,99,15,0.0,0,78
78000,1,99,99,0,99,17,0.9999997752750062,0,78
78000,1,99,99,0,99,19,0.0,0,78
79000,1,99,99,0,99,0,0,0,79
79000,1,99,99,0,99,8,0,0,79
79000,1,99,99,0,99,1,0.0,0,79
79000,1,99,99,0,99,5,0.0,0,79
79000,1,99,99,0,99,7,0.0,0,79
79000,1,99,99,0,99,3,0.0,0,79
79000,1,99,99,0,99,9,0.0,0,79
79000,1,99,99,0,99,11,0.0,0,79
79000,1,99,99,0,99,13,0.9999996696500478,0,79
79000,1,99,99,0,99,15,0.0,0,79
79000,1,99,99,0,99,17,0.0,0,79
79000,1,99,99,0,99,19,0.0,0,79
80000,1,99,99,0,99,0,0,0,80
80000,1,99,99,0,99,8,0,0,80
80000,1,99,99,0,99,1,0.0,0,80
80000,1,99,99,0,99,5,0.0,0,80
80000,1,99,99,0,99,7,0.0,0,80
80000,1,99,99,0,99,3,0.0,0,80
80000,1,99,99,0,99,9,0.0,0,80
80000,1,99,99,0,99,11,0.0,0,80
80000,1,99,99,0,99,13,0.9999999998151924,0,80
80000,1,99,99,0,99,15,0.0,0,80
80000,1,99,99,0,99,17,0.0,0,80
80000,1,99,99,0,99,19,0.0,0,80
81000,1,99,99,0,99,0,0,0,81
81000,1,99,99,0,99,8,0,0,81
81000,1,99,99,0,99,1,0.0,0,81
81000,1,99,99,0,99,5,0.0,0,81
81000,1,99,99,0,99,7,0.0,0,81
81000,1,99,99,0,99,3,0.0,0,81
81000,1,99,99,0,99,9,0.0,0,81
81000,1,99,99,0,99,11,0.0,0,81
81000,1,99,99,0,99,13,0.9999997561564489,0,81
81000,1,99,99,0,99,15,0.0,0,81
81000,1,99,99,0,99,17,0.0,0,81
81000,1,99,99,0,99,19,0.0,0,81
82000,1,99,99,0,99,0,0,0,82
82000,1,99,99,0,99,8,0,0,82
82000,1,99,99,0,99,1,0.0,0,82
82000,1,99,99,0,99,5,0.0,0,82
82000,1,99,99,0,99,7,0.0,0,82
82000,1,99,99,0,99,3,0.0,0,82
82000,1,99,99,0,99,9,0.0,0,82
82000,1,99,99,0,99,11,0.0,0,82
82000,1,99,99,0,99,13,0.99999986735845,0,82
82000,1,99,99,0,99,15,0.0,0,82
82000,1,99,99,0,99,17,0.0,0,82
82000,1,99,99,0,99,19,0.0,0,82
83000,1,99,99,0,99,0,0,0,83
83000,1,99,99,0,99,8,0,0,83
83000,1,99,99,0,99,1,0.0,0,83
83000,1,99,99,0,99,5,0.0,0,83
83000,1,99,99,0,99,7,0.0,0,83
83000,1,99,99,0,99,3,0.0,0,83
83000,1,99,99,0,99,9,0.0,0,83
83000,1,99,99,0,99,11,0.0,0,83
83000,1,99,99,0,99,13,0.0,0,83
83000,1,99,99,0,99,15,0.0,0,83
83000,1,99,99,0,99,17,0.9999972321674089,0,83
83000,1,99,99,0,99,19,0.0,0,83
84000,1,99,99,0,99,0,0,0,84
84000,1,99,99,0,99,8,0,0,84
84000,1,99,99,0,99,1,0.0,0,84
84000,1,99,99,0,99,5,0.0,0,84
84000,1,99,99,0,99,7,0.0,0,84
84000,1,99,99,0,99,3,0.0,0,84
84000,1,99,99,0,99,9,0.0,0,84
84000,1,99,99,0,99,11,0.0,0,84
84000,1,99,99,0,99,13,0.9999999838164738,0,84
84000,1,99,99,0,99,15,0.0,0,84
84000,1,99,99,0,99,17,0.0,0,84
84000,1,99,99,0,99,19,0.0,0,84
85000,1,99,99,0,99,0,0,0,85
85000,1,99,99,0,99,8,0,0,85
85000,1,99,99,0,99,1,0.0,0,85
85000,1,99,99,0,99,5,0.0,0,85
85000,1,99,99,0,99,7,0.0,0,85
85000,1,99,99,0,99,3,0.0,0,85
85000,1,99,99,0,99,9,0.0,0,85
85000,1,99,99,0,99,11,0.0,0,85
85000,1,99,99,0,99,13,0.9999999788942918,0,85
85000,1,99,99,0,99,15,0.0,0,85
85000,1,99,99,0,99,17,0.0,0,85
85000,1,99,99,0,99,19,0.0,0,85
86000,1,99,99,0,99,0,0,0,86
86000,1,99,99,0,99,8,0,0,86
86000,1,99,99,0,99,1,0.0,0,86
86000,1,99,99,0,99,5,0.0,0,86
86000,1,99,99,0,99,7,0.0,0,86
86000,1,99,99,0,99,3,0.0,0,86
86000,1,99,99,0,99,9,0.0,0,86
86000,1,99,99,0,99,11,0.0,0,86
86000,1,99,99,0,99,13,0.9999999955282013,0,86
86000,1,99,99,0,99,15,0.0,0,86
86000,1,99,99,0,99,17,0.0,0,86
86000,1,99,99,0,99,19,0.0,0,86
87000,1,99,99,0,99,0,0,0,87
87000,1,99,99,0,99,8,0,0,87
87000,1,99,99,0,99,1,0.0,0,87
87000,1,99,99,0,99,5,0.0,0,87
87000,1,99,99,0,99,7,0.0,0,87
87000,1,99,99,0,99,3,0.0,0,87
87000,1,99,99,0,99,9,0.0,0,87
87000,1,99,99,0,99,11,0.0,0,87
87000,1,99,99,0,99,13,0.9999999337739144,0,87
87000,1,99,99,0,99,15,0.0,0,87
87000,1,99,99,0,99,17,0.0,0,87
87000,1,99,99,0,99,19,0.0,0,87
88000,1,99,99,0,99,0,0,0,88
88000,1,99,99,0,99,8,0,0,88
88000,1,99,99,0,99,1,0.0,0,88
88000,1,99,99,0,99,5,0.0,0,88
88000,1,99,99,0,99,7,0.0,0,88
88000,1,99,99,0,99,3,0.0,0,88
88000,1,99,99,0,99,9,0.0,0,88
88000,1,99,99,0,99,11,0.0,0,88
88000,1,99,99,0,99,13,0.9999999799558309,0,88
88000,1,99,99,0,99,15,0.0,0,88
88000,1,99,99,0,99,17,0.0,0,88
88000,1,99,99,0,99,19,0.0,0,88
89000,1,99,99,0,99,0,0,0,89
89000,1,99,99,0,99,8,0,0,89
89000,1,99,99,0,99,1,0.0,0,89
89000,1,99,99,0,99,5,0.0,0,89
89000,1,99,99,0,99,7,0.0,0,89
89000,1,99,99,0,99,3,0.0,0,89
89000,1,99,99,0,99,9,0.0,0,89
89000,1,99,99,0,99,11,0.0,0,89
89000,1,99,99,0,99,13,0.9999999981062246,0,89
89000,1,99,99,0,99,15,0.0,0,89
89000,1,99,99,0,99,17,0.0,0,89
89000,1,99,99,0,99,19,0.0,0,89
90000,1,99,99,0,99,0,0,0,90
90000,1,99,99,0,99,8,0,0,90
90000,1,99,99,0,99,1,0.0,0,90
90000,1,99,99,0,99,5,0.0,0,90
90000,1,99,99,0,99,7,0.0,0,90
90000,1,99,99,0,99,3,0.0,0,90
90000,1,99,99,0,99,9,0.0,0,90
90000,1,99,99,0,99,11,0.0,0,90
90000,1,99,99,0,99,13,0.9999999975426125,0,90
90000,1,99,99,0,99,15,0.0,0,90
90000,1,99,99,0,99,17,0.0,0,90
90000,1,99,99,0,99,19,0.0,0,90
91000,1,99,99,0,99,0,0,0,91
91000,1,99,99,0,99,8,0,0,91
91000,1,99,99,0,99,1,0.0,0,91
91000,1,99,99,0,99,5,0.0,0,91
91000,1,99,99,0,99,7,0.0,0,91
91000,1,99,99,0,99,3,0.0,0,91
91000,1,99,99,0,99,9,0.0,0,91
91000,1,99,99,0,99,11,0.0,0,91
91000,1,99,99,0,99,13,0.9999999914320221,0,91
91000,1,99,99,0,99,15,0.0,0,91
91000,1,99,99,0,99,17,0.0,0,91
91000,1,99,99,0,99,19,0.0,0,91
92000,1,99,99,0,99,0,0,0,92
92000,1,99,99,0,99,8,0,0,92
92000,1,99,99,0,99,1,0.0,0,92
92000,1,99,99,0,99,5,0.0,0,92
92000,1,99,99,0,99,7,0.0,0,92
92000,1,99,99,0,99,3,0.0,0,92
92000,1,99,99,0,99,9,0.0,0,92
92000,1,99,99,0,99,11,0.0,0,92
92000,1,99,99,0,99,13,0.0,0,92
92000,1,99,99,0,99,15,0.0,0,92
92000,1,99,99,0,99,17,0.999997675039035,0,92
92000,1,99,99,0,99,19,0.0,0,92
93000,1,99,99,0,99,0,0,0,93
93000,1,99,99,0,99,8,0,0,93
93000,1,99,99,0,99,1,0.0,0,93
93000,1,99,99,0,99,5,0.0,0,93
93000,1,99,99,0,99,7,0.0,0,93
93000,1,99,99,0,99,3,0.0,0,93
93000,1,99,99,0,99,9,0.0,0,93
93000,1,99,99,0,99,11,0.0,0,93
93000,1,99,99,0,99,13,0.9999999999999908,0,93
93000,1,99,99,0,99,15,0.0,0,93
93000,1,99,99,0,99,17,0.0,0,93
93000,1,99,99,0,99,19,0.0,0,93
94000,1,99,99,0,99,0,0,0,94
94000,1,99,99,0,99,8,0,0,94
94000,1,99,99,0,99,1,0.0,0,94
94000,1,99,99,0,99,5,0.0,0,94
94000,1,99,99,0,99,7,0.0,0,94
94000,1,99,99,0,99,3,0.0,0,94
94000,1,99,99,0,99,9,0.0,0,94
94000,1,99,99,0,99,11,0.0,0,94
94000,1,99,99,0,99,13,0.9999999938895444,0,94
94000,1,99,99,0,99,15,0.0,0,94
94000,1,99,99,0,99,17,0.0,0,94
94000,1,99,99,0,99,19,0.0,0,94
95000,1,99,99,0,99,0,0,0,95
95000,1,99,99,0,99,8,0,0,95
95000,1,99,99,0,99,1,0.0,0,95
95000,1,99,99,0,99,5,0.0,0,95
95000,1,99,99,0,99,7,0.0,0,95
95000,1,99,99,0,99,3,0.0,0,95
95000,1,99,99,0,99,9,0.0,0,95
95000,1,99,99,0,99,11,0.0,0,95
95000,1,99,99,0,99,13,0.9999999798830983,0,95
95000,1,99,99,0,99,15,0.0,0,95
95000,1,99,99,0,99,17,0.0,0,95
95000,1,99,99,0,99,19,0.0,0,95
96000,1,99,99,0,99,0,0,0,96
96000,1,99,99,0,99,8,0,0,96
96000,1,99,99,0,99,1,0.0,0,96
96000,1,99,99,0,99,5,0.0,0,96
96000,1,99,99,0,99,7,0.0,0,96
96000,1,99,99,0,99,3,0.0,0,96
96000,1,99,99,0,99,9,0.0,0,96
96000,1,99,99,0,99,11,0.0,0,96
96000,1,99,99,0,99,13,0.9999999980250253,0,96
96000,1,99,99,0,99,15,0.0,0,96
96000,1,99,99,0,99,17,0.0,0,96
96000,1,99,99,0,99,19,0.0,0,96
97000,1,99,99,0,99,0,0,0,97
97000,1,99,99,0,99,8,0,0,97
97000,1,99,99,0,99,1,0.0,0,97
97000,1,99,99,0,99,5,0.0,0,97
97000,1,99,99,0,99,7,0.0,0,97
97000,1,99,99,0,99,3,0.0,0,97
97000,1,99,99,0,99,9,0.0,0,97
97000,1,99,99,0,99,11,0.0,0,97
97000,1,99,99,0,99,13,0.9999999942231166,0,97
97000,1,99,99,0,99,15,0.0,0,97
97000,1,99,99,0,99,17,0.0,0,97
97000,1,99,99,0,99,19,0.0,0,97
98000,1,99,99,0,99,0,0,0,98
98000,1,99,99,0,99,8,0,0,98
98000,1,99,99,0,99,1,0.0,0,98
98000,1,99,99,0,99,5,0.0,0,98
98000,1,99,99,0,99,7,0.0,0,98
98000,1,99,99,0,99,3,0.0,0,98
98000,1,99,99,0,99,9,0.0,0,98
98000,1,99,99,0,99,11,0.0,0,98
98000,1,99,99,0,99,13,0.9999999999999969,0,98
98000,1,99,99,0,99,15,0.0,0,98
98000,1,99,99,0,99,17,0.0,0,98
98000,1,99,99,0,99,19,0.0,0,98
99000,1,99,99,0,99,0,0,0,99
99000,1,99,99,0,99,8,0,0,99
99000,1,99,99,0,99,1,0.0,0,99
99000,1,99,99,0,99,5,0.0,0,99
99000,1,99,99,0,99,7,0.0,0,99
99000,1,99,99,0,99,3,0.0,0,99
99000,1,99,99,0,99,9,0.0,0,99
99000,1,99,99,0,99,11,0.0,0,99
99000,1,99,99,0,99,13,0.9999999999999972,0,99
99000,1,99,99,0,99,15,0.0,0,99
99000,1,99,99,0,99,17,0.0,0,99
99000,1,99,99,0,99,19,0.0,0,99
100000,1,99,99,0,99,0,0,0,100
100000,1,99,99,0,99,8,0,0,100
100000,1,99,99,0,99,1,0.0,0,100
100000,1,99,99,0,99,5,0.0,0,100
100000,1,99,99,0,99,7,0.0,0,100
100000,1,99,99,0,99,3,0.0,0,100
100000,1,99,99,0,99,9,0.0,0,100
100000,1,99,99,0,99,11,0.0,0,100
100000,1,99,99,0,99,13,0.999999987877934,0,100
100000,1,99,99,0,99,15,0.0,0,100
100000,1,99,99,0,99,17,0.0,0,100
100000,1,99,99,0,99,19,0.0,0,100
101000,1,99,99,0,99,0,0,0,101
101000,1,99,99,0,99,8,0,0,101
101000,1,99,99,0,99,1,0.0,0,101
101000,1,99,99,0,99,5,0.0,0,101
101000,1,99,99,0,99,7,0.0,0,101
101000,1,99,99,0,99,3,0.0,0,101
101000,1,99,99,0,99,9,0.0,0,101
101000,1,99,99,0,99,11,0.0,0,101
101000,1,99,99,0,99,13,0.9999999999999932,0,101
101000,1,99,99,0,99,15,0.0,0,101
101000,1,99,99,0,99,17,0.0,0,101
101000,1,99,99,0,99,19,0.0,0,101
102000,1,99,99,0,99,0,0,0,102
102000,1,99,99,0,99,8,0,0,102
102000,1,99,99,0,99,1,0.0,0,102
102000,1,99,99,0,99,5,0.0,0,102
102000,1,99,99,0,99,7,0.0,0,102
102000,1,99,99,0,99,3,0.0,0,102
102000,1,99,99,0,99,9,0.0,0,102
102000,1,99,99,0,99,11,0.0,0,102
102000,1,99,99,0,99,13,0.9999997751115594,0,102
102000,1,99,99,0,99,15,0.0,0,102
102000,1,99,99,0,99,17,0.0,0,102
102000,1,99,99,0,99,19,0.0,0,102
103000,1,99,99,0,99,0,0,0,103
103000,1,99,99,0,99,8,0,0,103
103000,1,99,99,0,99,1,0.0,0,103
103000,1,99,99,0,99,5,0.0,0,103
103000,1,99,99,0,99,7,0.0,0,103
103000,1,99,99,0,99,3,0.0,0,103
103000,1,99,99,0,99,9,0.0,0,103
103000,1,99,99,0,99,11,0.0,0,103
103000,1,99,99,0,99,13,0.9999999999999993,0,103
103000,1,99,99,0,99,15,0.0,0,103
103000,1,99,99,0,99,17,0.0,0,103
103000,1,99,99,0,99,19,0.0,0,103
104000,1,99,99,0,99,0,0,0,104
104000,1,99,99,0,99,8,0,0,104
104000,1,99,99,0,99,1,0.0,0,104
104000,1,99,99,0,99,5,0.0,0,104
104000,1,99,99,0,99,7,0.0,0,104
104000,1,99,99,0,99,3,0.0,0,104
104000,1,99,99,0,99,9,0.0,0,104
104000,1,99,99,0,99,11,0.0,0,104
104000,1,99,99,0,99,13,0.9999999999999994,0,104
104000,1,99,99,0,99,15,0.0,0,104
104000,1,99,99,0,99,17,0.0,0,104
104000,1,99,99,0,99,19,0.0,0,104
105000,1,99,99,0,99,0,0,0,105
105000,1,99,99,0,99,8,0,0,105
105000,1,99,99,0,99,1,0.0,0,105
105000,1,99,99,0,99,5,0.0,0,105
105000,1,99,99,0,99,7,0.0,0,105
105000,1,99,99,0,99,3,0.0,0,105
105000,1,99,99,0,99,9,0.0,0,105
105000,1,99,99,0,99,11,0.0,0,105
105000,1,99,99,0,99,13,0.9999999886385951,0,105
105000,1,99,99,0,99,15,0.0,0,105
105000,1,99,99,0,99,17,0.0,0,105
105000,1,99,99,0,99,19,0.0,0,105
106000,1,99,99,0,99,0,0,0,106
106000,1,99,99,0,99,8,0,0,106
106000,1,99,99,0,99,1,0.0,0,106
106000,1,99,99,0,99,5,0.0,0,106
106000,1,99,99,0,99,7,0.0,0,106
106000,1,99,99,0,99,3,0.0,0,106
106000,1,99,99,0,99,9,0.0,0,106
106000,1,99,99,0,99,11,0.0,0,106
106000,1,99,99,0,99,13,0.9999999687085147,0,106
106000,1,99,99,0,99,15,0.0,0,106
106000,1,99,99,0,99,17,0.0,0,106
106000,1,99,99,0,99,19,0.0,0,106
107000,1,99,99,0,99,0,0,0,107
107000,1,99,99,0,99,8,0,0,107
107000,1,99,99,0,99,1,0.0,0,107
107000,1,99,99,0,99,5,0.0,0,107
107000,1,99,99,0,99,7,0.0,0,107
107000,1,99,99,0,99,3,0.0,0,107
107000,1,99,99,0,99,9,0.0,0,107
107000,1,99,99,0,99,11,0.0,0,107
107000,1,99,99,0,99,13,0.0,0,107
107000,1,99,99,0,99,15,0.0,0,107
107000,1,99,99,0,99,17,0.9999997113796143,0,107
107000,1,99,99,0,99,19,0.0,0,107
108000,1,99,99,0,99,0,0,0,108
108000,1,99,99,0,99,8,0,0,108
108000,1,99,99,0,99,1,0.0,0,108
108000,1,99,99,0,99,5,0.0,0,108
108000,1,99,99,0,99,7,0.0,0,108
108000,1,99,99,0,99,3,0.0,0,108
108000,1,99,99,0,99,9,0.0,0,108
108000,1,99,99,0,99,11,0.0,0,108
108000,1,99,99,0,99,13,0.9999999752162501,0,108
108000,1,99,99,0,99,15,0.0,0,108
108000,1,99,99,0,99,17,0.0,0,108
108000,1,99,99,0,99,19,0.0,0,108
109000,1,99,99,0,99,0,0,0,109
109000,1,99,99,0,99,8,0,0,109
109000,1,99,99,0,99,1,0.0,0,109
109000,1,99,99,0,99,5,0.0,0,109
109000,1,99,99,0,99,7,0.0,0,109
109000,1,99,99,0,99,3,0.0,0,109
109000,1,99,99,0,99,9,0.0,0,109
109000,1,99,99,0,99,11,0.0,0,109
109000,1,99,99,0,99,13,0.9999994647621173,0,109
109000,1,99,99,0,99,15,0.0,0,109
109000,1,99,99,0,99,17,0.0,0,109
109000,1,99,99,0,99,19,0.0,0,109
110000,1,99,99,0,99,0,0,0,110
110000,1,99,99,0,99,8,0,0,110
110000,1,99,99,0,99,1,0.0,0,110
110000,1,99,99,0,99,5,0.0,0,110
110000,1,99,99,0,99,7,0.0,0,110
110000,1,99,99,0,99,3,0.0,0,110
110000,1,99,99,0,99,9,0.0,0,110
110000,1,99,99,0,99,11,0.0,0,110
110000,1,99,99,0,99,13,0.99999989215141,0,110
110000,1,99,99,0,99,15,0.0,0,110
110000,1,99,99,0,99,17,0.0,0,110
110000,1,99,99,0,99,19,0.0,0,110
111000,1,99,99,0,99,0,0,0,111
111000,1,99,99,0,99,8,0,0,111
111000,1,99,99,0,99,1,0.0,0,111
111000,1,99,99,0,99,5,0.0,0,111
111000,1,99,99,0,99,7,0.0,0,111
111000,1,99,99,0,99,3,0.0,0,111
111000,1,99,99,0,99,9,0.0,0,111
111000,1,99,99,0,99,11,0.0,0,111
111000,1,99,99,0,99,13,0.9999999907333814,0,111
111000,1,99,99,0,99,15,0.0,0,111
111000,1,99,99,0,99,17,0.0,0,111
111000,1,99,99,0,99,19,0.0,0,111
112000,1,99,99,0,99,0,0,0,112
112000,1,99,99,0,99,8,0,0,112
112000,1,99,99,0,99,1,0.0,0,112
112000,1,99,99,0,99,5,0.0,0,112
112000,1,99,99,0,99,7,0.0,0,112
112000,1,99,99,0,99,3,0.0,0,112
112000,1,99,99,0,99,9,0.0,0,112
112000,1,99,99,0,99,11,0.0,0,112
112000,1,99,99,0,99,13,0.9999999906982742,0,112
112000,1,99,99,0,99,15,0.0,0,112
112000,1,99,99,0,99,17,0.0,0,112
112000,1,99,99,0,99,19,0.0,0,112
113000,1,99,99,0,99,0,0,0,113
113000,1,99,99,0,99,8,0,0,113
113000,1,99,99,0,99,1,0.0,0,113
113000,1,99,99,0,99,5,0.0,0,113
113000,1,99,99,0,99,7,0.0,0,113
113000,1,99,99,0,99,3,0.0,0,113
113000,1,99,99,0,99,9,0.0,0,113
113000,1,99,99,0,99,11,0.0,0,113
113000,1,99,99,0,99,13,0.9999999999999998,0,113
113000,1,99,99,0,99,15,0.0,0,113
113000,1,99,99,0,99,17,0.0,0,113
113000,1,99,99,0,99,19,0.0,0,113
114000,1,99,99,0,99,0,0,0,114
114000,1,99,99,0,99,8,0,0,114
114000,1,99,99,0,99,1,0.0,0,114
114000,1,99,99,0,99,5,0.0,0,114
114000,1,99,99,0,99,7,0.0,0,114
114000,1,99,99,0,99,3,0.0,0,114
114000,1,99,99,0,99,9,0.0,0,114
114000,1,99,99,0,99,11,0.0,0,114
114000,1,99,99,0,99,13,0.999999985952049,0,114
114000,1,99,99,0,99,15,0.0,0,114
114000,1,99,99,0,99,17,0.0,0,114
114000,1,99,99,0,99,19,0.0,0,114
115000,1,99,99,0,99,0,0,0,115
115000,1,99,99,0,99,8,0,0,115
115000,1,99,99,0,99,1,0.0,0,115
115000,1,99,99,0,99,5,0.0,0,115
115000,1,99,99,0,99,7,0.0,0,115
115000,1,99,99,0,99,3,0.0,0,115
115000,1,99,99,0,99,9,0.0,0,115
115000,1,99,99,0,99,11,0.0,0,115
115000,1,99,99,0,99,13,0.9999999999999759,0,115
115000,1,99,99,0,99,15,0.0,0,115
115000,1,99,99,0,99,17,0.0,0,115
115000,1,99,99,0,99,19,0.0,0,115
116000,1,99,99,0,99,0,0,0,116
116000,1,99,99,0,99,8,0,0,116
116000,1,99,99,0,99,1,0.0,0,116
116000,1,99,99,0,99,5,0.0,0,116
116000,1,99,99,0,99,7,0.0,0,116
116000,1,99,99,0,99,3,0.0,0,116
116000,1,99,99,0,99,9,0.0,0,116
116000,1,99,99,0,99,11,0.0,0,116
116000,1,99,99,0,99,13,0.0,0,116
116000,1,99,99,0,99,15,0.0,0,116
116000,1,99,99,0,99,17,0.9999996670065335,0,116
116000,1,99,99,0,99,19,0.0,0,116
117000,1,99,99,0,99,0,0,0,117
117000,1,99,99,0,99,8,0,0,117
117000,1,99,99,0,99,1,0.0,0,117
117000,1,99,99,0,99,5,0.0,0,117
117000,1,99,99,0,99,7,0.0,0,117
117000,1,99,99,0,99,3,0.0,0,117
117000,1,99,99,0,99,9,0.0,0,117
117000,1,99,99,0,99,11,0.0,0,117
117000,1,99,99,0,99,13,0.9999999830707978,0,117
117000,1,99,99,0,99,15,0.0,0,117
117000,1,99,99,0,99,17,0.0,0,117
117000,1,99,99,0,99,19,0.0,0,117
118000,1,99,99,0,99,0,0,0,118
118000,1,99,99,0,99,8,0,0,118
118000,1,99,99,0,99,1,0.0,0,118
118000,1,99,99,0,99,5,0.0,0,118
118000,1,99,99,0,99,7,0.0,0,118
118000,1,99,99,0,99,3,0.0,0,118
118000,1,99,99,0,99,9,0.0,0,118
118000,1,99,99,0,99,11,0.0,0,118
118000,1,99,99,0,99,13,0.9999997913035044,0,118
118000,1,99,99,0,99,15,0.0,0,118
118000,1,99,99,0,99,17,0.0,0,118
118000,1,99,99,0,99,19,0.0,0,118
119000,1,99,99,0,99,0,0,0,119
119000,1,99,99,0,99,8,0,0,119
119000,1,99,99,0,99,1,0.0,0,119
119000,1,99,99,0,99,5,0.0,0,119
119000,1,99,99,0,99,7,0.0,0,119
119000,1,99,99,0,99,3,0.0,0,119
119000,1,99,99,0,99,9,0.0,0,119
119000,1,99,99,0,99,11,0.0,0,119
119000,1,99,99,0,99,13,0.9999999600058423,0,119
119000,1,99,99,0,99,15,0.0,0,119
119000,1,99,99,0,99,17,0.0,0,119
119000,1,99,99,0,99,19,0.0,0,119
120000,1,99,99,0,99,0,0,0,120
120000,1,99,99,0,99,8,0,0,120
120000,1,99,99,0,99,1,0.0,0,120
120000,1,99,99,0,99,5,0.0,0,120
120000,1,99,99,0,99,7,0.0,0,120
120000,1,99,99,0,99,3,0.0,0,120
120000,1,99,99,0,99,9,0.0,0,120
120000,1,99,99,0,99,11,0.0,0,120
120000,1,99,99,0,99,13,0.9999999889158758,0,120
120000,1,99,99,0,99,15,0.0,0,120
120000,1,99,99,0,99,17,0.0,0,120
120000,1,99,99,0,99,19,0.0,0,120
121000,1,99,99,0,99,0,0,0,121
121000,1,99,99,0,99,8,0,0,121
121000,1,99,99,0,99,1,0.0,0,121
121000,1,99,99,0,99,5,0.0,0,121
121000,1,99,99,0,99,7,0.0,0,121
121000,1,99,99,0,99,3,0.0,0,121
121000,1,99,99,0,99,9,0.0,0,121
121000,1,99,99,0,99,11,0.0,0,121
121000,1,99,99,0,99,13,0.0,0,121
121000,1,99,99,0,99,15,0.0,0,121
121000,1,99,99,0,99,17,0.9999951755226085,0,121
121000,1,99,99,0,99,19,0.0,0,121
122000,1,99,99,0,99,0,0,0,122
122000,1,99,99,0,99,8,0,0,122
122000,1,99,99,0,99,1,0.0,0,122
122000,1,99,99,0,99,5,0.0,0,122
122000,1,99,99,0,99,7,0.0,0,122
122000,1,99,99,0,99,3,0.0,0,122
122000,1,99,99,0,99,9,0.0,0,122
122000,1,99,99,0,99,11,0.0,0,122
122000,1,99,99,0,99,13,0.9999999847499204,0,122
122000,1,99,99,0,99,15,0.0,0,122
122000,1,99,99,0,99,17,0.0,0,122
122000,1,99,99,0,99,19,0.0,0,122
123000,1,99,99,0,99,0,0,0,123
123000,1,99,99,0,99,8,0,0,123
123000,1,99,99,0,99,1,0.0,0,123
123000,1,99,99,0,99,5,0.0,0,123
123000,1,99,99,0,99,7,0.0,0,123
123000,1,99,99,0,99,3,0.0,0,123
123000,1,99,99,0,99,9,0.0,0,123
123000,1,99,99,0,99,11,0.0,0,123
123000,1,99,99,0,99,13,0.0,0,123
123000,1,99,99,0,99,15,0.0,0,123
123000,1,99,99,0,99,17,0.9999968715772364,0,123
123000,1,99,99,0,99,19,0.0,0,123
124000,1,99,99,0,99,0,0,0,124
124000,1,99,99,0,99,8,0,0,124
124000,1,99,99,0,99,1,0.0,0,124
124000,1,99,99,0,99,5,0.0,0,124
124000,1,99,99,0,99,7,0.0,0,124
124000,1,99,99,0,99,3,0.0,0,124
124000,1,99,99,0,99,9,0.0,0,124
124000,1,99,99,0,99,11,0.0,0,124
124000,1,99,99,0,99,13,0.9999999800944338,0,124
124000,1,99,99,0,99,15,0.0,0,124
124000,1,99,99,0,99,17,0.0,0,124
124000,1,99,99,0,99,19,0.0,0,124
125000,1,99,99,0,99,0,0,0,125
125000,1,99,99,0,99,8,0,0,125
125000,1,99,99,0,99,1,0.0,0,125
125000,1,99,99,0,99,5,0.0,0,125
125000,1,99,99,0,99,7,0.0,0,125
125000,1,99,99,0,99,3,0.0,0,125
125000,1,99,99,0,99,9,0.0,0,125
125000,1,99,99,0,99,11,0.0,0,125
125000,1,99,99,0,99,13,0.9999999464373228,0,125
125000,1,99,99,0,99,15,0.0,0,125
125000,1,99,99,0,99,17,0.0,0,125
125000,1,99,99,0,99,19,0.0,0,125
126000,1,99,99,0,99,0,0,0,126
126000,1,99,99,0,99,8,0,0,126
126000,1,99,99,0,99,1,0.0,0,126
126000,1,99,99,0,99,5,0.0,0,126
126000,1,99,99,0,99,7,0.0,0,126
126000,1,99,99,0,99,3,0.0,0,126
126000,1,99,99,0,99,9,0.0,0,126
126000,1,99,99,0,99,11,0.0,0,126
126000,1,99,99,0,99,13,0.9999999903068912,0,126
126000,1,99,99,0,99,15,0.0,0,126
126000,1,99,99,0,99,17,0.0,0,126
126000,1,99,99,0,99,19,0.0,0,126
127000,1,99,99,0,99,0,0,0,127
127000,1,99,99,0,99,8,0,0,127
127000,1,99,99,0,99,1,0.0,0,127
127000,1,99,99,0,99,5,0.0,0,127
127000,1,99,99,0,99,7,0.0,0,127
127000,1,99,99,0,99,3,0.0,0,127
127000,1,99,99,0,99,9,0.0,0,127
127000,1,99,99,0,99,11,0.0,0,127
127000,1,99,99,0,99,13,0.0,0,127
127000,1,99,99,0,99,15,0.0,0,127
127000,1,99,99,0,99,17,0.9999949893340566,0,127
127000,1,99,99,0,99,19,0.0,0,127
128000,1,99,99,0,99,0,0,0,128
128000,1,99,99,0,99,8,0,0,128
128000,1,99,99,0,99,1,0.0,0,128
128000,1,99,99,0,99,5,0.0,0,128
128000,1,99,99,0,99,7,0.0,0,128
128000,1,99,99,0,99,3,0.0,0,128
128000,1,99,99,0,99,9,0.0,0,128
128000,1,99,99,0,99,11,0.0,0,128
128000,1,99,99,0,99,13,0.9999999113223186,0,128
128000,1,99,99,0,99,15,0.0,0,128
128000,1,99,99,0,99,17,0.0,0,128
128000,1,99,99,0,99,19,0.0,0,128
129000,1,99,99,0,99,0,0,0,129
129000,1,99,99,0,99,8,0,0,129
129000,1,99,99,0,99,1,0.0,0,129
129000,1,99,99,0,99,5,0.0,0,129
129000,1,99,99,0,99,7,0.0,0,129
129000,1,99,99,0,99,3,0.0,0,129
129000,1,99,99,0,99,9,0.0,0,129
129000,1,99,99,0,99,11,0.0,0,129
129000,1,99,99,0,99,13,0.9999999909220291,0,129
129000,1,99,99,0,99,15,0.0,0,129
129000,1,99,99,0,99,17,0.0,0,129
129000,1,99,99,0,99,19,0.0,0,129
130000,1,99,99,0,99,0,0,0,130
130000,1,99,99,0,99,8,0,0,130
130000,1,99,99,0,99,1,0.0,0,130
130000,1,99,99,0,99,5,0.0,0,130
130000,1,99,99,0,99,7,0.0,0,130
130000,1,99,99,0,99,3,0.0,0,130
130000,1,99,99,0,99,9,0.0,0,130
130000,1,99,99,0,99,11,0.0,0,130
130000,1,99,99,0,99,13,0.9999999948599462,0,130
130000,1,99,99,0,99,15,0.0,0,130
130000,1,99,99,0,99,17,0.0,0,130
130000,1,99,99,0,99,19,0.0,0,130
131000,1,99,99,0,99,0,0,0,131
131000,1,99,99,0,99,8,0,0,131
131000,1,99,99,0,99,1,0.0,0,131
131000,1,99,99,0,99,5,0.0,0,131
131000,1,99,99,0,99,7,0.0,0,131
131000,1,99,99,0,99,3,0.0,0,131
131000,1,99,99,0,99,9,0.0,0,131
131000,1,99,99,0,99,11,0.0,0,131
131000,1,99,99,0,99,13,0.9999999909868429,0,131
131000,1,99,99,0,99,15,0.0,0,131
131000,1,99,99,0,99,17,0.0,0,131
131000,1,99,99,0,99,19,0.0,0,131
132000,1,99,99,0,99,0,0,0,132
132000,1,99,99,0,99,8,0,0,132
132000,1,99,99,0,99,1,0.0,0,132
132000,1,99,99,0,99,5,0.0,0,132
132000,1,99,99,0,99,7,0.0,0,132
132000,1,99,99,0,99,3,0.0,0,132
132000,1,99,99,0,99,9,0.0,0,132
132000,1,99,99,0,99,11,0.0,0,132
132000,1,99,99,0,99,13,0.9999999999999934,0,132
132000,1,99,99,0,99,15,0.0,0,132
132000,1,99,99,0,99,17,0.0,0,132
132000,1,99,99,0,99,19,0.0,0,132
133000,1,99,99,0,99,0,0,0,133
133000,1,99,99,0,99,8,0,0,133
133000,1,99,99,0,99,1,0.0,0,133
133000,1,99,99,0,99,5,0.0,0,133
133000,1,99,99,0,99,7,0.0,0,133
133000,1,99,99,0,99,3,0.0,0,133
133000,1,99,99,0,99,9,0.0,0,133
133000,1,99,99,0,99,11,0.0,0,133
133000,1,99,99,0,99,13,0.9999999999999998,0,133
133000,1,99,99,0,99,15,0.0,0,133
133000,1,99,99,0,99,17,0.0,0,133
133000,1,99,99,0,99,19,0.0,0,133
134000,1,99,99,0,99,0,0,0,134
134000,1,99,99,0,99,8,0,0,134
134000,1,99,99,0,99,1,0.0,0,134
134000,1,99,99,0,99,5,0.0,0,134
134000,1,99,99,0,99,7,0.0,0,134
134000,1,99,99,0,99,3,0.0,0,134
134000,1,99,99,0,99,9,0.0,0,134
134000,1,99,99,0,99,11,0.0,0,134
134000,1,99,99,0,99,13,0.9999999871114906,0,134
134000,1,99,99,0,99,15,0.0,0,134
134000,1,99,99,0,99,17,0.0,0,134
134000,1,99,99,0,99,19,0.0,0,134
135000,1,99,99,0,99,0,0,0,135
135000,1,99,99,0,99,8,0,0,135
135000,1,99,99,0,99,1,0.0,0,135
135000,1,99,99,0,99,5,0.0,0,135
135000,1,99,99,0,99,7,0.0,0,135
135000,1,99,99,0,99,3,0.0,0,135
135000,1,99,99,0,99,9,0.0,0,135
135000,1,99,99,0,99,11,0.0,0,135
135000,1,99,99,0,99,13,0.9999999906389166,0,135
135000,1,99,99,0,99,15,0.0,0,135
135000,1,99,99,0,99,17,0.0,0,135
135000,1,99,99,0,99,19,0.0,0,135
136000,1,99,99,0,99,0,0,0,136
136000,1,99,99,0,99,8,0,0,136
136000,1,99,99,0,99,1,0.0,0,136
136000,1,99,99,0,99,5,0.0,0,136
136000,1,99,99,0,99,7,0.0,0,136
136000,1,99,99,0,99,3,0.0,0,136
136000,1,99,99,0,99,9,0.0,0,136
136000,1,99,99,0,99,11,0.0,0,136
136000,1,99,99,0,99,13,0.9999999663891982,0,136
136000,1,99,99,0,99,15,0.0,0,136
136000,1,99,99,0,99,17,0.0,0,136
136000,1,99,99,0,99,19,0.0,0,136
137000,1,99,99,0,99,0,0,0,137
137000,1,99,99,0,99,8,0,0,137
137000,1,99,99,0,99,1,0.0,0,137
137000,1,99,99,0,99,5,0.0,0,137
137000,1,99,99,0,99,7,0.0,0,137
137000,1,99,99,0,99,3,0.0,0,137
137000,1,99,99,0,99,9,0.0,0,137
137000,1,99,99,0,99,11,0.0,0,137
137000,1,99,99,0,99,13,0.999999895001467,0,137
137000,1,99,99,0,99,15,0.0,0,137
137000,1,99,99,0,99,17,0.0,0,137
137000,1,99,99,0,99,19,0.0,0,137
138000,1,99,99,0,99,0,0,0,138
138000,1,99,99,0,99,8,0,0,138
138000,1,99,99,0,99,1,0.0,0,138
138000,1,99,99,0,99,5,0.0,0,138
138000,1,99,99,0,99,7,0.0,0,138
138000,1,99,99,0,99,3,0.0,0,138
138000,1,99,99,0,99,9,0.0,0,138
138000,1,99,99,0,99,11,0.0,0,138
138000,1,99,99,0,99,13,0.9999999873580193,0,138
138000,1,99,99,0,99,15,0.0,0,138
138000,1,99,99,0,99,17,0.0,0,138
138000,1,99,99,0,99,19,0.0,0,138
139000,1,99,99,0,99,0,0,0,139
139000,1,99,99,0,99,8,0,0,139
139000,1,99,99,0,99,1,0.0,0,139
139000,1,99,99,0,99,5,0.0,0,139
139000,1,99,99,0,99,7,0.0,0,139
139000,1,99,99,0,99,3,0.0,0,139
139000,1,99,99,0,99,9,0.0,0,139
139000,1,99,99,0,99,11,0.0,0,139
139000,1,99,99,0,99,13,0.9999999877160256,0,139
139000,1,99,99,0,99,15,0.0,0,139
139000,1,99,99,0,99,17,0.0,0,139
139000,1,99,99,0,99,19,0.0,0,139
140000,1,99,99,0,99,0,0,0,140
140000,1,99,99,0,99,8,0,0,140
140000,1,99,99,0,99,1,0.0,0,140
140000,1,99,99,0,99,5,0.0,0,140
140000,1,99,99,0,99,7,0.0,0,140
140000,1,99,99,0,99,3,0.0,0,140
140000,1,99,99,0,99,9,0.0,0,140
140000,1,99,99,0,99,11,0.0,0,140
140000,1,99,99,0,99,13,0.9999999999999963,0,140
140000,1,99,99,0,99,15,0.0,0,140
140000,1,99,99,0,99,17,0.0,0,140
140000,1,99,99,0,99,19,0.0,0,140
141000,1,99,99,0,99,0,0,0,141
141000,1,99,99,0,99,8,0,0,141
141000,1,99,99,0,99,1,0.0,0,141
141000,1,99,99,0,99,5,0.0,0,141
141000,1,99,99,0,99,7,0.0,0,141
141000,1,99,99,0,99,3,0.0,0,141
141000,1,99,99,0,99,9,0.0,0,141
141000,1,99,99,0,99,11,0.0,0,141
141000,1,99,99,0,99,13,0.9999999873860992,0,141
141000,1,99,99,0,99,15,0.0,0,141
141000,1,99,99,0,99,17,0.0,0,141
141000,1,99,99,0,99,19,0.0,0,141
142000,1,99,99,0,99,0,0,0,142
142000,1,99,99,0,99,8,0,0,142
142000,1,99,99,0,99,1,0.0,0,142
142000,1,99,99,0,99,5,0.0,0,142
142000,1,99,99,0,99,7,0.0,0,142
142000,1,99,99,0,99,3,0.0,0,142
142000,1,99,99,0,99,9,0.0,0,142
142000,1,99,99,0,99,11,0.0,0,142
142000,1,99,99,0,99,13,0.9999999891004451,0,142
142000,1,99,99,0,99,15,0.0,0,142
142000,1,99,99,0,99,17,0.0,0,142
142000,1,99,99,0,99,19,0.0,0,142
143000,1,99,99,0,99,0,0,0,143
143000,1,99,99,0,99,8,0,0,143
143000,1,99,99,0,99,1,0.0,0,143
143000,1,99,99,0,99,5,0.0,0,143
143000,1,99,99,0,99,7,0.0,0,143
143000,1,99,99,0,99,3,0.0,0,143
143000,1,99,99,0,99,9,0.0,0,143
143000,1,99,99,0,99,11,0.0,0,143
143000,1,99,99,0,99,13,0.9999999700241212,0,143
143000,1,99,99,0,99,15,0.0,0,143
143000,1,99,99,0,99,17,0.0,0,143
143000,1,99,99,0,99,19,0.0,0,143
144000,1,99,99,0,99,0,0,0,144
144000,1,99,99,0,99,8,0,0,144
144000,1,99,99,0,99,1,0.0,0,144
144000,1,99,99,0,99,5,0.0,0,144
144000,1,99,99,0,99,7,0.0,0,144
144000,1,99,99,0,99,3,0.0,0,144
144000,1,99,99,0,99,9,0.0,0,144
144000,1,99,99,0,99,11,0.0,0,144
144000,1,99,99,0,99,13,0.0,0,144
144000,1,99,99,0,99,15,0.0,0,144
144000,1,99,99,0,99,17,0.9999988504812534,0,144
144000,1,99,99,0,99,19,0.0,0,144
145000,1,99,99,0,99,0,0,0,145
145000,1,99,99,0,99,8,0,0,145
145000,1,99,99,0,99,1,0.0,0,145
145000,1,99,99,0,99,5,0.0,0,145
145000,1,99,99,0,99,7,0.0,0,145
145000,1,99,99,0,99,3,0.0,0,145
145000,1,99,99,0,99,9,0.0,0,145
145000,1,99,99,0,99,11,0.0,0,145
145000,1,99,99,0,99,13,0.9999999525474237,0,145
145000,1,99,99,0,99,15,0.0,0,145
145000,1,99,99,0,99,17,0.0,0,145
145000,1,99,99,0,99,19,0.0,0,145
146000,1,99,99,0,99,0,0,0,146
146000,1,99,99,0,99,8,0,0,146
146000,1,99,99,0,99,1,0.0,0,146
146000,1,99,99,0,99,5,0.0,0,146
146000,1,99,99,0,99,7,0.0,0,146
146000,1,99,99,0,99,3,0.0,0,146
146000,1,99,99,0,99,9,0.0,0,146
146000,1,99,99,0,99,11,0.0,0,146
146000,1,99,99,0,99,13,0.0,0,146
146000,1,99,99,0,99,15,0.0,0,146
146000,1,99,99,0,99,17,0.9999997566799973,0,146
146000,1,99,99,0,99,19,0.0,0,146
147000,1,99,99,0,99,0,0,0,147
147000,1,99,99,0,99,8,0,0,147
147000,1,99,99,0,99,1,0.0,0,147
147000,1,99,99,0,99,5,0.0,0,147
147000,1,99,99,0,99,7,0.0,0,147
147000,1,99,99,0,99,3,0.0,0,147
147000,1,99,99,0,99,9,0.0,0,147
147000,1,99,99,0,99,11,0.0,0,147
147000,1,99,99,0,99,13,0.9999998013097616,0,147
147000,1,99,99,0,99,15,0.0,0,147
147000,1,99,99,0,99,17,0.0,0,147
147000,1,99,99,0,99,19,0.0,0,147
148000,1,99,99,0,99,0,0,0,148
148000,1,99,99,0,99,8,0,0,148
148000,1,99,99,0,99,1,0.0,0,148
148000,1,99,99,0,99,5,0.0,0,148
148000,1,99,99,0,99,7,0.0,0,148
148000,1,99,99,0,99,3,0.0,0,148
148000,1,99,99,0,99,9,0.0,0,148
148000,1,99,99,0,99,11,0.0,0,148
148000,1,99,99,0,99,13,0.0,0,148
148000,1,99,99,0,99,15,0.0,0,148
148000,1,99,99,0,99,17,0.9999967899858352,0,148
148000,1,99,99,0,99,19,0.0,0,148
149000,1,99,99,0,99,0,0,0,149
149000,1,99,99,0,99,8,0,0,149
149000,1,99,99,0,99,1,0.0,0,149
149000,1,99,99,0,99,5,0.0,0,149
149000,1,99,99,0,99,7,0.0,0,149
149000,1,99,99,0,99,3,0.0,0,149
149000,1,99,99,0,99,9,0.0,0,149
149000,1,99,99,0,99,11,0.0,0,149
149000,1,99,99,0,99,13,0.0,0,149
149000,1,99,99,0,99,15,0.0,0,149
149000,1,99,99,0,99,17,0.9999981438782453,0,149
149000,1,99,99,0,99,19,0.0,0,149
150000,1,99,99,0,99,0,0,0,150
150000,1,99,99,0,99,8,0,0,150
150000,1,99,99,0,99,1,0.0,0,150
150000,1,99,99,0,99,5,0.0,0,150
150000,1,99,99,0,99,7,0.0,0,150
150000,1,99,99,0,99,3,0.0,0,150
150000,1,99,99,0,99,9,0.0,0,150
150000,1,99,99,0,99,11,0.0,0,150
150000,1,99,99,0,99,13,0.9999999837568417,0,150
150000,1,99,99,0,99,15,0.0,0,150
150000,1,99,99,0,99,17,0.0,0,150
150000,1,99,99,0,99,19,0.0,0,150
151000,1,99,99,0,99,0,0,0,151
151000,1,99,99,0,99,8,0,0,151
151000,1,99,99,0,99,1,0.0,0,151
151000,1,99,99,0,99,5,0.0,0,151
151000,1,99,99,0,99,7,0.0,0,151
151000,1,99,99,0,99,3,0.0,0,151
151000,1,99,99,0,99,9,0.0,0,151
151000,1,99,99,0,99,11,0.0,0,151
151000,1,99,99,0,99,13,0.9999999898127879,0,151
151000,1,99,99,0,99,15,0.0,0,151
151000,1,99,99,0,99,17,0.0,0,151
151000,1,99,99,0,99,19,0.0,0,151
152000,1,99,99,0,99,0,0,0,152
152000,1,99,99,0,99,8,0,0,152
152000,1,99,99,0,99,1,0.0,0,152
152000,1,99,99,0,99,5,0.0,0,152
152000,1,99,99,0,99,7,0.0,0,152
152000,1,99,99,0,99,3,0.0,0,152
152000,1,99,99,0,99,9,0.0,0,152
152000,1,99,99,0,99,11,0.0,0,152
152000,1,99,99,0,99,13,0.9999999781782123,0,152
152000,1,99,99,0,99,15,0.0,0,152
152000,1,99,99,0,99,17,0.0,0,152
152000,1,99,99,0,99,19,0.0,0,152
153000,1,99,99,0,99,0,0,0,153
153000,1,99,99,0,99,8,0,0,153
153000,1,99,99,0,99,1,0.0,0,153
153000,1,99,99,0,99,5,0.0,0,153
153000,1,99,99,0,99,7,0.0,0,153
153000,1,99,99,0,99,3,0.0,0,153
153000,1,99,99,0,99,9,0.0,0,153
153000,1,99,99,0,99,11,0.0,0,153
153000,1,99,99,0,99,13,0.0,0,153
153000,1,99,99,0,99,15,0.0,0,153
153000,1,99,99,0,99,17,0.9999967965867199,0,153
153000,1,99,99,0,99,19,0.0,0,153
154000,1,99,99,0,99,0,0,0,154
154000,1,99,99,0,99,8,0,0,154
154000,1,99,99,0,99,1,0.0,0,154
154000,1,99,99,0,99,5,0.0,0,154
154000,1,99,99,0,99,7,0.0,0,154
154000,1,99,99,0,99,3,0.0,0,154
154000,1,99,99,0,99,9,0.0,0,154
154000,1,99,99,0,99,11,0.0,0,154
154000,1,99,99,0,99,13,0.9999998373206912,0,154
154000,1,99,99,0,99,15,0.0,0,154
154000,1,99,99,0,99,17,0.0,0,154
154000,1,99,99,0,99,19,0.0,0,154
155000,1,99,99,0,99,0,0,0,155
155000,1,99,99,0,99,8,0,0,155
155000,1,99,99,0,99,1,0.0,0,155
155000,1,99,99,0,99,5,0.0,0,155
155000,1,99,99,0,99,7,0.0,0,155
155000,1,99,99,0,99,3,0.0,0,155
155000,1,99,99,0,99,9,0.0,0,155
155000,1,99,99,0,99,11,0.0,0,155
155000,1,99,99,0,99,13,0.9999999886476437,0,155
155000,1,99,99,0,99,15,0.0,0,155
155000,1,99,99,0,99,17,0.0,0,155
155000,1,99,99,0,99,19,0.0,0,155
156000,1,99,99,0,99,0,0,0,156
156000,1,99,99,0,99,8,0,0,156
156000,1,99,99,0,99,1,0.0,0,156
156000,1,99,99,0,99,5,0.0,0,156
156000,1,99,99,0,99,7,0.0,0,156
156000,1,99,99,0,99,3,0.0,0,156
156000,1,99,99,0,99,9,0.0,0,156
156000,1,99,99,0,99,11,0.0,0,156
156000,1,99,99,0,99,13,0.9999999897075325,0,156
156000,1,99,99,0,99,15,0.0,0,156
156000,1,99,99,0,99,17,0.0,0,156
156000,1,99,99,0,99,19,0.0,0,156
157000,1,99,99,0,99,0,0,0,157
157000,1,99,99,0,99,8,0,0,157
157000,1,99,99,0,99,1,0.0,0,157
157000,1,99,99,0,99,5,0.0,0,157
157000,1,99,99,0,99,7,0.0,0,157
157000,1,99,99,0,99,3,0.0,0,157
157000,1,99,99,0,99,9,0.0,0,157
157000,1,99,99,0,99,11,0.0,0,157
157000,1,99,99,0,99,13,0.9999999850629124,0,157
157000,1,99,99,0,99,15,0.0,0,157
157000,1,99,99,0,99,17,0.0,0,157
157000,1,99,99,0,99,19,0.0,0,157
158000,1,99,99,0,99,0,0,0,158
158000,1,99,99,0,99,8,0,0,158
158000,1,99,99,0,99,1,0.0,0,158
158000,1,99,99,0,99,5,0.0,0,158
158000,1,99,99,0,99,7,0.0,0,158
158000,1,99,99,0,99,3,0.0,0,158
158000,1,99,99,0,99,9,0.0,0,158
158000,1,99,99,0,99,11,0.0,0,158
158000,1,99,99,0,99,13,0.9999999999842287,0,158
158000,1,99,99,0,99,15,0.0,0,158
158000,1,99,99,0,99,17,0.0,0,158
158000,1,99,99,0,99,19,0.0,0,158
159000,1,99,99,0,99,0,0,0,159
159000,1,99,99,0,99,8,0,0,159
159000,1,99,99,0,99,1,0.0,0,159
159000,1,99,99,0,99,5,0.0,0,159
159000,1,99,99,0,99,7,0.0,0,159
159000,1,99,99,0,99,3,0.0,0,159
159000,1,99,99,0,99,9,0.0,0,159
159000,1,99,99,0,99,11,0.0,0,159
159000,1,99,99,0,99,13,0.9999999778322483,0,159
159000,1,99,99,0,99,15,0.0,0,159
159000,1,99,99,0,99,17,0.0,0,159
159000,1,99,99,0,99,19,0.0,0,159
160000,1,99,99,0,99,0,0,0,160
160000,1,99,99,0,99,8,0,0,160
160000,1,99,99,0,99,1,0.0,0,160
160000,1,99,99,0,99,5,0.0,0,160
160000,1,99,99,0,99,7,0.0,0,160
160000,1,99,99,0,99,3,0.0,0,160
160000,1,99,99,0,99,9,0.0,0,160
160000,1,99,99,0,99,11,0.0,0,160
160000,1,99,99,0,99,13,0.0,0,160
160000,1,99,99,0,99,15,0.0,0,160
160000,1,99,99,0,99,17,0.9999997464440519,0,160
160000,1,99,99,0,99,19,0.0,0,160
161000,1,99,99,0,99,0,0,0,161
161000,1,99,99,0,99,8,0,0,161
161000,1,99,99,0,99,1,0.0,0,161
161000,1,99,99,0,99,5,0.0,0,161
161000,1,99,99,0,99,7,0.0,0,161
161000,1,99,99,0,99,3,0.0,0,161
161000,1,99,99,0,99,9,0.0,0,161
161000,1,99,99,0,99,11,0.0,0,161
161000,1,99,99,0,99,13,0.9999999720226314,0,161
161000,1,99,99,0,99,15,0.0,0,161
161000,1,99,99,0,99,17,0.0,0,161
161000,1,99,99,0,99,19,0.0,0,161
162000,1,99,99,0,99,0,0,0,162
162000,1,99,99,0,99,8,0,0,162
162000,1,99,99,0,99,1,0.0,0,162
162000,1,99,99,0,99,5,0.0,0,162
162000,1,99,99,0,99,7,0.0,0,162
162000,1,99,99,0,99,3,0.0,0,162
162000,1,99,99,0,99,9,0.0,0,162
162000,1,99,99,0,99,11,0.0,0,162
162000,1,99,99,0,99,13,0.9999999999682451,0,162
162000,1,99,99,0,99,15,0.0,0,162
162000,1,99,99,0,99,17,0.0,0,162
162000,1,99,99,0,99,19,0.0,0,162
163000,1,99,99,0,99,0,0,0,163
163000,1,99,99,0,99,8,0,0,163
163000,1,99,99,0,99,1,0.0,0,163
163000,1,99,99,0,99,5,0.0,0,163
163000,1,99,99,0,99,7,0.0,0,163
163000,1,99,99,0,99,3,0.0,0,163
163000,1,99,99,0,99,9,0.0,0,163
163000,1,99,99,0,99,11,0.0,0,163
163000,1,99,99,0,99,13,0.0,0,163
163000,1,99,99,0,99,15,0.0,0,163
163000,1,99,99,0,99,17,0.9999998080302687,0,163
163000,1,99,99,0,99,19,0.0,0,163
164000,1,99,99,0,99,0,0,0,164
164000,1,99,99,0,99,8,0,0,164
164000,1,99,99,0,99,1,0.0,0,164
164000,1,99,99,0,99,5,0.0,0,164
164000,1,99,99,0,99,7,0.0,0,164
164000,1,99,99,0,99,3,0.0,0,164
164000,1,99,99,0,99,9,0.0,0,164
164000,1,99,99,0,99,11,0.0,0,164
164000,1,99,99,0,99,13,0.9999995783760547,0,164
164000,1,99,99,0,99,15,0.0,0,164
164000,1,99,99,0,99,17,0.0,0,164
164000,1,99,99,0,99,19,0.0,0,164
165000,1,99,99,0,99,0,0,0,165
165000,1,99,99,0,99,8,0,0,165
165000,1,99,99,0,99,1,0.0,0,165
165000,1,99,99,0,99,5,0.0,0,165
165000,1,99,99,0,99,7,0.0,0,165
165000,1,99,99,0,99,3,0.0,0,165
165000,1,99,99,0,99,9,0.0,0,165
165000,1,99,99,0,99,11,0.0,0,165
165000,1,99,99,0,99,13,0.0,0,165
165000,1,99,99,0,99,15,0.0,0,165
165000,1,99,99,0,99,17,0.9999994155254259,0,165
165000,1,99,99,0,99,19,0.0,0,165
166000,1,99,99,0,99,0,0,0,166
166000,1,99,99,0,99,8,0,0,166
166000,1,99,99,0,99,1,0.0,0,166
166000,1,99,99,0,99,5,0.0,0,166
166000,1,99,99,0,99,7,0.0,0,166
166000,1,99,99,0,99,3,0.0,0,166
166000,1,99,99,0,99,9,0.0,0,166
166000,1,99,99,0,99,11,0.0,0,166
166000,1,99,99,0,99,13,0.9999999999999992,0,166
166000,1,99,99,0,99,15,0.0,0,166
166000,1,99,99,0,99,17,0.0,0,166
166000,1,99,99,0,99,19,0.0,0,166
167000,1,99,99,0,99,0,0,0,167
167000,1,99,99,0,99,8,0,0,167
167000,1,99,99,0,99,1,0.0,0,167
167000,1,99,99,0,99,5,0.0,0,167
167000,1,99,99,0,99,7,0.0,0,167
167000,1,99,99,0,99,3,0.0,0,167
167000,1,99,99,0,99,9,0.0,0,167
167000,1,99,99,0,99,11,0.0,0,167
167000,1,99,99,0,99,13,0.999999589292215,0,167
167000,1,99,99,0,99,15,0.0,0,167
167000,1,99,99,0,99,17,0.0,0,167
167000,1,99,99,0,99,19,0.0,0,167
168000,1,99,99,0,99,0,0,0,168
168000,1,99,99,0,99,8,0,0,168
168000,1,99,99,0,99,1,0.0,0,168
168000,1,99,99,0,99,5,0.0,0,168
168000,1,99,99,0,99,7,0.0,0,168
168000,1,99,99,0,99,3,0.0,0,168
168000,1,99,99,0,99,9,0.0,0,168
168000,1,99,99,0,99,11,0.0,0,168
168000,1,99,99,0,99,13,0.9999998416486298,0,168
168000,1,99,99,0,99,15,0.0,0,168
168000,1,99,99,0,99,17,0.0,0,168
168000,1,99,99,0,99,19,0.0,0,168
169000,1,99,99,0,99,0,0,0,169
169000,1,99,99,0,99,8,0,0,169
169000,1,99,99,0,99,1,0.0,0,169
169000,1,99,99,0,99,5,0.0,0,169
169000,1,99,99,0,99,7,0.0,0,169
169000,1,99,99,0,99,3,0.0,0,169
169000,1,99,99,0,99,9,0.0,0,169
169000,1,99,99,0,99,11,0.0,0,169
169000,1,99,99,0,99,13,0.9999999999999898,0,169
169000,1,99,99,0,99,15,0.0,0,169
169000,1,99,99,0,99,17,0.0,0,169
169000,1,99,99,0,99,19,0.0,0,169
170000,1,99,99,0,99,0,0,0,170
170000,1,99,99,0,99,8,0,0,170
170000,1,99,99,0,99,1,0.0,0,170
170000,1,99,99,0,99,5,0.0,0,170
170000,1,99,99,0,99,7,0.0,0,170
170000,1,99,99,0,99,3,0.0,0,170
170000,1,99,99,0,99,9,0.0,0,170
170000,1,99,99,0,99,11,0.0,0,170
170000,1,99,99,0,99,13,0.9999999925639546,0,170
170000,1,99,99,0,99,15,0.0,0,170
170000,1,99,99,0,99,17,0.0,0,170
170000,1,99,99,0,99,19,0.0,0,170
171000,1,99,99,0,99,0,0,0,171
171000,1,99,99,0,99,8,0,0,171
171000,1,99,99,0,99,1,0.0,0,171
171000,1,99,99,0,99,5,0.0,0,171
171000,1,99,99,0,99,7,0.0,0,171
171000,1,99,99,0,99,3,0.0,0,171
171000,1,99,99,0,99,9,0.0,0,171
171000,1,99,99,0,99,11,0.0,0,171
171000,1,99,99,0,99,13,0.9999999735186589,0,171
171000,1,99,99,0,99,15,0.0,0,171
171000,1,99,99,0,99,17,0.0,0,171
171000,1,99,99,0,99,19,0.0,0,171
172000,1,99,99,0,99,0,0,0,172
172000,1,99,99,0,99,8,0,0,172
172000,1,99,99,0,99,1,0.0,0,172
172000,1,99,99,0,99,5,0.0,0,172
172000,1,99,99,0,99,7,0.0,0,172
172000,1,99,99,0,99,3,0.0,0,172
172000,1,99,99,0,99,9,0.0,0,172
172000,1,99,99,0,99,11,0.0,0,172
172000,1,99,99,0,99,13,0.9999998507630399,0,172
172000,1,99,99,0,99,15,0.0,0,172
172000,1,99,99,0,99,17,0.0,0,172
172000,1,99,99,0,99,19,0.0,0,172
173000,1,99,99,0,99,0,0,0,173
173000,1,99,99,0,99,8,0,0,173
173000,1,99,99,0,99,1,0.0,0,173
173000,1,99,99,0,99,5,0.0,0,173
173000,1,99,99,0,99,7,0.0,0,173
173000,1,99,99,0,99,3,0.0,0,173
173000,1,99,99,0,99,9,0.0,0,173
173000,1,99,99,0,99,11,0.0,0,173
173000,1,99,99,0,99,13,0.9999999999999969,0,173
173000,1,99,99,0,99,15,0.0,0,173
173000,1,99,99,0,99,17,0.0,0,173
173000,1,99,99,0,99,19,0.0,0,173
174000,1,99,99,0,99,0,0,0,174
174000,1,99,99,0,99,8,0,0,174
174000,1,99,99,0,99,1,0.0,0,174
174000,1,99,99,0,99,5,0.0,0,174
174000,1,99,99,0,99,7,0.0,0,174
174000,1,99,99,0,99,3,0.0,0,174
174000,1,99,99,0,99,9,0.0,0,174
174000,1,99,99,0,99,11,0.0,0,174
174000,1,99,99,0,99,13,0.9999999999999999,0,174
174000,1,99,99,0,99,15,0.0,0,174
174000,1,99,99,0,99,17,0.0,0,174
174000,1,99,99,0,99,19,0.0,0,174
175000,1,99,99,0,99,0,0,0,175
175000,1,99,99,0,99,8,0,0,175
175000,1,99,99,0,99,1,0.0,0,175
175000,1,99,99,0,99,5,0.0,0,175
175000,1,99,99,0,99,7,0.0,0,175
175000,1,99,99,0,99,3,0.0,0,175
175000,1,99,99,0,99,9,0.0,0,175
175000,1,99,99,0,99,11,0.0,0,175
175000,1,99,99,0,99,13,0.9999999868924546,0,175
175000,1,99,99,0,99,15,0.0,0,175
175000,1,99,99,0,99,17,0.0,0,175
175000,1,99,99,0,99,19,0.0,0,175
176000,1,99,99,0,99,0,0,0,176
176000,1,99,99,0,99,8,0,0,176
176000,1,99,99,0,99,1,0.0,0,176
176000,1,99,99,0,99,5,0.0,0,176
176000,1,99,99,0,99,7,0.0,0,176
176000,1,99,99,0,99,3,0.0,0,176
176000,1,99,99,0,99,9,0.0,0,176
176000,1,99,99,0,99,11,0.0,0,176
176000,1,99,99,0,99,13,0.999999969727564,0,176
176000,1,99,99,0,99,15,0.0,0,176
176000,1,99,99,0,99,17,0.0,0,176
176000,1,99,99,0,99,19,0.0,0,176
177000,1,99,99,0,99,0,0,0,177
177000,1,99,99,0,99,8,0,0,177
177000,1,99,99,0,99,1,0.0,0,177
177000,1,99,99,0,99,5,0.0,0,177
177000,1,99,99,0,99,7,0.0,0,177
177000,1,99,99,0,99,3,0.0,0,177
177000,1,99,99,0,99,9,0.0,0,177
177000,1,99,99,0,99,11,0.0,0,177
177000,1,99,99,0,99,13,0.0,0,177
177000,1,99,99,0,99,15,0.0,0,177
177000,1,99,99,0,99,17,0.9999984439556301,0,177
177000,1,99,99,0,99,19,0.0,0,177
178000,1,99,99,0,99,0,0,0,178
178000,1,99,99,0,99,8,0,0,178
178000,1,99,99,0,99,1,0.0,0,178
178000,1,99,99,0,99,5,0.0,0,178
178000,1,99,99,0,99,7,0.0,0,178
178000,1,99,99,0,99,3,0.0,0,178
178000,1,99,99,0,99,9,0.0,0,178
178000,1,99,99,0,99,11,0.0,0,178
178000,1,99,99,0,99,13,0.9999995347291624,0,178
178000,1,99,99,0,99,15,0.0,0,178
178000,1,99,99,0,99,17,0.0,0,178
178000,1,99,99,0,99,19,0.0,0,178
179000,1,99,99,0,99,0,0,0,179
179000,1,99,99,0,99,8,0,0,179
179000,1,99,99,0,99,1,0.0,0,179
179000,1,99,99,0,99,5,0.0,0,179
179000,1,99,99,0,99,7,0.0,0,179
179000,1,99,99,0,99,3,0.0,0,179
179000,1,99,99,0,99,9,0.0,0,179
179000,1,99,99,0,99,11,0.0,0,179
179000,1,99,99,0,99,13,0.9999993751018813,0,179
179000,1,99,99,0,99,15,0.0,0,179
179000,1,99,99,0,99,17,0.0,0,179
179000,1,99,99,0,99,19,0.0,0,179
180000,1,99,99,0,99,0,0,0,180
180000,1,99,99,0,99,8,0,0,180
180000,1,99,99,0,99,1,0.0,0,180
180000,1,99,99,0,99,5,0.0,0,180
180000,1,99,99,0,99,7,0.0,0,180
180000,1,99,99,0,99,3,0.0,0,180
180000,1,99,99,0,99,9,0.0,0,180
180000,1,99,99,0,99,11,0.0,0,180
180000,1,99,99,0,99,13,0.9999997559678582,0,180
180000,1,99,99,0,99,15,0.0,0,180
180000,1,99,99,0,99,17,0.0,0,180
180000,1,99,99,0,99,19,0.0,0,180
181000,1,99,99,0,99,0,0,0,181
181000,1,99,99,0,99,8,0,0,181
181000,1,99,99,0,99,1,0.0,0,181
181000,1,99,99,0,99,5,0.0,0,181
181000,1,99,99,0,99,7,0.0,0,181
181000,1,99,99,0,99,3,0.0,0,181
181000,1,99,99,0,99,9,0.0,0,181
181000,1,99,99,0,99,11,0.0,0,181
181000,1,99,99,0,99,13,0.9999999856782423,0,181
181000,1,99,99,0,99,15,0.0,0,181
181000,1,99,99,0,99,17,0.0,0,181
181000,1,99,99,0,99,19,0.0,0,181
182000,1,99,99,0,99,0,0,0,182
182000,1,99,99,0,99,8,0,0,182
182000,1,99,99,0,99,1,0.0,0,182
182000,1,99,99,0,99,5,0.0,0,182
182000,1,99,99,0,99,7,0.0,0,182
182000,1,99,99,0,99,3,0.0,0,182
182000,1,99,99,0,99,9,0.0,0,182
182000,1,99,99,0,99,11,0.0,0,182
182000,1,99,99,0,99,13,0.9999999473201422,0,182
182000,1,99,99,0,99,15,0.0,0,182
182000,1,99,99,0,99,17,0.0,0,182
182000,1,99,99,0,99,19,0.0,0,182
183000,1,99,99,0,99,0,0,0,183
183000,1,99,99,0,99,8,0,0,183
183000,1,99,99,0,99,1,0.0,0,183
183000,1,99,99,0,99,5,0.0,0,183
183000,1,99,99,0,99,7,0.0,0,183
183000,1,99,99,0,99,3,0.0,0,183
183000,1,99,99,0,99,9,0.0,0,183
183000,1,99,99,0,99,11,0.0,0,183
183000,1,99,99,0,99,13,0.999999860310391,0,183
183000,1,99,99,0,99,15,0.0,0,183
183000,1,99,99,0,99,17,0.0,0,183
183000,1,99,99,0,99,19,0.0,0,183
184000,1,99,99,0,99,0,0,0,184
184000,1,99,99,0,99,8,0,0,184
184000,1,99,99,0,99,1,0.0,0,184
184000,1,99,99,0,99,5,0.0,0,184
184000,1,99,99,0,99,7,0.0,0,184
184000,1,99,99,0,99,3,0.0,0,184
184000,1,99,99,0,99,9,0.0,0,184
184000,1,99,99,0,99,11,0.0,0,184
184000,1,99,99,0,99,13,0.9999999861477917,0,184
184000,1,99,99,0,99,15,0.0,0,184
184000,1,99,99,0,99,17,0.0,0,184
184000,1,99,99,0,99,19,0.0,0,184
185000,1,99,99,0,99,0,0,0,185
185000,1,99,99,0,99,8,0,0,185
185000,1,99,99,0,99,1,0.0,0,185
185000,1,99,99,0,99,5,0.0,0,185
185000,1,99,99,0,99,7,0.0,0,185
185000,1,99,99,0,99,3,0.0,0,185
185000,1,99,99,0,99,9,0.0,0,185
185000,1,99,99,0,99,11,0.0,0,185
185000,1,99,99,0,99,13,0.9999999999999803,0,185
185000,1,99,99,0,99,15,0.0,0,185
185000,1,99,99,0,99,17,0.0,0,185
185000,1,99,99,0,99,19,0.0,0,185
186000,1,99,99,0,99,0,0,0,186
186000,1,99,99,0,99,8,0,0,186
186000,1,99,99,0,99,1,0.0,0,186
186000,1,99,99,0,99,5,0.0,0,186
186000,1,99,99,0,99,7,0.0,0,186
186000,1,99,99,0,99,3,0.0,0,186
186000,1,99,99,0,99,9,0.0,0,186
186000,1,99,99,0,99,11,0.0,0,186
186000,1,99,99,0,99,13,0.999999985622283,0,186
186000,1,99,99,0,99,15,0.0,0,186
186000,1,99,99,0,99,17,0.0,0,186
186000,1,99,99,0,99,19,0.0,0,186
187000,1,99,99,0,99,0,0,0,187
187000,1,99,99,0,99,8,0,0,187
187000,1,99,99,0,99,1,0.0,0,187
187000,1,99,99,0,99,5,0.0,0,187
187000,1,99,99,0,99,7,0.0,0,187
187000,1,99,99,0,99,3,0.0,0,187
187000,1,99,99,0,99,9,0.0,0,187
187000,1,99,99,0,99,11,0.0,0,187
187000,1,99,99,0,99,13,0.9999999836985731,0,187
187000,1,99,99,0,99,15,0.0,0,187
187000,1,99,99,0,99,17,0.0,0,187
187000,1,99,99,0,99,19,0.0,0,187
188000,1,99,99,0,99,0,0,0,188
188000,1,99,99,0,99,8,0,0,188
188000,1,99,99,0,99,1,0.0,0,188
188000,1,99,99,0,99,5,0.0,0,188
188000,1,99,99,0,99,7,0.0,0,188
188000,1,99,99,0,99,3,0.0,0,188
188000,1,99,99,0,99,9,0.0,0,188
188000,1,99,99,0,99,11,0.0,0,188
188000,1,99,99,0,99,13,0.9999999877754803,0,188
188000,1,99,99,0,99,15,0.0,0,188
188000,1,99,99,0,99,17,0.0,0,188
188000,1,99,99,0,99,19,0.0,0,188
189000,1,99,99,0,99,0,0,0,189
189000,1,99,99,0,99,8,0,0,189
189000,1,99,99,0,99,1,0.0,0,189
189000,1,99,99,0,99,5,0.0,0,189
189000,1,99,99,0,99,7,0.0,0,189
189000,1,99,99,0,99,3,0.0,0,189
189000,1,99,99,0,99,9,0.0,0,189
189000,1,99,99,0,99,11,0.0,0,189
189000,1,99,99,0,99,13,0.9999999656555187,0,189
189000,1,99,99,0,99,15,0.0,0,189
189000,1,99,99,0,99,17,0.0,0,189
189000,1,99,99,0,99,19,0.0,0,189
190000,1,99,99,0,99,0,0,0,190
190000,1,99,99,0,99,8,0,0,190
190000,1,99,99,0,99,1,0.0,0,190
190000,1,99,99,0,99,5,0.0,0,190
190000,1,99,99,0,99,7,0.0,0,190
190000,1,99,99,0,99,3,0.0,0,190
190000,1,99,99,0,99,9,0.0,0,190
190000,1,99,99,0,99,11,0.0,0,190
190000,1,99,99,0,99,13,0.9999997784181737,0,190
190000,1,99,99,0,99,15,0.0,0,190
190000,1,99,99,0,99,17,0.0,0,190
190000,1,99,99,0,99,19,0.0,0,190
191000,1,99,99,0,99,0,0,0,191
191000,1,99,99,0,99,8,0,0,191
191000,1,99,99,0,99,1,0.0,0,191
191000,1,99,99,0,99,5,0.0,0,191
191000,1,99,99,0,99,7,0.0,0,191
191000,1,99,99,0,99,3,0.0,0,191
191000,1,99,99,0,99,9,0.0,0,191
191000,1,99,99,0,99,11,0.0,0,191
191000,1,99,99,0,99,13,0.0,0,191
191000,1,99,99,0,99,15,0.0,0,191
191000,1,99,99,0,99,17,0.999997509777122,0,191
191000,1,99,99,0,99,19,0.0,0,191
192000,1,99,99,0,99,0,0,0,192
192000,1,99,99,0,99,8,0,0,192
192000,1,99,99,0,99,1,0.0,0,192
192000,1,99,99,0,99,5,0.0,0,192
192000,1,99,99,0,99,7,0.0,0,192
192000,1,99,99,0,99,3,0.0,0,192
192000,1,99,99,0,99,9,0.0,0,192
192000,1,99,99,0,99,11,0.0,0,192
192000,1,99,99,0,99,13,0.9999999734236978,0,192
192000,1,99,99,0,99,15,0.0,0,192
192000,1,99,99,0,99,17,0.0,0,192
192000,1,99,99,0,99,19,0.0,0,192
193000,1,99,99,0,99,0,0,0,193
193000,1,99,99,0,99,8,0,0,193
193000,1,99,99,0,99,1,0.0,0,193
193000,1,99,99,0,99,5,0.0,0,193
193000,1,99,99,0,99,7,0.0,0,193
193000,1,99,99,0,99,3,0.0,0,193
193000,1,99,99,0,99,9,0.0,0,193
193000,1,99,99,0,99,11,0.0,0,193
193000,1,99,99,0,99,13,0.0,0,193
193000,1,99,99,0,99,15,0.0,0,193
193000,1,99,99,0,99,17,0.9999890824486047,0,193
193000,1,99,99,0,99,19,0.0,0,193
194000,1,99,99,0,99,0,0,0,194
194000,1,99,99,0,99,8,0,0,194
194000,1,99,99,0,99,1,0.0,0,194
194000,1,99,99,0,99,5,0.0,0,194
194000,1,99,99,0,99,7,0.0,0,194
194000,1,99,99,0,99,3,0.0,0,194
194000,1,99,99,0,99,9,0.0,0,194
194000,1,99,99,0,99,11,0.0,0,194
194000,1,99,99,0,99,13,0.9999999999999424,0,194
194000,1,99,99,0,99,15,0.0,0,194
194000,1,99,99,0,99,17,0.0,0,194
194000,1,99,99,0,99,19,0.0,0,194
195000,1,99,99,0,99,0,0,0,195
195000,1,99,99,0,99,8,0,0,195
195000,1,99,99,0,99,1,0.0,0,195
195000,1,99,99,0,99,5,0.0,0,195
195000,1,99,99,0,99,7,0.0,0,195
195000,1,99,99,0,99,3,0.0,0,195
195000,1,99,99,0,99,9,0.0,0,195
195000,1,99,99,0,99,11,0.0,0,195
195000,1,99,99,0,99,13,0.9999999888766065,0,195
195000,1,99,99,0,99,15,0.0,0,195
195000,1,99,99,0,99,17,0.0,0,195
195000,1,99,99,0,99,19,0.0,0,195
196000,1,99,99,0,99,0,0,0,196
196000,1,99,99,0,99,8,0,0,196
196000,1,99,99,0,99,1,0.0,0,196
196000,1,99,99,0,99,5,0.0,0,196
196000,1,99,99,0,99,7,0.0,0,196
196000,1,99,99,0,99,3,0.0,0,196
196000,1,99,99,0,99,9,0.0,0,196
196000,1,99,99,0,99,11,0.0,0,196
196000,1,99,99,0,99,13,0.9999999706790559,0,196
196000,1,99,99,0,99,15,0.0,0,196
196000,1,99,99,0,99,17,0.0,0,196
196000,1,99,99,0,99,19,0.0,0,196
197000,1,99,99,0,99,0,0,0,197
197000,1,99,99,0,99,8,0,0,197
197000,1,99,99,0,99,1,0.0,0,197
197000,1,99,99,0,99,5,0.0,0,197
197000,1,99,99,0,99,7,0.0,0,197
197000,1,99,99,0,99,3,0.0,0,197
197000,1,99,99,0,99,9,0.0,0,197
197000,1,99,99,0,99,11,0.0,0,197
197000,1,99,99,0,99,13,0.0,0,197
197000,1,99,99,0,99,15,0.0,0,197
197000,1,99,99,0,99,17,0.9999971235189079,0,197
197000,1,99,99,0,99,19,0.0,0,197
198000,1,99,99,0,99,0,0,0,198
198000,1,99,99,0,99,8,0,0,198
198000,1,99,99,0,99,1,0.0,0,198
198000,1,99,99,0,99,5,0.0,0,198
198000,1,99,99,0,99,7,0.0,0,198
198000,1,99,99,0,99,3,0.0,0,198
198000,1,99,99,0,99,9,0.0,0,198
198000,1,99,99,0,99,11,0.0,0,198
198000,1,99,99,0,99,13,0.9999999999999591,0,198
198000,1,99,99,0,99,15,0.0,0,198
198000,1,99,99,0,99,17,0.0,0,198
198000,1,99,99,0,99,19,0.0,0,198
199000,1,99,99,0,99,0,0,0,199
199000,1,99,99,0,99,8,0,0,199
199000,1,99,99,0,99,1,0.0,0,199
199000,1,99,99,0,99,5,0.0,0,199
199000,1,99,99,0,99,7,0.0,0,199
199000,1,99,99,0,99,3,0.0,0,199
199000,1,99,99,0,99,9,0.0,0,199
199000,1,99,99,0,99,11,0.0,0,199
199000,1,99,99,0,99,13,0.0,0,199
199000,1,99,99,0,99,15,0.0,0,199
199000,1,99,99,0,99,17,0.9999986987315023,0,199
199000,1,99,99,0,99,19,0.0,0,199
200000,1,99,99,0,99,0,0,0,200
200000,1,99,99,0,99,8,0,0,200
200000,1,99,99,0,99,1,0.0,0,200
200000,1,99,99,0,99,5,0.0,0,200
200000,1,99,99,0,99,7,0.0,0,200
200000,1,99,99,0,99,3,0.0,0,200
200000,1,99,99,0,99,9,0.0,0,200
200000,1,99,99,0,99,11,0.0,0,200
200000,1,99,99,0,99,13,0.9999999875174976,0,200
200000,1,99,99,0,99,15,0.0,0,200
200000,1,99,99,0,99,17,0.0,0,200
200000,1,99,99,0,99,19,0.0,0,200
201000,1,99,99,0,99,0,0,0,201
201000,1,99,99,0,99,8,0,0,201
201000,1,99,99,0,99,1,0.0,0,201
201000,1,99,99,0,99,5,0.0,0,201
201000,1,99,99,0,99,7,0.0,0,201
201000,1,99,99,0,99,3,0.0,0,201
201000,1,99,99,0,99,9,0.0,0,201
201000,1,99,99,0,99,11,0.0,0,201
201000,1,99,99,0,99,13,0.0,0,201
201000,1,99,99,0,99,15,0.0,0,201
201000,1,99,99,0,99,17,0.9999846719023369,0,201
201000,1,99,99,0,99,19,0.0,0,201
202000,1,99,99,0,99,0,0,0,202
202000,1,99,99,0,99,8,0,0,202
202000,1,99,99,0,99,1,0.0,0,202
202000,1,99,99,0,99,5,0.0,0,202
202000,1,99,99,0,99,7,0.0,0,202
202000,1,99,99,0,99,3,0.0,0,202
202000,1,99,99,0,99,9,0.0,0,202
202000,1,99,99,0,99,11,0.0,0,202
202000,1,99,99,0,99,13,0.0,0,202
202000,1,99,99,0,99,15,0.0,0,202
202000,1,99,99,0,99,17,0.9999912766841798,0,202
202000,1,99,99,0,99,19,0.0,0,202
203000,1,99,99,0,99,0,0,0,203
203000,1,99,99,0,99,8,0,0,203
203000,1,99,99,0,99,1,0.0,0,203
203000,1,99,99,0,99,5,0.0,0,203
203000,1,99,99,0,99,7,0.0,0,203
203000,1,99,99,0,99,3,0.0,0,203
203000,1,99,99,0,99,9,0.0,0,203
203000,1,99,99,0,99,11,0.0,0,203
203000,1,99,99,0,99,13,0.9999999963738689,0,203
203000,1,99,99,0,99,15,0.0,0,203
203000,1,99,99,0,99,17,0.0,0,203
203000,1,99,99,0,99,19,0.0,0,203
204000,1,99,99,0,99,0,0,0,204
204000,1,99,99,0,99,8,0,0,204
204000,1,99,99,0,99,1,0.0,0,204
204000,1,99,99,0,99,5,0.0,0,204
204000,1,99,99,0,99,7,0.0,0,204
204000,1,99,99,0,99,3,0.0,0,204
204000,1,99,99,0,99,9,0.0,0,204
204000,1,99,99,0,99,11,0.0,0,204
204000,1,99,99,0,99,13,0.99999999522464,0,204
204000,1,99,99,0,99,15,0.0,0,204
204000,1,99,99,0,99,17,0.0,0,204
204000,1,99,99,0,99,19,0.0,0,204
205000,1,99,99,0,99,0,0,0,205
205000,1,99,99,0,99,8,0,0,205
205000,1,99,99,0,99,1,0.0,0,205
205000,1,99,99,0,99,5,0.0,0,205
205000,1,99,99,0,99,7,0.0,0,205
205000,1,99,99,0,99,3,0.0,0,205
205000,1,99,99,0,99,9,0.0,0,205
205000,1,99,99,0,99,11,0.0,0,205
205000,1,99,99,0,99,13,0.9999999999999887,0,205
205000,1,99,99,0,99,15,0.0,0,205
205000,1,99,99,0,99,17,0.0,0,205
205000,1,99,99,0,99,19,0.0,0,205
206000,1,99,99,0,99,0,0,0,206
206000,1,99,99,0,99,8,0,0,206
206000,1,99,99,0,99,1,0.0,0,206
206000,1,99,99,0,99,5,0.0,0,206
206000,1,99,99,0,99,7,0.0,0,206
206000,1,99,99,0,99,3,0.0,0,206
206000,1,99,99,0,99,9,0.0,0,206
206000,1,99,99,0,99,11,0.0,0,206
206000,1,99,99,0,99,13,0.9999999885155118,0,206
206000,1,99,99,0,99,15,0.0,0,206
206000,1,99,99,0,99,17,0.0,0,206
206000,1,99,99,0,99,19,0.0,0,206
207000,1,99,99,0,99,0,0,0,207
207000,1,99,99,0,99,8,0,0,207
207000,1,99,99,0,99,1,0.0,0,207
207000,1,99,99,0,99,5,0.0,0,207
207000,1,99,99,0,99,7,0.0,0,207
207000,1,99,99,0,99,3,0.0,0,207
207000,1,99,99,0,99,9,0.0,0,207
207000,1,99,99,0,99,11,0.0,0,207
207000,1,99,99,0,99,13,0.9999999613592337,0,207
207000,1,99,99,0,99,15,0.0,0,207
207000,1,99,99,0,99,17,0.0,0,207
207000,1,99,99,0,99,19,0.0,0,207
208000,1,99,99,0,99,0,0,0,208
208000,1,99,99,0,99,8,0,0,208
208000,1,99,99,0,99,1,0.0,0,208
208000,1,99,99,0,99,5,0.0,0,208
208000,1,99,99,0,99,7,0.0,0,208
208000,1,99,99,0,99,3,0.0,0,208
208000,1,99,99,0,99,9,0.0,0,208
208000,1,99,99,0,99,11,0.0,0,208
208000,1,99,99,0,99,13,0.9999999919258942,0,208
208000,1,99,99,0,99,15,0.0,0,208
208000,1,99,99,0,99,17,0.0,0,208
208000,1,99,99,0,99,19,0.0,0,208
209000,1,99,99,0,99,0,0,0,209
209000,1,99,99,0,99,8,0,0,209
209000,1,99,99,0,99,1,0.0,0,209
209000,1,99,99,0,99,5,0.0,0,209
209000,1,99,99,0,99,7,0.0,0,209
209000,1,99,99,0,99,3,0.0,0,209
209000,1,99,99,0,99,9,0.0,0,209
209000,1,99,99,0,99,11,0.0,0,209
209000,1,99,99,0,99,13,0.9999999999999994,0,209
209000,1,99,99,0,99,15,0.0,0,209
209000,1,99,99,0,99,17,0.0,0,209
209000,1,99,99,0,99,19,0.0,0,209
210000,1,99,99,0,99,0,0,0,210
210000,1,99,99,0,99,8,0,0,210
210000,1,99,99,0,99,1,0.0,0,210
210000,1,99,99,0,99,5,0.0,0,210
210000,1,99,99,0,99,7,0.0,0,210
210000,1,99,99,0,99,3,0.0,0,210
210000,1,99,99,0,99,9,0.0,0,210
210000,1,99,99,0,99,11,0.0,0,210
210000,1,99,99,0,99,13,0.9999999712000959,0,210
210000,1,99,99,0,99,15,0.0,0,210
210000,1,99,99,0,99,17,0.0,0,210
210000,1,99,99,0,99,19,0.0,0,210
211000,1,99,99,0,99,0,0,0,211
211000,1,99,99,0,99,8,0,0,211
211000,1,99,99,0,99,1,0.0,0,211
211000,1,99,99,0,99,5,0.0,0,211
211000,1,99,99,0,99,7,0.0,0,211
211000,1,99,99,0,99,3,0.0,0,211
211000,1,99,99,0,99,9,0.0,0,211
211000,1,99,99,0,99,11,0.0,0,211
211000,1,99,99,0,99,13,0.999999942474187,0,211
211000,1,99,99,0,99,15,0.0,0,211
211000,1,99,99,0,99,17,0.0,0,211
211000,1,99,99,0,99,19,0.0,0,211
212000,1,99,99,0,99,0,0,0,212
212000,1,99,99,0,99,8,0,0,212
212000,1,99,99,0,99,1,0.0,0,212
212000,1,99,99,0,99,5,0.0,0,212
212000,1,99,99,0,99,7,0.0,0,212
212000,1,99,99,0,99,3,0.0,0,212
212000,1,99,99,0,99,9,0.0,0,212
212000,1,99,99,0,99,11,0.0,0,212
212000,1,99,99,0,99,13,0.9999999815636536,0,212
212000,1,99,99,0,99,15,0.0,0,212
212000,1,99,99,0,99,17,0.0,0,212
212000,1,99,99,0,99,19,0.0,0,212
213000,1,99,99,0,99,0,0,0,213
213000,1,99,99,0,99,8,0,0,213
213000,1,99,99,0,99,1,0.0,0,213
213000,1,99,99,0,99,5,0.0,0,213
213000,1,99,99,0,99,7,0.0,0,213
213000,1,99,99,0,99,3,0.0,0,213
213000,1,99,99,0,99,9,0.0,0,213
213000,1,99,99,0,99,11,0.0,0,213
213000,1,99,99,0,99,13,0.9999999999990716,0,213
213000,1,99,99,0,99,15,0.0,0,213
213000,1,99,99,0,99,17,0.0,0,213
213000,1,99,99,0,99,19,0.0,0,213
214000,1,99,99,0,99,0,0,0,214
214000,1,99,99,0,99,8,0,0,214
214000,1,99,99,0,99,1,0.0,0,214
214000,1,99,99,0,99,5,0.0,0,214
214000,1,99,99,0,99,7,0.0,0,214
214000,1,99,99,0,99,3,0.0,0,214
214000,1,99,99,0,99,9,0.0,0,214
214000,1,99,99,0,99,11,0.0,0,214
214000,1,99,99,0,99,13,0.9999999576154216,0,214
214000,1,99,99,0,99,15,0.0,0,214
214000,1,99,99,0,99,17,0.0,0,214
214000,1,99,99,0,99,19,0.0,0,214
215000,1,99,99,0,99,0,0,0,215
215000,1,99,99,0,99,8,0,0,215
215000,1,99,99,0,99,1,0.0,0,215
215000,1,99,99,0,99,5,0.0,0,215
215000,1,99,99,0,99,7,0.0,0,215
215000,1,99,99,0,99,3,0.0,0,215
215000,1,99,99,0,99,9,0.0,0,215
215000,1,99,99,0,99,11,0.0,0,215
215000,1,99,99,0,99,13,0.9999995374192212,0,215
215000,1,99,99,0,99,15,0.0,0,215
215000,1,99,99,0,99,17,0.0,0,215
215000,1,99,99,0,99,19,0.0,0,215
216000,1,99,99,0,99,0,0,0,216
216000,1,99,99,0,99,8,0,0,216
216000,1,99,99,0,99,1,0.0,0,216
216000,1,99,99,0,99,5,0.0,0,216
216000,1,99,99,0,99,7,0.0,0,216
216000,1,99,99,0,99,3,0.0,0,216
216000,1,99,99,0,99,9,0.0,0,216
216000,1,99,99,0,99,11,0.0,0,216
216000,1,99,99,0,99,13,0.9999999998845484,0,216
216000,1,99,99,0,99,15,0.0,0,216
216000,1,99,99,0,99,17,0.0,0,216
216000,1,99,99,0,99,19,0.0,0,216
217000,1,99,99,0,99,0,0,0,217
217000,1,99,99,0,99,8,0,0,217
217000,1,99,99,0,99,1,0.0035063911121596693,0,217
217000,1,99,99,0,99,5,0.0,0,217
217000,1,99,99,0,99,7,0.0,0,217
217000,1,99,99,0,99,3,0.0,0,217
217000,1,99,99,0,99,9,0.0,0,217
217000,1,99,99,0,99,11,0.0,0,217
217000,1,99,99,0,99,13,0.0,0,217
217000,1,99,99,0,99,15,0.0,0,217
217000,1,99,99,0,99,17,0.9964936088878397,0,217
217000,1,99,99,0,99,19,0.0,0,217
218000,1,99,99,0,99,0,0,0,218
218000,1,99,99,0,99,8,0,0,218
218000,1,99,99,0,99,1,0.0,0,218
218000,1,99,99,0,99,5,0.0,0,218
218000,1,99,99,0,99,7,0.0,0,218
218000,1,99,99,0,99,3,0.0,0,218
218000,1,99,99,0,99,9,0.0,0,218
218000,1,99,99,0,99,11,0.0,0,218
218000,1,99,99,0,99,13,0.9999604937443523,0,218
218000,1,99,99,0,99,15,0.0,0,218
218000,1,99,99,0,99,17,0.0,0,218
218000,1,99,99,0,99,19,0.0,0,218
219000,1,99,99,0,99,0,0,0,219
219000,1,99,99,0,99,8,0,0,219
219000,1,99,99,0,99,1,0.0,0,219
219000,1,99,99,0,99,5,0.0,0,219
219000,1,99,99,0,99,7,0.0,0,219
219000,1,99,99,0,99,3,0.0,0,219
219000,1,99,99,0,99,9,0.0,0,219
219000,1,99,99,0,99,11,0.0,0,219
219000,1,99,99,0,99,13,0.9999522505594622,0,219
219000,1,99,99,0,99,15,0.0,0,219
219000,1,99,99,0,99,17,0.0,0,219
219000,1,99,99,0,99,19,0.0,0,219
220000,1,99,99,0,99,0,0,0,220
220000,1,99,99,0,99,8,0,0,220
220000,1,99,99,0,99,1,0.0,0,220
220000,1,99,99,0,99,5,0.0,0,220
220000,1,99,99,0,99,7,0.0,0,220
220000,1,99,99,0,99,3,0.0,0,220
220000,1,99,99,0,99,9,0.0,0,220
220000,1,99,99,0,99,11,0.0,0,220
220000,1,99,99,0,99,13,0.9999999999397667,0,220
220000,1,99,99,0,99,15,0.0,0,220
220000,1,99,99,0,99,17,0.0,0,220
220000,1,99,99,0,99,19,0.0,0,220
221000,1,99,99,0,99,0,0,0,221
221000,1,99,99,0,99,8,0,0,221
221000,1,99,99,0,99,1,0.0,0,221
221000,1,99,99,0,99,5,0.0,0,221
221000,1,99,99,0,99,7,0.0,0,221
221000,1,99,99,0,99,3,0.0,0,221
221000,1,99,99,0,99,9,0.0,0,221
221000,1,99,99,0,99,11,0.0,0,221
221000,1,99,99,0,99,13,0.9999945268975141,0,221
221000,1,99,99,0,99,15,0.0,0,221
221000,1,99,99,0,99,17,0.0,0,221
221000,1,99,99,0,99,19,0.0,0,221
222000,1,99,99,0,99,0,0,0,222
222000,1,99,99,0,99,8,0,0,222
222000,1,99,99,0,99,1,0.0,0,222
222000,1,99,99,0,99,5,0.0,0,222
222000,1,99,99,0,99,7,0.0,0,222
222000,1,99,99,0,99,3,0.0,0,222
222000,1,99,99,0,99,9,0.0,0,222
222000,1,99,99,0,99,11,0.0,0,222
222000,1,99,99,0,99,13,0.9999999933607784,0,222
222000,1,99,99,0,99,15,0.0,0,222
222000,1,99,99,0,99,17,0.0,0,222
222000,1,99,99,0,99,19,0.0,0,222
223000,1,99,99,0,99,0,0,0,223
223000,1,99,99,0,99,8,0,0,223
223000,1,99,99,0,99,1,0.0,0,223
223000,1,99,99,0,99,5,0.0,0,223
223000,1,99,99,0,99,7,0.0,0,223
223000,1,99,99,0,99,3,0.0,0,223
223000,1,99,99,0,99,9,0.0,0,223
223000,1,99,99,0,99,11,0.0,0,223
223000,1,99,99,0,99,13,0.9936879815569878,0,223
223000,1,99,99,0,99,15,0.0,0,223
223000,1,99,99,0,99,17,0.00630896453244899,0,223
223000,1,99,99,0,99,19,0.0,0,223
224000,1,99,99,0,99,0,0,0,224
224000,1,99,99,0,99,8,0,0,224
224000,1,99,99,0,99,1,0.0,0,224
224000,1,99,99,0,99,5,0.0,0,224
224000,1,99,99,0,99,7,0.0,0,224
224000,1,99,99,0,99,3,0.0,0,224
224000,1,99,99,0,99,9,0.0,0,224
224000,1,99,99,0,99,11,0.0,0,224
224000,1,99,99,0,99,13,0.9892705351071193,0,224
224000,1,99,99,0,99,15,0.0,0,224
224000,1,99,99,0,99,17,0.010722382971392505,0,224
224000,1,99,99,0,99,19,0.0,0,224
225000,1,99,99,0,99,0,0,0,225
225000,1,99,99,0,99,8,0,0,225
225000,1,99,99,0,99,1,0.0,0,225
225000,1,99,99,0,99,5,0.0,0,225
225000,1,99,99,0,99,7,0.0,0,225
225000,1,99,99,0,99,3,0.0,0,225
225000,1,99,99,0,99,9,0.0,0,225
225000,1,99,99,0,99,11,0.0,0,225
225000,1,99,99,0,99,13,0.877777912585568,0,225
225000,1,99,99,0,99,15,0.0,0,225
225000,1,99,99,0,99,17,0.12211110840554673,0,225
225000,1,99,99,0,99,19,0.0,0,225
226000,1,99,99,0,99,0,0,0,226
226000,1,99,99,0,99,8,0,0,226
226000,1,99,99,0,99,1,0.0,0,226
226000,1,99,99,0,99,5,0.0,0,226
226000,1,99,99,0,99,7,0.0,0,226
226000,1,99,99,0,99,3,0.0,0,226
226000,1,99,99,0,99,9,0.0,0,226
226000,1,99,99,0,99,11,0.0,0,226
226000,1,99,99,0,99,13,0.4242851329489636,0,226
226000,1,99,99,0,99,15,0.0,0,226
226000,1,99,99,0,99,17,0.5753538789722598,0,226
226000,1,99,99,0,99,19,0.0,0,226
227000,1,99,99,0,99,0,0,0,227
227000,1,99,99,0,99,8,0,0,227
227000,1,99,99,0,99,1,0.011077752490899035,0,227
227000,1,99,99,0,99,5,0.0,0,227
227000,1,99,99,0,99,7,0.0,0,227
227000,1,99,99,0,99,3,0.0,0,227
227000,1,99,99,0,99,9,0.0,0,227
227000,1,99,99,0,99,11,0.0,0,227
227000,1,99,99,0,99,13,0.9889222475091004,0,227
227000,1,99,99,0,99,15,0.0,0,227
227000,1,99,99,0,99,17,0.0,0,227
227000,1,99,99,0,99,19,0.0,0,227
228000,1,99,99,0,99,0,0,0,228
228000,1,99,99,0,99,8,0,0,228
228000,1,99,99,0,99,1,0.0,0,228
228000,1,99,99,0,99,5,0.0,0,228
228000,1,99,99,0,99,7,0.0,0,228
228000,1,99,99,0,99,3,0.0,0,228
228000,1,99,99,0,99,9,0.0,0,228
228000,1,99,99,0,99,11,0.0,0,228
228000,1,99,99,0,99,13,0.009948776195868307,0,228
228000,1,99,99,0,99,15,0.0,0,228
228000,1,99,99,0,99,17,0.9899111841457136,0,228
228000,1,99,99,0,99,19,0.0,0,228
229000,1,99,99,0,99,0,0,0,229
229000,1,99,99,0,99,8,0,0,229
229000,1,99,99,0,99,1,0.07894125641079935,0,229
229000,1,99,99,0,99,5,0.0,0,229
229000,1,99,99,0,99,7,0.0,0,229
229000,1,99,99,0,99,3,0.0,0,229
229000,1,99,99,0,99,9,0.0,0,229
229000,1,99,99,0,99,11,0.0,0,229
229000,1,99,99,0,99,13,0.9210587435892006,0,229
229000,1,99,99,0,99,15,0.0,0,229
229000,1,99,99,0,99,17,0.0,0,229
229000,1,99,99,0,99,19,0.0,0,229
230000,1,99,99,0,99,0,0,0,230
230000,1,99,99,0,99,8,0,0,230
230000,1,99,99,0,99,1,0.0,0,230
230000,1,99,99,0,99,5,0.0,0,230
230000,1,99,99,0,99,7,0.0,0,230
230000,1,99,99,0,99,3,0.0,0,230
230000,1,99,99,0,99,9,0.0,0,230
230000,1,99,99,0,99,11,0.0,0,230
230000,1,99,99,0,99,13,0.0,0,230
230000,1,99,99,0,99,15,0.0,0,230
230000,1,99,99,0,99,17,0.9992399194344153,0,230
230000,1,99,99,0,99,19,0.0,0,230
231000,1,99,99,0,99,0,0,0,231
231000,1,99,99,0,99,8,0,0,231
231000,1,99,99,0,99,1,0.05647362532996675,0,231
231000,1,99,99,0,99,5,0.0,0,231
231000,1,99,99,0,99,7,0.0,0,231
231000,1,99,99,0,99,3,0.0,0,231
231000,1,99,99,0,99,9,0.0,0,231
231000,1,99,99,0,99,11,0.0,0,231
231000,1,99,99,0,99,13,0.0,0,231
231000,1,99,99,0,99,15,0.0,0,231
231000,1,99,99,0,99,17,0.9434562793011234,0,231
231000,1,99,99,0,99,19,0.0,0,231
232000,1,99,99,0,99,0,0,0,232
232000,1,99,99,0,99,8,0,0,232
232000,1,99,99,0,99,1,0.8046485636002095,0,232
232000,1,99,99,0,99,5,0.0,0,232
232000,1,99,99,0,99,7,0.0,0,232
232000,1,99,99,0,99,3,0.0,0,232
232000,1,99,99,0,99,9,0.0,0,232
232000,1,99,99,0,99,11,0.0,0,232
232000,1,99,99,0,99,13,0.0,0,232
232000,1,99,99,0,99,15,0.0,0,232
232000,1,99,99,0,99,17,0.19517716779477678,0,232
232000,1,99,99,0,99,19,0.0,0,232
233000,1,99,99,0,99,0,0,0,233
233000,1,99,99,0,99,8,0,0,233
233000,1,99,99,0,99,1,1.0,0,233
233000,1,99,99,0,99,5,0.0,0,233
233000,1,99,99,0,99,7,0.0,0,233
233000,1,99,99,0,99,3,0.0,0,233
233000,1,99,99,0,99,9,0.0,0,233
233000,1,99,99,0,99,11,0.0,0,233
233000,1,99,99,0,99,13,0.0,0,233
233000,1,99,99,0,99,15,0.0,0,233
233000,1,99,99,0,99,17,0.0,0,233
233000,1,99,99,0,99,19,0.0,0,233
234000,1,99,99,0,99,0,0,0,234
234000,1,99,99,0,99,8,0,0,234
234000,1,99,99,0,99,1,0.9998922045027386,0,234
234000,1,99,99,0,99,5,0.0,0,234
234000,1,99,99,0,99,7,0.0,0,234
234000,1,99,99,0,99,3,0.0,0,234
234000,1,99,99,0,99,9,0.0,0,234
234000,1,99,99,0,99,11,0.0,0,234
234000,1,99,99,0,99,13,0.0,0,234
234000,1,99,99,0,99,15,0.0,0,234
234000,1,99,99,0,99,17,0.0,0,234
234000,1,99,99,0,99,19,0.0,0,234
235000,1,99,99,0,99,0,0,0,235
235000,1,99,99,0,99,8,0,0,235
235000,1,99,99,0,99,1,0.8428191838994668,0,235
235000,1,99,99,0,99,5,0.0,0,235
235000,1,99,99,0,99,7,0.0,0,235
235000,1,99,99,0,99,3,0.0,0,235
235000,1,99,99,0,99,9,0.0,0,235
235000,1,99,99,0,99,11,0.0,0,235
235000,1,99,99,0,99,13,0.0,0,235
235000,1,99,99,0,99,15,0.0,0,235
235000,1,99,99,0,99,17,0.15718081610053328,0,235
235000,1,99,99,0,99,19,0.0,0,235
236000,1,99,99,0,99,0,0,0,236
236000,1,99,99,0,99,8,0,0,236
236000,1,99,99,0,99,1,0.0057053488149294606,0,236
236000,1,99,99,0,99,5,0.0,0,236
236000,1,99,99,0,99,7,0.0,0,236
236000,1,99,99,0,99,3,0.0,0,236
236000,1,99,99,0,99,9,0.0,0,236
236000,1,99,99,0,99,11,0.0,0,236
236000,1,99,99,0,99,13,0.0,0,236
236000,1,99,99,0,99,15,0.0,0,236
236000,1,99,99,0,99,17,0.9942946511850705,0,236
236000,1,99,99,0,99,19,0.0,0,236
237000,1,99,99,0,99,0,0,0,237
237000,1,99,99,0,99,8,0,0,237
237000,1,99,99,0,99,1,0.007761887971083558,0,237
237000,1,99,99,0,99,5,0.0,0,237
237000,1,99,99,0,99,7,0.0,0,237
237000,1,99,99,0,99,3,0.0,0,237
237000,1,99,99,0,99,9,0.0,0,237
237000,1,99,99,0,99,11,0.0,0,237
237000,1,99,99,0,99,13,0.0,0,237
237000,1,99,99,0,99,15,0.0,0,237
237000,1,99,99,0,99,17,0.9921926757873266,0,237
237000,1,99,99,0,99,19,0.0,0,237
238000,1,99,99,0,99,0,0,0,238
238000,1,99,99,0,99,8,0,0,238
238000,1,99,99,0,99,1,0.5947224557840511,0,238
238000,1,99,99,0,99,5,0.0,0,238
238000,1,99,99,0,99,7,0.0,0,238
238000,1,99,99,0,99,3,0.0,0,238
238000,1,99,99,0,99,9,0.0,0,238
238000,1,99,99,0,99,11,0.0,0,238
238000,1,99,99,0,99,13,0.0,0,238
238000,1,99,99,0,99,15,0.0,0,238
238000,1,99,99,0,99,17,0.4052774109894384,0,238
238000,1,99,99,0,99,19,0.0,0,238
239000,1,99,99,0,99,0,0,0,239
239000,1,99,99,0,99,8,0,0,239
239000,1,99,99,0,99,1,0.9956519067973887,0,239
239000,1,99,99,0,99,5,0.0,0,239
239000,1,99,99,0,99,7,0.0,0,239
239000,1,99,99,0,99,3,0.0,0,239
239000,1,99,99,0,99,9,0.0,0,239
239000,1,99,99,0,99,11,0.0,0,239
239000,1,99,99,0,99,13,0.0,0,239
239000,1,99,99,0,99,15,0.0,0,239
239000,1,99,99,0,99,17,0.004348093202611238,0,239
239000,1,99,99,0,99,19,0.0,0,239
240000,1,99,99,0,99,0,0,0,240
240000,1,99,99,0,99,8,0,0,240
240000,1,99,99,0,99,1,1.0,0,240
240000,1,99,99,0,99,5,0.0,0,240
240000,1,99,99,0,99,7,0.0,0,240
240000,1,99,99,0,99,3,0.0,0,240
240000,1,99,99,0,99,9,0.0,0,240
240000,1,99,99,0,99,11,0.0,0,240
240000,1,99,99,0,99,13,0.0,0,240
240000,1,99,99,0,99,15,0.0,0,240
240000,1,99,99,0,99,17,0.0,0,240
240000,1,99,99,0,99,19,0.0,0,240
241000,1,99,99,0,99,0,0,0,241
241000,1,99,99,0,99,8,0,0,241
241000,1,99,99,0,99,1,0.9999842090353649,0,241
241000,1,99,99,0,99,5,0.0,0,241
241000,1,99,99,0,99,7,0.0,0,241
241000,1,99,99,0,99,3,0.0,0,241
241000,1,99,99,0,99,9,0.0,0,241
241000,1,99,99,0,99,11,0.0,0,241
241000,1,99,99,0,99,13,0.0,0,241
241000,1,99,99,0,99,15,0.0,0,241
241000,1,99,99,0,99,17,0.0,0,241
241000,1,99,99,0,99,19,0.0,0,241
242000,1,99,99,0,99,0,0,0,242
242000,1,99,99,0,99,8,0,0,242
242000,1,99,99,0,99,1,0.999984295042715,0,242
242000,1,99,99,0,99,5,0.0,0,242
242000,1,99,99,0,99,7,0.0,0,242
242000,1,99,99,0,99,3,0.0,0,242
242000,1,99,99,0,99,9,0.0,0,242
242000,1,99,99,0,99,11,0.0,0,242
242000,1,99,99,0,99,13,0.0,0,242
242000,1,99,99,0,99,15,0.0,0,242
242000,1,99,99,0,99,17,0.0,0,242
242000,1,99,99,0,99,19,0.0,0,242
243000,1,99,99,0,99,0,0,0,243
243000,1,99,99,0,99,8,0,0,243
243000,1,99,99,0,99,1,0.9999907136972519,0,243
243000,1,99,99,0,99,5,0.0,0,243
243000,1,99,99,0,99,7,0.0,0,243
243000,1,99,99,0,99,3,0.0,0,243
243000,1,99,99,0,99,9,0.0,0,243
243000,1,99,99,0,99,11,0.0,0,243
243000,1,99,99,0,99,13,0.0,0,243
243000,1,99,99,0,99,15,0.0,0,243
243000,1,99,99,0,99,17,0.0,0,243
243000,1,99,99,0,99,19,0.0,0,243
244000,1,99,99,0,99,0,0,0,244
244000,1,99,99,0,99,8,0,0,244
244000,1,99,99,0,99,1,0.9999976531558565,0,244
244000,1,99,99,0,99,5,0.0,0,244
244000,1,99,99,0,99,7,0.0,0,244
244000,1,99,99,0,99,3,0.0,0,244
244000,1,99,99,0,99,9,0.0,0,244
244000,1,99,99,0,99,11,0.0,0,244
244000,1,99,99,0,99,13,0.0,0,244
244000,1,99,99,0,99,15,0.0,0,244
244000,1,99,99,0,99,17,0.0,0,244
244000,1,99,99,0,99,19,0.0,0,244
245000,1,99,99,0,99,0,0,0,245
245000,1,99,99,0,99,8,0,0,245
245000,1,99,99,0,99,1,1.0,0,245
245000,1,99,99,0,99,5,0.0,0,245
245000,1,99,99,0,99,7,0.0,0,245
245000,1,99,99,0,99,3,0.0,0,245
245000,1,99,99,0,99,9,0.0,0,245
245000,1,99,99,0,99,11,0.0,0,245
245000,1,99,99,0,99,13,0.0,0,245
245000,1,99,99,0,99,15,0.0,0,245
245000,1,99,99,0,99,17,0.0,0,245
245000,1,99,99,0,99,19,0.0,0,245
246000,1,99,99,0,99,0,0,0,246
246000,1,99,99,0,99,8,0,0,246
246000,1,99,99,0,99,1,1.0,0,246
246000,1,99,99,0,99,5,0.0,0,246
246000,1,99,99,0,99,7,0.0,0,246
246000,1,99,99,0,99,3,0.0,0,246
246000,1,99,99,0,99,9,0.0,0,246
246000,1,99,99,0,99,11,0.0,0,246
246000,1,99,99,0,99,13,0.0,0,246
246000,1,99,99,0,99,15,0.0,0,246
246000,1,99,99,0,99,17,0.0,0,246
246000,1,99,99,0,99,19,0.0,0,246
247000,1,99,99,0,99,0,0,0,247
247000,1,99,99,0,99,8,0,0,247
247000,1,99,99,0,99,1,0.9999999999964337,0,247
247000,1,99,99,0,99,5,0.0,0,247
247000,1,99,99,0,99,7,0.0,0,247
247000,1,99,99,0,99,3,0.0,0,247
247000,1,99,99,0,99,9,0.0,0,247
247000,1,99,99,0,99,11,0.0,0,247
247000,1,99,99,0,99,13,0.0,0,247
247000,1,99,99,0,99,15,0.0,0,247
247000,1,99,99,0,99,17,0.0,0,247
247000,1,99,99,0,99,19,0.0,0,247
248000,1,99,99,0,99,0,0,0,248
248000,1,99,99,0,99,8,0,0,248
248000,1,99,99,0,99,1,0.9999698712627318,0,248
248000,1,99,99,0,99,5,0.0,0,248
248000,1,99,99,0,99,7,0.0,0,248
248000,1,99,99,0,99,3,0.0,0,248
248000,1,99,99,0,99,9,0.0,0,248
248000,1,99,99,0,99,11,0.0,0,248
248000,1,99,99,0,99,13,0.0,0,248
248000,1,99,99,0,99,15,0.0,0,248
248000,1,99,99,0,99,17,0.0,0,248
248000,1,99,99,0,99,19,0.0,0,248
249000,1,99,99,0,99,0,0,0,249
249000,1,99,99,0,99,8,0,0,249
249000,1,99,99,0,99,1,0.999951433261081,0,249
249000,1,99,99,0,99,5,0.0,0,249
249000,1,99,99,0,99,7,0.0,0,249
249000,1,99,99,0,99,3,0.0,0,249
249000,1,99,99,0,99,9,0.0,0,249
249000,1,99,99,0,99,11,0.0,0,249
249000,1,99,99,0,99,13,0.0,0,249
249000,1,99,99,0,99,15,0.0,0,249
249000,1,99,99,0,99,17,0.0,0,249
249000,1,99,99,0,99,19,0.0,0,249
250000,1,99,99,0,99,0,0,0,250
250000,1,99,99,0,99,8,0,0,250
250000,1,99,99,0,99,1,1.0,0,250
250000,1,99,99,0,99,5,0.0,0,250
250000,1,99,99,0,99,7,0.0,0,250
250000,1,99,99,0,99,3,0.0,0,250
250000,1,99,99,0,99,9,0.0,0,250
250000,1,99,99,0,99,11,0.0,0,250
250000,1,99,99,0,99,13,0.0,0,250
250000,1,99,99,0,99,15,0.0,0,250
250000,1,99,99,0,99,17,0.0,0,250
250000,1,99,99,0,99,19,0.0,0,250
251000,1,99,99,0,99,0,0,0,251
251000,1,99,99,0,99,8,0,0,251
251000,1,99,99,0,99,1,0.9978300178131445,0,251
251000,1,99,99,0,99,5,0.0,0,251
251000,1,99,99,0,99,7,0.0,0,251
251000,1,99,99,0,99,3,0.0,0,251
251000,1,99,99,0,99,9,0.0,0,251
251000,1,99,99,0,99,11,0.0,0,251
251000,1,99,99,0,99,13,0.0,0,251
251000,1,99,99,0,99,15,0.0,0,251
251000,1,99,99,0,99,17,0.0021699821868555102,0,251
251000,1,99,99,0,99,19,0.0,0,251
252000,1,99,99,0,99,0,0,0,252
252000,1,99,99,0,99,8,0,0,252
252000,1,99,99,0,99,1,1.0,0,252
252000,1,99,99,0,99,5,0.0,0,252
252000,1,99,99,0,99,7,0.0,0,252
252000,1,99,99,0,99,3,0.0,0,252
252000,1,99,99,0,99,9,0.0,0,252
252000,1,99,99,0,99,11,0.0,0,252
252000,1,99,99,0,99,13,0.0,0,252
252000,1,99,99,0,99,15,0.0,0,252
252000,1,99,99,0,99,17,0.0,0,252
252000,1,99,99,0,99,19,0.0,0,252
253000,1,99,99,0,99,0,0,0,253
253000,1,99,99,0,99,8,0,0,253
253000,1,99,99,0,99,1,0.9999049839179129,0,253
253000,1,99,99,0,99,5,0.0,0,253
253000,1,99,99,0,99,7,0.0,0,253
253000,1,99,99,0,99,3,0.0,0,253
253000,1,99,99,0,99,9,0.0,0,253
253000,1,99,99,0,99,11,0.0,0,253
253000,1,99,99,0,99,13,0.0,0,253
253000,1,99,99,0,99,15,0.0,0,253
253000,1,99,99,0,99,17,0.0,0,253
253000,1,99,99,0,99,19,0.0,0,253
254000,1,99,99,0,99,0,0,0,254
254000,1,99,99,0,99,8,0,0,254
254000,1,99,99,0,99,1,0.9999901866786273,0,254
254000,1,99,99,0,99,5,0.0,0,254
254000,1,99,99,0,99,7,0.0,0,254
254000,1,99,99,0,99,3,0.0,0,254
254000,1,99,99,0,99,9,0.0,0,254
254000,1,99,99,0,99,11,0.0,0,254
254000,1,99,99,0,99,13,0.0,0,254
254000,1,99,99,0,99,15,0.0,0,254
254000,1,99,99,0,99,17,0.0,0,254
254000,1,99,99,0,99,19,0.0,0,254
255000,1,99,99,0,99,0,0,0,255
255000,1,99,99,0,99,8,0,0,255
255000,1,99,99,0,99,1,0.9998765623497902,0,255
255000,1,99,99,0,99,5,0.0,0,255
255000,1,99,99,0,99,7,0.0,0,255
255000,1,99,99,0,99,3,0.0,0,255
255000,1,99,99,0,99,9,0.0,0,255
255000,1,99,99,0,99,11,0.0,0,255
255000,1,99,99,0,99,13,0.0,0,255
255000,1,99,99,0,99,15,0.0,0,255
255000,1,99,99,0,99,17,0.0,0,255
255000,1,99,99,0,99,19,0.0,0,255
256000,1,99,99,0,99,0,0,0,256
256000,1,99,99,0,99,8,0,0,256
256000,1,99,99,0,99,1,1.0,0,256
256000,1,99,99,0,99,5,0.0,0,256
256000,1,99,99,0,99,7,0.0,0,256
256000,1,99,99,0,99,3,0.0,0,256
256000,1,99,99,0,99,9,0.0,0,256
256000,1,99,99,0,99,11,0.0,0,256
256000,1,99,99,0,99,13,0.0,0,256
256000,1,99,99,0,99,15,0.0,0,256
256000,1,99,99,0,99,17,0.0,0,256
256000,1,99,99,0,99,19,0.0,0,256
257000,1,99,99,0,99,0,0,0,257
257000,1,99,99,0,99,8,0,0,257
257000,1,99,99,0,99,1,0.9999924600945023,0,257
257000,1,99,99,0,99,5,0.0,0,257
257000,1,99,99,0,99,7,0.0,0,257
257000,1,99,99,0,99,3,0.0,0,257
257000,1,99,99,0,99,9,0.0,0,257
257000,1,99,99,0,99,11,0.0,0,257
257000,1,99,99,0,99,13,0.0,0,257
257000,1,99,99,0,99,15,0.0,0,257
257000,1,99,99,0,99,17,0.0,0,257
257000,1,99,99,0,99,19,0.0,0,257
258000,1,99,99,0,99,0,0,0,258
258000,1,99,99,0,99,8,0,0,258
258000,1,99,99,0,99,1,0.999991877551235,0,258
258000,1,99,99,0,99,5,0.0,0,258
258000,1,99,99,0,99,7,0.0,0,258
258000,1,99,99,0,99,3,0.0,0,258
258000,1,99,99,0,99,9,0.0,0,258
258000,1,99,99,0,99,11,0.0,0,258
258000,1,99,99,0,99,13,0.0,0,258
258000,1,99,99,0,99,15,0.0,0,258
258000,1,99,99,0,99,17,0.0,0,258
258000,1,99,99,0,99,19,0.0,0,258
259000,1,99,99,0,99,0,0,0,259
259000,1,99,99,0,99,8,0,0,259
259000,1,99,99,0,99,1,0.9979693113672705,0,259
259000,1,99,99,0,99,5,0.0,0,259
259000,1,99,99,0,99,7,0.0,0,259
259000,1,99,99,0,99,3,0.0,0,259
259000,1,99,99,0,99,9,0.0,0,259
259000,1,99,99,0,99,11,0.0,0,259
259000,1,99,99,0,99,13,0.0,0,259
259000,1,99,99,0,99,15,0.0,0,259
259000,1,99,99,0,99,17,0.002030688632296057,0,259
259000,1,99,99,0,99,19,0.0,0,259
260000,1,99,99,0,99,0,0,0,260
260000,1,99,99,0,99,8,0,0,260
260000,1,99,99,0,99,1,1.0,0,260
260000,1,99,99,0,99,5,0.0,0,260
260000,1,99,99,0,99,7,0.0,0,260
260000,1,99,99,0,99,3,0.0,0,260
260000,1,99,99,0,99,9,0.0,0,260
260000,1,99,99,0,99,11,0.0,0,260
260000,1,99,99,0,99,13,0.0,0,260
260000,1,99,99,0,99,15,0.0,0,260
260000,1,99,99,0,99,17,0.0,0,260
260000,1,99,99,0,99,19,0.0,0,260
261000,1,99,99,0,99,0,0,0,261
261000,1,99,99,0,99,8,0,0,261
261000,1,99,99,0,99,1,1.0,0,261
261000,1,99,99,0,99,5,0.0,0,261
261000,1,99,99,0,99,7,0.0,0,261
261000,1,99,99,0,99,3,0.0,0,261
261000,1,99,99,0,99,9,0.0,0,261
261000,1,99,99,0,99,11,0.0,0,261
261000,1,99,99,0,99,13,0.0,0,261
261000,1,99,99,0,99,15,0.0,0,261
261000,1,99,99,0,99,17,0.0,0,261
261000,1,99,99,0,99,19,0.0,0,261
262000,1,99,99,0,99,0,0,0,262
262000,1,99,99,0,99,8,0,0,262
262000,1,99,99,0,99,1,0.9999853239646705,0,262
262000,1,99,99,0,99,5,0.0,0,262
262000,1,99,99,0,99,7,0.0,0,262
262000,1,99,99,0,99,3,0.0,0,262
262000,1,99,99,0,99,9,0.0,0,262
262000,1,99,99,0,99,11,0.0,0,262
262000,1,99,99,0,99,13,0.0,0,262
262000,1,99,99,0,99,15,0.0,0,262
262000,1,99,99,0,99,17,0.0,0,262
262000,1,99,99,0,99,19,0.0,0,262
263000,1,99,99,0,99,0,0,0,263
263000,1,99,99,0,99,8,0,0,263
263000,1,99,99,0,99,1,0.9999901620014096,0,263
263000,1,99,99,0,99,5,0.0,0,263
263000,1,99,99,0,99,7,0.0,0,263
263000,1,99,99,0,99,3,0.0,0,263
263000,1,99,99,0,99,9,0.0,0,263
263000,1,99,99,0,99,11,0.0,0,263
263000,1,99,99,0,99,13,0.0,0,263
263000,1,99,99,0,99,15,0.0,0,263
263000,1,99,99,0,99,17,0.0,0,263
263000,1,99,99,0,99,19,0.0,0,263
264000,1,99,99,0,99,0,0,0,264
264000,1,99,99,0,99,8,0,0,264
264000,1,99,99,0,99,1,0.9999902273475912,0,264
264000,1,99,99,0,99,5,0.0,0,264
264000,1,99,99,0,99,7,0.0,0,264
264000,1,99,99,0,99,3,0.0,0,264
264000,1,99,99,0,99,9,0.0,0,264
264000,1,99,99,0,99,11,0.0,0,264
264000,1,99,99,0,99,13,0.0,0,264
264000,1,99,99,0,99,15,0.0,0,264
264000,1,99,99,0,99,17,0.0,0,264
264000,1,99,99,0,99,19,0.0,0,264
265000,1,99,99,0,99,0,0,0,265
265000,1,99,99,0,99,8,0,0,265
265000,1,99,99,0,99,1,1.0,0,265
265000,1,99,99,0,99,5,0.0,0,265
265000,1,99,99,0,99,7,0.0,0,265
265000,1,99,99,0,99,3,0.0,0,265
265000,1,99,99,0,99,9,0.0,0,265
265000,1,99,99,0,99,11,0.0,0,265
265000,1,99,99,0,99,13,0.0,0,265
265000,1,99,99,0,99,15,0.0,0,265
265000,1,99,99,0,99,17,0.0,0,265
265000,1,99,99,0,99,19,0.0,0,265
266000,1,99,99,0,99,0,0,0,266
266000,1,99,99,0,99,8,0,0,266
266000,1,99,99,0,99,1,0.0,0,266
266000,1,99,99,0,99,5,1.0,0,266
266000,1,99,99,0,99,7,0.0,0,266
266000,1,99,99,0,99,3,0.0,0,266
266000,1,99,99,0,99,9,0.0,0,266
266000,1,99,99,0,99,11,0.0,0,266
266000,1,99,99,0,99,13,0.0,0,266
266000,1,99,99,0,99,15,0.0,0,266
266000,1,99,99,0,99,17,0.0,0,266
266000,1,99,99,0,99,19,0.0,0,266
267000,1,99,99,0,99,0,0,0,267
267000,1,99,99,0,99,8,0,0,267
267000,1,99,99,0,99,1,0.0,0,267
267000,1,99,99,0,99,5,1.0,0,267
267000,1,99,99,0,99,7,0.0,0,267
267000,1,99,99,0,99,3,0.0,0,267
267000,1,99,99,0,99,9,0.0,0,267
267000,1,99,99,0,99,11,0.0,0,267
267000,1,99,99,0,99,13,0.0,0,267
267000,1,99,99,0,99,15,0.0,0,267
267000,1,99,99,0,99,17,0.0,0,267
267000,1,99,99,0,99,19,0.0,0,267
268000,1,99,99,0,99,0,0,0,268
268000,1,99,99,0,99,8,0,0,268
268000,1,99,99,0,99,1,0.0,0,268
268000,1,99,99,0,99,5,1.0,0,268
268000,1,99,99,0,99,7,0.0,0,268
268000,1,99,99,0,99,3,0.0,0,268
268000,1,99,99,0,99,9,0.0,0,268
268000,1,99,99,0,99,11,0.0,0,268
268000,1,99,99,0,99,13,0.0,0,268
268000,1,99,99,0,99,15,0.0,0,268
268000,1,99,99,0,99,17,0.0,0,268
268000,1,99,99,0,99,19,0.0,0,268
269000,1,99,99,0,99,0,0,0,269
269000,1,99,99,0,99,8,0,0,269
269000,1,99,99,0,99,1,0.0,0,269
269000,1,99,99,0,99,5,1.0,0,269
269000,1,99,99,0,99,7,0.0,0,269
269000,1,99,99,0,99,3,0.0,0,269
269000,1,99,99,0,99,9,0.0,0,269
269000,1,99,99,0,99,11,0.0,0,269
269000,1,99,99,0,99,13,0.0,0,269
269000,1,99,99,0,99,15,0.0,0,269
269000,1,99,99,0,99,17,0.0,0,269
269000,1,99,99,0,99,19,0.0,0,269
270000,1,99,99,0,99,0,0,0,270
270000,1,99,99,0,99,8,0,0,270
270000,1,99,99,0,99,1,0.0,0,270
270000,1,99,99,0,99,5,1.0,0,270
270000,1,99,99,0,99,7,0.0,0,270
270000,1,99,99,0,99,3,0.0,0,270
270000,1,99,99,0,99,9,0.0,0,270
270000,1,99,99,0,99,11,0.0,0,270
270000,1,99,99,0,99,13,0.0,0,270
270000,1,99,99,0,99,15,0.0,0,270
270000,1,99,99,0,99,17,0.0,0,270
270000,1,99,99,0,99,19,0.0,0,270
271000,1,99,99,0,99,0,0,0,271
271000,1,99,99,0,99,8,0,0,271
271000,1,99,99,0,99,1,0.0,0,271
271000,1,99,99,0,99,5,1.0,0,271
271000,1,99,99,0,99,7,0.0,0,271
271000,1,99,99,0,99,3,0.0,0,271
271000,1,99,99,0,99,9,0.0,0,271
271000,1,99,99,0,99,11,0.0,0,271
271000,1,99,99,0,99,13,0.0,0,271
271000,1,99,99,0,99,15,0.0,0,271
271000,1,99,99,0,99,17,0.0,0,271
271000,1,99,99,0,99,19,0.0,0,271
272000,1,99,99,0,99,0,0,0,272
272000,1,99,99,0,99,8,0,0,272
272000,1,99,99,0,99,1,0.0,0,272
272000,1,99,99,0,99,5,0.0,0,272
272000,1,99,99,0,99,7,0.0,0,272
272000,1,99,99,0,99,3,0.0,0,272
272000,1,99,99,0,99,9,0.0,0,272
272000,1,99,99,0,99,11,0.0,0,272
272000,1,99,99,0,99,13,0.9999983814786965,0,272
272000,1,99,99,0,99,15,0.0,0,272
272000,1,99,99,0,99,17,0.0,0,272
272000,1,99,99,0,99,19,0.0,0,272
273000,1,99,99,0,99,0,0,0,273
273000,1,99,99,0,99,8,0,0,273
273000,1,99,99,0,99,1,0.0,0,273
273000,1,99,99,0,99,5,1.0,0,273
273000,1,99,99,0,99,7,0.0,0,273
273000,1,99,99,0,99,3,0.0,0,273
273000,1,99,99,0,99,9,0.0,0,273
273000,1,99,99,0,99,11,0.0,0,273
273000,1,99,99,0,99,13,0.0,0,273
273000,1,99,99,0,99,15,0.0,0,273
273000,1,99,99,0,99,17,0.0,0,273
273000,1,99,99,0,99,19,0.0,0,273
274000,1,99,99,0,99,0,0,0,274
274000,1,99,99,0,99,8,0,0,274
274000,1,99,99,0,99,1,0.0,0,274
274000,1,99,99,0,99,5,1.0,0,274
274000,1,99,99,0,99,7,0.0,0,274
274000,1,99,99,0,99,3,0.0,0,274
274000,1,99,99,0,99,9,0.0,0,274
274000,1,99,99,0,99,11,0.0,0,274
274000,1,99,99,0,99,13,0.0,0,274
274000,1,99,99,0,99,15,0.0,0,274
274000,1,99,99,0,99,17,0.0,0,274
274000,1,99,99,0,99,19,0.0,0,274
275000,1,99,99,0,99,0,0,0,275
275000,1,99,99,0,99,8,0,0,275
275000,1,99,99,0,99,1,0.0,0,275
275000,1,99,99,0,99,5,1.0,0,275
275000,1,99,99,0,99,7,0.0,0,275
275000,1,99,99,0,99,3,0.0,0,275
275000,1,99,99,0,99,9,0.0,0,275
275000,1,99,99,0,99,11,0.0,0,275
275000,1,99,99,0,99,13,0.0,0,275
275000,1,99,99,0,99,15,0.0,0,275
275000,1,99,99,0,99,17,0.0,0,275
275000,1,99,99,0,99,19,0.0,0,275
276000,1,99,99,0,99,0,0,0,276
276000,1,99,99,0,99,8,0,0,276
276000,1,99,99,0,99,1,0.0,0,276
276000,1,99,99,0,99,5,1.0,0,276
276000,1,99,99,0,99,7,0.0,0,276
276000,1,99,99,0,99,3,0.0,0,276
276000,1,99,99,0,99,9,0.0,0,276
276000,1,99,99,0,99,11,0.0,0,276
276000,1,99,99,0,99,13,0.0,0,276
276000,1,99,99,0,99,15,0.0,0,276
276000,1,99,99,0,99,17,0.0,0,276
276000,1,99,99,0,99,19,0.0,0,276
277000,1,99,99,0,99,0,0,0,277
277000,1,99,99,0,99,8,0,0,277
277000,1,99,99,0,99,1,0.0,0,277
277000,1,99,99,0,99,5,1.0,0,277
277000,1,99,99,0,99,7,0.0,0,277
277000,1,99,99,0,99,3,0.0,0,277
277000,1,99,99,0,99,9,0.0,0,277
277000,1,99,99,0,99,11,0.0,0,277
277000,1,99,99,0,99,13,0.0,0,277
277000,1,99,99,0,99,15,0.0,0,277
277000,1,99,99,0,99,17,0.0,0,277
277000,1,99,99,0,99,19,0.0,0,277
278000,1,99,99,0,99,0,0,0,278
278000,1,99,99,0,99,8,0,0,278
278000,1,99,99,0,99,1,0.0,0,278
278000,1,99,99,0,99,5,1.0,0,278
278000,1,99,99,0,99,7,0.0,0,278
278000,1,99,99,0,99,3,0.0,0,278
278000,1,99,99,0,99,9,0.0,0,278
278000,1,99,99,0,99,11,0.0,0,278
278000,1,99,99,0,99,13,0.0,0,278
278000,1,99,99,0,99,15,0.0,0,278
278000,1,99,99,0,99,17,0.0,0,278
278000,1,99,99,0,99,19,0.0,0,278
279000,1,99,99,0,99,0,0,0,279
279000,1,99,99,0,99,8,0,0,279
279000,1,99,99,0,99,1,0.0,0,279
279000,1,99,99,0,99,5,1.0,0,279
279000,1,99,99,0,99,7,0.0,0,279
279000,1,99,99,0,99,3,0.0,0,279
279000,1,99,99,0,99,9,0.0,0,279
279000,1,99,99,0,99,11,0.0,0,279
279000,1,99,99,0,99,13,0.0,0,279
279000,1,99,99,0,99,15,0.0,0,279
279000,1,99,99,0,99,17,0.0,0,279
279000,1,99,99,0,99,19,0.0,0,279
280000,1,99,99,0,99,0,0,0,280
280000,1,99,99,0,99,8,0,0,280
280000,1,99,99,0,99,1,0.0,0,280
280000,1,99,99,0,99,5,1.0,0,280
280000,1,99,99,0,99,7,0.0,0,280
280000,1,99,99,0,99,3,0.0,0,280
280000,1,99,99,0,99,9,0.0,0,280
280000,1,99,99,0,99,11,0.0,0,280
280000,1,99,99,0,99,13,0.0,0,280
280000,1,99,99,0,99,15,0.0,0,280
280000,1,99,99,0,99,17,0.0,0,280
280000,1,99,99,0,99,19,0.0,0,280
281000,1,99,99,0,99,0,0,0,281
281000,1,99,99,0,99,8,0,0,281
281000,1,99,99,0,99,1,0.0,0,281
281000,1,99,99,0,99,5,1.0,0,281
281000,1,99,99,0,99,7,0.0,0,281
281000,1,99,99,0,99,3,0.0,0,281
281000,1,99,99,0,99,9,0.0,0,281
281000,1,99,99,0,99,11,0.0,0,281
281000,1,99,99,0,99,13,0.0,0,281
281000,1,99,99,0,99,15,0.0,0,281
281000,1,99,99,0,99,17,0.0,0,281
281000,1,99,99,0,99,19,0.0,0,281
282000,1,99,99,0,99,0,0,0,282
282000,1,99,99,0,99,8,0,0,282
282000,1,99,99,0,99,1,0.0,0,282
282000,1,99,99,0,99,5,1.0,0,282
282000,1,99,99,0,99,7,0.0,0,282
282000,1,99,99,0,99,3,0.0,0,282
282000,1,99,99,0,99,9,0.0,0,282
282000,1,99,99,0,99,11,0.0,0,282
282000,1,99,99,0,99,13,0.0,0,282
282000,1,99,99,0,99,15,0.0,0,282
282000,1,99,99,0,99,17,0.0,0,282
282000,1,99,99,0,99,19,0.0,0,282
283000,1,99,99,0,99,0,0,0,283
283000,1,99,99,0,99,8,0,0,283
283000,1,99,99,0,99,1,0.0,0,283
283000,1,99,99,0,99,5,1.0,0,283
283000,1,99,99,0,99,7,0.0,0,283
283000,1,99,99,0,99,3,0.0,0,283
283000,1,99,99,0,99,9,0.0,0,283
283000,1,99,99,0,99,11,0.0,0,283
283000,1,99,99,0,99,13,0.0,0,283
283000,1,99,99,0,99,15,0.0,0,283
283000,1,99,99,0,99,17,0.0,0,283
283000,1,99,99,0,99,19,0.0,0,283
284000,1,99,99,0,99,0,0,0,284
284000,1,99,99,0,99,8,0,0,284
284000,1,99,99,0,99,1,0.0,0,284
284000,1,99,99,0,99,5,1.0,0,284
284000,1,99,99,0,99,7,0.0,0,284
284000,1,99,99,0,99,3,0.0,0,284
284000,1,99,99,0,99,9,0.0,0,284
284000,1,99,99,0,99,11,0.0,0,284
284000,1,99,99,0,99,13,0.0,0,284
284000,1,99,99,0,99,15,0.0,0,284
284000,1,99,99,0,99,17,0.0,0,284
284000,1,99,99,0,99,19,0.0,0,284
285000,1,99,99,0,99,0,0,0,285
285000,1,99,99,0,99,8,0,0,285
285000,1,99,99,0,99,1,0.0,0,285
285000,1,99,99,0,99,5,1.0,0,285
285000,1,99,99,0,99,7,0.0,0,285
285000,1,99,99,0,99,3,0.0,0,285
285000,1,99,99,0,99,9,0.0,0,285
285000,1,99,99,0,99,11,0.0,0,285
285000,1,99,99,0,99,13,0.0,0,285
285000,1,99,99,0,99,15,0.0,0,285
285000,1,99,99,0,99,17,0.0,0,285
285000,1,99,99,0,99,19,0.0,0,285
286000,1,99,99,0,99,0,0,0,286
286000,1,99,99,0,99,8,0,0,286
286000,1,99,99,0,99,1,0.0,0,286
286000,1,99,99,0,99,5,1.0,0,286
286000,1,99,99,0,99,7,0.0,0,286
286000,1,99,99,0,99,3,0.0,0,286
286000,1,99,99,0,99,9,0.0,0,286
286000,1,99,99,0,99,11,0.0,0,286
286000,1,99,99,0,99,13,0.0,0,286
286000,1,99,99,0,99,15,0.0,0,286
286000,1,99,99,0,99,17,0.0,0,286
286000,1,99,99,0,99,19,0.0,0,286
287000,1,99,99,0,99,0,0,0,287
287000,1,99,99,0,99,8,0,0,287
287000,1,99,99,0,99,1,0.0,0,287
287000,1,99,99,0,99,5,1.0,0,287
287000,1,99,99,0,99,7,0.0,0,287
287000,1,99,99,0,99,3,0.0,0,287
287000,1,99,99,0,99,9,0.0,0,287
287000,1,99,99,0,99,11,0.0,0,287
287000,1,99,99,0,99,13,0.0,0,287
287000,1,99,99,0,99,15,0.0,0,287
287000,1,99,99,0,99,17,0.0,0,287
287000,1,99,99,0,99,19,0.0,0,287
288000,1,99,99,0,99,0,0,0,288
288000,1,99,99,0,99,8,0,0,288
288000,1,99,99,0,99,1,0.0,0,288
288000,1,99,99,0,99,5,1.0,0,288
288000,1,99,99,0,99,7,0.0,0,288
288000,1,99,99,0,99,3,0.0,0,288
288000,1,99,99,0,99,9,0.0,0,288
288000,1,99,99,0,99,11,0.0,0,288
288000,1,99,99,0,99,13,0.0,0,288
288000,1,99,99,0,99,15,0.0,0,288
288000,1,99,99,0,99,17,0.0,0,288
288000,1,99,99,0,99,19,0.0,0,288
289000,1,99,99,0,99,0,0,0,289
289000,1,99,99,0,99,8,0,0,289
289000,1,99,99,0,99,1,0.0,0,289
289000,1,99,99,0,99,5,1.0,0,289
289000,1,99,99,0,99,7,0.0,0,289
289000,1,99,99,0,99,3,0.0,0,289
289000,1,99,99,0,99,9,0.0,0,289
289000,1,99,99,0,99,11,0.0,0,289
289000,1,99,99,0,99,13,0.0,0,289
289000,1,99,99,0,99,15,0.0,0,289
289000,1,99,99,0,99,17,0.0,0,289
289000,1,99,99,0,99,19,0.0,0,289
290000,1,99,99,0,99,0,0,0,290
290000,1,99,99,0,99,8,0,0,290
290000,1,99,99,0,99,1,0.0,0,290
290000,1,99,99,0,99,5,1.0,0,290
290000,1,99,99,0,99,7,0.0,0,290
290000,1,99,99,0,99,3,0.0,0,290
290000,1,99,99,0,99,9,0.0,0,290
290000,1,99,99,0,99,11,0.0,0,290
290000,1,99,99,0,99,13,0.0,0,290
290000,1,99,99,0,99,15,0.0,0,290
290000,1,99,99,0,99,17,0.0,0,290
290000,1,99,99,0,99,19,0.0,0,290
291000,1,99,99,0,99,0,0,0,291
291000,1,99,99,0,99,8,0,0,291
291000,1,99,99,0,99,1,0.0,0,291
291000,1,99,99,0,99,5,1.0,0,291
291000,1,99,99,0,99,7,0.0,0,291
291000,1,99,99,0,99,3,0.0,0,291
291000,1,99,99,0,99,9,0.0,0,291
291000,1,99,99,0,99,11,0.0,0,291
291000,1,99,99,0,99,13,0.0,0,291
291000,1,99,99,0,99,15,0.0,0,291
291000,1,99,99,0,99,17,0.0,0,291
291000,1,99,99,0,99,19,0.0,0,291
292000,1,99,99,0,99,0,0,0,292
292000,1,99,99,0,99,8,0,0,292
292000,1,99,99,0,99,1,0.0,0,292
292000,1,99,99,0,99,5,1.0,0,292
292000,1,99,99,0,99,7,0.0,0,292
292000,1,99,99,0,99,3,0.0,0,292
292000,1,99,99,0,99,9,0.0,0,292
292000,1,99,99,0,99,11,0.0,0,292
292000,1,99,99,0,99,13,0.0,0,292
292000,1,99,99,0,99,15,0.0,0,292
292000,1,99,99,0,99,17,0.0,0,292
292000,1,99,99,0,99,19,0.0,0,292
293000,1,99,99,0,99,0,0,0,293
293000,1,99,99,0,99,8,0,0,293
293000,1,99,99,0,99,1,0.0,0,293
293000,1,99,99,0,99,5,1.0,0,293
293000,1,99,99,0,99,7,0.0,0,293
293000,1,99,99,0,99,3,0.0,0,293
293000,1,99,99,0,99,9,0.0,0,293
293000,1,99,99,0,99,11,0.0,0,293
293000,1,99,99,0,99,13,0.0,0,293
293000,1,99,99,0,99,15,0.0,0,293
293000,1,99,99,0,99,17,0.0,0,293
293000,1,99,99,0,99,19,0.0,0,293
294000,1,99,99,0,99,0,0,0,294
294000,1,99,99,0,99,8,0,0,294
294000,1,99,99,0,99,1,0.0,0,294
294000,1,99,99,0,99,5,1.0,0,294
294000,1,99,99,0,99,7,0.0,0,294
294000,1,99,99,0,99,3,0.0,0,294
294000,1,99,99,0,99,9,0.0,0,294
294000,1,99,99,0,99,11,0.0,0,294
294000,1,99,99,0,99,13,0.0,0,294
294000,1,99,99,0,99,15,0.0,0,294
294000,1,99,99,0,99,17,0.0,0,294
294000,1,99,99,0,99,19,0.0,0,294
295000,1,99,99,0,99,0,0,0,295
295000,1,99,99,0,99,8,0,0,295
295000,1,99,99,0,99,1,0.0,0,295
295000,1,99,99,0,99,5,1.0,0,295
295000,1,99,99,0,99,7,0.0,0,295
295000,1,99,99,0,99,3,0.0,0,295
295000,1,99,99,0,99,9,0.0,0,295
295000,1,99,99,0,99,11,0.0,0,295
295000,1,99,99,0,99,13,0.0,0,295
295000,1,99,99,0,99,15,0.0,0,295
295000,1,99,99,0,99,17,0.0,0,295
295000,1,99,99,0,99,19,0.0,0,295
296000,1,99,99,0,99,0,0,0,296
296000,1,99,99,0,99,8,0,0,296
296000,1,99,99,0,99,1,0.0,0,296
296000,1,99,99,0,99,5,1.0,0,296
296000,1,99,99,0,99,7,0.0,0,296
296000,1,99,99,0,99,3,0.0,0,296
296000,1,99,99,0,99,9,0.0,0,296
296000,1,99,99,0,99,11,0.0,0,296
296000,1,99,99,0,99,13,0.0,0,296
296000,1,99,99,0,99,15,0.0,0,296
296000,1,99,99,0,99,17,0.0,0,296
296000,1,99,99,0,99,19,0.0,0,296
297000,1,99,99,0,99,0,0,0,297
297000,1,99,99,0,99,8,0,0,297
297000,1,99,99,0,99,1,0.0,0,297
297000,1,99,99,0,99,5,1.0,0,297
297000,1,99,99,0,99,7,0.0,0,297
297000,1,99,99,0,99,3,0.0,0,297
297000,1,99,99,0,99,9,0.0,0,297
297000,1,99,99,0,99,11,0.0,0,297
297000,1,99,99,0,99,13,0.0,0,297
297000,1,99,99,0,99,15,0.0,0,297
297000,1,99,99,0,99,17,0.0,0,297
297000,1,99,99,0,99,19,0.0,0,297
298000,1,99,99,0,99,0,0,0,298
298000,1,99,99,0,99,8,0,0,298
298000,1,99,99,0,99,1,0.0,0,298
298000,1,99,99,0,99,5,1.0,0,298
298000,1,99,99,0,99,7,0.0,0,298
298000,1,99,99,0,99,3,0.0,0,298
298000,1,99,99,0,99,9,0.0,0,298
298000,1,99,99,0,99,11,0.0,0,298
298000,1,99,99,0,99,13,0.0,0,298
298000,1,99,99,0,99,15,0.0,0,298
298000,1,99,99,0,99,17,0.0,0,298
298000,1,99,99,0,99,19,0.0,0,298
299000,1,99,99,0,99,0,0,0,299
299000,1,99,99,0,99,8,0,0,299
299000,1,99,99,0,99,1,0.0,0,299
299000,1,99,99,0,99,5,1.0,0,299
299000,1,99,99,0,99,7,0.0,0,299
299000,1,99,99,0,99,3,0.0,0,299
299000,1,99,99,0,99,9,0.0,0,299
299000,1,99,99,0,99,11,0.0,0,299
299000,1,99,99,0,99,13,0.0,0,299
299000,1,99,99,0,99,15,0.0,0,299
299000,1,99,99,0,99,17,0.0,0,299
299000,1,99,99,0,99,19,0.0,0,299
300000,1,99,99,0,99,0,0,0,300
300000,1,99,99,0,99,8,0,0,300
300000,1,99,99,0,99,1,0.0,0,300
300000,1,99,99,0,99,5,1.0,0,300
300000,1,99,99,0,99,7,0.0,0,300
300000,1,99,99,0,99,3,0.0,0,300
300000,1,99,99,0,99,9,0.0,0,300
300000,1,99,99,0,99,11,0.0,0,300
300000,1,99,99,0,99,13,0.0,0,300
300000,1,99,99,0,99,15,0.0,0,300
300000,1,99,99,0,99,17,0.0,0,300
300000,1,99,99,0,99,19,0.0,0,300
301000,1,99,99,0,99,0,0,0,301
301000,1,99,99,0,99,8,0,0,301
301000,1,99,99,0,99,1,0.0,0,301
301000,1,99,99,0,99,5,1.0,0,301
301000,1,99,99,0,99,7,0.0,0,301
301000,1,99,99,0,99,3,0.0,0,301
301000,1,99,99,0,99,9,0.0,0,301
301000,1,99,99,0,99,11,0.0,0,301
301000,1,99,99,0,99,13,0.0,0,301
301000,1,99,99,0,99,15,0.0,0,301
301000,1,99,99,0,99,17,0.0,0,301
301000,1,99,99,0,99,19,0.0,0,301
302000,1,99,99,0,99,0,0,0,302
302000,1,99,99,0,99,8,0,0,302
302000,1,99,99,0,99,1,0.0,0,302
302000,1,99,99,0,99,5,1.0,0,302
302000,1,99,99,0,99,7,0.0,0,302
302000,1,99,99,0,99,3,0.0,0,302
302000,1,99,99,0,99,9,0.0,0,302
302000,1,99,99,0,99,11,0.0,0,302
302000,1,99,99,0,99,13,0.0,0,302
302000,1,99,99,0,99,15,0.0,0,302
302000,1,99,99,0,99,17,0.0,0,302
302000,1,99,99,0,99,19,0.0,0,302
303000,1,99,99,0,99,0,0,0,303
303000,1,99,99,0,99,8,0,0,303
303000,1,99,99,0,99,1,0.0,0,303
303000,1,99,99,0,99,5,1.0,0,303
303000,1,99,99,0,99,7,0.0,0,303
303000,1,99,99,0,99,3,0.0,0,303
303000,1,99,99,0,99,9,0.0,0,303
303000,1,99,99,0,99,11,0.0,0,303
303000,1,99,99,0,99,13,0.0,0,303
303000,1,99,99,0,99,15,0.0,0,303
303000,1,99,99,0,99,17,0.0,0,303
303000,1,99,99,0,99,19,0.0,0,303
304000,1,99,99,0,99,0,0,0,304
304000,1,99,99,0,99,8,0,0,304
304000,1,99,99,0,99,1,0.0,0,304
304000,1,99,99,0,99,5,1.0,0,304
304000,1,99,99,0,99,7,0.0,0,304
304000,1,99,99,0,99,3,0.0,0,304
304000,1,99,99,0,99,9,0.0,0,304
304000,1,99,99,0,99,11,0.0,0,304
304000,1,99,99,0,99,13,0.0,0,304
304000,1,99,99,0,99,15,0.0,0,304
304000,1,99,99,0,99,17,0.0,0,304
304000,1,99,99,0,99,19,0.0,0,304
305000,1,99,99,0,99,0,0,0,305
305000,1,99,99,0,99,8,0,0,305
305000,1,99,99,0,99,1,0.0,0,305
305000,1,99,99,0,99,5,1.0,0,305
305000,1,99,99,0,99,7,0.0,0,305
305000,1,99,99,0,99,3,0.0,0,305
305000,1,99,99,0,99,9,0.0,0,305
305000,1,99,99,0,99,11,0.0,0,305
305000,1,99,99,0,99,13,0.0,0,305
305000,1,99,99,0,99,15,0.0,0,305
305000,1,99,99,0,99,17,0.0,0,305
305000,1,99,99,0,99,19,0.0,0,305
306000,1,99,99,0,99,0,0,0,306
306000,1,99,99,0,99,8,0,0,306
306000,1,99,99,0,99,1,0.0,0,306
306000,1,99,99,0,99,5,1.0,0,306
306000,1,99,99,0,99,7,0.0,0,306
306000,1,99,99,0,99,3,0.0,0,306
306000,1,99,99,0,99,9,0.0,0,306
306000,1,99,99,0,99,11,0.0,0,306
306000,1,99,99,0,99,13,0.0,0,306
306000,1,99,99,0,99,15,0.0,0,306
306000,1,99,99,0,99,17,0.0,0,306
306000,1,99,99,0,99,19,0.0,0,306
307000,1,99,99,0,99,0,0,0,307
307000,1,99,99,0,99,8,0,0,307
307000,1,99,99,0,99,1,0.0,0,307
307000,1,99,99,0,99,5,1.0,0,307
307000,1,99,99,0,99,7,0.0,0,307
307000,1,99,99,0,99,3,0.0,0,307
307000,1,99,99,0,99,9,0.0,0,307
307000,1,99,99,0,99,11,0.0,0,307
307000,1,99,99,0,99,13,0.0,0,307
307000,1,99,99,0,99,15,0.0,0,307
307000,1,99,99,0,99,17,0.0,0,307
307000,1,99,99,0,99,19,0.0,0,307
308000,1,99,99,0,99,0,0,0,308
308000,1,99,99,0,99,8,0,0,308
308000,1,99,99,0,99,1,0.0,0,308
308000,1,99,99,0,99,5,0.9999999999999921,0,308
308000,1,99,99,0,99,7,0.0,0,308
308000,1,99,99,0,99,3,0.0,0,308
308000,1,99,99,0,99,9,0.0,0,308
308000,1,99,99,0,99,11,0.0,0,308
308000,1,99,99,0,99,13,0.0,0,308
308000,1,99,99,0,99,15,0.0,0,308
308000,1,99,99,0,99,17,0.0,0,308
308000,1,99,99,0,99,19,0.0,0,308
309000,1,99,99,0,99,0,0,0,309
309000,1,99,99,0,99,8,0,0,309
309000,1,99,99,0,99,1,0.0,0,309
309000,1,99,99,0,99,5,0.9999999999999921,0,309
309000,1,99,99,0,99,7,0.0,0,309
309000,1,99,99,0,99,3,0.0,0,309
309000,1,99,99,0,99,9,0.0,0,309
309000,1,99,99,0,99,11,0.0,0,309
309000,1,99,99,0,99,13,0.0,0,309
309000,1,99,99,0,99,15,0.0,0,309
309000,1,99,99,0,99,17,0.0,0,309
309000,1,99,99,0,99,19,0.0,0,309
310000,1,99,99,0,99,0,0,0,310
310000,1,99,99,0,99,8,0,0,310
310000,1,99,99,0,99,1,0.0,0,310
310000,1,99,99,0,99,5,1.0,0,310
310000,1,99,99,0,99,7,0.0,0,310
310000,1,99,99,0,99,3,0.0,0,310
310000,1,99,99,0,99,9,0.0,0,310
310000,1,99,99,0,99,11,0.0,0,310
310000,1,99,99,0,99,13,0.0,0,310
310000,1,99,99,0,99,15,0.0,0,310
310000,1,99,99,0,99,17,0.0,0,310
310000,1,99,99,0,99,19,0.0,0,310
311000,1,99,99,0,99,0,0,0,311
311000,1,99,99,0,99,8,0,0,311
311000,1,99,99,0,99,1,0.0,0,311
311000,1,99,99,0,99,5,0.9999999999999992,0,311
311000,1,99,99,0,99,7,0.0,0,311
311000,1,99,99,0,99,3,0.0,0,311
311000,1,99,99,0,99,9,0.0,0,311
311000,1,99,99,0,99,11,0.0,0,311
311000,1,99,99,0,99,13,0.0,0,311
311000,1,99,99,0,99,15,0.0,0,311
311000,1,99,99,0,99,17,0.0,0,311
311000,1,99,99,0,99,19,0.0,0,311
312000,1,99,99,0,99,0,0,0,312
312000,1,99,99,0,99,8,0,0,312
312000,1,99,99,0,99,1,0.0,0,312
312000,1,99,99,0,99,5,1.0,0,312
312000,1,99,99,0,99,7,0.0,0,312
312000,1,99,99,0,99,3,0.0,0,312
312000,1,99,99,0,99,9,0.0,0,312
312000,1,99,99,0,99,11,0.0,0,312
312000,1,99,99,0,99,13,0.0,0,312
312000,1,99,99,0,99,15,0.0,0,312
312000,1,99,99,0,99,17,0.0,0,312
312000,1,99,99,0,99,19,0.0,0,312
313000,1,99,99,0,99,0,0,0,313
313000,1,99,99,0,99,8,0,0,313
313000,1,99,99,0,99,1,0.0,0,313
313000,1,99,99,0,99,5,0.9999999999999997,0,313
313000,1,99,99,0,99,7,0.0,0,313
313000,1,99,99,0,99,3,0.0,0,313
313000,1,99,99,0,99,9,0.0,0,313
313000,1,99,99,0,99,11,0.0,0,313
313000,1,99,99,0,99,13,0.0,0,313
313000,1,99,99,0,99,15,0.0,0,313
313000,1,99,99,0,99,17,0.0,0,313
313000,1,99,99,0,99,19,0.0,0,313
314000,1,99,99,0,99,0,0,0,314
314000,1,99,99,0,99,8,0,0,314
314000,1,99,99,0,99,1,0.0,0,314
314000,1,99,99,0,99,5,1.0,0,314
314000,1,99,99,0,99,7,0.0,0,314
314000,1,99,99,0,99,3,0.0,0,314
314000,1,99,99,0,99,9,0.0,0,314
314000,1,99,99,0,99,11,0.0,0,314
314000,1,99,99,0,99,13,0.0,0,314
314000,1,99,99,0,99,15,0.0,0,314
314000,1,99,99,0,99,17,0.0,0,314
314000,1,99,99,0,99,19,0.0,0,314
315000,1,99,99,0,99,0,0,0,315
315000,1,99,99,0,99,8,0,0,315
315000,1,99,99,0,99,1,0.0,0,315
315000,1,99,99,0,99,5,0.9999999999999997,0,315
315000,1,99,99,0,99,7,0.0,0,315
315000,1,99,99,0,99,3,0.0,0,315
315000,1,99,99,0,99,9,0.0,0,315
315000,1,99,99,0,99,11,0.0,0,315
315000,1,99,99,0,99,13,0.0,0,315
315000,1,99,99,0,99,15,0.0,0,315
315000,1,99,99,0,99,17,0.0,0,315
315000,1,99,99,0,99,19,0.0,0,315
316000,1,99,99,0,99,0,0,0,316
316000,1,99,99,0,99,8,0,0,316
316000,1,99,99,0,99,1,0.0,0,316
316000,1,99,99,0,99,5,0.9999999999999994,0,316
316000,1,99,99,0,99,7,0.0,0,316
316000,1,99,99,0,99,3,0.0,0,316
316000,1,99,99,0,99,9,0.0,0,316
316000,1,99,99,0,99,11,0.0,0,316
316000,1,99,99,0,99,13,0.0,0,316
316000,1,99,99,0,99,15,0.0,0,316
316000,1,99,99,0,99,17,0.0,0,316
316000,1,99,99,0,99,19,0.0,0,316
317000,1,99,99,0,99,0,0,0,317
317000,1,99,99,0,99,8,0,0,317
317000,1,99,99,0,99,1,0.0,0,317
317000,1,99,99,0,99,5,1.0,0,317
317000,1,99,99,0,99,7,0.0,0,317
317000,1,99,99,0,99,3,0.0,0,317
317000,1,99,99,0,99,9,0.0,0,317
317000,1,99,99,0,99,11,0.0,0,317
317000,1,99,99,0,99,13,0.0,0,317
317000,1,99,99,0,99,15,0.0,0,317
317000,1,99,99,0,99,17,0.0,0,317
317000,1,99,99,0,99,19,0.0,0,317
318000,1,99,99,0,99,0,0,0,318
318000,1,99,99,0,99,8,0,0,318
318000,1,99,99,0,99,1,0.0,0,318
318000,1,99,99,0,99,5,0.9999999999999973,0,318
318000,1,99,99,0,99,7,0.0,0,318
318000,1,99,99,0,99,3,0.0,0,318
318000,1,99,99,0,99,9,0.0,0,318
318000,1,99,99,0,99,11,0.0,0,318
318000,1,99,99,0,99,13,0.0,0,318
318000,1,99,99,0,99,15,0.0,0,318
318000,1,99,99,0,99,17,0.0,0,318
318000,1,99,99,0,99,19,0.0,0,318
319000,1,99,99,0,99,0,0,0,319
319000,1,99,99,0,99,8,0,0,319
319000,1,99,99,0,99,1,0.0,0,319
319000,1,99,99,0,99,5,1.0,0,319
319000,1,99,99,0,99,7,0.0,0,319
319000,1,99,99,0,99,3,0.0,0,319
319000,1,99,99,0,99,9,0.0,0,319
319000,1,99,99,0,99,11,0.0,0,319
319000,1,99,99,0,99,13,0.0,0,319
319000,1,99,99,0,99,15,0.0,0,319
319000,1,99,99,0,99,17,0.0,0,319
319000,1,99,99,0,99,19,0.0,0,319
320000,1,99,99,0,99,0,0,0,320
320000,1,99,99,0,99,8,0,0,320
320000,1,99,99,0,99,1,0.0,0,320
320000,1,99,99,0,99,5,1.0,0,320
320000,1,99,99,0,99,7,0.0,0,320
320000,1,99,99,0,99,3,0.0,0,320
320000,1,99,99,0,99,9,0.0,0,320
320000,1,99,99,0,99,11,0.0,0,320
320000,1,99,99,0,99,13,0.0,0,320
320000,1,99,99,0,99,15,0.0,0,320
320000,1,99,99,0,99,17,0.0,0,320
320000,1,99,99,0,99,19,0.0,0,320
321000,1,99,99,0,99,0,0,0,321
321000,1,99,99,0,99,8,0,0,321
321000,1,99,99,0,99,1,0.0,0,321
321000,1,99,99,0,99,5,1.0,0,321
321000,1,99,99,0,99,7,0.0,0,321
321000,1,99,99,0,99,3,0.0,0,321
321000,1,99,99,0,99,9,0.0,0,321
321000,1,99,99,0,99,11,0.0,0,321
321000,1,99,99,0,99,13,0.0,0,321
321000,1,99,99,0,99,15,0.0,0,321
321000,1,99,99,0,99,17,0.0,0,321
321000,1,99,99,0,99,19,0.0,0,321
322000,1,99,99,0,99,0,0,0,322
322000,1,99,99,0,99,8,0,0,322
322000,1,99,99,0,99,1,0.0,0,322
322000,1,99,99,0,99,5,0.9999999999988466,0,322
322000,1,99,99,0,99,7,0.0,0,322
322000,1,99,99,0,99,3,0.0,0,322
322000,1,99,99,0,99,9,0.0,0,322
322000,1,99,99,0,99,11,0.0,0,322
322000,1,99,99,0,99,13,0.0,0,322
322000,1,99,99,0,99,15,0.0,0,322
322000,1,99,99,0,99,17,0.0,0,322
322000,1,99,99,0,99,19,0.0,0,322
323000,1,99,99,0,99,0,0,0,323
323000,1,99,99,0,99,8,0,0,323
323000,1,99,99,0,99,1,0.0,0,323
323000,1,99,99,0,99,5,0.9999999999966601,0,323
323000,1,99,99,0,99,7,0.0,0,323
323000,1,99,99,0,99,3,0.0,0,323
323000,1,99,99,0,99,9,0.0,0,323
323000,1,99,99,0,99,11,0.0,0,323
323000,1,99,99,0,99,13,0.0,0,323
323000,1,99,99,0,99,15,0.0,0,323
323000,1,99,99,0,99,17,0.0,0,323
323000,1,99,99,0,99,19,0.0,0,323
324000,1,99,99,0,99,0,0,0,324
324000,1,99,99,0,99,8,0,0,324
324000,1,99,99,0,99,1,0.0,0,324
324000,1,99,99,0,99,5,1.0,0,324
324000,1,99,99,0,99,7,0.0,0,324
324000,1,99,99,0,99,3,0.0,0,324
324000,1,99,99,0,99,9,0.0,0,324
324000,1,99,99,0,99,11,0.0,0,324
324000,1,99,99,0,99,13,0.0,0,324
324000,1,99,99,0,99,15,0.0,0,324
324000,1,99,99,0,99,17,0.0,0,324
324000,1,99,99,0,99,19,0.0,0,324
325000,1,99,99,0,99,0,0,0,325
325000,1,99,99,0,99,8,0,0,325
325000,1,99,99,0,99,1,0.0,0,325
325000,1,99,99,0,99,5,1.0,0,325
325000,1,99,99,0,99,7,0.0,0,325
325000,1,99,99,0,99,3,0.0,0,325
325000,1,99,99,0,99,9,0.0,0,325
325000,1,99,99,0,99,11,0.0,0,325
325000,1,99,99,0,99,13,0.0,0,325
325000,1,99,99,0,99,15,0.0,0,325
325000,1,99,99,0,99,17,0.0,0,325
325000,1,99,99,0,99,19,0.0,0,325
326000,1,99,99,0,99,0,0,0,326
326000,1,99,99,0,99,8,0,0,326
326000,1,99,99,0,99,1,0.0,0,326
326000,1,99,99,0,99,5,1.0,0,326
326000,1,99,99,0,99,7,0.0,0,326
326000,1,99,99,0,99,3,0.0,0,326
326000,1,99,99,0,99,9,0.0,0,326
326000,1,99,99,0,99,11,0.0,0,326
326000,1,99,99,0,99,13,0.0,0,326
326000,1,99,99,0,99,15,0.0,0,326
326000,1,99,99,0,99,17,0.0,0,326
326000,1,99,99,0,99,19,0.0,0,326
327000,1,99,99,0,99,0,0,0,327
327000,1,99,99,0,99,8,0,0,327
327000,1,99,99,0,99,1,0.0,0,327
327000,1,99,99,0,99,5,0.999999997710279,0,327
327000,1,99,99,0,99,7,0.0,0,327
327000,1,99,99,0,99,3,0.0,0,327
327000,1,99,99,0,99,9,0.0,0,327
327000,1,99,99,0,99,11,0.0,0,327
327000,1,99,99,0,99,13,0.0,0,327
327000,1,99,99,0,99,15,0.0,0,327
327000,1,99,99,0,99,17,0.0,0,327
327000,1,99,99,0,99,19,0.0,0,327
328000,1,99,99,0,99,0,0,0,328
328000,1,99,99,0,99,8,0,0,328
328000,1,99,99,0,99,1,0.0,0,328
328000,1,99,99,0,99,5,0.999999999169284,0,328
328000,1,99,99,0,99,7,0.0,0,328
328000,1,99,99,0,99,3,0.0,0,328
328000,1,99,99,0,99,9,0.0,0,328
328000,1,99,99,0,99,11,0.0,0,328
328000,1,99,99,0,99,13,0.0,0,328
328000,1,99,99,0,99,15,0.0,0,328
328000,1,99,99,0,99,17,0.0,0,328
328000,1,99,99,0,99,19,0.0,0,328
329000,1,99,99,0,99,0,0,0,329
329000,1,99,99,0,99,8,0,0,329
329000,1,99,99,0,99,1,0.0,0,329
329000,1,99,99,0,99,5,0.9999998488112375,0,329
329000,1,99,99,0,99,7,0.0,0,329
329000,1,99,99,0,99,3,0.0,0,329
329000,1,99,99,0,99,9,0.0,0,329
329000,1,99,99,0,99,11,0.0,0,329
329000,1,99,99,0,99,13,0.0,0,329
329000,1,99,99,0,99,15,0.0,0,329
329000,1,99,99,0,99,17,0.0,0,329
329000,1,99,99,0,99,19,0.0,0,329
330000,1,99,99,0,99,0,0,0,330
330000,1,99,99,0,99,8,0,0,330
330000,1,99,99,0,99,1,0.0,0,330
330000,1,99,99,0,99,5,0.9999812070800538,0,330
330000,1,99,99,0,99,7,0.0,0,330
330000,1,99,99,0,99,3,0.0,0,330
330000,1,99,99,0,99,9,0.0,0,330
330000,1,99,99,0,99,11,0.0,0,330
330000,1,99,99,0,99,13,0.0,0,330
330000,1,99,99,0,99,15,0.0,0,330
330000,1,99,99,0,99,17,0.0,0,330
330000,1,99,99,0,99,19,0.0,0,330
331000,1,99,99,0,99,0,0,0,331
331000,1,99,99,0,99,8,0,0,331
331000,1,99,99,0,99,1,0.0015871635205417342,0,331
331000,1,99,99,0,99,5,0.9984128364794583,0,331
331000,1,99,99,0,99,7,0.0,0,331
331000,1,99,99,0,99,3,0.0,0,331
331000,1,99,99,0,99,9,0.0,0,331
331000,1,99,99,0,99,11,0.0,0,331
331000,1,99,99,0,99,13,0.0,0,331
331000,1,99,99,0,99,15,0.0,0,331
331000,1,99,99,0,99,17,0.0,0,331
331000,1,99,99,0,99,19,0.0,0,331
332000,1,99,99,0,99,0,0,0,332
332000,1,99,99,0,99,8,0,0,332
332000,1,99,99,0,99,1,0.16505808160492963,0,332
332000,1,99,99,0,99,5,0.8349419183950704,0,332
332000,1,99,99,0,99,7,0.0,0,332
332000,1,99,99,0,99,3,0.0,0,332
332000,1,99,99,0,99,9,0.0,0,332
332000,1,99,99,0,99,11,0.0,0,332
332000,1,99,99,0,99,13,0.0,0,332
332000,1,99,99,0,99,15,0.0,0,332
332000,1,99,99,0,99,17,0.0,0,332
332000,1,99,99,0,99,19,0.0,0,332
333000,1,99,99,0,99,0,0,0,333
333000,1,99,99,0,99,8,0,0,333
333000,1,99,99,0,99,1,0.17417380722352468,0,333
333000,1,99,99,0,99,5,0.8258194997222957,0,333
333000,1,99,99,0,99,7,0.0,0,333
333000,1,99,99,0,99,3,0.0,0,333
333000,1,99,99,0,99,9,0.0,0,333
333000,1,99,99,0,99,11,0.0,0,333
333000,1,99,99,0,99,13,0.0,0,333
333000,1,99,99,0,99,15,0.0,0,333
333000,1,99,99,0,99,17,0.0,0,333
333000,1,99,99,0,99,19,0.0,0,333
334000,1,99,99,0,99,0,0,0,334
334000,1,99,99,0,99,8,0,0,334
334000,1,99,99,0,99,1,0.12465239942408578,0,334
334000,1,99,99,0,99,5,0.8702316417545886,0,334
334000,1,99,99,0,99,7,0.0,0,334
334000,1,99,99,0,99,3,0.0,0,334
334000,1,99,99,0,99,9,0.005115958821325671,0,334
334000,1,99,99,0,99,11,0.0,0,334
334000,1,99,99,0,99,13,0.0,0,334
334000,1,99,99,0,99,15,0.0,0,334
334000,1,99,99,0,99,17,0.0,0,334
334000,1,99,99,0,99,19,0.0,0,334
335000,1,99,99,0,99,0,0,0,335
335000,1,99,99,0,99,8,0,0,335
335000,1,99,99,0,99,1,0.11862983180776153,0,335
335000,1,99,99,0,99,5,0.8813566997188775,0,335
335000,1,99,99,0,99,7,0.0,0,335
335000,1,99,99,0,99,3,0.0,0,335
335000,1,99,99,0,99,9,0.0,0,335
335000,1,99,99,0,99,11,0.0,0,335
335000,1,99,99,0,99,13,0.0,0,335
335000,1,99,99,0,99,15,0.0,0,335
335000,1,99,99,0,99,17,0.0,0,335
335000,1,99,99,0,99,19,0.0,0,335
336000,1,99,99,0,99,0,0,0,336
336000,1,99,99,0,99,8,0,0,336
336000,1,99,99,0,99,1,0.045054969013529234,0,336
336000,1,99,99,0,99,5,0.951576716243602,0,336
336000,1,99,99,0,99,7,0.0,0,336
336000,1,99,99,0,99,3,0.0,0,336
336000,1,99,99,0,99,9,0.0033683147428688457,0,336
336000,1,99,99,0,99,11,0.0,0,336
336000,1,99,99,0,99,13,0.0,0,336
336000,1,99,99,0,99,15,0.0,0,336
336000,1,99,99,0,99,17,0.0,0,336
336000,1,99,99,0,99,19,0.0,0,336
337000,1,99,99,0,99,0,0,0,337
337000,1,99,99,0,99,8,0,0,337
337000,1,99,99,0,99,1,0.09374791324684797,0,337
337000,1,99,99,0,99,5,0.9062432453045817,0,337
337000,1,99,99,0,99,7,0.0,0,337
337000,1,99,99,0,99,3,0.0,0,337
337000,1,99,99,0,99,9,0.0,0,337
337000,1,99,99,0,99,11,0.0,0,337
337000,1,99,99,0,99,13,0.0,0,337
337000,1,99,99,0,99,15,0.0,0,337
337000,1,99,99,0,99,17,0.0,0,337
337000,1,99,99,0,99,19,0.0,0,337
338000,1,99,99,0,99,0,0,0,338
338000,1,99,99,0,99,8,0,0,338
338000,1,99,99,0,99,1,0.07820487498580178,0,338
338000,1,99,99,0,99,5,0.9217874999162355,0,338
338000,1,99,99,0,99,7,0.0,0,338
338000,1,99,99,0,99,3,0.0,0,338
338000,1,99,99,0,99,9,0.0,0,338
338000,1,99,99,0,99,11,0.0,0,338
338000,1,99,99,0,99,13,0.0,0,338
338000,1,99,99,0,99,15,0.0,0,338
338000,1,99,99,0,99,17,0.0,0,338
338000,1,99,99,0,99,19,0.0,0,338
339000,1,99,99,0,99,0,0,0,339
339000,1,99,99,0,99,8,0,0,339
339000,1,99,99,0,99,1,0.06505366444000489,0,339
339000,1,99,99,0,99,5,0.9349363127547897,0,339
339000,1,99,99,0,99,7,0.0,0,339
339000,1,99,99,0,99,3,0.0,0,339
339000,1,99,99,0,99,9,0.0,0,339
339000,1,99,99,0,99,11,0.0,0,339
339000,1,99,99,0,99,13,0.0,0,339
339000,1,99,99,0,99,15,0.0,0,339
339000,1,99,99,0,99,17,0.0,0,339
339000,1,99,99,0,99,19,0.0,0,339
340000,1,99,99,0,99,0,0,0,340
340000,1,99,99,0,99,8,0,0,340
340000,1,99,99,0,99,1,0.07126629911193975,0,340
340000,1,99,99,0,99,5,0.9246344405800094,0,340
340000,1,99,99,0,99,7,0.0,0,340
340000,1,99,99,0,99,3,0.0,0,340
340000,1,99,99,0,99,9,0.004099260308050884,0,340
340000,1,99,99,0,99,11,0.0,0,340
340000,1,99,99,0,99,13,0.0,0,340
340000,1,99,99,0,99,15,0.0,0,340
340000,1,99,99,0,99,17,0.0,0,340
340000,1,99,99,0,99,19,0.0,0,340
341000,1,99,99,0,99,0,0,0,341
341000,1,99,99,0,99,8,0,0,341
341000,1,99,99,0,99,1,0.17141705338127025,0,341
341000,1,99,99,0,99,5,0.8239545443465981,0,341
341000,1,99,99,0,99,7,0.0,0,341
341000,1,99,99,0,99,3,0.0,0,341
341000,1,99,99,0,99,9,0.004628402272131693,0,341
341000,1,99,99,0,99,11,0.0,0,341
341000,1,99,99,0,99,13,0.0,0,341
341000,1,99,99,0,99,15,0.0,0,341
341000,1,99,99,0,99,17,0.0,0,341
341000,1,99,99,0,99,19,0.0,0,341
342000,1,99,99,0,99,0,0,0,342
342000,1,99,99,0,99,8,0,0,342
342000,1,99,99,0,99,1,0.3128381140110329,0,342
342000,1,99,99,0,99,5,0.6871521045635164,0,342
342000,1,99,99,0,99,7,0.0,0,342
342000,1,99,99,0,99,3,0.0,0,342
342000,1,99,99,0,99,9,0.0,0,342
342000,1,99,99,0,99,11,0.0,0,342
342000,1,99,99,0,99,13,0.0,0,342
342000,1,99,99,0,99,15,0.0,0,342
342000,1,99,99,0,99,17,0.0,0,342
342000,1,99,99,0,99,19,0.0,0,342
343000,1,99,99,0,99,0,0,0,343
343000,1,99,99,0,99,8,0,0,343
343000,1,99,99,0,99,1,0.27186804346553106,0,343
343000,1,99,99,0,99,5,0.7281225579070667,0,343
343000,1,99,99,0,99,7,0.0,0,343
343000,1,99,99,0,99,3,0.0,0,343
343000,1,99,99,0,99,9,0.0,0,343
343000,1,99,99,0,99,11,0.0,0,343
343000,1,99,99,0,99,13,0.0,0,343
343000,1,99,99,0,99,15,0.0,0,343
343000,1,99,99,0,99,17,0.0,0,343
343000,1,99,99,0,99,19,0.0,0,343
344000,1,99,99,0,99,0,0,0,344
344000,1,99,99,0,99,8,0,0,344
344000,1,99,99,0,99,1,0.0,0,344
344000,1,99,99,0,99,5,0.001238075560320773,0,344
344000,1,99,99,0,99,7,0.0,0,344
344000,1,99,99,0,99,3,0.0,0,344
344000,1,99,99,0,99,9,0.0,0,344
344000,1,99,99,0,99,11,0.0,0,344
344000,1,99,99,0,99,13,0.9983827787272875,0,344
344000,1,99,99,0,99,15,0.0,0,344
344000,1,99,99,0,99,17,0.0,0,344
344000,1,99,99,0,99,19,0.0,0,344
345000,1,99,99,0,99,0,0,0,345
345000,1,99,99,0,99,8,0,0,345
345000,1,99,99,0,99,1,0.14456925704520396,0,345
345000,1,99,99,0,99,5,0.8554244567357498,0,345
345000,1,99,99,0,99,7,0.0,0,345
345000,1,99,99,0,99,3,0.0,0,345
345000,1,99,99,0,99,9,0.0,0,345
345000,1,99,99,0,99,11,0.0,0,345
345000,1,99,99,0,99,13,0.0,0,345
345000,1,99,99,0,99,15,0.0,0,345
345000,1,99,99,0,99,17,0.0,0,345
345000,1,99,99,0,99,19,0.0,0,345
346000,1,99,99,0,99,0,0,0,346
346000,1,99,99,0,99,8,0,0,346
346000,1,99,99,0,99,1,0.0,0,346
346000,1,99,99,0,99,5,0.003227382116345079,0,346
346000,1,99,99,0,99,7,0.0,0,346
346000,1,99,99,0,99,3,0.0,0,346
346000,1,99,99,0,99,9,0.0,0,346
346000,1,99,99,0,99,11,0.0,0,346
346000,1,99,99,0,99,13,0.9963257005161247,0,346
346000,1,99,99,0,99,15,0.0,0,346
346000,1,99,99,0,99,17,0.0,0,346
346000,1,99,99,0,99,19,0.0,0,346
347000,1,99,99,0,99,0,0,0,347
347000,1,99,99,0,99,8,0,0,347
347000,1,99,99,0,99,1,0.1841046345886317,0,347
347000,1,99,99,0,99,5,0.8158929764601918,0,347
347000,1,99,99,0,99,7,0.0,0,347
347000,1,99,99,0,99,3,0.0,0,347
347000,1,99,99,0,99,9,0.0,0,347
347000,1,99,99,0,99,11,0.0,0,347
347000,1,99,99,0,99,13,0.0,0,347
347000,1,99,99,0,99,15,0.0,0,347
347000,1,99,99,0,99,17,0.0,0,347
347000,1,99,99,0,99,19,0.0,0,347
348000,1,99,99,0,99,0,0,0,348
348000,1,99,99,0,99,8,0,0,348
348000,1,99,99,0,99,1,0.0,0,348
348000,1,99,99,0,99,5,0.002531235389711444,0,348
348000,1,99,99,0,99,7,0.0,0,348
348000,1,99,99,0,99,3,0.0,0,348
348000,1,99,99,0,99,9,0.0,0,348
348000,1,99,99,0,99,11,0.0,0,348
348000,1,99,99,0,99,13,0.997250122174501,0,348
348000,1,99,99,0,99,15,0.0,0,348
348000,1,99,99,0,99,17,0.0,0,348
348000,1,99,99,0,99,19,0.0,0,348
349000,1,99,99,0,99,0,0,0,349
349000,1,99,99,0,99,8,0,0,349
349000,1,99,99,0,99,1,0.05892306025014672,0,349
349000,1,99,99,0,99,5,0.9410726730439772,0,349
349000,1,99,99,0,99,7,0.0,0,349
349000,1,99,99,0,99,3,0.0,0,349
349000,1,99,99,0,99,9,0.0,0,349
349000,1,99,99,0,99,11,0.0,0,349
349000,1,99,99,0,99,13,0.0,0,349
349000,1,99,99,0,99,15,0.0,0,349
349000,1,99,99,0,99,17,0.0,0,349
349000,1,99,99,0,99,19,0.0,0,349
350000,1,99,99,0,99,0,0,0,350
350000,1,99,99,0,99,8,0,0,350
350000,1,99,99,0,99,1,0.0,0,350
350000,1,99,99,0,99,5,0.01650407673216034,0,350
350000,1,99,99,0,99,7,0.0,0,350
350000,1,99,99,0,99,3,0.0,0,350
350000,1,99,99,0,99,9,0.0,0,350
350000,1,99,99,0,99,11,0.0,0,350
350000,1,99,99,0,99,13,0.9831081811618905,0,350
350000,1,99,99,0,99,15,0.0,0,350
350000,1,99,99,0,99,17,0.0,0,350
350000,1,99,99,0,99,19,0.0,0,350
351000,1,99,99,0,99,0,0,0,351
351000,1,99,99,0,99,8,0,0,351
351000,1,99,99,0,99,1,0.008708026680317065,0,351
351000,1,99,99,0,99,5,0.9912889269808729,0,351
351000,1,99,99,0,99,7,0.0,0,351
351000,1,99,99,0,99,3,0.0,0,351
351000,1,99,99,0,99,9,0.0,0,351
351000,1,99,99,0,99,11,0.0,0,351
351000,1,99,99,0,99,13,0.0,0,351
351000,1,99,99,0,99,15,0.0,0,351
351000,1,99,99,0,99,17,0.0,0,351
351000,1,99,99,0,99,19,0.0,0,351
352000,1,99,99,0,99,0,0,0,352
352000,1,99,99,0,99,8,0,0,352
352000,1,99,99,0,99,1,0.0071378038026257565,0,352
352000,1,99,99,0,99,5,0.9922540847325667,0,352
352000,1,99,99,0,99,7,0.0,0,352
352000,1,99,99,0,99,3,0.0,0,352
352000,1,99,99,0,99,9,0.0,0,352
352000,1,99,99,0,99,11,0.0,0,352
352000,1,99,99,0,99,13,0.0,0,352
352000,1,99,99,0,99,15,0.0,0,352
352000,1,99,99,0,99,17,0.0,0,352
352000,1,99,99,0,99,19,0.0,0,352
353000,1,99,99,0,99,0,0,0,353
353000,1,99,99,0,99,8,0,0,353
353000,1,99,99,0,99,1,0.0,0,353
353000,1,99,99,0,99,5,0.01396053080956559,0,353
353000,1,99,99,0,99,7,0.0,0,353
353000,1,99,99,0,99,3,0.0,0,353
353000,1,99,99,0,99,9,0.0,0,353
353000,1,99,99,0,99,11,0.0,0,353
353000,1,99,99,0,99,13,0.9859388998513616,0,353
353000,1,99,99,0,99,15,0.0,0,353
353000,1,99,99,0,99,17,0.0,0,353
353000,1,99,99,0,99,19,0.0,0,353
354000,1,99,99,0,99,0,0,0,354
354000,1,99,99,0,99,8,0,0,354
354000,1,99,99,0,99,1,0.003713905997221543,0,354
354000,1,99,99,0,99,5,0.9962860940027785,0,354
354000,1,99,99,0,99,7,0.0,0,354
354000,1,99,99,0,99,3,0.0,0,354
354000,1,99,99,0,99,9,0.0,0,354
354000,1,99,99,0,99,11,0.0,0,354
354000,1,99,99,0,99,13,0.0,0,354
354000,1,99,99,0,99,15,0.0,0,354
354000,1,99,99,0,99,17,0.0,0,354
354000,1,99,99,0,99,19,0.0,0,354
355000,1,99,99,0,99,0,0,0,355
355000,1,99,99,0,99,8,0,0,355
355000,1,99,99,0,99,1,0.008604555866677483,0,355
355000,1,99,99,0,99,5,0.9913954441333225,0,355
355000,1,99,99,0,99,7,0.0,0,355
355000,1,99,99,0,99,3,0.0,0,355
355000,1,99,99,0,99,9,0.0,0,355
355000,1,99,99,0,99,11,0.0,0,355
355000,1,99,99,0,99,13,0.0,0,355
355000,1,99,99,0,99,15,0.0,0,355
355000,1,99,99,0,99,17,0.0,0,355
355000,1,99,99,0,99,19,0.0,0,355
356000,1,99,99,0,99,0,0,0,356
356000,1,99,99,0,99,8,0,0,356
356000,1,99,99,0,99,1,0.019837639150547606,0,356
356000,1,99,99,0,99,5,0.9801611577329411,0,356
356000,1,99,99,0,99,7,0.0,0,356
356000,1,99,99,0,99,3,0.0,0,356
356000,1,99,99,0,99,9,0.0,0,356
356000,1,99,99,0,99,11,0.0,0,356
356000,1,99,99,0,99,13,0.0,0,356
356000,1,99,99,0,99,15,0.0,0,356
356000,1,99,99,0,99,17,0.0,0,356
356000,1,99,99,0,99,19,0.0,0,356
357000,1,99,99,0,99,0,0,0,357
357000,1,99,99,0,99,8,0,0,357
357000,1,99,99,0,99,1,0.01983763665979225,0,357
357000,1,99,99,0,99,5,0.9801610287432063,0,357
357000,1,99,99,0,99,7,0.0,0,357
357000,1,99,99,0,99,3,0.0,0,357
357000,1,99,99,0,99,9,0.0,0,357
357000,1,99,99,0,99,11,0.0,0,357
357000,1,99,99,0,99,13,0.0,0,357
357000,1,99,99,0,99,15,0.0,0,357
357000,1,99,99,0,99,17,0.0,0,357
357000,1,99,99,0,99,19,0.0,0,357
358000,1,99,99,0,99,0,0,0,358
358000,1,99,99,0,99,8,0,0,358
358000,1,99,99,0,99,1,0.01983765157980468,0,358
358000,1,99,99,0,99,5,0.9801614820051764,0,358
358000,1,99,99,0,99,7,0.0,0,358
358000,1,99,99,0,99,3,0.0,0,358
358000,1,99,99,0,99,9,0.0,0,358
358000,1,99,99,0,99,11,0.0,0,358
358000,1,99,99,0,99,13,0.0,0,358
358000,1,99,99,0,99,15,0.0,0,358
358000,1,99,99,0,99,17,0.0,0,358
358000,1,99,99,0,99,19,0.0,0,358
359000,1,99,99,0,99,0,0,0,359
359000,1,99,99,0,99,8,0,0,359
359000,1,99,99,0,99,1,0.0,0,359
359000,1,99,99,0,99,5,0.007597111057503113,0,359
359000,1,99,99,0,99,7,0.0,0,359
359000,1,99,99,0,99,3,0.0,0,359
359000,1,99,99,0,99,9,0.0,0,359
359000,1,99,99,0,99,11,0.0,0,359
359000,1,99,99,0,99,13,0.9922470851035214,0,359
359000,1,99,99,0,99,15,0.0,0,359
359000,1,99,99,0,99,17,0.0,0,359
359000,1,99,99,0,99,19,0.0,0,359
360000,1,99,99,0,99,0,0,0,360
360000,1,99,99,0,99,8,0,0,360
360000,1,99,99,0,99,1,0.014772324517465563,0,360
360000,1,99,99,0,99,5,0.9852262908085692,0,360
360000,1,99,99,0,99,7,0.0,0,360
360000,1,99,99,0,99,3,0.0,0,360
360000,1,99,99,0,99,9,0.0,0,360
360000,1,99,99,0,99,11,0.0,0,360
360000,1,99,99,0,99,13,0.0,0,360
360000,1,99,99,0,99,15,0.0,0,360
360000,1,99,99,0,99,17,0.0,0,360
360000,1,99,99,0,99,19,0.0,0,360
361000,1,99,99,0,99,0,0,0,361
361000,1,99,99,0,99,8,0,0,361
361000,1,99,99,0,99,1,0.005526396523612839,0,361
361000,1,99,99,0,99,5,0.9944726495677095,0,361
361000,1,99,99,0,99,7,0.0,0,361
361000,1,99,99,0,99,3,0.0,0,361
361000,1,99,99,0,99,9,0.0,0,361
361000,1,99,99,0,99,11,0.0,0,361
361000,1,99,99,0,99,13,0.0,0,361
361000,1,99,99,0,99,15,0.0,0,361
361000,1,99,99,0,99,17,0.0,0,361
361000,1,99,99,0,99,19,0.0,0,361
362000,1,99,99,0,99,0,0,0,362
362000,1,99,99,0,99,8,0,0,362
362000,1,99,99,0,99,1,0.005520961785880803,0,362
362000,1,99,99,0,99,5,0.9944781934384099,0,362
362000,1,99,99,0,99,7,0.0,0,362
362000,1,99,99,0,99,3,0.0,0,362
362000,1,99,99,0,99,9,0.0,0,362
362000,1,99,99,0,99,11,0.0,0,362
362000,1,99,99,0,99,13,0.0,0,362
362000,1,99,99,0,99,15,0.0,0,362
362000,1,99,99,0,99,17,0.0,0,362
362000,1,99,99,0,99,19,0.0,0,362
363000,1,99,99,0,99,0,0,0,363
363000,1,99,99,0,99,8,0,0,363
363000,1,99,99,0,99,1,0.0025329702020221757,0,363
363000,1,99,99,0,99,5,0.9974656525899465,0,363
363000,1,99,99,0,99,7,0.0,0,363
363000,1,99,99,0,99,3,0.0,0,363
363000,1,99,99,0,99,9,0.0,0,363
363000,1,99,99,0,99,11,0.0,0,363
363000,1,99,99,0,99,13,0.0,0,363
363000,1,99,99,0,99,15,0.0,0,363
363000,1,99,99,0,99,17,0.0,0,363
363000,1,99,99,0,99,19,0.0,0,363
364000,1,99,99,0,99,0,0,0,364
364000,1,99,99,0,99,8,0,0,364
364000,1,99,99,0,99,1,0.002098145862713713,0,364
364000,1,99,99,0,99,5,0.9977533535564489,0,364
364000,1,99,99,0,99,7,0.0,0,364
364000,1,99,99,0,99,3,0.0,0,364
364000,1,99,99,0,99,9,0.0,0,364
364000,1,99,99,0,99,11,0.0,0,364
364000,1,99,99,0,99,13,0.0,0,364
364000,1,99,99,0,99,15,0.0,0,364
364000,1,99,99,0,99,17,0.0,0,364
364000,1,99,99,0,99,19,0.0,0,364
365000,1,99,99,0,99,0,0,0,365
365000,1,99,99,0,99,8,0,0,365
365000,1,99,99,0,99,1,0.004580194895487809,0,365
365000,1,99,99,0,99,5,0.9954185183379468,0,365
365000,1,99,99,0,99,7,0.0,0,365
365000,1,99,99,0,99,3,0.0,0,365
365000,1,99,99,0,99,9,0.0,0,365
365000,1,99,99,0,99,11,0.0,0,365
365000,1,99,99,0,99,13,0.0,0,365
365000,1,99,99,0,99,15,0.0,0,365
365000,1,99,99,0,99,17,0.0,0,365
365000,1,99,99,0,99,19,0.0,0,365
366000,1,99,99,0,99,0,0,0,366
366000,1,99,99,0,99,8,0,0,366
366000,1,99,99,0,99,1,0.0,0,366
366000,1,99,99,0,99,5,0.011813673035636423,0,366
366000,1,99,99,0,99,7,0.0,0,366
366000,1,99,99,0,99,3,0.0,0,366
366000,1,99,99,0,99,9,0.0,0,366
366000,1,99,99,0,99,11,0.0,0,366
366000,1,99,99,0,99,13,0.9881313244714098,0,366
366000,1,99,99,0,99,15,0.0,0,366
366000,1,99,99,0,99,17,0.0,0,366
366000,1,99,99,0,99,19,0.0,0,366
367000,1,99,99,0,99,0,0,0,367
367000,1,99,99,0,99,8,0,0,367
367000,1,99,99,0,99,1,0.001556731002308696,0,367
367000,1,99,99,0,99,5,0.9983973372234342,0,367
367000,1,99,99,0,99,7,0.0,0,367
367000,1,99,99,0,99,3,0.0,0,367
367000,1,99,99,0,99,9,0.0,0,367
367000,1,99,99,0,99,11,0.0,0,367
367000,1,99,99,0,99,13,0.0,0,367
367000,1,99,99,0,99,15,0.0,0,367
367000,1,99,99,0,99,17,0.0,0,367
367000,1,99,99,0,99,19,0.0,0,367
368000,1,99,99,0,99,0,0,0,368
368000,1,99,99,0,99,8,0,0,368
368000,1,99,99,0,99,1,0.00413825268587455,0,368
368000,1,99,99,0,99,5,0.9958602369336116,0,368
368000,1,99,99,0,99,7,0.0,0,368
368000,1,99,99,0,99,3,0.0,0,368
368000,1,99,99,0,99,9,0.0,0,368
368000,1,99,99,0,99,11,0.0,0,368
368000,1,99,99,0,99,13,0.0,0,368
368000,1,99,99,0,99,15,0.0,0,368
368000,1,99,99,0,99,17,0.0,0,368
368000,1,99,99,0,99,19,0.0,0,368
369000,1,99,99,0,99,0,0,0,369
369000,1,99,99,0,99,8,0,0,369
369000,1,99,99,0,99,1,0.0041388029755988175,0,369
369000,1,99,99,0,99,5,0.9957840023981417,0,369
369000,1,99,99,0,99,7,0.0,0,369
369000,1,99,99,0,99,3,0.0,0,369
369000,1,99,99,0,99,9,0.0,0,369
369000,1,99,99,0,99,11,0.0,0,369
369000,1,99,99,0,99,13,0.0,0,369
369000,1,99,99,0,99,15,0.0,0,369
369000,1,99,99,0,99,17,0.0,0,369
369000,1,99,99,0,99,19,0.0,0,369
370000,1,99,99,0,99,0,0,0,370
370000,1,99,99,0,99,8,0,0,370
370000,1,99,99,0,99,1,0.0,0,370
370000,1,99,99,0,99,5,0.001915376051573957,0,370
370000,1,99,99,0,99,7,0.0,0,370
370000,1,99,99,0,99,3,0.0,0,370
370000,1,99,99,0,99,9,0.0,0,370
370000,1,99,99,0,99,11,0.0,0,370
370000,1,99,99,0,99,13,0.9980766551314871,0,370
370000,1,99,99,0,99,15,0.0,0,370
370000,1,99,99,0,99,17,0.0,0,370
370000,1,99,99,0,99,19,0.0,0,370
371000,1,99,99,0,99,0,0,0,371
371000,1,99,99,0,99,8,0,0,371
371000,1,99,99,0,99,1,0.016091723395715938,0,371
371000,1,99,99,0,99,5,0.983906583707623,0,371
371000,1,99,99,0,99,7,0.0,0,371
371000,1,99,99,0,99,3,0.0,0,371
371000,1,99,99,0,99,9,0.0,0,371
371000,1,99,99,0,99,11,0.0,0,371
371000,1,99,99,0,99,13,0.0,0,371
371000,1,99,99,0,99,15,0.0,0,371
371000,1,99,99,0,99,17,0.0,0,371
371000,1,99,99,0,99,19,0.0,0,371
372000,1,99,99,0,99,0,0,0,372
372000,1,99,99,0,99,8,0,0,372
372000,1,99,99,0,99,1,0.01609225616419914,0,372
372000,1,99,99,0,99,5,0.9837328836763083,0,372
372000,1,99,99,0,99,7,0.0,0,372
372000,1,99,99,0,99,3,0.0,0,372
372000,1,99,99,0,99,9,0.0,0,372
372000,1,99,99,0,99,11,0.0,0,372
372000,1,99,99,0,99,13,0.0,0,372
372000,1,99,99,0,99,15,0.0,0,372
372000,1,99,99,0,99,17,0.0,0,372
372000,1,99,99,0,99,19,0.0,0,372
373000,1,99,99,0,99,0,0,0,373
373000,1,99,99,0,99,8,0,0,373
373000,1,99,99,0,99,1,0.0069724274664162,0,373
373000,1,99,99,0,99,5,0.9930275725335838,0,373
373000,1,99,99,0,99,7,0.0,0,373
373000,1,99,99,0,99,3,0.0,0,373
373000,1,99,99,0,99,9,0.0,0,373
373000,1,99,99,0,99,11,0.0,0,373
373000,1,99,99,0,99,13,0.0,0,373
373000,1,99,99,0,99,15,0.0,0,373
373000,1,99,99,0,99,17,0.0,0,373
373000,1,99,99,0,99,19,0.0,0,373
374000,1,99,99,0,99,0,0,0,374
374000,1,99,99,0,99,8,0,0,374
374000,1,99,99,0,99,1,0.0031958371741316913,0,374
374000,1,99,99,0,99,5,0.9968033167329263,0,374
374000,1,99,99,0,99,7,0.0,0,374
374000,1,99,99,0,99,3,0.0,0,374
374000,1,99,99,0,99,9,0.0,0,374
374000,1,99,99,0,99,11,0.0,0,374
374000,1,99,99,0,99,13,0.0,0,374
374000,1,99,99,0,99,15,0.0,0,374
374000,1,99,99,0,99,17,0.0,0,374
374000,1,99,99,0,99,19,0.0,0,374
375000,1,99,99,0,99,0,0,0,375
375000,1,99,99,0,99,8,0,0,375
375000,1,99,99,0,99,1,0.0031862596197395525,0,375
375000,1,99,99,0,99,5,0.996812905130999,0,375
375000,1,99,99,0,99,7,0.0,0,375
375000,1,99,99,0,99,3,0.0,0,375
375000,1,99,99,0,99,9,0.0,0,375
375000,1,99,99,0,99,11,0.0,0,375
375000,1,99,99,0,99,13,0.0,0,375
375000,1,99,99,0,99,15,0.0,0,375
375000,1,99,99,0,99,17,0.0,0,375
375000,1,99,99,0,99,19,0.0,0,375
376000,1,99,99,0,99,0,0,0,376
376000,1,99,99,0,99,8,0,0,376
376000,1,99,99,0,99,1,0.0014599670503420645,0,376
376000,1,99,99,0,99,5,0.9985390669862091,0,376
376000,1,99,99,0,99,7,0.0,0,376
376000,1,99,99,0,99,3,0.0,0,376
376000,1,99,99,0,99,9,0.0,0,376
376000,1,99,99,0,99,11,0.0,0,376
376000,1,99,99,0,99,13,0.0,0,376
376000,1,99,99,0,99,15,0.0,0,376
376000,1,99,99,0,99,17,0.0,0,376
376000,1,99,99,0,99,19,0.0,0,376
377000,1,99,99,0,99,0,0,0,377
377000,1,99,99,0,99,8,0,0,377
377000,1,99,99,0,99,1,0.001458523825105394,0,377
377000,1,99,99,0,99,5,0.9985404964487626,0,377
377000,1,99,99,0,99,7,0.0,0,377
377000,1,99,99,0,99,3,0.0,0,377
377000,1,99,99,0,99,9,0.0,0,377
377000,1,99,99,0,99,11,0.0,0,377
377000,1,99,99,0,99,13,0.0,0,377
377000,1,99,99,0,99,15,0.0,0,377
377000,1,99,99,0,99,17,0.0,0,377
377000,1,99,99,0,99,19,0.0,0,377
378000,1,99,99,0,99,0,0,0,378
378000,1,99,99,0,99,8,0,0,378
378000,1,99,99,0,99,1,0.0,0,378
378000,1,99,99,0,99,5,0.9997127228499817,0,378
378000,1,99,99,0,99,7,0.0,0,378
378000,1,99,99,0,99,3,0.0,0,378
378000,1,99,99,0,99,9,0.0,0,378
378000,1,99,99,0,99,11,0.0,0,378
378000,1,99,99,0,99,13,0.0,0,378
378000,1,99,99,0,99,15,0.0,0,378
378000,1,99,99,0,99,17,0.0,0,378
378000,1,99,99,0,99,19,0.0,0,378
379000,1,99,99,0,99,0,0,0,379
379000,1,99,99,0,99,8,0,0,379
379000,1,99,99,0,99,1,0.0,0,379
379000,1,99,99,0,99,5,0.9996504523448018,0,379
379000,1,99,99,0,99,7,0.0,0,379
379000,1,99,99,0,99,3,0.0,0,379
379000,1,99,99,0,99,9,0.0,0,379
379000,1,99,99,0,99,11,0.0,0,379
379000,1,99,99,0,99,13,0.0,0,379
379000,1,99,99,0,99,15,0.0,0,379
379000,1,99,99,0,99,17,0.0,0,379
379000,1,99,99,0,99,19,0.0,0,379
380000,1,99,99,0,99,0,0,0,380
380000,1,99,99,0,99,8,0,0,380
380000,1,99,99,0,99,1,0.0,0,380
380000,1,99,99,0,99,5,0.9996089358368286,0,380
380000,1,99,99,0,99,7,0.0,0,380
380000,1,99,99,0,99,3,0.0,0,380
380000,1,99,99,0,99,9,0.0,0,380
380000,1,99,99,0,99,11,0.0,0,380
380000,1,99,99,0,99,13,0.0,0,380
380000,1,99,99,0,99,15,0.0,0,380
380000,1,99,99,0,99,17,0.0,0,380
380000,1,99,99,0,99,19,0.0,0,380
381000,1,99,99,0,99,0,0,0,381
381000,1,99,99,0,99,8,0,0,381
381000,1,99,99,0,99,1,0.0,0,381
381000,1,99,99,0,99,5,0.9990700014986581,0,381
381000,1,99,99,0,99,7,0.0,0,381
381000,1,99,99,0,99,3,0.0,0,381
381000,1,99,99,0,99,9,0.0,0,381
381000,1,99,99,0,99,11,0.0,0,381
381000,1,99,99,0,99,13,0.0,0,381
381000,1,99,99,0,99,15,0.0,0,381
381000,1,99,99,0,99,17,0.0,0,381
381000,1,99,99,0,99,19,0.0,0,381
382000,1,99,99,0,99,0,0,0,382
382000,1,99,99,0,99,8,0,0,382
382000,1,99,99,0,99,1,0.0,0,382
382000,1,99,99,0,99,5,0.9991743271044168,0,382
382000,1,99,99,0,99,7,0.0,0,382
382000,1,99,99,0,99,3,0.0,0,382
382000,1,99,99,0,99,9,0.0,0,382
382000,1,99,99,0,99,11,0.0,0,382
382000,1,99,99,0,99,13,0.0,0,382
382000,1,99,99,0,99,15,0.0,0,382
382000,1,99,99,0,99,17,0.0,0,382
382000,1,99,99,0,99,19,0.0,0,382
383000,1,99,99,0,99,0,0,0,383
383000,1,99,99,0,99,8,0,0,383
383000,1,99,99,0,99,1,0.0,0,383
383000,1,99,99,0,99,5,0.0,0,383
383000,1,99,99,0,99,7,0.0,0,383
383000,1,99,99,0,99,3,0.0,0,383
383000,1,99,99,0,99,9,0.0,0,383
383000,1,99,99,0,99,11,0.0,0,383
383000,1,99,99,0,99,13,0.9990564001754707,0,383
383000,1,99,99,0,99,15,0.0,0,383
383000,1,99,99,0,99,17,0.0,0,383
383000,1,99,99,0,99,19,0.0,0,383
384000,1,99,99,0,99,0,0,0,384
384000,1,99,99,0,99,8,0,0,384
384000,1,99,99,0,99,1,0.0024750954090437703,0,384
384000,1,99,99,0,99,5,0.9975240662462393,0,384
384000,1,99,99,0,99,7,0.0,0,384
384000,1,99,99,0,99,3,0.0,0,384
384000,1,99,99,0,99,9,0.0,0,384
384000,1,99,99,0,99,11,0.0,0,384
384000,1,99,99,0,99,13,0.0,0,384
384000,1,99,99,0,99,15,0.0,0,384
384000,1,99,99,0,99,17,0.0,0,384
384000,1,99,99,0,99,19,0.0,0,384
385000,1,99,99,0,99,0,0,0,385
385000,1,99,99,0,99,8,0,0,385
385000,1,99,99,0,99,1,0.0011336760292080697,0,385
385000,1,99,99,0,99,5,0.9988650473099472,0,385
385000,1,99,99,0,99,7,0.0,0,385
385000,1,99,99,0,99,3,0.0,0,385
385000,1,99,99,0,99,9,0.0,0,385
385000,1,99,99,0,99,11,0.0,0,385
385000,1,99,99,0,99,13,0.0,0,385
385000,1,99,99,0,99,15,0.0,0,385
385000,1,99,99,0,99,17,0.0,0,385
385000,1,99,99,0,99,19,0.0,0,385
386000,1,99,99,0,99,0,0,0,386
386000,1,99,99,0,99,8,0,0,386
386000,1,99,99,0,99,1,0.0013800892484624253,0,386
386000,1,99,99,0,99,5,0.9984723892522346,0,386
386000,1,99,99,0,99,7,0.0,0,386
386000,1,99,99,0,99,3,0.0,0,386
386000,1,99,99,0,99,9,0.0,0,386
386000,1,99,99,0,99,11,0.0,0,386
386000,1,99,99,0,99,13,0.0,0,386
386000,1,99,99,0,99,15,0.0,0,386
386000,1,99,99,0,99,17,0.0,0,386
386000,1,99,99,0,99,19,0.0,0,386
387000,1,99,99,0,99,0,0,0,387
387000,1,99,99,0,99,8,0,0,387
387000,1,99,99,0,99,1,0.0036745212830818236,0,387
387000,1,99,99,0,99,5,0.9963246125334907,0,387
387000,1,99,99,0,99,7,0.0,0,387
387000,1,99,99,0,99,3,0.0,0,387
387000,1,99,99,0,99,9,0.0,0,387
387000,1,99,99,0,99,11,0.0,0,387
387000,1,99,99,0,99,13,0.0,0,387
387000,1,99,99,0,99,15,0.0,0,387
387000,1,99,99,0,99,17,0.0,0,387
387000,1,99,99,0,99,19,0.0,0,387
388000,1,99,99,0,99,0,0,0,388
388000,1,99,99,0,99,8,0,0,388
388000,1,99,99,0,99,1,0.001297542029154254,0,388
388000,1,99,99,0,99,5,0.9987009579852003,0,388
388000,1,99,99,0,99,7,0.0,0,388
388000,1,99,99,0,99,3,0.0,0,388
388000,1,99,99,0,99,9,0.0,0,388
388000,1,99,99,0,99,11,0.0,0,388
388000,1,99,99,0,99,13,0.0,0,388
388000,1,99,99,0,99,15,0.0,0,388
388000,1,99,99,0,99,17,0.0,0,388
388000,1,99,99,0,99,19,0.0,0,388
389000,1,99,99,0,99,0,0,0,389
389000,1,99,99,0,99,8,0,0,389
389000,1,99,99,0,99,1,0.0012955211740657577,0,389
389000,1,99,99,0,99,5,0.9985567085670758,0,389
389000,1,99,99,0,99,7,0.0,0,389
389000,1,99,99,0,99,3,0.0,0,389
389000,1,99,99,0,99,9,0.0,0,389
389000,1,99,99,0,99,11,0.0,0,389
389000,1,99,99,0,99,13,0.0,0,389
389000,1,99,99,0,99,15,0.0,0,389
389000,1,99,99,0,99,17,0.0,0,389
389000,1,99,99,0,99,19,0.0,0,389
390000,1,99,99,0,99,0,0,0,390
390000,1,99,99,0,99,8,0,0,390
390000,1,99,99,0,99,1,0.0034918000403319108,0,390
390000,1,99,99,0,99,5,0.9965070324377191,0,390
390000,1,99,99,0,99,7,0.0,0,390
390000,1,99,99,0,99,3,0.0,0,390
390000,1,99,99,0,99,9,0.0,0,390
390000,1,99,99,0,99,11,0.0,0,390
390000,1,99,99,0,99,13,0.0,0,390
390000,1,99,99,0,99,15,0.0,0,390
390000,1,99,99,0,99,17,0.0,0,390
390000,1,99,99,0,99,19,0.0,0,390
391000,1,99,99,0,99,0,0,0,391
391000,1,99,99,0,99,8,0,0,391
391000,1,99,99,0,99,1,0.0013127914096369353,0,391
391000,1,99,99,0,99,5,0.9986852425367582,0,391
391000,1,99,99,0,99,7,0.0,0,391
391000,1,99,99,0,99,3,0.0,0,391
391000,1,99,99,0,99,9,0.0,0,391
391000,1,99,99,0,99,11,0.0,0,391
391000,1,99,99,0,99,13,0.0,0,391
391000,1,99,99,0,99,15,0.0,0,391
391000,1,99,99,0,99,17,0.0,0,391
391000,1,99,99,0,99,19,0.0,0,391
392000,1,99,99,0,99,0,0,0,392
392000,1,99,99,0,99,8,0,0,392
392000,1,99,99,0,99,1,0.0,0,392
392000,1,99,99,0,99,5,0.0,0,392
392000,1,99,99,0,99,7,0.0,0,392
392000,1,99,99,0,99,3,0.0,0,392
392000,1,99,99,0,99,9,0.0,0,392
392000,1,99,99,0,99,11,0.0,0,392
392000,1,99,99,0,99,13,0.9999867934784198,0,392
392000,1,99,99,0,99,15,0.0,0,392
392000,1,99,99,0,99,17,0.0,0,392
392000,1,99,99,0,99,19,0.0,0,392
393000,1,99,99,0,99,0,0,0,393
393000,1,99,99,0,99,8,0,0,393
393000,1,99,99,0,99,1,0.0,0,393
393000,1,99,99,0,99,5,0.0,0,393
393000,1,99,99,0,99,7,0.0,0,393
393000,1,99,99,0,99,3,0.0,0,393
393000,1,99,99,0,99,9,0.0,0,393
393000,1,99,99,0,99,11,0.0,0,393
393000,1,99,99,0,99,13,0.9999765910053532,0,393
393000,1,99,99,0,99,15,0.0,0,393
393000,1,99,99,0,99,17,0.0,0,393
393000,1,99,99,0,99,19,0.0,0,393
394000,1,99,99,0,99,0,0,0,394
394000,1,99,99,0,99,8,0,0,394
394000,1,99,99,0,99,1,0.0032654766395363863,0,394
394000,1,99,99,0,99,5,0.9967330484865392,0,394
394000,1,99,99,0,99,7,0.0,0,394
394000,1,99,99,0,99,3,0.0,0,394
394000,1,99,99,0,99,9,0.0,0,394
394000,1,99,99,0,99,11,0.0,0,394
394000,1,99,99,0,99,13,0.0,0,394
394000,1,99,99,0,99,15,0.0,0,394
394000,1,99,99,0,99,17,0.0,0,394
394000,1,99,99,0,99,19,0.0,0,394
395000,1,99,99,0,99,0,0,0,395
395000,1,99,99,0,99,8,0,0,395
395000,1,99,99,0,99,1,0.0014945147865357646,0,395
395000,1,99,99,0,99,5,0.9982758719867084,0,395
395000,1,99,99,0,99,7,0.0,0,395
395000,1,99,99,0,99,3,0.0,0,395
395000,1,99,99,0,99,9,0.0,0,395
395000,1,99,99,0,99,11,0.0,0,395
395000,1,99,99,0,99,13,0.0,0,395
395000,1,99,99,0,99,15,0.0,0,395
395000,1,99,99,0,99,17,0.0,0,395
395000,1,99,99,0,99,19,0.0,0,395
396000,1,99,99,0,99,0,0,0,396
396000,1,99,99,0,99,8,0,0,396
396000,1,99,99,0,99,1,0.0014948613907940023,0,396
396000,1,99,99,0,99,5,0.9985043469755883,0,396
396000,1,99,99,0,99,7,0.0,0,396
396000,1,99,99,0,99,3,0.0,0,396
396000,1,99,99,0,99,9,0.0,0,396
396000,1,99,99,0,99,11,0.0,0,396
396000,1,99,99,0,99,13,0.0,0,396
396000,1,99,99,0,99,15,0.0,0,396
396000,1,99,99,0,99,17,0.0,0,396
396000,1,99,99,0,99,19,0.0,0,396
397000,1,99,99,0,99,0,0,0,397
397000,1,99,99,0,99,8,0,0,397
397000,1,99,99,0,99,1,0.0,0,397
397000,1,99,99,0,99,5,0.0,0,397
397000,1,99,99,0,99,7,0.0,0,397
397000,1,99,99,0,99,3,0.0,0,397
397000,1,99,99,0,99,9,0.0,0,397
397000,1,99,99,0,99,11,0.0,0,397
397000,1,99,99,0,99,13,0.9999560828210844,0,397
397000,1,99,99,0,99,15,0.0,0,397
397000,1,99,99,0,99,17,0.0,0,397
397000,1,99,99,0,99,19,0.0,0,397
398000,1,99,99,0,99,0,0,0,398
398000,1,99,99,0,99,8,0,0,398
398000,1,99,99,0,99,1,0.0015950569401450853,0,398
398000,1,99,99,0,99,5,0.9984045659641463,0,398
398000,1,99,99,0,99,7,0.0,0,398
398000,1,99,99,0,99,3,0.0,0,398
398000,1,99,99,0,99,9,0.0,0,398
398000,1,99,99,0,99,11,0.0,0,398
398000,1,99,99,0,99,13,0.0,0,398
398000,1,99,99,0,99,15,0.0,0,398
398000,1,99,99,0,99,17,0.0,0,398
398000,1,99,99,0,99,19,0.0,0,398
399000,1,99,99,0,99,0,0,0,399
399000,1,99,99,0,99,8,0,0,399
399000,1,99,99,0,99,1,0.0,0,399
399000,1,99,99,0,99,5,0.9994012871877253,0,399
399000,1,99,99,0,99,7,0.0,0,399
399000,1,99,99,0,99,3,0.0,0,399
399000,1,99,99,0,99,9,0.0,0,399
399000,1,99,99,0,99,11,0.0,0,399
399000,1,99,99,0,99,13,0.0,0,399
399000,1,99,99,0,99,15,0.0,0,399
399000,1,99,99,0,99,17,0.0,0,399
399000,1,99,99,0,99,19,0.0,0,399
400000,1,99,99,0,99,0,0,0,400
400000,1,99,99,0,99,8,0,0,400
400000,1,99,99,0,99,1,0.0,0,400
400000,1,99,99,0,99,5,0.9997262524062088,0,400
400000,1,99,99,0,99,7,0.0,0,400
400000,1,99,99,0,99,3,0.0,0,400
400000,1,99,99,0,99,9,0.0,0,400
400000,1,99,99,0,99,11,0.0,0,400
400000,1,99,99,0,99,13,0.0,0,400
400000,1,99,99,0,99,15,0.0,0,400
400000,1,99,99,0,99,17,0.0,0,400
400000,1,99,99,0,99,19,0.0,0,400
401000,1,99,99,0,99,0,0,0,401
401000,1,99,99,0,99,8,0,0,401
401000,1,99,99,0,99,1,0.0,0,401
401000,1,99,99,0,99,5,0.008714496793883182,0,401
401000,1,99,99,0,99,7,0.0,0,401
401000,1,99,99,0,99,3,0.0,0,401
401000,1,99,99,0,99,9,0.0,0,401
401000,1,99,99,0,99,11,0.0,0,401
401000,1,99,99,0,99,13,0.9912846080324832,0,401
401000,1,99,99,0,99,15,0.0,0,401
401000,1,99,99,0,99,17,0.0,0,401
401000,1,99,99,0,99,19,0.0,0,401
402000,1,99,99,0,99,0,0,0,402
402000,1,99,99,0,99,8,0,0,402
402000,1,99,99,0,99,1,0.0,0,402
402000,1,99,99,0,99,5,0.9999434022737971,0,402
402000,1,99,99,0,99,7,0.0,0,402
402000,1,99,99,0,99,3,0.0,0,402
402000,1,99,99,0,99,9,0.0,0,402
402000,1,99,99,0,99,11,0.0,0,402
402000,1,99,99,0,99,13,0.0,0,402
402000,1,99,99,0,99,15,0.0,0,402
402000,1,99,99,0,99,17,0.0,0,402
402000,1,99,99,0,99,19,0.0,0,402
403000,1,99,99,0,99,0,0,0,403
403000,1,99,99,0,99,8,0,0,403
403000,1,99,99,0,99,1,0.0,0,403
403000,1,99,99,0,99,5,0.999624809064524,0,403
403000,1,99,99,0,99,7,0.0,0,403
403000,1,99,99,0,99,3,0.0,0,403
403000,1,99,99,0,99,9,0.0,0,403
403000,1,99,99,0,99,11,0.0,0,403
403000,1,99,99,0,99,13,0.0,0,403
403000,1,99,99,0,99,15,0.0,0,403
403000,1,99,99,0,99,17,0.0,0,403
403000,1,99,99,0,99,19,0.0,0,403
404000,1,99,99,0,99,0,0,0,404
404000,1,99,99,0,99,8,0,0,404
404000,1,99,99,0,99,1,0.0026775615456002535,0,404
404000,1,99,99,0,99,5,0.9413966687219815,0,404
404000,1,99,99,0,99,7,0.0,0,404
404000,1,99,99,0,99,3,0.0,0,404
404000,1,99,99,0,99,9,0.05592576973241828,0,404
404000,1,99,99,0,99,11,0.0,0,404
404000,1,99,99,0,99,13,0.0,0,404
404000,1,99,99,0,99,15,0.0,0,404
404000,1,99,99,0,99,17,0.0,0,404
404000,1,99,99,0,99,19,0.0,0,404
405000,1,99,99,0,99,0,0,0,405
405000,1,99,99,0,99,8,0,0,405
405000,1,99,99,0,99,1,0.03086920405719305,0,405
405000,1,99,99,0,99,5,0.9691264764167701,0,405
405000,1,99,99,0,99,7,0.0,0,405
405000,1,99,99,0,99,3,0.0,0,405
405000,1,99,99,0,99,9,0.0,0,405
405000,1,99,99,0,99,11,0.0,0,405
405000,1,99,99,0,99,13,0.0,0,405
405000,1,99,99,0,99,15,0.0,0,405
405000,1,99,99,0,99,17,0.0,0,405
405000,1,99,99,0,99,19,0.0,0,405
406000,1,99,99,0,99,0,0,0,406
406000,1,99,99,0,99,8,0,0,406
406000,1,99,99,0,99,1,0.11057128313970524,0,406
406000,1,99,99,0,99,5,0.8893957015174481,0,406
406000,1,99,99,0,99,7,0.0,0,406
406000,1,99,99,0,99,3,0.0,0,406
406000,1,99,99,0,99,9,0.0,0,406
406000,1,99,99,0,99,11,0.0,0,406
406000,1,99,99,0,99,13,0.0,0,406
406000,1,99,99,0,99,15,0.0,0,406
406000,1,99,99,0,99,17,0.0,0,406
406000,1,99,99,0,99,19,0.0,0,406
407000,1,99,99,0,99,0,0,0,407
407000,1,99,99,0,99,8,0,0,407
407000,1,99,99,0,99,1,0.3301960993438841,0,407
407000,1,99,99,0,99,5,0.6698039006561158,0,407
407000,1,99,99,0,99,7,0.0,0,407
407000,1,99,99,0,99,3,0.0,0,407
407000,1,99,99,0,99,9,0.0,0,407
407000,1,99,99,0,99,11,0.0,0,407
407000,1,99,99,0,99,13,0.0,0,407
407000,1,99,99,0,99,15,0.0,0,407
407000,1,99,99,0,99,17,0.0,0,407
407000,1,99,99,0,99,19,0.0,0,407
408000,1,99,99,0,99,0,0,0,408
408000,1,99,99,0,99,8,0,0,408
408000,1,99,99,0,99,1,0.009069170251940695,0,408
408000,1,99,99,0,99,5,0.990927333669168,0,408
408000,1,99,99,0,99,7,0.0,0,408
408000,1,99,99,0,99,3,0.0,0,408
408000,1,99,99,0,99,9,0.0,0,408
408000,1,99,99,0,99,11,0.0,0,408
408000,1,99,99,0,99,13,0.0,0,408
408000,1,99,99,0,99,15,0.0,0,408
408000,1,99,99,0,99,17,0.0,0,408
408000,1,99,99,0,99,19,0.0,0,408
409000,1,99,99,0,99,0,0,0,409
409000,1,99,99,0,99,8,0,0,409
409000,1,99,99,0,99,1,0.0,0,409
409000,1,99,99,0,99,5,0.99992838347621,0,409
409000,1,99,99,0,99,7,0.0,0,409
409000,1,99,99,0,99,3,0.0,0,409
409000,1,99,99,0,99,9,0.0,0,409
409000,1,99,99,0,99,11,0.0,0,409
409000,1,99,99,0,99,13,0.0,0,409
409000,1,99,99,0,99,15,0.0,0,409
409000,1,99,99,0,99,17,0.0,0,409
409000,1,99,99,0,99,19,0.0,0,409
410000,1,99,99,0,99,0,0,0,410
410000,1,99,99,0,99,8,0,0,410
410000,1,99,99,0,99,1,0.0,0,410
410000,1,99,99,0,99,5,0.9526160135548296,0,410
410000,1,99,99,0,99,7,0.0,0,410
410000,1,99,99,0,99,3,0.0,0,410
410000,1,99,99,0,99,9,0.04738355031031372,0,410
410000,1,99,99,0,99,11,0.0,0,410
410000,1,99,99,0,99,13,0.0,0,410
410000,1,99,99,0,99,15,0.0,0,410
410000,1,99,99,0,99,17,0.0,0,410
410000,1,99,99,0,99,19,0.0,0,410
411000,1,99,99,0,99,0,0,0,411
411000,1,99,99,0,99,8,0,0,411
411000,1,99,99,0,99,1,0.0,0,411
411000,1,99,99,0,99,5,0.954580021651815,0,411
411000,1,99,99,0,99,7,0.0,0,411
411000,1,99,99,0,99,3,0.0,0,411
411000,1,99,99,0,99,9,0.045419978347080316,0,411
411000,1,99,99,0,99,11,0.0,0,411
411000,1,99,99,0,99,13,0.0,0,411
411000,1,99,99,0,99,15,0.0,0,411
411000,1,99,99,0,99,17,0.0,0,411
411000,1,99,99,0,99,19,0.0,0,411
412000,1,99,99,0,99,0,0,0,412
412000,1,99,99,0,99,8,0,0,412
412000,1,99,99,0,99,1,0.0,0,412
412000,1,99,99,0,99,5,0.9821135685290344,0,412
412000,1,99,99,0,99,7,0.0,0,412
412000,1,99,99,0,99,3,0.0,0,412
412000,1,99,99,0,99,9,0.01788643140420925,0,412
412000,1,99,99,0,99,11,0.0,0,412
412000,1,99,99,0,99,13,0.0,0,412
412000,1,99,99,0,99,15,0.0,0,412
412000,1,99,99,0,99,17,0.0,0,412
412000,1,99,99,0,99,19,0.0,0,412
413000,1,99,99,0,99,0,0,0,413
413000,1,99,99,0,99,8,0,0,413
413000,1,99,99,0,99,1,0.0,0,413
413000,1,99,99,0,99,5,0.9929402948396926,0,413
413000,1,99,99,0,99,7,0.0,0,413
413000,1,99,99,0,99,3,0.0,0,413
413000,1,99,99,0,99,9,0.007059705098145225,0,413
413000,1,99,99,0,99,11,0.0,0,413
413000,1,99,99,0,99,13,0.0,0,413
413000,1,99,99,0,99,15,0.0,0,413
413000,1,99,99,0,99,17,0.0,0,413
413000,1,99,99,0,99,19,0.0,0,413
414000,1,99,99,0,99,0,0,0,414
414000,1,99,99,0,99,8,0,0,414
414000,1,99,99,0,99,1,0.0,0,414
414000,1,99,99,0,99,5,0.9972844338905492,0,414
414000,1,99,99,0,99,7,0.0,0,414
414000,1,99,99,0,99,3,0.0,0,414
414000,1,99,99,0,99,9,0.0027155624578652482,0,414
414000,1,99,99,0,99,11,0.0,0,414
414000,1,99,99,0,99,13,0.0,0,414
414000,1,99,99,0,99,15,0.0,0,414
414000,1,99,99,0,99,17,0.0,0,414
414000,1,99,99,0,99,19,0.0,0,414
415000,1,99,99,0,99,0,0,0,415
415000,1,99,99,0,99,8,0,0,415
415000,1,99,99,0,99,1,0.0,0,415
415000,1,99,99,0,99,5,0.9989380792237397,0,415
415000,1,99,99,0,99,7,0.0,0,415
415000,1,99,99,0,99,3,0.0,0,415
415000,1,99,99,0,99,9,0.0010619174075183742,0,415
415000,1,99,99,0,99,11,0.0,0,415
415000,1,99,99,0,99,13,0.0,0,415
415000,1,99,99,0,99,15,0.0,0,415
415000,1,99,99,0,99,17,0.0,0,415
415000,1,99,99,0,99,19,0.0,0,415
416000,1,99,99,0,99,0,0,0,416
416000,1,99,99,0,99,8,0,0,416
416000,1,99,99,0,99,1,0.0,0,416
416000,1,99,99,0,99,5,0.9998823766363945,0,416
416000,1,99,99,0,99,7,0.0,0,416
416000,1,99,99,0,99,3,0.0,0,416
416000,1,99,99,0,99,9,0.0,0,416
416000,1,99,99,0,99,11,0.0,0,416
416000,1,99,99,0,99,13,0.0,0,416
416000,1,99,99,0,99,15,0.0,0,416
416000,1,99,99,0,99,17,0.0,0,416
416000,1,99,99,0,99,19,0.0,0,416
417000,1,99,99,0,99,0,0,0,417
417000,1,99,99,0,99,8,0,0,417
417000,1,99,99,0,99,1,0.0,0,417
417000,1,99,99,0,99,5,0.9999411925189903,0,417
417000,1,99,99,0,99,7,0.0,0,417
417000,1,99,99,0,99,3,0.0,0,417
417000,1,99,99,0,99,9,0.0,0,417
417000,1,99,99,0,99,11,0.0,0,417
417000,1,99,99,0,99,13,0.0,0,417
417000,1,99,99,0,99,15,0.0,0,417
417000,1,99,99,0,99,17,0.0,0,417
417000,1,99,99,0,99,19,0.0,0,417
418000,1,99,99,0,99,0,0,0,418
418000,1,99,99,0,99,8,0,0,418
418000,1,99,99,0,99,1,0.0,0,418
418000,1,99,99,0,99,5,0.9999768906109288,0,418
418000,1,99,99,0,99,7,0.0,0,418
418000,1,99,99,0,99,3,0.0,0,418
418000,1,99,99,0,99,9,0.0,0,418
418000,1,99,99,0,99,11,0.0,0,418
418000,1,99,99,0,99,13,0.0,0,418
418000,1,99,99,0,99,15,0.0,0,418
418000,1,99,99,0,99,17,0.0,0,418
418000,1,99,99,0,99,19,0.0,0,418
419000,1,99,99,0,99,0,0,0,419
419000,1,99,99,0,99,8,0,0,419
419000,1,99,99,0,99,1,0.0,0,419
419000,1,99,99,0,99,5,0.9999988330769719,0,419
419000,1,99,99,0,99,7,0.0,0,419
419000,1,99,99,0,99,3,0.0,0,419
419000,1,99,99,0,99,9,0.0,0,419
419000,1,99,99,0,99,11,0.0,0,419
419000,1,99,99,0,99,13,0.0,0,419
419000,1,99,99,0,99,15,0.0,0,419
419000,1,99,99,0,99,17,0.0,0,419
419000,1,99,99,0,99,19,0.0,0,419
420000,1,99,99,0,99,0,0,0,420
420000,1,99,99,0,99,8,0,0,420
420000,1,99,99,0,99,1,0.0,0,420
420000,1,99,99,0,99,5,0.9999999480359981,0,420
420000,1,99,99,0,99,7,0.0,0,420
420000,1,99,99,0,99,3,0.0,0,420
420000,1,99,99,0,99,9,0.0,0,420
420000,1,99,99,0,99,11,0.0,0,420
420000,1,99,99,0,99,13,0.0,0,420
420000,1,99,99,0,99,15,0.0,0,420
420000,1,99,99,0,99,17,0.0,0,420
420000,1,99,99,0,99,19,0.0,0,420
421000,1,99,99,0,99,0,0,0,421
421000,1,99,99,0,99,8,0,0,421
421000,1,99,99,0,99,1,0.0,0,421
421000,1,99,99,0,99,5,0.9999999737233423,0,421
421000,1,99,99,0,99,7,0.0,0,421
421000,1,99,99,0,99,3,0.0,0,421
421000,1,99,99,0,99,9,0.0,0,421
421000,1,99,99,0,99,11,0.0,0,421
421000,1,99,99,0,99,13,0.0,0,421
421000,1,99,99,0,99,15,0.0,0,421
421000,1,99,99,0,99,17,0.0,0,421
421000,1,99,99,0,99,19,0.0,0,421
422000,1,99,99,0,99,0,0,0,422
422000,1,99,99,0,99,8,0,0,422
422000,1,99,99,0,99,1,0.0,0,422
422000,1,99,99,0,99,5,0.9999998410104841,0,422
422000,1,99,99,0,99,7,0.0,0,422
422000,1,99,99,0,99,3,0.0,0,422
422000,1,99,99,0,99,9,0.0,0,422
422000,1,99,99,0,99,11,0.0,0,422
422000,1,99,99,0,99,13,0.0,0,422
422000,1,99,99,0,99,15,0.0,0,422
422000,1,99,99,0,99,17,0.0,0,422
422000,1,99,99,0,99,19,0.0,0,422
423000,1,99,99,0,99,0,0,0,423
423000,1,99,99,0,99,8,0,0,423
423000,1,99,99,0,99,1,0.0,0,423
423000,1,99,99,0,99,5,0.9999999989590503,0,423
423000,1,99,99,0,99,7,0.0,0,423
423000,1,99,99,0,99,3,0.0,0,423
423000,1,99,99,0,99,9,0.0,0,423
423000,1,99,99,0,99,11,0.0,0,423
423000,1,99,99,0,99,13,0.0,0,423
423000,1,99,99,0,99,15,0.0,0,423
423000,1,99,99,0,99,17,0.0,0,423
423000,1,99,99,0,99,19,0.0,0,423
424000,1,99,99,0,99,0,0,0,424
424000,1,99,99,0,99,8,0,0,424
424000,1,99,99,0,99,1,0.0,0,424
424000,1,99,99,0,99,5,0.9999999999890761,0,424
424000,1,99,99,0,99,7,0.0,0,424
424000,1,99,99,0,99,3,0.0,0,424
424000,1,99,99,0,99,9,0.0,0,424
424000,1,99,99,0,99,11,0.0,0,424
424000,1,99,99,0,99,13,0.0,0,424
424000,1,99,99,0,99,15,0.0,0,424
424000,1,99,99,0,99,17,0.0,0,424
424000,1,99,99,0,99,19,0.0,0,424
425000,1,99,99,0,99,0,0,0,425
425000,1,99,99,0,99,8,0,0,425
425000,1,99,99,0,99,1,0.0,0,425
425000,1,99,99,0,99,5,0.999999999999893,0,425
425000,1,99,99,0,99,7,0.0,0,425
425000,1,99,99,0,99,3,0.0,0,425
425000,1,99,99,0,99,9,0.0,0,425
425000,1,99,99,0,99,11,0.0,0,425
425000,1,99,99,0,99,13,0.0,0,425
425000,1,99,99,0,99,15,0.0,0,425
425000,1,99,99,0,99,17,0.0,0,425
425000,1,99,99,0,99,19,0.0,0,425
426000,1,99,99,0,99,0,0,0,426
426000,1,99,99,0,99,8,0,0,426
426000,1,99,99,0,99,1,0.0,0,426
426000,1,99,99,0,99,5,0.9999999999999981,0,426
426000,1,99,99,0,99,7,0.0,0,426
426000,1,99,99,0,99,3,0.0,0,426
426000,1,99,99,0,99,9,0.0,0,426
426000,1,99,99,0,99,11,0.0,0,426
426000,1,99,99,0,99,13,0.0,0,426
426000,1,99,99,0,99,15,0.0,0,426
426000,1,99,99,0,99,17,0.0,0,426
426000,1,99,99,0,99,19,0.0,0,426
427000,1,99,99,0,99,0,0,0,427
427000,1,99,99,0,99,8,0,0,427
427000,1,99,99,0,99,1,0.0,0,427
427000,1,99,99,0,99,5,1.0,0,427
427000,1,99,99,0,99,7,0.0,0,427
427000,1,99,99,0,99,3,0.0,0,427
427000,1,99,99,0,99,9,0.0,0,427
427000,1,99,99,0,99,11,0.0,0,427
427000,1,99,99,0,99,13,0.0,0,427
427000,1,99,99,0,99,15,0.0,0,427
427000,1,99,99,0,99,17,0.0,0,427
427000,1,99,99,0,99,19,0.0,0,427
428000,1,99,99,0,99,0,0,0,428
428000,1,99,99,0,99,8,0,0,428
428000,1,99,99,0,99,1,0.0,0,428
428000,1,99,99,0,99,5,1.0,0,428
428000,1,99,99,0,99,7,0.0,0,428
428000,1,99,99,0,99,3,0.0,0,428
428000,1,99,99,0,99,9,0.0,0,428
428000,1,99,99,0,99,11,0.0,0,428
428000,1,99,99,0,99,13,0.0,0,428
428000,1,99,99,0,99,15,0.0,0,428
428000,1,99,99,0,99,17,0.0,0,428
428000,1,99,99,0,99,19,0.0,0,428
429000,1,99,99,0,99,0,0,0,429
429000,1,99,99,0,99,8,0,0,429
429000,1,99,99,0,99,1,0.0,0,429
429000,1,99,99,0,99,5,1.0,0,429
429000,1,99,99,0,99,7,0.0,0,429
429000,1,99,99,0,99,3,0.0,0,429
429000,1,99,99,0,99,9,0.0,0,429
429000,1,99,99,0,99,11,0.0,0,429
429000,1,99,99,0,99,13,0.0,0,429
429000,1,99,99,0,99,15,0.0,0,429
429000,1,99,99,0,99,17,0.0,0,429
429000,1,99,99,0,99,19,0.0,0,429
430000,1,99,99,0,99,0,0,0,430
430000,1,99,99,0,99,8,0,0,430
430000,1,99,99,0,99,1,0.0,0,430
430000,1,99,99,0,99,5,0.0,0,430
430000,1,99,99,0,99,7,1.0,0,430
430000,1,99,99,0,99,3,0.0,0,430
430000,1,99,99,0,99,9,0.0,0,430
430000,1,99,99,0,99,11,0.0,0,430
430000,1,99,99,0,99,13,0.0,0,430
430000,1,99,99,0,99,15,0.0,0,430
430000,1,99,99,0,99,17,0.0,0,430
430000,1,99,99,0,99,19,0.0,0,430
431000,1,99,99,0,99,0,0,0,431
431000,1,99,99,0,99,8,0,0,431
431000,1,99,99,0,99,1,0.0,0,431
431000,1,99,99,0,99,5,1.0,0,431
431000,1,99,99,0,99,7,0.0,0,431
431000,1,99,99,0,99,3,0.0,0,431
431000,1,99,99,0,99,9,0.0,0,431
431000,1,99,99,0,99,11,0.0,0,431
431000,1,99,99,0,99,13,0.0,0,431
431000,1,99,99,0,99,15,0.0,0,431
431000,1,99,99,0,99,17,0.0,0,431
431000,1,99,99,0,99,19,0.0,0,431
432000,1,99,99,0,99,0,0,0,432
432000,1,99,99,0,99,8,0,0,432
432000,1,99,99,0,99,1,0.0,0,432
432000,1,99,99,0,99,5,0.0,0,432
432000,1,99,99,0,99,7,0.0,0,432
432000,1,99,99,0,99,3,1.0,0,432
432000,1,99,99,0,99,9,0.0,0,432
432000,1,99,99,0,99,11,0.0,0,432
432000,1,99,99,0,99,13,0.0,0,432
432000,1,99,99,0,99,15,0.0,0,432
432000,1,99,99,0,99,17,0.0,0,432
432000,1,99,99,0,99,19,0.0,0,432
433000,1,99,99,0,99,0,0,0,433
433000,1,99,99,0,99,8,0,0,433
433000,1,99,99,0,99,1,0.0,0,433
433000,1,99,99,0,99,5,1.0,0,433
433000,1,99,99,0,99,7,0.0,0,433
433000,1,99,99,0,99,3,0.0,0,433
433000,1,99,99,0,99,9,0.0,0,433
433000,1,99,99,0,99,11,0.0,0,433
433000,1,99,99,0,99,13,0.0,0,433
433000,1,99,99,0,99,15,0.0,0,433
433000,1,99,99,0,99,17,0.0,0,433
433000,1,99,99,0,99,19,0.0,0,433
434000,1,99,99,0,99,0,0,0,434
434000,1,99,99,0,99,8,0,0,434
434000,1,99,99,0,99,1,0.0,0,434
434000,1,99,99,0,99,5,0.0,0,434
434000,1,99,99,0,99,7,0.0,0,434
434000,1,99,99,0,99,3,1.0,0,434
434000,1,99,99,0,99,9,0.0,0,434
434000,1,99,99,0,99,11,0.0,0,434
434000,1,99,99,0,99,13,0.0,0,434
434000,1,99,99,0,99,15,0.0,0,434
434000,1,99,99,0,99,17,0.0,0,434
434000,1,99,99,0,99,19,0.0,0,434
435000,1,99,99,0,99,0,0,0,435
435000,1,99,99,0,99,8,0,0,435
435000,1,99,99,0,99,1,0.0,0,435
435000,1,99,99,0,99,5,0.0,0,435
435000,1,99,99,0,99,7,0.0,0,435
435000,1,99,99,0,99,3,1.0,0,435
435000,1,99,99,0,99,9,0.0,0,435
435000,1,99,99,0,99,11,0.0,0,435
435000,1,99,99,0,99,13,0.0,0,435
435000,1,99,99,0,99,15,0.0,0,435
435000,1,99,99,0,99,17,0.0,0,435
435000,1,99,99,0,99,19,0.0,0,435
436000,1,99,99,0,99,0,0,0,436
436000,1,99,99,0,99,8,0,0,436
436000,1,99,99,0,99,1,0.0,0,436
436000,1,99,99,0,99,5,0.0,0,436
436000,1,99,99,0,99,7,0.0,0,436
436000,1,99,99,0,99,3,1.0,0,436
436000,1,99,99,0,99,9,0.0,0,436
436000,1,99,99,0,99,11,0.0,0,436
436000,1,99,99,0,99,13,0.0,0,436
436000,1,99,99,0,99,15,0.0,0,436
436000,1,99,99,0,99,17,0.0,0,436
436000,1,99,99,0,99,19,0.0,0,436
437000,1,99,99,0,99,0,0,0,437
437000,1,99,99,0,99,8,0,0,437
437000,1,99,99,0,99,1,0.0,0,437
437000,1,99,99,0,99,5,0.0,0,437
437000,1,99,99,0,99,7,0.0,0,437
437000,1,99,99,0,99,3,1.0,0,437
437000,1,99,99,0,99,9,0.0,0,437
437000,1,99,99,0,99,11,0.0,0,437
437000,1,99,99,0,99,13,0.0,0,437
437000,1,99,99,0,99,15,0.0,0,437
437000,1,99,99,0,99,17,0.0,0,437
437000,1,99,99,0,99,19,0.0,0,437
438000,1,99,99,0,99,0,0,0,438
438000,1,99,99,0,99,8,0,0,438
438000,1,99,99,0,99,1,0.0,0,438
438000,1,99,99,0,99,5,0.9999059221973922,0,438
438000,1,99,99,0,99,7,0.0,0,438
438000,1,99,99,0,99,3,0.0,0,438
438000,1,99,99,0,99,9,0.0,0,438
438000,1,99,99,0,99,11,0.0,0,438
438000,1,99,99,0,99,13,0.0,0,438
438000,1,99,99,0,99,15,0.0,0,438
438000,1,99,99,0,99,17,0.0,0,438
438000,1,99,99,0,99,19,0.0,0,438
439000,1,99,99,0,99,0,0,0,439
439000,1,99,99,0,99,8,0,0,439
439000,1,99,99,0,99,1,0.0,0,439
439000,1,99,99,0,99,5,0.0,0,439
439000,1,99,99,0,99,7,0.0,0,439
439000,1,99,99,0,99,3,1.0,0,439
439000,1,99,99,0,99,9,0.0,0,439
439000,1,99,99,0,99,11,0.0,0,439
439000,1,99,99,0,99,13,0.0,0,439
439000,1,99,99,0,99,15,0.0,0,439
439000,1,99,99,0,99,17,0.0,0,439
439000,1,99,99,0,99,19,0.0,0,439
440000,1,99,99,0,99,0,0,0,440
440000,1,99,99,0,99,8,0,0,440
440000,1,99,99,0,99,1,0.0,0,440
440000,1,99,99,0,99,5,1.0,0,440
440000,1,99,99,0,99,7,0.0,0,440
440000,1,99,99,0,99,3,0.0,0,440
440000,1,99,99,0,99,9,0.0,0,440
440000,1,99,99,0,99,11,0.0,0,440
440000,1,99,99,0,99,13,0.0,0,440
440000,1,99,99,0,99,15,0.0,0,440
440000,1,99,99,0,99,17,0.0,0,440
440000,1,99,99,0,99,19,0.0,0,440
441000,1,99,99,0,99,0,1,0,441
441000,1,99,99,0,99,8,0,0,441
441000,1,99,99,0,99,1,0.0,0,441
441000,1,99,99,0,99,5,0.0,0,441
441000,1,99,99,0,99,7,0.0,0,441
441000,1,99,99,0,99,3,0.0,0,441
441000,1,99,99,0,99,9,0.0,0,441
441000,1,99,99,0,99,11,0.0,0,441
441000,1,99,99,0,99,13,0.0,0,441
441000,1,99,99,0,99,15,0.0,0,441
441000,1,99,99,0,99,17,0.0,0,441
441000,1,99,99,0,99,19,0.0,0,441
442000,1,99,99,0,99,0,0,0,442
442000,1,99,99,0,99,8,0,0,442
442000,1,99,99,0,99,1,0.0,0,442
442000,1,99,99,0,99,5,0.0,0,442
442000,1,99,99,0,99,7,0.0,0,442
442000,1,99,99,0,99,3,0.0,0,442
442000,1,99,99,0,99,9,0.0,0,442
442000,1,99,99,0,99,11,1.0,0,442
442000,1,99,99,0,99,13,0.0,0,442
442000,1,99,99,0,99,15,0.0,0,442
442000,1,99,99,0,99,17,0.0,0,442
442000,1,99,99,0,99,19,0.0,0,442
443000,1,99,99,0,99,0,0,0,443
443000,1,99,99,0,99,8,0,0,443
443000,1,99,99,0,99,1,0.0,0,443
443000,1,99,99,0,99,5,1.0,0,443
443000,1,99,99,0,99,7,0.0,0,443
443000,1,99,99,0,99,3,0.0,0,443
443000,1,99,99,0,99,9,0.0,0,443
443000,1,99,99,0,99,11,0.0,0,443
443000,1,99,99,0,99,13,0.0,0,443
443000,1,99,99,0,99,15,0.0,0,443
443000,1,99,99,0,99,17,0.0,0,443
443000,1,99,99,0,99,19,0.0,0,443
444000,1,99,99,0,99,0,1,0,444
444000,1,99,99,0,99,8,0,0,444
444000,1,99,99,0,99,1,0.0,0,444
444000,1,99,99,0,99,5,0.0,0,444
444000,1,99,99,0,99,7,0.0,0,444
444000,1,99,99,0,99,3,0.0,0,444
444000,1,99,99,0,99,9,0.0,0,444
444000,1,99,99,0,99,11,0.0,0,444
444000,1,99,99,0,99,13,0.0,0,444
444000,1,99,99,0,99,15,0.0,0,444
444000,1,99,99,0,99,17,0.0,0,444
444000,1,99,99,0,99,19,0.0,0,444
445000,1,99,99,0,99,0,1,0,445
445000,1,99,99,0,99,8,0,0,445
445000,1,99,99,0,99,1,0.0,0,445
445000,1,99,99,0,99,5,0.0,0,445
445000,1,99,99,0,99,7,0.0,0,445
445000,1,99,99,0,99,3,0.0,0,445
445000,1,99,99,0,99,9,0.0,0,445
445000,1,99,99,0,99,11,0.0,0,445
445000,1,99,99,0,99,13,0.0,0,445
445000,1,99,99,0,99,15,0.0,0,445
445000,1,99,99,0,99,17,0.0,0,445
445000,1,99,99,0,99,19,0.0,0,445
446000,1,99,99,0,99,0,1,0,446
446000,1,99,99,0,99,8,0,0,446
446000,1,99,99,0,99,1,0.0,0,446
446000,1,99,99,0,99,5,0.0,0,446
446000,1,99,99,0,99,7,0.0,0,446
446000,1,99,99,0,99,3,0.0,0,446
446000,1,99,99,0,99,9,0.0,0,446
446000,1,99,99,0,99,11,0.0,0,446
446000,1,99,99,0,99,13,0.0,0,446
446000,1,99,99,0,99,15,0.0,0,446
446000,1,99,99,0,99,17,0.0,0,446
446000,1,99,99,0,99,19,0.0,0,446
447000,1,99,99,0,99,0,1,0,447
447000,1,99,99,0,99,8,0,0,447
447000,1,99,99,0,99,1,0.0,0,447
447000,1,99,99,0,99,5,0.0,0,447
447000,1,99,99,0,99,7,0.0,0,447
447000,1,99,99,0,99,3,0.0,0,447
447000,1,99,99,0,99,9,0.0,0,447
447000,1,99,99,0,99,11,0.0,0,447
447000,1,99,99,0,99,13,0.0,0,447
447000,1,99,99,0,99,15,0.0,0,447
447000,1,99,99,0,99,17,0.0,0,447
447000,1,99,99,0,99,19,0.0,0,447
448000,1,99,99,0,99,0,0,0,448
448000,1,99,99,0,99,8,0,0,448
448000,1,99,99,0,99,1,0.0,0,448
448000,1,99,99,0,99,5,1.0,0,448
448000,1,99,99,0,99,7,0.0,0,448
448000,1,99,99,0,99,3,0.0,0,448
448000,1,99,99,0,99,9,0.0,0,448
448000,1,99,99,0,99,11,0.0,0,448
448000,1,99,99,0,99,13,0.0,0,448
448000,1,99,99,0,99,15,0.0,0,448
448000,1,99,99,0,99,17,0.0,0,448
448000,1,99,99,0,99,19,0.0,0,448
449000,1,99,99,0,99,0,0,0,449
449000,1,99,99,0,99,8,0,0,449
449000,1,99,99,0,99,1,0.0,0,449
449000,1,99,99,0,99,5,0.0,0,449
449000,1,99,99,0,99,7,0.0,0,449
449000,1,99,99,0,99,3,0.0,0,449
449000,1,99,99,0,99,9,0.0,0,449
449000,1,99,99,0,99,11,1.0,0,449
449000,1,99,99,0,99,13,0.0,0,449
449000,1,99,99,0,99,15,0.0,0,449
449000,1,99,99,0,99,17,0.0,0,449
449000,1,99,99,0,99,19,0.0,0,449
450000,1,99,99,0,99,0,1,0,450
450000,1,99,99,0,99,8,0,0,450
450000,1,99,99,0,99,1,0.0,0,450
450000,1,99,99,0,99,5,0.0,0,450
450000,1,99,99,0,99,7,0.0,0,450
450000,1,99,99,0,99,3,0.0,0,450
450000,1,99,99,0,99,9,0.0,0,450
450000,1,99,99,0,99,11,0.0,0,450
450000,1,99,99,0,99,13,0.0,0,450
450000,1,99,99,0,99,15,0.0,0,450
450000,1,99,99,0,99,17,0.0,0,450
450000,1,99,99,0,99,19,0.0,0,450
451000,1,99,99,0,99,0,0,0,451
451000,1,99,99,0,99,8,0,0,451
451000,1,99,99,0,99,1,0.0,0,451
451000,1,99,99,0,99,5,1.0,0,451
451000,1,99,99,0,99,7,0.0,0,451
451000,1,99,99,0,99,3,0.0,0,451
451000,1,99,99,0,99,9,0.0,0,451
451000,1,99,99,0,99,11,0.0,0,451
451000,1,99,99,0,99,13,0.0,0,451
451000,1,99,99,0,99,15,0.0,0,451
451000,1,99,99,0,99,17,0.0,0,451
451000,1,99,99,0,99,19,0.0,0,451
452000,1,99,99,0,99,0,0,0,452
452000,1,99,99,0,99,8,0,0,452
452000,1,99,99,0,99,1,0.0,0,452
452000,1,99,99,0,99,5,1.0,0,452
452000,1,99,99,0,99,7,0.0,0,452
452000,1,99,99,0,99,3,0.0,0,452
452000,1,99,99,0,99,9,0.0,0,452
452000,1,99,99,0,99,11,0.0,0,452
452000,1,99,99,0,99,13,0.0,0,452
452000,1,99,99,0,99,15,0.0,0,452
452000,1,99,99,0,99,17,0.0,0,452
452000,1,99,99,0,99,19,0.0,0,452
453000,1,99,99,0,99,0,1,0,453
453000,1,99,99,0,99,8,0,0,453
453000,1,99,99,0,99,1,0.0,0,453
453000,1,99,99,0,99,5,0.0,0,453
453000,1,99,99,0,99,7,0.0,0,453
453000,1,99,99,0,99,3,0.0,0,453
453000,1,99,99,0,99,9,0.0,0,453
453000,1,99,99,0,99,11,0.0,0,453
453000,1,99,99,0,99,13,0.0,0,453
453000,1,99,99,0,99,15,0.0,0,453
453000,1,99,99,0,99,17,0.0,0,453
453000,1,99,99,0,99,19,0.0,0,453
454000,1,99,99,0,99,0,1,0,454
454000,1,99,99,0,99,8,0,0,454
454000,1,99,99,0,99,1,0.0,0,454
454000,1,99,99,0,99,5,0.0,0,454
454000,1,99,99,0,99,7,0.0,0,454
454000,1,99,99,0,99,3,0.0,0,454
454000,1,99,99,0,99,9,0.0,0,454
454000,1,99,99,0,99,11,0.0,0,454
454000,1,99,99,0,99,13,0.0,0,454
454000,1,99,99,0,99,15,0.0,0,454
454000,1,99,99,0,99,17,0.0,0,454
454000,1,99,99,0,99,19,0.0,0,454
455000,1,99,99,0,99,0,1,0,455
455000,1,99,99,0,99,8,0,0,455
455000,1,99,99,0,99,1,0.0,0,455
455000,1,99,99,0,99,5,0.0,0,455
455000,1,99,99,0,99,7,0.0,0,455
455000,1,99,99,0,99,3,0.0,0,455
455000,1,99,99,0,99,9,0.0,0,455
455000,1,99,99,0,99,11,0.0,0,455
455000,1,99,99,0,99,13,0.0,0,455
455000,1,99,99,0,99,15,0.0,0,455
455000,1,99,99,0,99,17,0.0,0,455
455000,1,99,99,0,99,19,0.0,0,455
456000,1,99,99,0,99,0,1,0,456
456000,1,99,99,0,99,8,0,0,456
456000,1,99,99,0,99,1,0.0,0,456
456000,1,99,99,0,99,5,0.0,0,456
456000,1,99,99,0,99,7,0.0,0,456
456000,1,99,99,0,99,3,0.0,0,456
456000,1,99,99,0,99,9,0.0,0,456
456000,1,99,99,0,99,11,0.0,0,456
456000,1,99,99,0,99,13,0.0,0,456
456000,1,99,99,0,99,15,0.0,0,456
456000,1,99,99,0,99,17,0.0,0,456
456000,1,99,99,0,99,19,0.0,0,456
457000,1,99,99,0,99,0,1,0,457
457000,1,99,99,0,99,8,0,0,457
457000,1,99,99,0,99,1,0.0,0,457
457000,1,99,99,0,99,5,0.0,0,457
457000,1,99,99,0,99,7,0.0,0,457
457000,1,99,99,0,99,3,0.0,0,457
457000,1,99,99,0,99,9,0.0,0,457
457000,1,99,99,0,99,11,0.0,0,457
457000,1,99,99,0,99,13,0.0,0,457
457000,1,99,99,0,99,15,0.0,0,457
457000,1,99,99,0,99,17,0.0,0,457
457000,1,99,99,0,99,19,0.0,0,457
458000,1,99,99,0,99,0,1,0,458
458000,1,99,99,0,99,8,0,0,458
458000,1,99,99,0,99,1,0.0,0,458
458000,1,99,99,0,99,5,0.0,0,458
458000,1,99,99,0,99,7,0.0,0,458
458000,1,99,99,0,99,3,0.0,0,458
458000,1,99,99,0,99,9,0.0,0,458
458000,1,99,99,0,99,11,0.0,0,458
458000,1,99,99,0,99,13,0.0,0,458
458000,1,99,99,0,99,15,0.0,0,458
458000,1,99,99,0,99,17,0.0,0,458
458000,1,99,99,0,99,19,0.0,0,458
459000,1,99,99,0,99,0,1,0,459
459000,1,99,99,0,99,8,0,0,459
459000,1,99,99,0,99,1,0.0,0,459
459000,1,99,99,0,99,5,0.0,0,459
459000,1,99,99,0,99,7,0.0,0,459
459000,1,99,99,0,99,3,0.0,0,459
459000,1,99,99,0,99,9,0.0,0,459
459000,1,99,99,0,99,11,0.0,0,459
459000,1,99,99,0,99,13,0.0,0,459
459000,1,99,99,0,99,15,0.0,0,459
459000,1,99,99,0,99,17,0.0,0,459
459000,1,99,99,0,99,19,0.0,0,459
460000,1,99,99,0,99,0,1,0,460
460000,1,99,99,0,99,8,0,0,460
460000,1,99,99,0,99,1,0.0,0,460
460000,1,99,99,0,99,5,0.0,0,460
460000,1,99,99,0,99,7,0.0,0,460
460000,1,99,99,0,99,3,0.0,0,460
460000,1,99,99,0,99,9,0.0,0,460
460000,1,99,99,0,99,11,0.0,0,460
460000,1,99,99,0,99,13,0.0,0,460
460000,1,99,99,0,99,15,0.0,0,460
460000,1,99,99,0,99,17,0.0,0,460
460000,1,99,99,0,99,19,0.0,0,460
461000,1,99,99,0,99,0,1,0,461
461000,1,99,99,0,99,8,0,0,461
461000,1,99,99,0,99,1,0.0,0,461
461000,1,99,99,0,99,5,0.0,0,461
461000,1,99,99,0,99,7,0.0,0,461
461000,1,99,99,0,99,3,0.0,0,461
461000,1,99,99,0,99,9,0.0,0,461
461000,1,99,99,0,99,11,0.0,0,461
461000,1,99,99,0,99,13,0.0,0,461
461000,1,99,99,0,99,15,0.0,0,461
461000,1,99,99,0,99,17,0.0,0,461
461000,1,99,99,0,99,19,0.0,0,461
462000,1,99,99,0,99,0,0,0,462
462000,1,99,99,0,99,8,0,0,462
462000,1,99,99,0,99,1,0.0,0,462
462000,1,99,99,0,99,5,1.0,0,462
462000,1,99,99,0,99,7,0.0,0,462
462000,1,99,99,0,99,3,0.0,0,462
462000,1,99,99,0,99,9,0.0,0,462
462000,1,99,99,0,99,11,0.0,0,462
462000,1,99,99,0,99,13,0.0,0,462
462000,1,99,99,0,99,15,0.0,0,462
462000,1,99,99,0,99,17,0.0,0,462
462000,1,99,99,0,99,19,0.0,0,462
463000,1,99,99,0,99,0,1,0,463
463000,1,99,99,0,99,8,0,0,463
463000,1,99,99,0,99,1,0.0,0,463
463000,1,99,99,0,99,5,0.0,0,463
463000,1,99,99,0,99,7,0.0,0,463
463000,1,99,99,0,99,3,0.0,0,463
463000,1,99,99,0,99,9,0.0,0,463
463000,1,99,99,0,99,11,0.0,0,463
463000,1,99,99,0,99,13,0.0,0,463
463000,1,99,99,0,99,15,0.0,0,463
463000,1,99,99,0,99,17,0.0,0,463
463000,1,99,99,0,99,19,0.0,0,463
464000,1,99,99,0,99,0,1,0,464
464000,1,99,99,0,99,8,0,0,464
464000,1,99,99,0,99,1,0.0,0,464
464000,1,99,99,0,99,5,0.0,0,464
464000,1,99,99,0,99,7,0.0,0,464
464000,1,99,99,0,99,3,0.0,0,464
464000,1,99,99,0,99,9,0.0,0,464
464000,1,99,99,0,99,11,0.0,0,464
464000,1,99,99,0,99,13,0.0,0,464
464000,1,99,99,0,99,15,0.0,0,464
464000,1,99,99,0,99,17,0.0,0,464
464000,1,99,99,0,99,19,0.0,0,464
465000,1,99,99,0,99,0,1,0,465
465000,1,99,99,0,99,8,0,0,465
465000,1,99,99,0,99,1,0.0,0,465
465000,1,99,99,0,99,5,0.0,0,465
465000,1,99,99,0,99,7,0.0,0,465
465000,1,99,99,0,99,3,0.0,0,465
465000,1,99,99,0,99,9,0.0,0,465
465000,1,99,99,0,99,11,0.0,0,465
465000,1,99,99,0,99,13,0.0,0,465
465000,1,99,99,0,99,15,0.0,0,465
465000,1,99,99,0,99,17,0.0,0,465
465000,1,99,99,0,99,19,0.0,0,465
466000,1,99,99,0,99,0,1,0,466
466000,1,99,99,0,99,8,0,0,466
466000,1,99,99,0,99,1,0.0,0,466
466000,1,99,99,0,99,5,0.0,0,466
466000,1,99,99,0,99,7,0.0,0,466
466000,1,99,99,0,99,3,0.0,0,466
466000,1,99,99,0,99,9,0.0,0,466
466000,1,99,99,0,99,11,0.0,0,466
466000,1,99,99,0,99,13,0.0,0,466
466000,1,99,99,0,99,15,0.0,0,466
466000,1,99,99,0,99,17,0.0,0,466
466000,1,99,99,0,99,19,0.0,0,466
467000,1,99,99,0,99,0,1,0,467
467000,1,99,99,0,99,8,0,0,467
467000,1,99,99,0,99,1,0.0,0,467
467000,1,99,99,0,99,5,0.0,0,467
467000,1,99,99,0,99,7,0.0,0,467
467000,1,99,99,0,99,3,0.0,0,467
467000,1,99,99,0,99,9,0.0,0,467
467000,1,99,99,0,99,11,0.0,0,467
467000,1,99,99,0,99,13,0.0,0,467
467000,1,99,99,0,99,15,0.0,0,467
467000,1,99,99,0,99,17,0.0,0,467
467000,1,99,99,0,99,19,0.0,0,467
468000,1,99,99,0,99,0,1,0,468
468000,1,99,99,0,99,8,0,0,468
468000,1,99,99,0,99,1,0.0,0,468
468000,1,99,99,0,99,5,0.0,0,468
468000,1,99,99,0,99,7,0.0,0,468
468000,1,99,99,0,99,3,0.0,0,468
468000,1,99,99,0,99,9,0.0,0,468
468000,1,99,99,0,99,11,0.0,0,468
468000,1,99,99,0,99,13,0.0,0,468
468000,1,99,99,0,99,15,0.0,0,468
468000,1,99,99,0,99,17,0.0,0,468
468000,1,99,99,0,99,19,0.0,0,468
469000,1,99,99,0,99,0,1,0,469
469000,1,99,99,0,99,8,0,0,469
469000,1,99,99,0,99,1,0.0,0,469
469000,1,99,99,0,99,5,0.0,0,469
469000,1,99,99,0,99,7,0.0,0,469
469000,1,99,99,0,99,3,0.0,0,469
469000,1,99,99,0,99,9,0.0,0,469
469000,1,99,99,0,99,11,0.0,0,469
469000,1,99,99,0,99,13,0.0,0,469
469000,1,99,99,0,99,15,0.0,0,469
469000,1,99,99,0,99,17,0.0,0,469
469000,1,99,99,0,99,19,0.0,0,469
470000,1,99,99,0,99,0,1,0,470
470000,1,99,99,0,99,8,0,0,470
470000,1,99,99,0,99,1,0.0,0,470
470000,1,99,99,0,99,5,0.0,0,470
470000,1,99,99,0,99,7,0.0,0,470
470000,1,99,99,0,99,3,0.0,0,470
470000,1,99,99,0,99,9,0.0,0,470
470000,1,99,99,0,99,11,0.0,0,470
470000,1,99,99,0,99,13,0.0,0,470
470000,1,99,99,0,99,15,0.0,0,470
470000,1,99,99,0,99,17,0.0,0,470
470000,1,99,99,0,99,19,0.0,0,470
471000,1,99,99,0,99,0,1,0,471
471000,1,99,99,0,99,8,0,0,471
471000,1,99,99,0,99,1,0.0,0,471
471000,1,99,99,0,99,5,0.0,0,471
471000,1,99,99,0,99,7,0.0,0,471
471000,1,99,99,0,99,3,0.0,0,471
471000,1,99,99,0,99,9,0.0,0,471
471000,1,99,99,0,99,11,0.0,0,471
471000,1,99,99,0,99,13,0.0,0,471
471000,1,99,99,0,99,15,0.0,0,471
471000,1,99,99,0,99,17,0.0,0,471
471000,1,99,99,0,99,19,0.0,0,471
472000,1,99,99,0,99,0,0,0,472
472000,1,99,99,0,99,8,0,0,472
472000,1,99,99,0,99,1,0.0,0,472
472000,1,99,99,0,99,5,0.0,0,472
472000,1,99,99,0,99,7,0.0,0,472
472000,1,99,99,0,99,3,0.0,0,472
472000,1,99,99,0,99,9,0.0,0,472
472000,1,99,99,0,99,11,1.0,0,472
472000,1,99,99,0,99,13,0.0,0,472
472000,1,99,99,0,99,15,0.0,0,472
472000,1,99,99,0,99,17,0.0,0,472
472000,1,99,99,0,99,19,0.0,0,472
473000,1,99,99,0,99,0,1,0,473
473000,1,99,99,0,99,8,0,0,473
473000,1,99,99,0,99,1,0.0,0,473
473000,1,99,99,0,99,5,0.0,0,473
473000,1,99,99,0,99,7,0.0,0,473
473000,1,99,99,0,99,3,0.0,0,473
473000,1,99,99,0,99,9,0.0,0,473
473000,1,99,99,0,99,11,0.0,0,473
473000,1,99,99,0,99,13,0.0,0,473
473000,1,99,99,0,99,15,0.0,0,473
473000,1,99,99,0,99,17,0.0,0,473
473000,1,99,99,0,99,19,0.0,0,473
474000,1,99,99,0,99,0,1,0,474
474000,1,99,99,0,99,8,0,0,474
474000,1,99,99,0,99,1,0.0,0,474
474000,1,99,99,0,99,5,0.0,0,474
474000,1,99,99,0,99,7,0.0,0,474
474000,1,99,99,0,99,3,0.0,0,474
474000,1,99,99,0,99,9,0.0,0,474
474000,1,99,99,0,99,11,0.0,0,474
474000,1,99,99,0,99,13,0.0,0,474
474000,1,99,99,0,99,15,0.0,0,474
474000,1,99,99,0,99,17,0.0,0,474
474000,1,99,99,0,99,19,0.0,0,474
475000,1,99,99,0,99,0,1,0,475
475000,1,99,99,0,99,8,0,0,475
475000,1,99,99,0,99,1,0.0,0,475
475000,1,99,99,0,99,5,0.0,0,475
475000,1,99,99,0,99,7,0.0,0,475
475000,1,99,99,0,99,3,0.0,0,475
475000,1,99,99,0,99,9,0.0,0,475
475000,1,99,99,0,99,11,0.0,0,475
475000,1,99,99,0,99,13,0.0,0,475
475000,1,99,99,0,99,15,0.0,0,475
475000,1,99,99,0,99,17,0.0,0,475
475000,1,99,99,0,99,19,0.0,0,475
476000,1,99,99,0,99,0,1,0,476
476000,1,99,99,0,99,8,0,0,476
476000,1,99,99,0,99,1,0.0,0,476
476000,1,99,99,0,99,5,0.0,0,476
476000,1,99,99,0,99,7,0.0,0,476
476000,1,99,99,0,99,3,0.0,0,476
476000,1,99,99,0,99,9,0.0,0,476
476000,1,99,99,0,99,11,0.0,0,476
476000,1,99,99,0,99,13,0.0,0,476
476000,1,99,99,0,99,15,0.0,0,476
476000,1,99,99,0,99,17,0.0,0,476
476000,1,99,99,0,99,19,0.0,0,476
477000,1,99,99,0,99,0,0,0,477
477000,1,99,99,0,99,8,0,0,477
477000,1,99,99,0,99,1,0.0,0,477
477000,1,99,99,0,99,5,0.0,0,477
477000,1,99,99,0,99,7,0.0,0,477
477000,1,99,99,0,99,3,0.9999999999999997,0,477
477000,1,99,99,0,99,9,0.0,0,477
477000,1,99,99,0,99,11,0.0,0,477
477000,1,99,99,0,99,13,0.0,0,477
477000,1,99,99,0,99,15,0.0,0,477
477000,1,99,99,0,99,17,0.0,0,477
477000,1,99,99,0,99,19,0.0,0,477
478000,1,99,99,0,99,0,0,0,478
478000,1,99,99,0,99,8,0,0,478
478000,1,99,99,0,99,1,0.0,0,478
478000,1,99,99,0,99,5,0.0,0,478
478000,1,99,99,0,99,7,0.0,0,478
478000,1,99,99,0,99,3,0.9999999999999999,0,478
478000,1,99,99,0,99,9,0.0,0,478
478000,1,99,99,0,99,11,0.0,0,478
478000,1,99,99,0,99,13,0.0,0,478
478000,1,99,99,0,99,15,0.0,0,478
478000,1,99,99,0,99,17,0.0,0,478
478000,1,99,99,0,99,19,0.0,0,478
479000,1,99,99,0,99,0,0,0,479
479000,1,99,99,0,99,8,0,0,479
479000,1,99,99,0,99,1,0.0,0,479
479000,1,99,99,0,99,5,0.0,0,479
479000,1,99,99,0,99,7,0.0,0,479
479000,1,99,99,0,99,3,0.9999999999999994,0,479
479000,1,99,99,0,99,9,0.0,0,479
479000,1,99,99,0,99,11,0.0,0,479
479000,1,99,99,0,99,13,0.0,0,479
479000,1,99,99,0,99,15,0.0,0,479
479000,1,99,99,0,99,17,0.0,0,479
479000,1,99,99,0,99,19,0.0,0,479
480000,1,99,99,0,99,0,0,0,480
480000,1,99,99,0,99,8,0,0,480
480000,1,99,99,0,99,1,0.0,0,480
480000,1,99,99,0,99,5,0.0,0,480
480000,1,99,99,0,99,7,0.0,0,480
480000,1,99,99,0,99,3,0.9998538152755762,0,480
480000,1,99,99,0,99,9,0.0,0,480
480000,1,99,99,0,99,11,0.0,0,480
480000,1,99,99,0,99,13,0.0,0,480
480000,1,99,99,0,99,15,0.0,0,480
480000,1,99,99,0,99,17,0.0,0,480
480000,1,99,99,0,99,19,0.0,0,480
481000,1,99,99,0,99,0,0,0,481
481000,1,99,99,0,99,8,0,0,481
481000,1,99,99,0,99,1,0.0,0,481
481000,1,99,99,0,99,5,0.0,0,481
481000,1,99,99,0,99,7,1.0,0,481
481000,1,99,99,0,99,3,0.0,0,481
481000,1,99,99,0,99,9,0.0,0,481
481000,1,99,99,0,99,11,0.0,0,481
481000,1,99,99,0,99,13,0.0,0,481
481000,1,99,99,0,99,15,0.0,0,481
481000,1,99,99,0,99,17,0.0,0,481
481000,1,99,99,0,99,19,0.0,0,481
482000,1,99,99,0,99,0,1,0,482
482000,1,99,99,0,99,8,0,0,482
482000,1,99,99,0,99,1,0.0,0,482
482000,1,99,99,0,99,5,0.0,0,482
482000,1,99,99,0,99,7,0.0,0,482
482000,1,99,99,0,99,3,0.0,0,482
482000,1,99,99,0,99,9,0.0,0,482
482000,1,99,99,0,99,11,0.0,0,482
482000,1,99,99,0,99,13,0.0,0,482
482000,1,99,99,0,99,15,0.0,0,482
482000,1,99,99,0,99,17,0.0,0,482
482000,1,99,99,0,99,19,0.0,0,482
483000,1,99,99,0,99,0,0,0,483
483000,1,99,99,0,99,8,0,0,483
483000,1,99,99,0,99,1,0.0,0,483
483000,1,99,99,0,99,5,0.0,0,483
483000,1,99,99,0,99,7,0.0,0,483
483000,1,99,99,0,99,3,1.0,0,483
483000,1,99,99,0,99,9,0.0,0,483
483000,1,99,99,0,99,11,0.0,0,483
483000,1,99,99,0,99,13,0.0,0,483
483000,1,99,99,0,99,15,0.0,0,483
483000,1,99,99,0,99,17,0.0,0,483
483000,1,99,99,0,99,19,0.0,0,483
484000,1,99,99,0,99,0,0,0,484
484000,1,99,99,0,99,8,0,0,484
484000,1,99,99,0,99,1,0.0,0,484
484000,1,99,99,0,99,5,0.0,0,484
484000,1,99,99,0,99,7,0.0,0,484
484000,1,99,99,0,99,3,1.0,0,484
484000,1,99,99,0,99,9,0.0,0,484
484000,1,99,99,0,99,11,0.0,0,484
484000,1,99,99,0,99,13,0.0,0,484
484000,1,99,99,0,99,15,0.0,0,484
484000,1,99,99,0,99,17,0.0,0,484
484000,1,99,99,0,99,19,0.0,0,484
485000,1,99,99,0,99,0,0,0,485
485000,1,99,99,0,99,8,0,0,485
485000,1,99,99,0,99,1,0.0,0,485
485000,1,99,99,0,99,5,0.9900567833365767,0,485
485000,1,99,99,0,99,7,0.0,0,485
485000,1,99,99,0,99,3,0.009943216663423165,0,485
485000,1,99,99,0,99,9,0.0,0,485
485000,1,99,99,0,99,11,0.0,0,485
485000,1,99,99,0,99,13,0.0,0,485
485000,1,99,99,0,99,15,0.0,0,485
485000,1,99,99,0,99,17,0.0,0,485
485000,1,99,99,0,99,19,0.0,0,485
486000,1,99,99,0,99,0,0,0,486
486000,1,99,99,0,99,8,0,0,486
486000,1,99,99,0,99,1,0.0,0,486
486000,1,99,99,0,99,5,0.0,0,486
486000,1,99,99,0,99,7,0.0,0,486
486000,1,99,99,0,99,3,0.9999999999974966,0,486
486000,1,99,99,0,99,9,0.0,0,486
486000,1,99,99,0,99,11,0.0,0,486
486000,1,99,99,0,99,13,0.0,0,486
486000,1,99,99,0,99,15,0.0,0,486
486000,1,99,99,0,99,17,0.0,0,486
486000,1,99,99,0,99,19,0.0,0,486
487000,1,99,99,0,99,0,0,0,487
487000,1,99,99,0,99,8,0,0,487
487000,1,99,99,0,99,1,0.0,0,487
487000,1,99,99,0,99,5,0.0,0,487
487000,1,99,99,0,99,7,0.0,0,487
487000,1,99,99,0,99,3,0.9999999999541594,0,487
487000,1,99,99,0,99,9,0.0,0,487
487000,1,99,99,0,99,11,0.0,0,487
487000,1,99,99,0,99,13,0.0,0,487
487000,1,99,99,0,99,15,0.0,0,487
487000,1,99,99,0,99,17,0.0,0,487
487000,1,99,99,0,99,19,0.0,0,487
488000,1,99,99,0,99,0,0,0,488
488000,1,99,99,0,99,8,0,0,488
488000,1,99,99,0,99,1,0.0,0,488
488000,1,99,99,0,99,5,0.0,0,488
488000,1,99,99,0,99,7,0.0,0,488
488000,1,99,99,0,99,3,0.9999999998757207,0,488
488000,1,99,99,0,99,9,0.0,0,488
488000,1,99,99,0,99,11,0.0,0,488
488000,1,99,99,0,99,13,0.0,0,488
488000,1,99,99,0,99,15,0.0,0,488
488000,1,99,99,0,99,17,0.0,0,488
488000,1,99,99,0,99,19,0.0,0,488
489000,1,99,99,0,99,0,0,0,489
489000,1,99,99,0,99,8,0,0,489
489000,1,99,99,0,99,1,0.0,0,489
489000,1,99,99,0,99,5,0.9999999469554753,0,489
489000,1,99,99,0,99,7,0.0,0,489
489000,1,99,99,0,99,3,0.0,0,489
489000,1,99,99,0,99,9,0.0,0,489
489000,1,99,99,0,99,11,0.0,0,489
489000,1,99,99,0,99,13,0.0,0,489
489000,1,99,99,0,99,15,0.0,0,489
489000,1,99,99,0,99,17,0.0,0,489
489000,1,99,99,0,99,19,0.0,0,489
490000,1,99,99,0,99,0,0,0,490
490000,1,99,99,0,99,8,0,0,490
490000,1,99,99,0,99,1,0.0,0,490
490000,1,99,99,0,99,5,0.0,0,490
490000,1,99,99,0,99,7,1.0,0,490
490000,1,99,99,0,99,3,0.0,0,490
490000,1,99,99,0,99,9,0.0,0,490
490000,1,99,99,0,99,11,0.0,0,490
490000,1,99,99,0,99,13,0.0,0,490
490000,1,99,99,0,99,15,0.0,0,490
490000,1,99,99,0,99,17,0.0,0,490
490000,1,99,99,0,99,19,0.0,0,490
491000,1,99,99,0,99,0,1,0,491
491000,1,99,99,0,99,8,0,0,491
491000,1,99,99,0,99,1,0.0,0,491
491000,1,99,99,0,99,5,0.0,0,491
491000,1,99,99,0,99,7,0.0,0,491
491000,1,99,99,0,99,3,0.0,0,491
491000,1,99,99,0,99,9,0.0,0,491
491000,1,99,99,0,99,11,0.0,0,491
491000,1,99,99,0,99,13,0.0,0,491
491000,1,99,99,0,99,15,0.0,0,491
491000,1,99,99,0,99,17,0.0,0,491
491000,1,99,99,0,99,19,0.0,0,491
492000,1,99,99,0,99,0,0,0,492
492000,1,99,99,0,99,8,0,0,492
492000,1,99,99,0,99,1,0.0,0,492
492000,1,99,99,0,99,5,0.9999956438123028,0,492
492000,1,99,99,0,99,7,0.0,0,492
492000,1,99,99,0,99,3,0.0,0,492
492000,1,99,99,0,99,9,0.0,0,492
492000,1,99,99,0,99,11,0.0,0,492
492000,1,99,99,0,99,13,0.0,0,492
492000,1,99,99,0,99,15,0.0,0,492
492000,1,99,99,0,99,17,0.0,0,492
492000,1,99,99,0,99,19,0.0,0,492
493000,1,99,99,0,99,0,0,0,493
493000,1,99,99,0,99,8,0,0,493
493000,1,99,99,0,99,1,0.0,0,493
493000,1,99,99,0,99,5,0.0,0,493
493000,1,99,99,0,99,7,0.0,0,493
493000,1,99,99,0,99,3,0.9999999999996065,0,493
493000,1,99,99,0,99,9,0.0,0,493
493000,1,99,99,0,99,11,0.0,0,493
493000,1,99,99,0,99,13,0.0,0,493
493000,1,99,99,0,99,15,0.0,0,493
493000,1,99,99,0,99,17,0.0,0,493
493000,1,99,99,0,99,19,0.0,0,493
494000,1,99,99,0,99,0,0,0,494
494000,1,99,99,0,99,8,0,0,494
494000,1,99,99,0,99,1,0.0,0,494
494000,1,99,99,0,99,5,0.0,0,494
494000,1,99,99,0,99,7,0.0,0,494
494000,1,99,99,0,99,3,1.0,0,494
494000,1,99,99,0,99,9,0.0,0,494
494000,1,99,99,0,99,11,0.0,0,494
494000,1,99,99,0,99,13,0.0,0,494
494000,1,99,99,0,99,15,0.0,0,494
494000,1,99,99,0,99,17,0.0,0,494
494000,1,99,99,0,99,19,0.0,0,494
495000,1,99,99,0,99,0,0,0,495
495000,1,99,99,0,99,8,0,0,495
495000,1,99,99,0,99,1,0.0,0,495
495000,1,99,99,0,99,5,0.0,0,495
495000,1,99,99,0,99,7,0.0,0,495
495000,1,99,99,0,99,3,0.999999999568019,0,495
495000,1,99,99,0,99,9,0.0,0,495
495000,1,99,99,0,99,11,0.0,0,495
495000,1,99,99,0,99,13,0.0,0,495
495000,1,99,99,0,99,15,0.0,0,495
495000,1,99,99,0,99,17,0.0,0,495
495000,1,99,99,0,99,19,0.0,0,495
496000,1,99,99,0,99,0,0,0,496
496000,1,99,99,0,99,8,0,0,496
496000,1,99,99,0,99,1,0.0,0,496
496000,1,99,99,0,99,5,0.0,0,496
496000,1,99,99,0,99,7,0.0,0,496
496000,1,99,99,0,99,3,0.9999999892676974,0,496
496000,1,99,99,0,99,9,0.0,0,496
496000,1,99,99,0,99,11,0.0,0,496
496000,1,99,99,0,99,13,0.0,0,496
496000,1,99,99,0,99,15,0.0,0,496
496000,1,99,99,0,99,17,0.0,0,496
496000,1,99,99,0,99,19,0.0,0,496
497000,1,99,99,0,99,0,0,0,497
497000,1,99,99,0,99,8,0,0,497
497000,1,99,99,0,99,1,0.0,0,497
497000,1,99,99,0,99,5,0.0,0,497
497000,1,99,99,0,99,7,0.0,0,497
497000,1,99,99,0,99,3,0.9999997493550538,0,497
497000,1,99,99,0,99,9,0.0,0,497
497000,1,99,99,0,99,11,0.0,0,497
497000,1,99,99,0,99,13,0.0,0,497
497000,1,99,99,0,99,15,0.0,0,497
497000,1,99,99,0,99,17,0.0,0,497
497000,1,99,99,0,99,19,0.0,0,497
498000,1,99,99,0,99,0,0,0,498
498000,1,99,99,0,99,8,0,0,498
498000,1,99,99,0,99,1,0.0,0,498
498000,1,99,99,0,99,5,0.0,0,498
498000,1,99,99,0,99,7,0.0,0,498
498000,1,99,99,0,99,3,0.0,0,498
498000,1,99,99,0,99,9,0.9997139273320322,0,498
498000,1,99,99,0,99,11,0.0,0,498
498000,1,99,99,0,99,13,0.0,0,498
498000,1,99,99,0,99,15,0.0,0,498
498000,1,99,99,0,99,17,0.0,0,498
498000,1,99,99,0,99,19,0.0,0,498
499000,1,99,99,0,99,0,0,0,499
499000,1,99,99,0,99,8,0,0,499
499000,1,99,99,0,99,1,0.0,0,499
499000,1,99,99,0,99,5,0.0,0,499
499000,1,99,99,0,99,7,1.0,0,499
499000,1,99,99,0,99,3,0.0,0,499
499000,1,99,99,0,99,9,0.0,0,499
499000,1,99,99,0,99,11,0.0,0,499
499000,1,99,99,0,99,13,0.0,0,499
499000,1,99,99,0,99,15,0.0,0,499
499000,1,99,99,0,99,17,0.0,0,499
499000,1,99,99,0,99,19,0.0,0,499
500000,1,99,99,0,99,0,1,0,500
500000,1,99,99,0,99,8,0,0,500
500000,1,99,99,0,99,1,0.0,0,500
500000,1,99,99,0,99,5,0.0,0,500
500000,1,99,99,0,99,7,0.0,0,500
500000,1,99,99,0,99,3,0.0,0,500
500000,1,99,99,0,99,9,0.0,0,500
500000,1,99,99,0,99,11,0.0,0,500
500000,1,99,99,0,99,13,0.0,0,500
500000,1,99,99,0,99,15,0.0,0,500
500000,1,99,99,0,99,17,0.0,0,500
500000,1,99,99,0,99,19,0.0,0,500
501000,1,99,99,0,99,0,1,0,501
501000,1,99,99,0,99,8,0,0,501
501000,1,99,99,0,99,1,0.0,0,501
501000,1,99,99,0,99,5,0.0,0,501
501000,1,99,99,0,99,7,0.0,0,501
501000,1,99,99,0,99,3,0.0,0,501
501000,1,99,99,0,99,9,0.0,0,501
501000,1,99,99,0,99,11,0.0,0,501
501000,1,99,99,0,99,13,0.0,0,501
501000,1,99,99,0,99,15,0.0,0,501
501000,1,99,99,0,99,17,0.0,0,501
501000,1,99,99,0,99,19,0.0,0,501
502000,1,99,99,0,99,0,0,0,502
502000,1,99,99,0,99,8,0,0,502
502000,1,99,99,0,99,1,0.0,0,502
502000,1,99,99,0,99,5,0.0,0,502
502000,1,99,99,0,99,7,1.0,0,502
502000,1,99,99,0,99,3,0.0,0,502
502000,1,99,99,0,99,9,0.0,0,502
502000,1,99,99,0,99,11,0.0,0,502
502000,1,99,99,0,99,13,0.0,0,502
502000,1,99,99,0,99,15,0.0,0,502
502000,1,99,99,0,99,17,0.0,0,502
502000,1,99,99,0,99,19,0.0,0,502
503000,1,99,99,0,99,0,0,0,503
503000,1,99,99,0,99,8,0,0,503
503000,1,99,99,0,99,1,0.0,0,503
503000,1,99,99,0,99,5,0.0,0,503
503000,1,99,99,0,99,7,0.0,0,503
503000,1,99,99,0,99,3,1.0,0,503
503000,1,99,99,0,99,9,0.0,0,503
503000,1,99,99,0,99,11,0.0,0,503
503000,1,99,99,0,99,13,0.0,0,503
503000,1,99,99,0,99,15,0.0,0,503
503000,1,99,99,0,99,17,0.0,0,503
503000,1,99,99,0,99,19,0.0,0,503
504000,1,99,99,0,99,0,0,0,504
504000,1,99,99,0,99,8,0,0,504
504000,1,99,99,0,99,1,0.0,0,504
504000,1,99,99,0,99,5,0.0,0,504
504000,1,99,99,0,99,7,0.0,0,504
504000,1,99,99,0,99,3,0.0,0,504
504000,1,99,99,0,99,9,0.9999999619030002,0,504
504000,1,99,99,0,99,11,0.0,0,504
504000,1,99,99,0,99,13,0.0,0,504
504000,1,99,99,0,99,15,0.0,0,504
504000,1,99,99,0,99,17,0.0,0,504
504000,1,99,99,0,99,19,0.0,0,504
505000,1,99,99,0,99,0,0,0,505
505000,1,99,99,0,99,8,0,0,505
505000,1,99,99,0,99,1,0.0,0,505
505000,1,99,99,0,99,5,0.0,0,505
505000,1,99,99,0,99,7,0.0,0,505
505000,1,99,99,0,99,3,0.999999919916799,0,505
505000,1,99,99,0,99,9,0.0,0,505
505000,1,99,99,0,99,11,0.0,0,505
505000,1,99,99,0,99,13,0.0,0,505
505000,1,99,99,0,99,15,0.0,0,505
505000,1,99,99,0,99,17,0.0,0,505
505000,1,99,99,0,99,19,0.0,0,505
506000,1,99,99,0,99,0,0,0,506
506000,1,99,99,0,99,8,0,0,506
506000,1,99,99,0,99,1,0.0,0,506
506000,1,99,99,0,99,5,0.0,0,506
506000,1,99,99,0,99,7,0.0,0,506
506000,1,99,99,0,99,3,0.9999989779525694,0,506
506000,1,99,99,0,99,9,0.0,0,506
506000,1,99,99,0,99,11,0.0,0,506
506000,1,99,99,0,99,13,0.0,0,506
506000,1,99,99,0,99,15,0.0,0,506
506000,1,99,99,0,99,17,0.0,0,506
506000,1,99,99,0,99,19,0.0,0,506
507000,1,99,99,0,99,0,0,0,507
507000,1,99,99,0,99,8,0,0,507
507000,1,99,99,0,99,1,0.0,0,507
507000,1,99,99,0,99,5,0.0,0,507
507000,1,99,99,0,99,7,0.0,0,507
507000,1,99,99,0,99,3,0.9999968076524818,0,507
507000,1,99,99,0,99,9,0.0,0,507
507000,1,99,99,0,99,11,0.0,0,507
507000,1,99,99,0,99,13,0.0,0,507
507000,1,99,99,0,99,15,0.0,0,507
507000,1,99,99,0,99,17,0.0,0,507
507000,1,99,99,0,99,19,0.0,0,507
508000,1,99,99,0,99,0,0,0,508
508000,1,99,99,0,99,8,0,0,508
508000,1,99,99,0,99,1,0.0,0,508
508000,1,99,99,0,99,5,0.0,0,508
508000,1,99,99,0,99,7,0.0,0,508
508000,1,99,99,0,99,3,0.9998582990993242,0,508
508000,1,99,99,0,99,9,0.0,0,508
508000,1,99,99,0,99,11,0.0,0,508
508000,1,99,99,0,99,13,0.0,0,508
508000,1,99,99,0,99,15,0.0,0,508
508000,1,99,99,0,99,17,0.0,0,508
508000,1,99,99,0,99,19,0.0,0,508
509000,1,99,99,0,99,0,0,0,509
509000,1,99,99,0,99,8,0,0,509
509000,1,99,99,0,99,1,0.0,0,509
509000,1,99,99,0,99,5,0.0,0,509
509000,1,99,99,0,99,7,0.01346452153471908,0,509
509000,1,99,99,0,99,3,0.9865354784652809,0,509
509000,1,99,99,0,99,9,0.0,0,509
509000,1,99,99,0,99,11,0.0,0,509
509000,1,99,99,0,99,13,0.0,0,509
509000,1,99,99,0,99,15,0.0,0,509
509000,1,99,99,0,99,17,0.0,0,509
509000,1,99,99,0,99,19,0.0,0,509
510000,1,99,99,0,99,0,0,0,510
510000,1,99,99,0,99,8,0,0,510
510000,1,99,99,0,99,1,0.0,0,510
510000,1,99,99,0,99,5,0.0,0,510
510000,1,99,99,0,99,7,0.9048328681649497,0,510
510000,1,99,99,0,99,3,0.09516713183505039,0,510
510000,1,99,99,0,99,9,0.0,0,510
510000,1,99,99,0,99,11,0.0,0,510
510000,1,99,99,0,99,13,0.0,0,510
510000,1,99,99,0,99,15,0.0,0,510
510000,1,99,99,0,99,17,0.0,0,510
510000,1,99,99,0,99,19,0.0,0,510
511000,1,99,99,0,99,0,0,0,511
511000,1,99,99,0,99,8,0,0,511
511000,1,99,99,0,99,1,0.0,0,511
511000,1,99,99,0,99,5,0.0,0,511
511000,1,99,99,0,99,7,0.9989246337809787,0,511
511000,1,99,99,0,99,3,0.001075366219021284,0,511
511000,1,99,99,0,99,9,0.0,0,511
511000,1,99,99,0,99,11,0.0,0,511
511000,1,99,99,0,99,13,0.0,0,511
511000,1,99,99,0,99,15,0.0,0,511
511000,1,99,99,0,99,17,0.0,0,511
511000,1,99,99,0,99,19,0.0,0,511
512000,1,99,99,0,99,0,0,0,512
512000,1,99,99,0,99,8,0,0,512
512000,1,99,99,0,99,1,0.0,0,512
512000,1,99,99,0,99,5,0.0,0,512
512000,1,99,99,0,99,7,1.0,0,512
512000,1,99,99,0,99,3,0.0,0,512
512000,1,99,99,0,99,9,0.0,0,512
512000,1,99,99,0,99,11,0.0,0,512
512000,1,99,99,0,99,13,0.0,0,512
512000,1,99,99,0,99,15,0.0,0,512
512000,1,99,99,0,99,17,0.0,0,512
512000,1,99,99,0,99,19,0.0,0,512
513000,1,99,99,0,99,0,0,0,513
513000,1,99,99,0,99,8,0,0,513
513000,1,99,99,0,99,1,0.0,0,513
513000,1,99,99,0,99,5,0.0,0,513
513000,1,99,99,0,99,7,1.0,0,513
513000,1,99,99,0,99,3,0.0,0,513
513000,1,99,99,0,99,9,0.0,0,513
513000,1,99,99,0,99,11,0.0,0,513
513000,1,99,99,0,99,13,0.0,0,513
513000,1,99,99,0,99,15,0.0,0,513
513000,1,99,99,0,99,17,0.0,0,513
513000,1,99,99,0,99,19,0.0,0,513
514000,1,99,99,0,99,0,0,0,514
514000,1,99,99,0,99,8,0,0,514
514000,1,99,99,0,99,1,0.0,0,514
514000,1,99,99,0,99,5,0.0,0,514
514000,1,99,99,0,99,7,1.0,0,514
514000,1,99,99,0,99,3,0.0,0,514
514000,1,99,99,0,99,9,0.0,0,514
514000,1,99,99,0,99,11,0.0,0,514
514000,1,99,99,0,99,13,0.0,0,514
514000,1,99,99,0,99,15,0.0,0,514
514000,1,99,99,0,99,17,0.0,0,514
514000,1,99,99,0,99,19,0.0,0,514
515000,1,99,99,0,99,0,0,0,515
515000,1,99,99,0,99,8,0,0,515
515000,1,99,99,0,99,1,0.0,0,515
515000,1,99,99,0,99,5,0.0,0,515
515000,1,99,99,0,99,7,1.0,0,515
515000,1,99,99,0,99,3,0.0,0,515
515000,1,99,99,0,99,9,0.0,0,515
515000,1,99,99,0,99,11,0.0,0,515
515000,1,99,99,0,99,13,0.0,0,515
515000,1,99,99,0,99,15,0.0,0,515
515000,1,99,99,0,99,17,0.0,0,515
515000,1,99,99,0,99,19,0.0,0,515
516000,1,99,99,0,99,0,0,0,516
516000,1,99,99,0,99,8,0,0,516
516000,1,99,99,0,99,1,0.0,0,516
516000,1,99,99,0,99,5,0.0,0,516
516000,1,99,99,0,99,7,1.0,0,516
516000,1,99,99,0,99,3,0.0,0,516
516000,1,99,99,0,99,9,0.0,0,516
516000,1,99,99,0,99,11,0.0,0,516
516000,1,99,99,0,99,13,0.0,0,516
516000,1,99,99,0,99,15,0.0,0,516
516000,1,99,99,0,99,17,0.0,0,516
516000,1,99,99,0,99,19,0.0,0,516
517000,1,99,99,0,99,0,0,0,517
517000,1,99,99,0,99,8,0,0,517
517000,1,99,99,0,99,1,0.0,0,517
517000,1,99,99,0,99,5,0.0,0,517
517000,1,99,99,0,99,7,1.0,0,517
517000,1,99,99,0,99,3,0.0,0,517
517000,1,99,99,0,99,9,0.0,0,517
517000,1,99,99,0,99,11,0.0,0,517
517000,1,99,99,0,99,13,0.0,0,517
517000,1,99,99,0,99,15,0.0,0,517
517000,1,99,99,0,99,17,0.0,0,517
517000,1,99,99,0,99,19,0.0,0,517
518000,1,99,99,0,99,0,0,0,518
518000,1,99,99,0,99,8,0,0,518
518000,1,99,99,0,99,1,0.0,0,518
518000,1,99,99,0,99,5,0.0,0,518
518000,1,99,99,0,99,7,1.0,0,518
518000,1,99,99,0,99,3,0.0,0,518
518000,1,99,99,0,99,9,0.0,0,518
518000,1,99,99,0,99,11,0.0,0,518
518000,1,99,99,0,99,13,0.0,0,518
518000,1,99,99,0,99,15,0.0,0,518
518000,1,99,99,0,99,17,0.0,0,518
518000,1,99,99,0,99,19,0.0,0,518
519000,1,99,99,0,99,0,0,0,519
519000,1,99,99,0,99,8,0,0,519
519000,1,99,99,0,99,1,0.0,0,519
519000,1,99,99,0,99,5,0.0,0,519
519000,1,99,99,0,99,7,1.0,0,519
519000,1,99,99,0,99,3,0.0,0,519
519000,1,99,99,0,99,9,0.0,0,519
519000,1,99,99,0,99,11,0.0,0,519
519000,1,99,99,0,99,13,0.0,0,519
519000,1,99,99,0,99,15,0.0,0,519
519000,1,99,99,0,99,17,0.0,0,519
519000,1,99,99,0,99,19,0.0,0,519
520000,1,99,99,0,99,0,0,0,520
520000,1,99,99,0,99,8,0,0,520
520000,1,99,99,0,99,1,0.0,0,520
520000,1,99,99,0,99,5,0.0,0,520
520000,1,99,99,0,99,7,1.0,0,520
520000,1,99,99,0,99,3,0.0,0,520
520000,1,99,99,0,99,9,0.0,0,520
520000,1,99,99,0,99,11,0.0,0,520
520000,1,99,99,0,99,13,0.0,0,520
520000,1,99,99,0,99,15,0.0,0,520
520000,1,99,99,0,99,17,0.0,0,520
520000,1,99,99,0,99,19,0.0,0,520
521000,1,99,99,0,99,0,0,0,521
521000,1,99,99,0,99,8,0,0,521
521000,1,99,99,0,99,1,0.0,0,521
521000,1,99,99,0,99,5,0.0,0,521
521000,1,99,99,0,99,7,1.0,0,521
521000,1,99,99,0,99,3,0.0,0,521
521000,1,99,99,0,99,9,0.0,0,521
521000,1,99,99,0,99,11,0.0,0,521
521000,1,99,99,0,99,13,0.0,0,521
521000,1,99,99,0,99,15,0.0,0,521
521000,1,99,99,0,99,17,0.0,0,521
521000,1,99,99,0,99,19,0.0,0,521
522000,1,99,99,0,99,0,0,0,522
522000,1,99,99,0,99,8,0,0,522
522000,1,99,99,0,99,1,0.0,0,522
522000,1,99,99,0,99,5,0.0,0,522
522000,1,99,99,0,99,7,1.0,0,522
522000,1,99,99,0,99,3,0.0,0,522
522000,1,99,99,0,99,9,0.0,0,522
522000,1,99,99,0,99,11,0.0,0,522
522000,1,99,99,0,99,13,0.0,0,522
522000,1,99,99,0,99,15,0.0,0,522
522000,1,99,99,0,99,17,0.0,0,522
522000,1,99,99,0,99,19,0.0,0,522
523000,1,99,99,0,99,0,0,0,523
523000,1,99,99,0,99,8,0,0,523
523000,1,99,99,0,99,1,0.0,0,523
523000,1,99,99,0,99,5,0.0,0,523
523000,1,99,99,0,99,7,1.0,0,523
523000,1,99,99,0,99,3,0.0,0,523
523000,1,99,99,0,99,9,0.0,0,523
523000,1,99,99,0,99,11,0.0,0,523
523000,1,99,99,0,99,13,0.0,0,523
523000,1,99,99,0,99,15,0.0,0,523
523000,1,99,99,0,99,17,0.0,0,523
523000,1,99,99,0,99,19,0.0,0,523
524000,1,99,99,0,99,0,0,0,524
524000,1,99,99,0,99,8,0,0,524
524000,1,99,99,0,99,1,0.0,0,524
524000,1,99,99,0,99,5,0.0,0,524
524000,1,99,99,0,99,7,1.0,0,524
524000,1,99,99,0,99,3,0.0,0,524
524000,1,99,99,0,99,9,0.0,0,524
524000,1,99,99,0,99,11,0.0,0,524
524000,1,99,99,0,99,13,0.0,0,524
524000,1,99,99,0,99,15,0.0,0,524
524000,1,99,99,0,99,17,0.0,0,524
524000,1,99,99,0,99,19,0.0,0,524
525000,1,99,99,0,99,0,0,0,525
525000,1,99,99,0,99,8,0,0,525
525000,1,99,99,0,99,1,0.0,0,525
525000,1,99,99,0,99,5,0.0,0,525
525000,1,99,99,0,99,7,1.0,0,525
525000,1,99,99,0,99,3,0.0,0,525
525000,1,99,99,0,99,9,0.0,0,525
525000,1,99,99,0,99,11,0.0,0,525
525000,1,99,99,0,99,13,0.0,0,525
525000,1,99,99,0,99,15,0.0,0,525
525000,1,99,99,0,99,17,0.0,0,525
525000,1,99,99,0,99,19,0.0,0,525
526000,1,99,99,0,99,0,0,0,526
526000,1,99,99,0,99,8,0,0,526
526000,1,99,99,0,99,1,0.0,0,526
526000,1,99,99,0,99,5,0.0,0,526
526000,1,99,99,0,99,7,1.0,0,526
526000,1,99,99,0,99,3,0.0,0,526
526000,1,99,99,0,99,9,0.0,0,526
526000,1,99,99,0,99,11,0.0,0,526
526000,1,99,99,0,99,13,0.0,0,526
526000,1,99,99,0,99,15,0.0,0,526
526000,1,99,99,0,99,17,0.0,0,526
526000,1,99,99,0,99,19,0.0,0,526
527000,1,99,99,0,99,0,0,0,527
527000,1,99,99,0,99,8,0,0,527
527000,1,99,99,0,99,1,0.0,0,527
527000,1,99,99,0,99,5,0.0,0,527
527000,1,99,99,0,99,7,1.0,0,527
527000,1,99,99,0,99,3,0.0,0,527
527000,1,99,99,0,99,9,0.0,0,527
527000,1,99,99,0,99,11,0.0,0,527
527000,1,99,99,0,99,13,0.0,0,527
527000,1,99,99,0,99,15,0.0,0,527
527000,1,99,99,0,99,17,0.0,0,527
527000,1,99,99,0,99,19,0.0,0,527
528000,1,99,99,0,99,0,0,0,528
528000,1,99,99,0,99,8,0,0,528
528000,1,99,99,0,99,1,0.0,0,528
528000,1,99,99,0,99,5,0.0,0,528
528000,1,99,99,0,99,7,1.0,0,528
528000,1,99,99,0,99,3,0.0,0,528
528000,1,99,99,0,99,9,0.0,0,528
528000,1,99,99,0,99,11,0.0,0,528
528000,1,99,99,0,99,13,0.0,0,528
528000,1,99,99,0,99,15,0.0,0,528
528000,1,99,99,0,99,17,0.0,0,528
528000,1,99,99,0,99,19,0.0,0,528
529000,1,99,99,0,99,0,0,0,529
529000,1,99,99,0,99,8,0,0,529
529000,1,99,99,0,99,1,0.0,0,529
529000,1,99,99,0,99,5,0.0,0,529
529000,1,99,99,0,99,7,1.0,0,529
529000,1,99,99,0,99,3,0.0,0,529
529000,1,99,99,0,99,9,0.0,0,529
529000,1,99,99,0,99,11,0.0,0,529
529000,1,99,99,0,99,13,0.0,0,529
529000,1,99,99,0,99,15,0.0,0,529
529000,1,99,99,0,99,17,0.0,0,529
529000,1,99,99,0,99,19,0.0,0,529
530000,1,99,99,0,99,0,0,0,530
530000,1,99,99,0,99,8,0,0,530
530000,1,99,99,0,99,1,0.0,0,530
530000,1,99,99,0,99,5,0.0,0,530
530000,1,99,99,0,99,7,1.0,0,530
530000,1,99,99,0,99,3,0.0,0,530
530000,1,99,99,0,99,9,0.0,0,530
530000,1,99,99,0,99,11,0.0,0,530
530000,1,99,99,0,99,13,0.0,0,530
530000,1,99,99,0,99,15,0.0,0,530
530000,1,99,99,0,99,17,0.0,0,530
530000,1,99,99,0,99,19,0.0,0,530
531000,1,99,99,0,99,0,0,0,531
531000,1,99,99,0,99,8,0,0,531
531000,1,99,99,0,99,1,0.0,0,531
531000,1,99,99,0,99,5,0.0,0,531
531000,1,99,99,0,99,7,1.0,0,531
531000,1,99,99,0,99,3,0.0,0,531
531000,1,99,99,0,99,9,0.0,0,531
531000,1,99,99,0,99,11,0.0,0,531
531000,1,99,99,0,99,13,0.0,0,531
531000,1,99,99,0,99,15,0.0,0,531
531000,1,99,99,0,99,17,0.0,0,531
531000,1,99,99,0,99,19,0.0,0,531
532000,1,99,99,0,99,0,0,0,532
532000,1,99,99,0,99,8,0,0,532
532000,1,99,99,0,99,1,0.0,0,532
532000,1,99,99,0,99,5,0.0,0,532
532000,1,99,99,0,99,7,1.0,0,532
532000,1,99,99,0,99,3,0.0,0,532
532000,1,99,99,0,99,9,0.0,0,532
532000,1,99,99,0,99,11,0.0,0,532
532000,1,99,99,0,99,13,0.0,0,532
532000,1,99,99,0,99,15,0.0,0,532
532000,1,99,99,0,99,17,0.0,0,532
532000,1,99,99,0,99,19,0.0,0,532
533000,1,99,99,0,99,0,0,0,533
533000,1,99,99,0,99,8,0,0,533
533000,1,99,99,0,99,1,0.0,0,533
533000,1,99,99,0,99,5,0.0,0,533
533000,1,99,99,0,99,7,1.0,0,533
533000,1,99,99,0,99,3,0.0,0,533
533000,1,99,99,0,99,9,0.0,0,533
533000,1,99,99,0,99,11,0.0,0,533
533000,1,99,99,0,99,13,0.0,0,533
533000,1,99,99,0,99,15,0.0,0,533
533000,1,99,99,0,99,17,0.0,0,533
533000,1,99,99,0,99,19,0.0,0,533
534000,1,99,99,0,99,0,0,0,534
534000,1,99,99,0,99,8,0,0,534
534000,1,99,99,0,99,1,0.0,0,534
534000,1,99,99,0,99,5,0.0,0,534
534000,1,99,99,0,99,7,0.0,0,534
534000,1,99,99,0,99,3,0.0,0,534
534000,1,99,99,0,99,9,0.0,0,534
534000,1,99,99,0,99,11,0.0,0,534
534000,1,99,99,0,99,13,0.0,0,534
534000,1,99,99,0,99,15,0.0,0,534
534000,1,99,99,0,99,17,1.0,0,534
534000,1,99,99,0,99,19,0.0,0,534
535000,1,99,99,0,99,0,0,0,535
535000,1,99,99,0,99,8,0,0,535
535000,1,99,99,0,99,1,0.0,0,535
535000,1,99,99,0,99,5,0.0,0,535
535000,1,99,99,0,99,7,1.0,0,535
535000,1,99,99,0,99,3,0.0,0,535
535000,1,99,99,0,99,9,0.0,0,535
535000,1,99,99,0,99,11,0.0,0,535
535000,1,99,99,0,99,13,0.0,0,535
535000,1,99,99,0,99,15,0.0,0,535
535000,1,99,99,0,99,17,0.0,0,535
535000,1,99,99,0,99,19,0.0,0,535
536000,1,99,99,0,99,0,0,0,536
536000,1,99,99,0,99,8,0,0,536
536000,1,99,99,0,99,1,0.0,0,536
536000,1,99,99,0,99,5,0.0,0,536
536000,1,99,99,0,99,7,1.0,0,536
536000,1,99,99,0,99,3,0.0,0,536
536000,1,99,99,0,99,9,0.0,0,536
536000,1,99,99,0,99,11,0.0,0,536
536000,1,99,99,0,99,13,0.0,0,536
536000,1,99,99,0,99,15,0.0,0,536
536000,1,99,99,0,99,17,0.0,0,536
536000,1,99,99,0,99,19,0.0,0,536
537000,1,99,99,0,99,0,0,0,537
537000,1,99,99,0,99,8,0,0,537
537000,1,99,99,0,99,1,0.0,0,537
537000,1,99,99,0,99,5,0.0,0,537
537000,1,99,99,0,99,7,1.0,0,537
537000,1,99,99,0,99,3,0.0,0,537
537000,1,99,99,0,99,9,0.0,0,537
537000,1,99,99,0,99,11,0.0,0,537
537000,1,99,99,0,99,13,0.0,0,537
537000,1,99,99,0,99,15,0.0,0,537
537000,1,99,99,0,99,17,0.0,0,537
537000,1,99,99,0,99,19,0.0,0,537
538000,1,99,99,0,99,0,0,0,538
538000,1,99,99,0,99,8,0,0,538
538000,1,99,99,0,99,1,0.0,0,538
538000,1,99,99,0,99,5,0.0,0,538
538000,1,99,99,0,99,7,1.0,0,538
538000,1,99,99,0,99,3,0.0,0,538
538000,1,99,99,0,99,9,0.0,0,538
538000,1,99,99,0,99,11,0.0,0,538
538000,1,99,99,0,99,13,0.0,0,538
538000,1,99,99,0,99,15,0.0,0,538
538000,1,99,99,0,99,17,0.0,0,538
538000,1,99,99,0,99,19,0.0,0,538
539000,1,99,99,0,99,0,0,0,539
539000,1,99,99,0,99,8,0,0,539
539000,1,99,99,0,99,1,0.0,0,539
539000,1,99,99,0,99,5,0.0,0,539
539000,1,99,99,0,99,7,1.0,0,539
539000,1,99,99,0,99,3,0.0,0,539
539000,1,99,99,0,99,9,0.0,0,539
539000,1,99,99,0,99,11,0.0,0,539
539000,1,99,99,0,99,13,0.0,0,539
539000,1,99,99,0,99,15,0.0,0,539
539000,1,99,99,0,99,17,0.0,0,539
539000,1,99,99,0,99,19,0.0,0,539
540000,1,99,99,0,99,0,0,0,540
540000,1,99,99,0,99,8,0,0,540
540000,1,99,99,0,99,1,0.0,0,540
540000,1,99,99,0,99,5,0.0,0,540
540000,1,99,99,0,99,7,1.0,0,540
540000,1,99,99,0,99,3,0.0,0,540
540000,1,99,99,0,99,9,0.0,0,540
540000,1,99,99,0,99,11,0.0,0,540
540000,1,99,99,0,99,13,0.0,0,540
540000,1,99,99,0,99,15,0.0,0,540
540000,1,99,99,0,99,17,0.0,0,540
540000,1,99,99,0,99,19,0.0,0,540
541000,1,99,99,0,99,0,0,0,541
541000,1,99,99,0,99,8,0,0,541
541000,1,99,99,0,99,1,0.0,0,541
541000,1,99,99,0,99,5,0.0,0,541
541000,1,99,99,0,99,7,1.0,0,541
541000,1,99,99,0,99,3,0.0,0,541
541000,1,99,99,0,99,9,0.0,0,541
541000,1,99,99,0,99,11,0.0,0,541
541000,1,99,99,0,99,13,0.0,0,541
541000,1,99,99,0,99,15,0.0,0,541
541000,1,99,99,0,99,17,0.0,0,541
541000,1,99,99,0,99,19,0.0,0,541
542000,1,99,99,0,99,0,0,0,542
542000,1,99,99,0,99,8,0,0,542
542000,1,99,99,0,99,1,0.0,0,542
542000,1,99,99,0,99,5,0.0,0,542
542000,1,99,99,0,99,7,1.0,0,542
542000,1,99,99,0,99,3,0.0,0,542
542000,1,99,99,0,99,9,0.0,0,542
542000,1,99,99,0,99,11,0.0,0,542
542000,1,99,99,0,99,13,0.0,0,542
542000,1,99,99,0,99,15,0.0,0,542
542000,1,99,99,0,99,17,0.0,0,542
542000,1,99,99,0,99,19,0.0,0,542
543000,1,99,99,0,99,0,0,0,543
543000,1,99,99,0,99,8,0,0,543
543000,1,99,99,0,99,1,0.0,0,543
543000,1,99,99,0,99,5,0.0,0,543
543000,1,99,99,0,99,7,1.0,0,543
543000,1,99,99,0,99,3,0.0,0,543
543000,1,99,99,0,99,9,0.0,0,543
543000,1,99,99,0,99,11,0.0,0,543
543000,1,99,99,0,99,13,0.0,0,543
543000,1,99,99,0,99,15,0.0,0,543
543000,1,99,99,0,99,17,0.0,0,543
543000,1,99,99,0,99,19,0.0,0,543
544000,1,99,99,0,99,0,0,0,544
544000,1,99,99,0,99,8,0,0,544
544000,1,99,99,0,99,1,0.0,0,544
544000,1,99,99,0,99,5,0.0,0,544
544000,1,99,99,0,99,7,1.0,0,544
544000,1,99,99,0,99,3,0.0,0,544
544000,1,99,99,0,99,9,0.0,0,544
544000,1,99,99,0,99,11,0.0,0,544
544000,1,99,99,0,99,13,0.0,0,544
544000,1,99,99,0,99,15,0.0,0,544
544000,1,99,99,0,99,17,0.0,0,544
544000,1,99,99,0,99,19,0.0,0,544
545000,1,99,99,0,99,0,0,0,545
545000,1,99,99,0,99,8,0,0,545
545000,1,99,99,0,99,1,0.0,0,545
545000,1,99,99,0,99,5,0.0,0,545
545000,1,99,99,0,99,7,1.0,0,545
545000,1,99,99,0,99,3,0.0,0,545
545000,1,99,99,0,99,9,0.0,0,545
545000,1,99,99,0,99,11,0.0,0,545
545000,1,99,99,0,99,13,0.0,0,545
545000,1,99,99,0,99,15,0.0,0,545
545000,1,99,99,0,99,17,0.0,0,545
545000,1,99,99,0,99,19,0.0,0,545
546000,1,99,99,0,99,0,0,0,546
546000,1,99,99,0,99,8,0,0,546
546000,1,99,99,0,99,1,0.0,0,546
546000,1,99,99,0,99,5,0.0,0,546
546000,1,99,99,0,99,7,1.0,0,546
546000,1,99,99,0,99,3,0.0,0,546
546000,1,99,99,0,99,9,0.0,0,546
546000,1,99,99,0,99,11,0.0,0,546
546000,1,99,99,0,99,13,0.0,0,546
546000,1,99,99,0,99,15,0.0,0,546
546000,1,99,99,0,99,17,0.0,0,546
546000,1,99,99,0,99,19,0.0,0,546
547000,1,99,99,0,99,0,0,0,547
547000,1,99,99,0,99,8,0,0,547
547000,1,99,99,0,99,1,0.0,0,547
547000,1,99,99,0,99,5,0.0,0,547
547000,1,99,99,0,99,7,1.0,0,547
547000,1,99,99,0,99,3,0.0,0,547
547000,1,99,99,0,99,9,0.0,0,547
547000,1,99,99,0,99,11,0.0,0,547
547000,1,99,99,0,99,13,0.0,0,547
547000,1,99,99,0,99,15,0.0,0,547
547000,1,99,99,0,99,17,0.0,0,547
547000,1,99,99,0,99,19,0.0,0,547
548000,1,99,99,0,99,0,0,0,548
548000,1,99,99,0,99,8,0,0,548
548000,1,99,99,0,99,1,0.0,0,548
548000,1,99,99,0,99,5,0.0,0,548
548000,1,99,99,0,99,7,1.0,0,548
548000,1,99,99,0,99,3,0.0,0,548
548000,1,99,99,0,99,9,0.0,0,548
548000,1,99,99,0,99,11,0.0,0,548
548000,1,99,99,0,99,13,0.0,0,548
548000,1,99,99,0,99,15,0.0,0,548
548000,1,99,99,0,99,17,0.0,0,548
548000,1,99,99,0,99,19,0.0,0,548
549000,1,99,99,0,99,0,0,0,549
549000,1,99,99,0,99,8,0,0,549
549000,1,99,99,0,99,1,0.0,0,549
549000,1,99,99,0,99,5,0.0,0,549
549000,1,99,99,0,99,7,1.0,0,549
549000,1,99,99,0,99,3,0.0,0,549
549000,1,99,99,0,99,9,0.0,0,549
549000,1,99,99,0,99,11,0.0,0,549
549000,1,99,99,0,99,13,0.0,0,549
549000,1,99,99,0,99,15,0.0,0,549
549000,1,99,99,0,99,17,0.0,0,549
549000,1,99,99,0,99,19,0.0,0,549
550000,1,99,99,0,99,0,0,0,550
550000,1,99,99,0,99,8,0,0,550
550000,1,99,99,0,99,1,0.0,0,550
550000,1,99,99,0,99,5,0.0,0,550
550000,1,99,99,0,99,7,1.0,0,550
550000,1,99,99,0,99,3,0.0,0,550
550000,1,99,99,0,99,9,0.0,0,550
550000,1,99,99,0,99,11,0.0,0,550
550000,1,99,99,0,99,13,0.0,0,550
550000,1,99,99,0,99,15,0.0,0,550
550000,1,99,99,0,99,17,0.0,0,550
550000,1,99,99,0,99,19,0.0,0,550
551000,1,99,99,0,99,0,0,0,551
551000,1,99,99,0,99,8,0,0,551
551000,1,99,99,0,99,1,0.0,0,551
551000,1,99,99,0,99,5,0.0,0,551
551000,1,99,99,0,99,7,1.0,0,551
551000,1,99,99,0,99,3,0.0,0,551
551000,1,99,99,0,99,9,0.0,0,551
551000,1,99,99,0,99,11,0.0,0,551
551000,1,99,99,0,99,13,0.0,0,551
551000,1,99,99,0,99,15,0.0,0,551
551000,1,99,99,0,99,17,0.0,0,551
551000,1,99,99,0,99,19,0.0,0,551
552000,1,99,99,0,99,0,0,0,552
552000,1,99,99,0,99,8,0,0,552
552000,1,99,99,0,99,1,0.0,0,552
552000,1,99,99,0,99,5,0.0,0,552
552000,1,99,99,0,99,7,1.0,0,552
552000,1,99,99,0,99,3,0.0,0,552
552000,1,99,99,0,99,9,0.0,0,552
552000,1,99,99,0,99,11,0.0,0,552
552000,1,99,99,0,99,13,0.0,0,552
552000,1,99,99,0,99,15,0.0,0,552
552000,1,99,99,0,99,17,0.0,0,552
552000,1,99,99,0,99,19,0.0,0,552
553000,1,99,99,0,99,0,0,0,553
553000,1,99,99,0,99,8,0,0,553
553000,1,99,99,0,99,1,0.0,0,553
553000,1,99,99,0,99,5,0.0,0,553
553000,1,99,99,0,99,7,1.0,0,553
553000,1,99,99,0,99,3,0.0,0,553
553000,1,99,99,0,99,9,0.0,0,553
553000,1,99,99,0,99,11,0.0,0,553
553000,1,99,99,0,99,13,0.0,0,553
553000,1,99,99,0,99,15,0.0,0,553
553000,1,99,99,0,99,17,0.0,0,553
553000,1,99,99,0,99,19,0.0,0,553
554000,1,99,99,0,99,0,0,0,554
554000,1,99,99,0,99,8,0,0,554
554000,1,99,99,0,99,1,0.0,0,554
554000,1,99,99,0,99,5,0.0,0,554
554000,1,99,99,0,99,7,1.0,0,554
554000,1,99,99,0,99,3,0.0,0,554
554000,1,99,99,0,99,9,0.0,0,554
554000,1,99,99,0,99,11,0.0,0,554
554000,1,99,99,0,99,13,0.0,0,554
554000,1,99,99,0,99,15,0.0,0,554
554000,1,99,99,0,99,17,0.0,0,554
554000,1,99,99,0,99,19,0.0,0,554
555000,1,99,99,0,99,0,1,0,555
555000,1,99,99,0,99,8,0,0,555
555000,1,99,99,0,99,1,0.0,0,555
555000,1,99,99,0,99,5,0.0,0,555
555000,1,99,99,0,99,7,0.0,0,555
555000,1,99,99,0,99,3,0.0,0,555
555000,1,99,99,0,99,9,0.0,0,555
555000,1,99,99,0,99,11,0.0,0,555
555000,1,99,99,0,99,13,0.0,0,555
555000,1,99,99,0,99,15,0.0,0,555
555000,1,99,99,0,99,17,0.0,0,555
555000,1,99,99,0,99,19,0.0,0,555
556000,1,99,99,0,99,0,1,0,556
556000,1,99,99,0,99,8,0,0,556
556000,1,99,99,0,99,1,0.0,0,556
556000,1,99,99,0,99,5,0.0,0,556
556000,1,99,99,0,99,7,0.0,0,556
556000,1,99,99,0,99,3,0.0,0,556
556000,1,99,99,0,99,9,0.0,0,556
556000,1,99,99,0,99,11,0.0,0,556
556000,1,99,99,0,99,13,0.0,0,556
556000,1,99,99,0,99,15,0.0,0,556
556000,1,99,99,0,99,17,0.0,0,556
556000,1,99,99,0,99,19,0.0,0,556
557000,1,99,99,0,99,0,1,0,557
557000,1,99,99,0,99,8,0,0,557
557000,1,99,99,0,99,1,0.0,0,557
557000,1,99,99,0,99,5,0.0,0,557
557000,1,99,99,0,99,7,0.0,0,557
557000,1,99,99,0,99,3,0.0,0,557
557000,1,99,99,0,99,9,0.0,0,557
557000,1,99,99,0,99,11,0.0,0,557
557000,1,99,99,0,99,13,0.0,0,557
557000,1,99,99,0,99,15,0.0,0,557
557000,1,99,99,0,99,17,0.0,0,557
557000,1,99,99,0,99,19,0.0,0,557
558000,1,99,99,0,99,0,1,0,558
558000,1,99,99,0,99,8,0,0,558
558000,1,99,99,0,99,1,0.0,0,558
558000,1,99,99,0,99,5,0.0,0,558
558000,1,99,99,0,99,7,0.0,0,558
558000,1,99,99,0,99,3,0.0,0,558
558000,1,99,99,0,99,9,0.0,0,558
558000,1,99,99,0,99,11,0.0,0,558
558000,1,99,99,0,99,13,0.0,0,558
558000,1,99,99,0,99,15,0.0,0,558
558000,1,99,99,0,99,17,0.0,0,558
558000,1,99,99,0,99,19,0.0,0,558
559000,1,99,99,0,99,0,1,0,559
559000,1,99,99,0,99,8,0,0,559
559000,1,99,99,0,99,1,0.0,0,559
559000,1,99,99,0,99,5,0.0,0,559
559000,1,99,99,0,99,7,0.0,0,559
559000,1,99,99,0,99,3,0.0,0,559
559000,1,99,99,0,99,9,0.0,0,559
559000,1,99,99,0,99,11,0.0,0,559
559000,1,99,99,0,99,13,0.0,0,559
559000,1,99,99,0,99,15,0.0,0,559
559000,1,99,99,0,99,17,0.0,0,559
559000,1,99,99,0,99,19,0.0,0,559
560000,1,99,99,0,99,0,1,0,560
560000,1,99,99,0,99,8,0,0,560
560000,1,99,99,0,99,1,0.0,0,560
560000,1,99,99,0,99,5,0.0,0,560
560000,1,99,99,0,99,7,0.0,0,560
560000,1,99,99,0,99,3,0.0,0,560
560000,1,99,99,0,99,9,0.0,0,560
560000,1,99,99,0,99,11,0.0,0,560
560000,1,99,99,0,99,13,0.0,0,560
560000,1,99,99,0,99,15,0.0,0,560
560000,1,99,99,0,99,17,0.0,0,560
560000,1,99,99,0,99,19,0.0,0,560
561000,1,99,99,0,99,0,1,0,561
561000,1,99,99,0,99,8,0,0,561
561000,1,99,99,0,99,1,0.0,0,561
561000,1,99,99,0,99,5,0.0,0,561
561000,1,99,99,0,99,7,0.0,0,561
561000,1,99,99,0,99,3,0.0,0,561
561000,1,99,99,0,99,9,0.0,0,561
561000,1,99,99,0,99,11,0.0,0,561
561000,1,99,99,0,99,13,0.0,0,561
561000,1,99,99,0,99,15,0.0,0,561
561000,1,99,99,0,99,17,0.0,0,561
561000,1,99,99,0,99,19,0.0,0,561
562000,1,99,99,0,99,0,1,0,562
562000,1,99,99,0,99,8,0,0,562
562000,1,99,99,0,99,1,0.0,0,562
562000,1,99,99,0,99,5,0.0,0,562
562000,1,99,99,0,99,7,0.0,0,562
562000,1,99,99,0,99,3,0.0,0,562
562000,1,99,99,0,99,9,0.0,0,562
562000,1,99,99,0,99,11,0.0,0,562
562000,1,99,99,0,99,13,0.0,0,562
562000,1,99,99,0,99,15,0.0,0,562
562000,1,99,99,0,99,17,0.0,0,562
562000,1,99,99,0,99,19,0.0,0,562
563000,1,99,99,0,99,0,1,0,563
563000,1,99,99,0,99,8,0,0,563
563000,1,99,99,0,99,1,0.0,0,563
563000,1,99,99,0,99,5,0.0,0,563
563000,1,99,99,0,99,7,0.0,0,563
563000,1,99,99,0,99,3,0.0,0,563
563000,1,99,99,0,99,9,0.0,0,563
563000,1,99,99,0,99,11,0.0,0,563
563000,1,99,99,0,99,13,0.0,0,563
563000,1,99,99,0,99,15,0.0,0,563
563000,1,99,99,0,99,17,0.0,0,563
563000,1,99,99,0,99,19,0.0,0,563
564000,1,99,99,0,99,0,0,0,564
564000,1,99,99,0,99,8,0,0,564
564000,1,99,99,0,99,1,0.0,0,564
564000,1,99,99,0,99,5,0.0,0,564
564000,1,99,99,0,99,7,1.0,0,564
564000,1,99,99,0,99,3,0.0,0,564
564000,1,99,99,0,99,9,0.0,0,564
564000,1,99,99,0,99,11,0.0,0,564
564000,1,99,99,0,99,13,0.0,0,564
564000,1,99,99,0,99,15,0.0,0,564
564000,1,99,99,0,99,17,0.0,0,564
564000,1,99,99,0,99,19,0.0,0,564
565000,1,99,99,0,99,0,1,0,565
565000,1,99,99,0,99,8,0,0,565
565000,1,99,99,0,99,1,0.0,0,565
565000,1,99,99,0,99,5,0.0,0,565
565000,1,99,99,0,99,7,0.0,0,565
565000,1,99,99,0,99,3,0.0,0,565
565000,1,99,99,0,99,9,0.0,0,565
565000,1,99,99,0,99,11,0.0,0,565
565000,1,99,99,0,99,13,0.0,0,565
565000,1,99,99,0,99,15,0.0,0,565
565000,1,99,99,0,99,17,0.0,0,565
565000,1,99,99,0,99,19,0.0,0,565
566000,1,99,99,0,99,0,1,0,566
566000,1,99,99,0,99,8,0,0,566
566000,1,99,99,0,99,1,0.0,0,566
566000,1,99,99,0,99,5,0.0,0,566
566000,1,99,99,0,99,7,0.0,0,566
566000,1,99,99,0,99,3,0.0,0,566
566000,1,99,99,0,99,9,0.0,0,566
566000,1,99,99,0,99,11,0.0,0,566
566000,1,99,99,0,99,13,0.0,0,566
566000,1,99,99,0,99,15,0.0,0,566
566000,1,99,99,0,99,17,0.0,0,566
566000,1,99,99,0,99,19,0.0,0,566
567000,1,99,99,0,99,0,1,0,567
567000,1,99,99,0,99,8,0,0,567
567000,1,99,99,0,99,1,0.0,0,567
567000,1,99,99,0,99,5,0.0,0,567
567000,1,99,99,0,99,7,0.0,0,567
567000,1,99,99,0,99,3,0.0,0,567
567000,1,99,99,0,99,9,0.0,0,567
567000,1,99,99,0,99,11,0.0,0,567
567000,1,99,99,0,99,13,0.0,0,567
567000,1,99,99,0,99,15,0.0,0,567
567000,1,99,99,0,99,17,0.0,0,567
567000,1,99,99,0,99,19,0.0,0,567
568000,1,99,99,0,99,0,0,0,568
568000,1,99,99,0,99,8,0,0,568
568000,1,99,99,0,99,1,0.0,0,568
568000,1,99,99,0,99,5,0.0,0,568
568000,1,99,99,0,99,7,1.0,0,568
568000,1,99,99,0,99,3,0.0,0,568
568000,1,99,99,0,99,9,0.0,0,568
568000,1,99,99,0,99,11,0.0,0,568
568000,1,99,99,0,99,13,0.0,0,568
568000,1,99,99,0,99,15,0.0,0,568
568000,1,99,99,0,99,17,0.0,0,568
568000,1,99,99,0,99,19,0.0,0,568
569000,1,99,99,0,99,0,0,0,569
569000,1,99,99,0,99,8,0,0,569
569000,1,99,99,0,99,1,0.0,0,569
569000,1,99,99,0,99,5,0.0,0,569
569000,1,99,99,0,99,7,1.0,0,569
569000,1,99,99,0,99,3,0.0,0,569
569000,1,99,99,0,99,9,0.0,0,569
569000,1,99,99,0,99,11,0.0,0,569
569000,1,99,99,0,99,13,0.0,0,569
569000,1,99,99,0,99,15,0.0,0,569
569000,1,99,99,0,99,17,0.0,0,569
569000,1,99,99,0,99,19,0.0,0,569
570000,1,99,99,0,99,0,1,0,570
570000,1,99,99,0,99,8,0,0,570
570000,1,99,99,0,99,1,0.0,0,570
570000,1,99,99,0,99,5,0.0,0,570
570000,1,99,99,0,99,7,0.0,0,570
570000,1,99,99,0,99,3,0.0,0,570
570000,1,99,99,0,99,9,0.0,0,570
570000,1,99,99,0,99,11,0.0,0,570
570000,1,99,99,0,99,13,0.0,0,570
570000,1,99,99,0,99,15,0.0,0,570
570000,1,99,99,0,99,17,0.0,0,570
570000,1,99,99,0,99,19,0.0,0,570
571000,1,99,99,0,99,0,0,0,571
571000,1,99,99,0,99,8,0,0,571
571000,1,99,99,0,99,1,0.0,0,571
571000,1,99,99,0,99,5,0.0,0,571
571000,1,99,99,0,99,7,1.0,0,571
571000,1,99,99,0,99,3,0.0,0,571
571000,1,99,99,0,99,9,0.0,0,571
571000,1,99,99,0,99,11,0.0,0,571
571000,1,99,99,0,99,13,0.0,0,571
571000,1,99,99,0,99,15,0.0,0,571
571000,1,99,99,0,99,17,0.0,0,571
571000,1,99,99,0,99,19,0.0,0,571
572000,1,99,99,0,99,0,0,0,572
572000,1,99,99,0,99,8,0,0,572
572000,1,99,99,0,99,1,0.0,0,572
572000,1,99,99,0,99,5,0.0,0,572
572000,1,99,99,0,99,7,1.0,0,572
572000,1,99,99,0,99,3,0.0,0,572
572000,1,99,99,0,99,9,0.0,0,572
572000,1,99,99,0,99,11,0.0,0,572
572000,1,99,99,0,99,13,0.0,0,572
572000,1,99,99,0,99,15,0.0,0,572
572000,1,99,99,0,99,17,0.0,0,572
572000,1,99,99,0,99,19,0.0,0,572
573000,1,99,99,0,99,0,0,0,573
573000,1,99,99,0,99,8,0,0,573
573000,1,99,99,0,99,1,0.0,0,573
573000,1,99,99,0,99,5,0.0,0,573
573000,1,99,99,0,99,7,1.0,0,573
573000,1,99,99,0,99,3,0.0,0,573
573000,1,99,99,0,99,9,0.0,0,573
573000,1,99,99,0,99,11,0.0,0,573
573000,1,99,99,0,99,13,0.0,0,573
573000,1,99,99,0,99,15,0.0,0,573
573000,1,99,99,0,99,17,0.0,0,573
573000,1,99,99,0,99,19,0.0,0,573
574000,1,99,99,0,99,0,0,0,574
574000,1,99,99,0,99,8,0,0,574
574000,1,99,99,0,99,1,0.0,0,574
574000,1,99,99,0,99,5,0.0,0,574
574000,1,99,99,0,99,7,1.0,0,574
574000,1,99,99,0,99,3,0.0,0,574
574000,1,99,99,0,99,9,0.0,0,574
574000,1,99,99,0,99,11,0.0,0,574
574000,1,99,99,0,99,13,0.0,0,574
574000,1,99,99,0,99,15,0.0,0,574
574000,1,99,99,0,99,17,0.0,0,574
574000,1,99,99,0,99,19,0.0,0,574
575000,1,99,99,0,99,0,0,0,575
575000,1,99,99,0,99,8,0,0,575
575000,1,99,99,0,99,1,0.0,0,575
575000,1,99,99,0,99,5,0.0,0,575
575000,1,99,99,0,99,7,1.0,0,575
575000,1,99,99,0,99,3,0.0,0,575
575000,1,99,99,0,99,9,0.0,0,575
575000,1,99,99,0,99,11,0.0,0,575
575000,1,99,99,0,99,13,0.0,0,575
575000,1,99,99,0,99,15,0.0,0,575
575000,1,99,99,0,99,17,0.0,0,575
575000,1,99,99,0,99,19,0.0,0,575
576000,1,99,99,0,99,0,0,0,576
576000,1,99,99,0,99,8,0,0,576
576000,1,99,99,0,99,1,0.0,0,576
576000,1,99,99,0,99,5,0.0,0,576
576000,1,99,99,0,99,7,1.0,0,576
576000,1,99,99,0,99,3,0.0,0,576
576000,1,99,99,0,99,9,0.0,0,576
576000,1,99,99,0,99,11,0.0,0,576
576000,1,99,99,0,99,13,0.0,0,576
576000,1,99,99,0,99,15,0.0,0,576
576000,1,99,99,0,99,17,0.0,0,576
576000,1,99,99,0,99,19,0.0,0,576
577000,1,99,99,0,99,0,1,0,577
577000,1,99,99,0,99,8,0,0,577
577000,1,99,99,0,99,1,0.0,0,577
577000,1,99,99,0,99,5,0.0,0,577
577000,1,99,99,0,99,7,0.0,0,577
577000,1,99,99,0,99,3,0.0,0,577
577000,1,99,99,0,99,9,0.0,0,577
577000,1,99,99,0,99,11,0.0,0,577
577000,1,99,99,0,99,13,0.0,0,577
577000,1,99,99,0,99,15,0.0,0,577
577000,1,99,99,0,99,17,0.0,0,577
577000,1,99,99,0,99,19,0.0,0,577
578000,1,99,99,0,99,0,0,0,578
578000,1,99,99,0,99,8,0,0,578
578000,1,99,99,0,99,1,0.0,0,578
578000,1,99,99,0,99,5,0.0,0,578
578000,1,99,99,0,99,7,1.0,0,578
578000,1,99,99,0,99,3,0.0,0,578
578000,1,99,99,0,99,9,0.0,0,578
578000,1,99,99,0,99,11,0.0,0,578
578000,1,99,99,0,99,13,0.0,0,578
578000,1,99,99,0,99,15,0.0,0,578
578000,1,99,99,0,99,17,0.0,0,578
578000,1,99,99,0,99,19,0.0,0,578
579000,1,99,99,0,99,0,0,0,579
579000,1,99,99,0,99,8,0,0,579
579000,1,99,99,0,99,1,0.0,0,579
579000,1,99,99,0,99,5,0.0,0,579
579000,1,99,99,0,99,7,1.0,0,579
579000,1,99,99,0,99,3,0.0,0,579
579000,1,99,99,0,99,9,0.0,0,579
579000,1,99,99,0,99,11,0.0,0,579
579000,1,99,99,0,99,13,0.0,0,579
579000,1,99,99,0,99,15,0.0,0,579
579000,1,99,99,0,99,17,0.0,0,579
579000,1,99,99,0,99,19,0.0,0,579
580000,1,99,99,0,99,0,0,0,580
580000,1,99,99,0,99,8,0,0,580
580000,1,99,99,0,99,1,0.0,0,580
580000,1,99,99,0,99,5,0.0,0,580
580000,1,99,99,0,99,7,1.0,0,580
580000,1,99,99,0,99,3,0.0,0,580
580000,1,99,99,0,99,9,0.0,0,580
580000,1,99,99,0,99,11,0.0,0,580
580000,1,99,99,0,99,13,0.0,0,580
580000,1,99,99,0,99,15,0.0,0,580
580000,1,99,99,0,99,17,0.0,0,580
580000,1,99,99,0,99,19,0.0,0,580
581000,1,99,99,0,99,0,0,0,581
581000,1,99,99,0,99,8,0,0,581
581000,1,99,99,0,99,1,0.0,0,581
581000,1,99,99,0,99,5,0.0,0,581
581000,1,99,99,0,99,7,1.0,0,581
581000,1,99,99,0,99,3,0.0,0,581
581000,1,99,99,0,99,9,0.0,0,581
581000,1,99,99,0,99,11,0.0,0,581
581000,1,99,99,0,99,13,0.0,0,581
581000,1,99,99,0,99,15,0.0,0,581
581000,1,99,99,0,99,17,0.0,0,581
581000,1,99,99,0,99,19,0.0,0,581
582000,1,99,99,0,99,0,0,0,582
582000,1,99,99,0,99,8,0,0,582
582000,1,99,99,0,99,1,0.0,0,582
582000,1,99,99,0,99,5,0.0,0,582
582000,1,99,99,0,99,7,1.0,0,582
582000,1,99,99,0,99,3,0.0,0,582
582000,1,99,99,0,99,9,0.0,0,582
582000,1,99,99,0,99,11,0.0,0,582
582000,1,99,99,0,99,13,0.0,0,582
582000,1,99,99,0,99,15,0.0,0,582
582000,1,99,99,0,99,17,0.0,0,582
582000,1,99,99,0,99,19,0.0,0,582
583000,1,99,99,0,99,0,0,0,583
583000,1,99,99,0,99,8,0,0,583
583000,1,99,99,0,99,1,0.0,0,583
583000,1,99,99,0,99,5,0.0,0,583
583000,1,99,99,0,99,7,1.0,0,583
583000,1,99,99,0,99,3,0.0,0,583
583000,1,99,99,0,99,9,0.0,0,583
583000,1,99,99,0,99,11,0.0,0,583
583000,1,99,99,0,99,13,0.0,0,583
583000,1,99,99,0,99,15,0.0,0,583
583000,1,99,99,0,99,17,0.0,0,583
583000,1,99,99,0,99,19,0.0,0,583
584000,1,99,99,0,99,0,0,0,584
584000,1,99,99,0,99,8,0,0,584
584000,1,99,99,0,99,1,0.0,0,584
584000,1,99,99,0,99,5,0.0,0,584
584000,1,99,99,0,99,7,1.0,0,584
584000,1,99,99,0,99,3,0.0,0,584
584000,1,99,99,0,99,9,0.0,0,584
584000,1,99,99,0,99,11,0.0,0,584
584000,1,99,99,0,99,13,0.0,0,584
584000,1,99,99,0,99,15,0.0,0,584
584000,1,99,99,0,99,17,0.0,0,584
584000,1,99,99,0,99,19,0.0,0,584
585000,1,99,99,0,99,0,0,0,585
585000,1,99,99,0,99,8,0,0,585
585000,1,99,99,0,99,1,0.0,0,585
585000,1,99,99,0,99,5,0.0,0,585
585000,1,99,99,0,99,7,1.0,0,585
585000,1,99,99,0,99,3,0.0,0,585
585000,1,99,99,0,99,9,0.0,0,585
585000,1,99,99,0,99,11,0.0,0,585
585000,1,99,99,0,99,13,0.0,0,585
585000,1,99,99,0,99,15,0.0,0,585
585000,1,99,99,0,99,17,0.0,0,585
585000,1,99,99,0,99,19,0.0,0,585
586000,1,99,99,0,99,0,0,0,586
586000,1,99,99,0,99,8,0,0,586
586000,1,99,99,0,99,1,0.0,0,586
586000,1,99,99,0,99,5,0.0,0,586
586000,1,99,99,0,99,7,1.0,0,586
586000,1,99,99,0,99,3,0.0,0,586
586000,1,99,99,0,99,9,0.0,0,586
586000,1,99,99,0,99,11,0.0,0,586
586000,1,99,99,0,99,13,0.0,0,586
586000,1,99,99,0,99,15,0.0,0,586
586000,1,99,99,0,99,17,0.0,0,586
586000,1,99,99,0,99,19,0.0,0,586
587000,1,99,99,0,99,0,1,0,587
587000,1,99,99,0,99,8,0,0,587
587000,1,99,99,0,99,1,0.0,0,587
587000,1,99,99,0,99,5,0.0,0,587
587000,1,99,99,0,99,7,0.0,0,587
587000,1,99,99,0,99,3,0.0,0,587
587000,1,99,99,0,99,9,0.0,0,587
587000,1,99,99,0,99,11,0.0,0,587
587000,1,99,99,0,99,13,0.0,0,587
587000,1,99,99,0,99,15,0.0,0,587
587000,1,99,99,0,99,17,0.0,0,587
587000,1,99,99,0,99,19,0.0,0,587
588000,1,99,99,0,99,0,0,0,588
588000,1,99,99,0,99,8,0,0,588
588000,1,99,99,0,99,1,0.0,0,588
588000,1,99,99,0,99,5,0.0,0,588
588000,1,99,99,0,99,7,1.0,0,588
588000,1,99,99,0,99,3,0.0,0,588
588000,1,99,99,0,99,9,0.0,0,588
588000,1,99,99,0,99,11,0.0,0,588
588000,1,99,99,0,99,13,0.0,0,588
588000,1,99,99,0,99,15,0.0,0,588
588000,1,99,99,0,99,17,0.0,0,588
588000,1,99,99,0,99,19,0.0,0,588
589000,1,99,99,0,99,0,0,0,589
589000,1,99,99,0,99,8,0,0,589
589000,1,99,99,0,99,1,0.0,0,589
589000,1,99,99,0,99,5,0.0,0,589
589000,1,99,99,0,99,7,1.0,0,589
589000,1,99,99,0,99,3,0.0,0,589
589000,1,99,99,0,99,9,0.0,0,589
589000,1,99,99,0,99,11,0.0,0,589
589000,1,99,99,0,99,13,0.0,0,589
589000,1,99,99,0,99,15,0.0,0,589
589000,1,99,99,0,99,17,0.0,0,589
589000,1,99,99,0,99,19,0.0,0,589
590000,1,99,99,0,99,0,0,0,590
590000,1,99,99,0,99,8,0,0,590
590000,1,99,99,0,99,1,0.0,0,590
590000,1,99,99,0,99,5,0.0,0,590
590000,1,99,99,0,99,7,1.0,0,590
590000,1,99,99,0,99,3,0.0,0,590
590000,1,99,99,0,99,9,0.0,0,590
590000,1,99,99,0,99,11,0.0,0,590
590000,1,99,99,0,99,13,0.0,0,590
590000,1,99,99,0,99,15,0.0,0,590
590000,1,99,99,0,99,17,0.0,0,590
590000,1,99,99,0,99,19,0.0,0,590
591000,1,99,99,0,99,0,1,0,591
591000,1,99,99,0,99,8,0,0,591
591000,1,99,99,0,99,1,0.0,0,591
591000,1,99,99,0,99,5,0.0,0,591
591000,1,99,99,0,99,7,0.0,0,591
591000,1,99,99,0,99,3,0.0,0,591
591000,1,99,99,0,99,9,0.0,0,591
591000,1,99,99,0,99,11,0.0,0,591
591000,1,99,99,0,99,13,0.0,0,591
591000,1,99,99,0,99,15,0.0,0,591
591000,1,99,99,0,99,17,0.0,0,591
591000,1,99,99,0,99,19,0.0,0,591
592000,1,99,99,0,99,0,0,0,592
592000,1,99,99,0,99,8,0,0,592
592000,1,99,99,0,99,1,0.0,0,592
592000,1,99,99,0,99,5,0.0,0,592
592000,1,99,99,0,99,7,1.0,0,592
592000,1,99,99,0,99,3,0.0,0,592
592000,1,99,99,0,99,9,0.0,0,592
592000,1,99,99,0,99,11,0.0,0,592
592000,1,99,99,0,99,13,0.0,0,592
592000,1,99,99,0,99,15,0.0,0,592
592000,1,99,99,0,99,17,0.0,0,592
592000,1,99,99,0,99,19,0.0,0,592
593000,1,99,99,0,99,0,1,0,593
593000,1,99,99,0,99,8,0,0,593
593000,1,99,99,0,99,1,0.0,0,593
593000,1,99,99,0,99,5,0.0,0,593
593000,1,99,99,0,99,7,0.0,0,593
593000,1,99,99,0,99,3,0.0,0,593
593000,1,99,99,0,99,9,0.0,0,593
593000,1,99,99,0,99,11,0.0,0,593
593000,1,99,99,0,99,13,0.0,0,593
593000,1,99,99,0,99,15,0.0,0,593
593000,1,99,99,0,99,17,0.0,0,593
593000,1,99,99,0,99,19,0.0,0,593
594000,1,99,99,0,99,0,1,0,594
594000,1,99,99,0,99,8,0,0,594
594000,1,99,99,0,99,1,0.0,0,594
594000,1,99,99,0,99,5,0.0,0,594
594000,1,99,99,0,99,7,0.0,0,594
594000,1,99,99,0,99,3,0.0,0,594
594000,1,99,99,0,99,9,0.0,0,594
594000,1,99,99,0,99,11,0.0,0,594
594000,1,99,99,0,99,13,0.0,0,594
594000,1,99,99,0,99,15,0.0,0,594
594000,1,99,99,0,99,17,0.0,0,594
594000,1,99,99,0,99,19,0.0,0,594
595000,1,99,99,0,99,0,0,0,595
595000,1,99,99,0,99,8,0,0,595
595000,1,99,99,0,99,1,0.0,0,595
595000,1,99,99,0,99,5,0.0,0,595
595000,1,99,99,0,99,7,1.0,0,595
595000,1,99,99,0,99,3,0.0,0,595
595000,1,99,99,0,99,9,0.0,0,595
595000,1,99,99,0,99,11,0.0,0,595
595000,1,99,99,0,99,13,0.0,0,595
595000,1,99,99,0,99,15,0.0,0,595
595000,1,99,99,0,99,17,0.0,0,595
595000,1,99,99,0,99,19,0.0,0,595
596000,1,99,99,0,99,0,1,0,596
596000,1,99,99,0,99,8,0,0,596
596000,1,99,99,0,99,1,0.0,0,596
596000,1,99,99,0,99,5,0.0,0,596
596000,1,99,99,0,99,7,0.0,0,596
596000,1,99,99,0,99,3,0.0,0,596
596000,1,99,99,0,99,9,0.0,0,596
596000,1,99,99,0,99,11,0.0,0,596
596000,1,99,99,0,99,13,0.0,0,596
596000,1,99,99,0,99,15,0.0,0,596
596000,1,99,99,0,99,17,0.0,0,596
596000,1,99,99,0,99,19,0.0,0,596
597000,1,99,99,0,99,0,0,0,597
597000,1,99,99,0,99,8,0,0,597
597000,1,99,99,0,99,1,0.0,0,597
597000,1,99,99,0,99,5,0.0,0,597
597000,1,99,99,0,99,7,1.0,0,597
597000,1,99,99,0,99,3,0.0,0,597
597000,1,99,99,0,99,9,0.0,0,597
597000,1,99,99,0,99,11,0.0,0,597
597000,1,99,99,0,99,13,0.0,0,597
597000,1,99,99,0,99,15,0.0,0,597
597000,1,99,99,0,99,17,0.0,0,597
597000,1,99,99,0,99,19,0.0,0,597
598000,1,99,99,0,99,0,1,0,598
598000,1,99,99,0,99,8,0,0,598
598000,1,99,99,0,99,1,0.0,0,598
598000,1,99,99,0,99,5,0.0,0,598
598000,1,99,99,0,99,7,0.0,0,598
598000,1,99,99,0,99,3,0.0,0,598
598000,1,99,99,0,99,9,0.0,0,598
598000,1,99,99,0,99,11,0.0,0,598
598000,1,99,99,0,99,13,0.0,0,598
598000,1,99,99,0,99,15,0.0,0,598
598000,1,99,99,0,99,17,0.0,0,598
598000,1,99,99,0,99,19,0.0,0,598
599000,1,99,99,0,99,0,0,0,599
599000,1,99,99,0,99,8,0,0,599
599000,1,99,99,0,99,1,0.0,0,599
599000,1,99,99,0,99,5,0.0,0,599
599000,1,99,99,0,99,7,1.0,0,599
599000,1,99,99,0,99,3,0.0,0,599
599000,1,99,99,0,99,9,0.0,0,599
599000,1,99,99,0,99,11,0.0,0,599
599000,1,99,99,0,99,13,0.0,0,599
599000,1,99,99,0,99,15,0.0,0,599
599000,1,99,99,0,99,17,0.0,0,599
599000,1,99,99,0,99,19,0.0,0,599
600000,1,99,99,0,99,0,0,0,600
600000,1,99,99,0,99,8,0,0,600
600000,1,99,99,0,99,1,0.0,0,600
600000,1,99,99,0,99,5,0.0,0,600
600000,1,99,99,0,99,7,1.0,0,600
600000,1,99,99,0,99,3,0.0,0,600
600000,1,99,99,0,99,9,0.0,0,600
600000,1,99,99,0,99,11,0.0,0,600
600000,1,99,99,0,99,13,0.0,0,600
600000,1,99,99,0,99,15,0.0,0,600
600000,1,99,99,0,99,17,0.0,0,600
600000,1,99,99,0,99,19,0.0,0,600
601000,1,99,99,0,99,0,0,0,601
601000,1,99,99,0,99,8,0,0,601
601000,1,99,99,0,99,1,0.0,0,601
601000,1,99,99,0,99,5,0.0,0,601
601000,1,99,99,0,99,7,1.0,0,601
601000,1,99,99,0,99,3,0.0,0,601
601000,1,99,99,0,99,9,0.0,0,601
601000,1,99,99,0,99,11,0.0,0,601
601000,1,99,99,0,99,13,0.0,0,601
601000,1,99,99,0,99,15,0.0,0,601
601000,1,99,99,0,99,17,0.0,0,601
601000,1,99,99,0,99,19,0.0,0,601
602000,1,99,99,0,99,0,1,0,602
602000,1,99,99,0,99,8,0,0,602
602000,1,99,99,0,99,1,0.0,0,602
602000,1,99,99,0,99,5,0.0,0,602
602000,1,99,99,0,99,7,0.0,0,602
602000,1,99,99,0,99,3,0.0,0,602
602000,1,99,99,0,99,9,0.0,0,602
602000,1,99,99,0,99,11,0.0,0,602
602000,1,99,99,0,99,13,0.0,0,602
602000,1,99,99,0,99,15,0.0,0,602
602000,1,99,99,0,99,17,0.0,0,602
602000,1,99,99,0,99,19,0.0,0,602
603000,1,99,99,0,99,0,0,0,603
603000,1,99,99,0,99,8,0,0,603
603000,1,99,99,0,99,1,0.0,0,603
603000,1,99,99,0,99,5,0.0,0,603
603000,1,99,99,0,99,7,1.0,0,603
603000,1,99,99,0,99,3,0.0,0,603
603000,1,99,99,0,99,9,0.0,0,603
603000,1,99,99,0,99,11,0.0,0,603
603000,1,99,99,0,99,13,0.0,0,603
603000,1,99,99,0,99,15,0.0,0,603
603000,1,99,99,0,99,17,0.0,0,603
603000,1,99,99,0,99,19,0.0,0,603
604000,1,99,99,0,99,0,1,0,604
604000,1,99,99,0,99,8,0,0,604
604000,1,99,99,0,99,1,0.0,0,604
604000,1,99,99,0,99,5,0.0,0,604
604000,1,99,99,0,99,7,0.0,0,604
604000,1,99,99,0,99,3,0.0,0,604
604000,1,99,99,0,99,9,0.0,0,604
604000,1,99,99,0,99,11,0.0,0,604
604000,1,99,99,0,99,13,0.0,0,604
604000,1,99,99,0,99,15,0.0,0,604
604000,1,99,99,0,99,17,0.0,0,604
604000,1,99,99,0,99,19,0.0,0,604
605000,1,99,99,0,99,0,0,0,605
605000,1,99,99,0,99,8,0,0,605
605000,1,99,99,0,99,1,0.0,0,605
605000,1,99,99,0,99,5,0.0,0,605
605000,1,99,99,0,99,7,1.0,0,605
605000,1,99,99,0,99,3,0.0,0,605
605000,1,99,99,0,99,9,0.0,0,605
605000,1,99,99,0,99,11,0.0,0,605
605000,1,99,99,0,99,13,0.0,0,605
605000,1,99,99,0,99,15,0.0,0,605
605000,1,99,99,0,99,17,0.0,0,605
605000,1,99,99,0,99,19,0.0,0,605
606000,1,99,99,0,99,0,1,0,606
606000,1,99,99,0,99,8,0,0,606
606000,1,99,99,0,99,1,0.0,0,606
606000,1,99,99,0,99,5,0.0,0,606
606000,1,99,99,0,99,7,0.0,0,606
606000,1,99,99,0,99,3,0.0,0,606
606000,1,99,99,0,99,9,0.0,0,606
606000,1,99,99,0,99,11,0.0,0,606
606000,1,99,99,0,99,13,0.0,0,606
606000,1,99,99,0,99,15,0.0,0,606
606000,1,99,99,0,99,17,0.0,0,606
606000,1,99,99,0,99,19,0.0,0,606
607000,1,99,99,0,99,0,0,0,607
607000,1,99,99,0,99,8,0,0,607
607000,1,99,99,0,99,1,0.0,0,607
607000,1,99,99,0,99,5,0.0,0,607
607000,1,99,99,0,99,7,1.0,0,607
607000,1,99,99,0,99,3,0.0,0,607
607000,1,99,99,0,99,9,0.0,0,607
607000,1,99,99,0,99,11,0.0,0,607
607000,1,99,99,0,99,13,0.0,0,607
607000,1,99,99,0,99,15,0.0,0,607
607000,1,99,99,0,99,17,0.0,0,607
607000,1,99,99,0,99,19,0.0,0,607
608000,1,99,99,0,99,0,0,0,608
608000,1,99,99,0,99,8,0,0,608
608000,1,99,99,0,99,1,0.0,0,608
608000,1,99,99,0,99,5,0.0,0,608
608000,1,99,99,0,99,7,1.0,0,608
608000,1,99,99,0,99,3,0.0,0,608
608000,1,99,99,0,99,9,0.0,0,608
608000,1,99,99,0,99,11,0.0,0,608
608000,1,99,99,0,99,13,0.0,0,608
608000,1,99,99,0,99,15,0.0,0,608
608000,1,99,99,0,99,17,0.0,0,608
608000,1,99,99,0,99,19,0.0,0,608
609000,1,99,99,0,99,0,1,0,609
609000,1,99,99,0,99,8,0,0,609
609000,1,99,99,0,99,1,0.0,0,609
609000,1,99,99,0,99,5,0.0,0,609
609000,1,99,99,0,99,7,0.0,0,609
609000,1,99,99,0,99,3,0.0,0,609
609000,1,99,99,0,99,9,0.0,0,609
609000,1,99,99,0,99,11,0.0,0,609
609000,1,99,99,0,99,13,0.0,0,609
609000,1,99,99,0,99,15,0.0,0,609
609000,1,99,99,0,99,17,0.0,0,609
609000,1,99,99,0,99,19,0.0,0,609
610000,1,99,99,0,99,0,0,0,610
610000,1,99,99,0,99,8,0,0,610
610000,1,99,99,0,99,1,0.0,0,610
610000,1,99,99,0,99,5,0.0,0,610
610000,1,99,99,0,99,7,1.0,0,610
610000,1,99,99,0,99,3,0.0,0,610
610000,1,99,99,0,99,9,0.0,0,610
610000,1,99,99,0,99,11,0.0,0,610
610000,1,99,99,0,99,13,0.0,0,610
610000,1,99,99,0,99,15,0.0,0,610
610000,1,99,99,0,99,17,0.0,0,610
610000,1,99,99,0,99,19,0.0,0,610
611000,1,99,99,0,99,0,1,0,611
611000,1,99,99,0,99,8,0,0,611
611000,1,99,99,0,99,1,0.0,0,611
611000,1,99,99,0,99,5,0.0,0,611
611000,1,99,99,0,99,7,0.0,0,611
611000,1,99,99,0,99,3,0.0,0,611
611000,1,99,99,0,99,9,0.0,0,611
611000,1,99,99,0,99,11,0.0,0,611
611000,1,99,99,0,99,13,0.0,0,611
611000,1,99,99,0,99,15,0.0,0,611
611000,1,99,99,0,99,17,0.0,0,611
611000,1,99,99,0,99,19,0.0,0,611
612000,1,99,99,0,99,0,0,0,612
612000,1,99,99,0,99,8,0,0,612
612000,1,99,99,0,99,1,0.0,0,612
612000,1,99,99,0,99,5,0.0,0,612
612000,1,99,99,0,99,7,1.0,0,612
612000,1,99,99,0,99,3,0.0,0,612
612000,1,99,99,0,99,9,0.0,0,612
612000,1,99,99,0,99,11,0.0,0,612
612000,1,99,99,0,99,13,0.0,0,612
612000,1,99,99,0,99,15,0.0,0,612
612000,1,99,99,0,99,17,0.0,0,612
612000,1,99,99,0,99,19,0.0,0,612
613000,1,99,99,0,99,0,0,0,613
613000,1,99,99,0,99,8,0,0,613
613000,1,99,99,0,99,1,0.0,0,613
613000,1,99,99,0,99,5,0.0,0,613
613000,1,99,99,0,99,7,1.0,0,613
613000,1,99,99,0,99,3,0.0,0,613
613000,1,99,99,0,99,9,0.0,0,613
613000,1,99,99,0,99,11,0.0,0,613
613000,1,99,99,0,99,13,0.0,0,613
613000,1,99,99,0,99,15,0.0,0,613
613000,1,99,99,0,99,17,0.0,0,613
613000,1,99,99,0,99,19,0.0,0,613
614000,1,99,99,0,99,0,0,0,614
614000,1,99,99,0,99,8,0,0,614
614000,1,99,99,0,99,1,0.0,0,614
614000,1,99,99,0,99,5,0.0,0,614
614000,1,99,99,0,99,7,1.0,0,614
614000,1,99,99,0,99,3,0.0,0,614
614000,1,99,99,0,99,9,0.0,0,614
614000,1,99,99,0,99,11,0.0,0,614
614000,1,99,99,0,99,13,0.0,0,614
614000,1,99,99,0,99,15,0.0,0,614
614000,1,99,99,0,99,17,0.0,0,614
614000,1,99,99,0,99,19,0.0,0,614
615000,1,99,99,0,99,0,1,0,615
615000,1,99,99,0,99,8,0,0,615
615000,1,99,99,0,99,1,0.0,0,615
615000,1,99,99,0,99,5,0.0,0,615
615000,1,99,99,0,99,7,0.0,0,615
615000,1,99,99,0,99,3,0.0,0,615
615000,1,99,99,0,99,9,0.0,0,615
615000,1,99,99,0,99,11,0.0,0,615
615000,1,99,99,0,99,13,0.0,0,615
615000,1,99,99,0,99,15,0.0,0,615
615000,1,99,99,0,99,17,0.0,0,615
615000,1,99,99,0,99,19,0.0,0,615
616000,1,99,99,0,99,0,0,0,616
616000,1,99,99,0,99,8,0,0,616
616000,1,99,99,0,99,1,0.0,0,616
616000,1,99,99,0,99,5,0.0,0,616
616000,1,99,99,0,99,7,1.0,0,616
616000,1,99,99,0,99,3,0.0,0,616
616000,1,99,99,0,99,9,0.0,0,616
616000,1,99,99,0,99,11,0.0,0,616
616000,1,99,99,0,99,13,0.0,0,616
616000,1,99,99,0,99,15,0.0,0,616
616000,1,99,99,0,99,17,0.0,0,616
616000,1,99,99,0,99,19,0.0,0,616
617000,1,99,99,0,99,0,1,0,617
617000,1,99,99,0,99,8,0,0,617
617000,1,99,99,0,99,1,0.0,0,617
617000,1,99,99,0,99,5,0.0,0,617
617000,1,99,99,0,99,7,0.0,0,617
617000,1,99,99,0,99,3,0.0,0,617
617000,1,99,99,0,99,9,0.0,0,617
617000,1,99,99,0,99,11,0.0,0,617
617000,1,99,99,0,99,13,0.0,0,617
617000,1,99,99,0,99,15,0.0,0,617
617000,1,99,99,0,99,17,0.0,0,617
617000,1,99,99,0,99,19,0.0,0,617
618000,1,99,99,0,99,0,0,0,618
618000,1,99,99,0,99,8,0,0,618
618000,1,99,99,0,99,1,0.0,0,618
618000,1,99,99,0,99,5,0.0,0,618
618000,1,99,99,0,99,7,1.0,0,618
618000,1,99,99,0,99,3,0.0,0,618
618000,1,99,99,0,99,9,0.0,0,618
618000,1,99,99,0,99,11,0.0,0,618
618000,1,99,99,0,99,13,0.0,0,618
618000,1,99,99,0,99,15,0.0,0,618
618000,1,99,99,0,99,17,0.0,0,618
618000,1,99,99,0,99,19,0.0,0,618
619000,1,99,99,0,99,0,0,0,619
619000,1,99,99,0,99,8,0,0,619
619000,1,99,99,0,99,1,0.0,0,619
619000,1,99,99,0,99,5,0.0,0,619
619000,1,99,99,0,99,7,1.0,0,619
619000,1,99,99,0,99,3,0.0,0,619
619000,1,99,99,0,99,9,0.0,0,619
619000,1,99,99,0,99,11,0.0,0,619
619000,1,99,99,0,99,13,0.0,0,619
619000,1,99,99,0,99,15,0.0,0,619
619000,1,99,99,0,99,17,0.0,0,619
619000,1,99,99,0,99,19,0.0,0,619
620000,1,99,99,0,99,0,0,0,620
620000,1,99,99,0,99,8,0,0,620
620000,1,99,99,0,99,1,0.0,0,620
620000,1,99,99,0,99,5,0.0,0,620
620000,1,99,99,0,99,7,1.0,0,620
620000,1,99,99,0,99,3,0.0,0,620
620000,1,99,99,0,99,9,0.0,0,620
620000,1,99,99,0,99,11,0.0,0,620
620000,1,99,99,0,99,13,0.0,0,620
620000,1,99,99,0,99,15,0.0,0,620
620000,1,99,99,0,99,17,0.0,0,620
620000,1,99,99,0,99,19,0.0,0,620
621000,1,99,99,0,99,0,0,0,621
621000,1,99,99,0,99,8,0,0,621
621000,1,99,99,0,99,1,0.0,0,621
621000,1,99,99,0,99,5,0.0,0,621
621000,1,99,99,0,99,7,1.0,0,621
621000,1,99,99,0,99,3,0.0,0,621
621000,1,99,99,0,99,9,0.0,0,621
621000,1,99,99,0,99,11,0.0,0,621
621000,1,99,99,0,99,13,0.0,0,621
621000,1,99,99,0,99,15,0.0,0,621
621000,1,99,99,0,99,17,0.0,0,621
621000,1,99,99,0,99,19,0.0,0,621
622000,1,99,99,0,99,0,1,0,622
622000,1,99,99,0,99,8,0,0,622
622000,1,99,99,0,99,1,0.0,0,622
622000,1,99,99,0,99,5,0.0,0,622
622000,1,99,99,0,99,7,0.0,0,622
622000,1,99,99,0,99,3,0.0,0,622
622000,1,99,99,0,99,9,0.0,0,622
622000,1,99,99,0,99,11,0.0,0,622
622000,1,99,99,0,99,13,0.0,0,622
622000,1,99,99,0,99,15,0.0,0,622
622000,1,99,99,0,99,17,0.0,0,622
622000,1,99,99,0,99,19,0.0,0,622
623000,1,99,99,0,99,0,0,0,623
623000,1,99,99,0,99,8,0,0,623
623000,1,99,99,0,99,1,0.0,0,623
623000,1,99,99,0,99,5,0.0,0,623
623000,1,99,99,0,99,7,1.0,0,623
623000,1,99,99,0,99,3,0.0,0,623
623000,1,99,99,0,99,9,0.0,0,623
623000,1,99,99,0,99,11,0.0,0,623
623000,1,99,99,0,99,13,0.0,0,623
623000,1,99,99,0,99,15,0.0,0,623
623000,1,99,99,0,99,17,0.0,0,623
623000,1,99,99,0,99,19,0.0,0,623
624000,1,99,99,0,99,0,1,0,624
624000,1,99,99,0,99,8,0,0,624
624000,1,99,99,0,99,1,0.0,0,624
624000,1,99,99,0,99,5,0.0,0,624
624000,1,99,99,0,99,7,0.0,0,624
624000,1,99,99,0,99,3,0.0,0,624
624000,1,99,99,0,99,9,0.0,0,624
624000,1,99,99,0,99,11,0.0,0,624
624000,1,99,99,0,99,13,0.0,0,624
624000,1,99,99,0,99,15,0.0,0,624
624000,1,99,99,0,99,17,0.0,0,624
624000,1,99,99,0,99,19,0.0,0,624
625000,1,99,99,0,99,0,0,0,625
625000,1,99,99,0,99,8,0,0,625
625000,1,99,99,0,99,1,0.0,0,625
625000,1,99,99,0,99,5,0.0,0,625
625000,1,99,99,0,99,7,1.0,0,625
625000,1,99,99,0,99,3,0.0,0,625
625000,1,99,99,0,99,9,0.0,0,625
625000,1,99,99,0,99,11,0.0,0,625
625000,1,99,99,0,99,13,0.0,0,625
625000,1,99,99,0,99,15,0.0,0,625
625000,1,99,99,0,99,17,0.0,0,625
625000,1,99,99,0,99,19,0.0,0,625
626000,1,99,99,0,99,0,0,0,626
626000,1,99,99,0,99,8,0,0,626
626000,1,99,99,0,99,1,0.0,0,626
626000,1,99,99,0,99,5,0.0,0,626
626000,1,99,99,0,99,7,1.0,0,626
626000,1,99,99,0,99,3,0.0,0,626
626000,1,99,99,0,99,9,0.0,0,626
626000,1,99,99,0,99,11,0.0,0,626
626000,1,99,99,0,99,13,0.0,0,626
626000,1,99,99,0,99,15,0.0,0,626
626000,1,99,99,0,99,17,0.0,0,626
626000,1,99,99,0,99,19,0.0,0,626
627000,1,99,99,0,99,0,0,0,627
627000,1,99,99,0,99,8,0,0,627
627000,1,99,99,0,99,1,0.0,0,627
627000,1,99,99,0,99,5,0.0,0,627
627000,1,99,99,0,99,7,1.0,0,627
627000,1,99,99,0,99,3,0.0,0,627
627000,1,99,99,0,99,9,0.0,0,627
627000,1,99,99,0,99,11,0.0,0,627
627000,1,99,99,0,99,13,0.0,0,627
627000,1,99,99,0,99,15,0.0,0,627
627000,1,99,99,0,99,17,0.0,0,627
627000,1,99,99,0,99,19,0.0,0,627
628000,1,99,99,0,99,0,0,0,628
628000,1,99,99,0,99,8,0,0,628
628000,1,99,99,0,99,1,0.0,0,628
628000,1,99,99,0,99,5,0.0,0,628
628000,1,99,99,0,99,7,1.0,0,628
628000,1,99,99,0,99,3,0.0,0,628
628000,1,99,99,0,99,9,0.0,0,628
628000,1,99,99,0,99,11,0.0,0,628
628000,1,99,99,0,99,13,0.0,0,628
628000,1,99,99,0,99,15,0.0,0,628
628000,1,99,99,0,99,17,0.0,0,628
628000,1,99,99,0,99,19,0.0,0,628
629000,1,99,99,0,99,0,1,0,629
629000,1,99,99,0,99,8,0,0,629
629000,1,99,99,0,99,1,0.0,0,629
629000,1,99,99,0,99,5,0.0,0,629
629000,1,99,99,0,99,7,0.0,0,629
629000,1,99,99,0,99,3,0.0,0,629
629000,1,99,99,0,99,9,0.0,0,629
629000,1,99,99,0,99,11,0.0,0,629
629000,1,99,99,0,99,13,0.0,0,629
629000,1,99,99,0,99,15,0.0,0,629
629000,1,99,99,0,99,17,0.0,0,629
629000,1,99,99,0,99,19,0.0,0,629
630000,1,99,99,0,99,0,0,0,630
630000,1,99,99,0,99,8,0,0,630
630000,1,99,99,0,99,1,0.0,0,630
630000,1,99,99,0,99,5,0.0,0,630
630000,1,99,99,0,99,7,1.0,0,630
630000,1,99,99,0,99,3,0.0,0,630
630000,1,99,99,0,99,9,0.0,0,630
630000,1,99,99,0,99,11,0.0,0,630
630000,1,99,99,0,99,13,0.0,0,630
630000,1,99,99,0,99,15,0.0,0,630
630000,1,99,99,0,99,17,0.0,0,630
630000,1,99,99,0,99,19,0.0,0,630
631000,1,99,99,0,99,0,1,0,631
631000,1,99,99,0,99,8,0,0,631
631000,1,99,99,0,99,1,0.0,0,631
631000,1,99,99,0,99,5,0.0,0,631
631000,1,99,99,0,99,7,0.0,0,631
631000,1,99,99,0,99,3,0.0,0,631
631000,1,99,99,0,99,9,0.0,0,631
631000,1,99,99,0,99,11,0.0,0,631
631000,1,99,99,0,99,13,0.0,0,631
631000,1,99,99,0,99,15,0.0,0,631
631000,1,99,99,0,99,17,0.0,0,631
631000,1,99,99,0,99,19,0.0,0,631
632000,1,99,99,0,99,0,1,0,632
632000,1,99,99,0,99,8,0,0,632
632000,1,99,99,0,99,1,0.0,0,632
632000,1,99,99,0,99,5,0.0,0,632
632000,1,99,99,0,99,7,0.0,0,632
632000,1,99,99,0,99,3,0.0,0,632
632000,1,99,99,0,99,9,0.0,0,632
632000,1,99,99,0,99,11,0.0,0,632
632000,1,99,99,0,99,13,0.0,0,632
632000,1,99,99,0,99,15,0.0,0,632
632000,1,99,99,0,99,17,0.0,0,632
632000,1,99,99,0,99,19,0.0,0,632
633000,1,99,99,0,99,0,0,0,633
633000,1,99,99,0,99,8,0,0,633
633000,1,99,99,0,99,1,0.0,0,633
633000,1,99,99,0,99,5,0.0,0,633
633000,1,99,99,0,99,7,1.0,0,633
633000,1,99,99,0,99,3,0.0,0,633
633000,1,99,99,0,99,9,0.0,0,633
633000,1,99,99,0,99,11,0.0,0,633
633000,1,99,99,0,99,13,0.0,0,633
633000,1,99,99,0,99,15,0.0,0,633
633000,1,99,99,0,99,17,0.0,0,633
633000,1,99,99,0,99,19,0.0,0,633
634000,1,99,99,0,99,0,0,0,634
634000,1,99,99,0,99,8,0,0,634
634000,1,99,99,0,99,1,0.0,0,634
634000,1,99,99,0,99,5,0.0,0,634
634000,1,99,99,0,99,7,0.0,0,634
634000,1,99,99,0,99,3,0.0,0,634
634000,1,99,99,0,99,9,0.0,0,634
634000,1,99,99,0,99,11,0.0,0,634
634000,1,99,99,0,99,13,0.0,0,634
634000,1,99,99,0,99,15,0.0,0,634
634000,1,99,99,0,99,17,1.0,0,634
634000,1,99,99,0,99,19,0.0,0,634
635000,1,99,99,0,99,0,0,0,635
635000,1,99,99,0,99,8,0,0,635
635000,1,99,99,0,99,1,0.0,0,635
635000,1,99,99,0,99,5,0.0,0,635
635000,1,99,99,0,99,7,1.0,0,635
635000,1,99,99,0,99,3,0.0,0,635
635000,1,99,99,0,99,9,0.0,0,635
635000,1,99,99,0,99,11,0.0,0,635
635000,1,99,99,0,99,13,0.0,0,635
635000,1,99,99,0,99,15,0.0,0,635
635000,1,99,99,0,99,17,0.0,0,635
635000,1,99,99,0,99,19,0.0,0,635
636000,1,99,99,0,99,0,1,0,636
636000,1,99,99,0,99,8,0,0,636
636000,1,99,99,0,99,1,0.0,0,636
636000,1,99,99,0,99,5,0.0,0,636
636000,1,99,99,0,99,7,0.0,0,636
636000,1,99,99,0,99,3,0.0,0,636
636000,1,99,99,0,99,9,0.0,0,636
636000,1,99,99,0,99,11,0.0,0,636
636000,1,99,99,0,99,13,0.0,0,636
636000,1,99,99,0,99,15,0.0,0,636
636000,1,99,99,0,99,17,0.0,0,636
636000,1,99,99,0,99,19,0.0,0,636
637000,1,99,99,0,99,0,1,0,637
637000,1,99,99,0,99,8,0,0,637
637000,1,99,99,0,99,1,0.0,0,637
637000,1,99,99,0,99,5,0.0,0,637
637000,1,99,99,0,99,7,0.0,0,637
637000,1,99,99,0,99,3,0.0,0,637
637000,1,99,99,0,99,9,0.0,0,637
637000,1,99,99,0,99,11,0.0,0,637
637000,1,99,99,0,99,13,0.0,0,637
637000,1,99,99,0,99,15,0.0,0,637
637000,1,99,99,0,99,17,0.0,0,637
637000,1,99,99,0,99,19,0.0,0,637
638000,1,99,99,0,99,0,0,0,638
638000,1,99,99,0,99,8,0,0,638
638000,1,99,99,0,99,1,0.0,0,638
638000,1,99,99,0,99,5,0.0,0,638
638000,1,99,99,0,99,7,0.0,0,638
638000,1,99,99,0,99,3,0.0,0,638
638000,1,99,99,0,99,9,0.0,0,638
638000,1,99,99,0,99,11,0.0,0,638
638000,1,99,99,0,99,13,0.0,0,638
638000,1,99,99,0,99,15,0.0,0,638
638000,1,99,99,0,99,17,1.0,0,638
638000,1,99,99,0,99,19,0.0,0,638
639000,1,99,99,0,99,0,1,0,639
639000,1,99,99,0,99,8,0,0,639
639000,1,99,99,0,99,1,0.0,0,639
639000,1,99,99,0,99,5,0.0,0,639
639000,1,99,99,0,99,7,0.0,0,639
639000,1,99,99,0,99,3,0.0,0,639
639000,1,99,99,0,99,9,0.0,0,639
639000,1,99,99,0,99,11,0.0,0,639
639000,1,99,99,0,99,13,0.0,0,639
639000,1,99,99,0,99,15,0.0,0,639
639000,1,99,99,0,99,17,0.0,0,639
639000,1,99,99,0,99,19,0.0,0,639
640000,1,99,99,0,99,0,0,0,640
640000,1,99,99,0,99,8,0,0,640
640000,1,99,99,0,99,1,0.0,0,640
640000,1,99,99,0,99,5,0.0,0,640
640000,1,99,99,0,99,7,1.0,0,640
640000,1,99,99,0,99,3,0.0,0,640
640000,1,99,99,0,99,9,0.0,0,640
640000,1,99,99,0,99,11,0.0,0,640
640000,1,99,99,0,99,13,0.0,0,640
640000,1,99,99,0,99,15,0.0,0,640
640000,1,99,99,0,99,17,0.0,0,640
640000,1,99,99,0,99,19,0.0,0,640
641000,1,99,99,0,99,0,1,0,641
641000,1,99,99,0,99,8,0,0,641
641000,1,99,99,0,99,1,0.0,0,641
641000,1,99,99,0,99,5,0.0,0,641
641000,1,99,99,0,99,7,0.0,0,641
641000,1,99,99,0,99,3,0.0,0,641
641000,1,99,99,0,99,9,0.0,0,641
641000,1,99,99,0,99,11,0.0,0,641
641000,1,99,99,0,99,13,0.0,0,641
641000,1,99,99,0,99,15,0.0,0,641
641000,1,99,99,0,99,17,0.0,0,641
641000,1,99,99,0,99,19,0.0,0,641
642000,1,99,99,0,99,0,0,0,642
642000,1,99,99,0,99,8,0,0,642
642000,1,99,99,0,99,1,0.0,0,642
642000,1,99,99,0,99,5,0.0,0,642
642000,1,99,99,0,99,7,1.0,0,642
642000,1,99,99,0,99,3,0.0,0,642
642000,1,99,99,0,99,9,0.0,0,642
642000,1,99,99,0,99,11,0.0,0,642
642000,1,99,99,0,99,13,0.0,0,642
642000,1,99,99,0,99,15,0.0,0,642
642000,1,99,99,0,99,17,0.0,0,642
642000,1,99,99,0,99,19,0.0,0,642
643000,1,99,99,0,99,0,1,0,643
643000,1,99,99,0,99,8,0,0,643
643000,1,99,99,0,99,1,0.0,0,643
643000,1,99,99,0,99,5,0.0,0,643
643000,1,99,99,0,99,7,0.0,0,643
643000,1,99,99,0,99,3,0.0,0,643
643000,1,99,99,0,99,9,0.0,0,643
643000,1,99,99,0,99,11,0.0,0,643
643000,1,99,99,0,99,13,0.0,0,643
643000,1,99,99,0,99,15,0.0,0,643
643000,1,99,99,0,99,17,0.0,0,643
643000,1,99,99,0,99,19,0.0,0,643
644000,1,99,99,0,99,0,0,0,644
644000,1,99,99,0,99,8,0,0,644
644000,1,99,99,0,99,1,0.0,0,644
644000,1,99,99,0,99,5,0.0,0,644
644000,1,99,99,0,99,7,1.0,0,644
644000,1,99,99,0,99,3,0.0,0,644
644000,1,99,99,0,99,9,0.0,0,644
644000,1,99,99,0,99,11,0.0,0,644
644000,1,99,99,0,99,13,0.0,0,644
644000,1,99,99,0,99,15,0.0,0,644
644000,1,99,99,0,99,17,0.0,0,644
644000,1,99,99,0,99,19,0.0,0,644
645000,1,99,99,0,99,0,0,0,645
645000,1,99,99,0,99,8,0,0,645
645000,1,99,99,0,99,1,0.0,0,645
645000,1,99,99,0,99,5,0.0,0,645
645000,1,99,99,0,99,7,1.0,0,645
645000,1,99,99,0,99,3,0.0,0,645
645000,1,99,99,0,99,9,0.0,0,645
645000,1,99,99,0,99,11,0.0,0,645
645000,1,99,99,0,99,13,0.0,0,645
645000,1,99,99,0,99,15,0.0,0,645
645000,1,99,99,0,99,17,0.0,0,645
645000,1,99,99,0,99,19,0.0,0,645
646000,1,99,99,0,99,0,0,0,646
646000,1,99,99,0,99,8,0,0,646
646000,1,99,99,0,99,1,0.0,0,646
646000,1,99,99,0,99,5,0.0,0,646
646000,1,99,99,0,99,7,1.0,0,646
646000,1,99,99,0,99,3,0.0,0,646
646000,1,99,99,0,99,9,0.0,0,646
646000,1,99,99,0,99,11,0.0,0,646
646000,1,99,99,0,99,13,0.0,0,646
646000,1,99,99,0,99,15,0.0,0,646
646000,1,99,99,0,99,17,0.0,0,646
646000,1,99,99,0,99,19,0.0,0,646
647000,1,99,99,0,99,0,0,0,647
647000,1,99,99,0,99,8,0,0,647
647000,1,99,99,0,99,1,0.0,0,647
647000,1,99,99,0,99,5,0.0,0,647
647000,1,99,99,0,99,7,1.0,0,647
647000,1,99,99,0,99,3,0.0,0,647
647000,1,99,99,0,99,9,0.0,0,647
647000,1,99,99,0,99,11,0.0,0,647
647000,1,99,99,0,99,13,0.0,0,647
647000,1,99,99,0,99,15,0.0,0,647
647000,1,99,99,0,99,17,0.0,0,647
647000,1,99,99,0,99,19,0.0,0,647
648000,1,99,99,0,99,0,0,0,648
648000,1,99,99,0,99,8,0,0,648
648000,1,99,99,0,99,1,0.0,0,648
648000,1,99,99,0,99,5,0.0,0,648
648000,1,99,99,0,99,7,1.0,0,648
648000,1,99,99,0,99,3,0.0,0,648
648000,1,99,99,0,99,9,0.0,0,648
648000,1,99,99,0,99,11,0.0,0,648
648000,1,99,99,0,99,13,0.0,0,648
648000,1,99,99,0,99,15,0.0,0,648
648000,1,99,99,0,99,17,0.0,0,648
648000,1,99,99,0,99,19,0.0,0,648
649000,1,99,99,0,99,0,1,0,649
649000,1,99,99,0,99,8,0,0,649
649000,1,99,99,0,99,1,0.0,0,649
649000,1,99,99,0,99,5,0.0,0,649
649000,1,99,99,0,99,7,0.0,0,649
649000,1,99,99,0,99,3,0.0,0,649
649000,1,99,99,0,99,9,0.0,0,649
649000,1,99,99,0,99,11,0.0,0,649
649000,1,99,99,0,99,13,0.0,0,649
649000,1,99,99,0,99,15,0.0,0,649
649000,1,99,99,0,99,17,0.0,0,649
649000,1,99,99,0,99,19,0.0,0,649
650000,1,99,99,0,99,0,0,0,650
650000,1,99,99,0,99,8,0,0,650
650000,1,99,99,0,99,1,0.0,0,650
650000,1,99,99,0,99,5,0.0,0,650
650000,1,99,99,0,99,7,1.0,0,650
650000,1,99,99,0,99,3,0.0,0,650
650000,1,99,99,0,99,9,0.0,0,650
650000,1,99,99,0,99,11,0.0,0,650
650000,1,99,99,0,99,13,0.0,0,650
650000,1,99,99,0,99,15,0.0,0,650
650000,1,99,99,0,99,17,0.0,0,650
650000,1,99,99,0,99,19,0.0,0,650
651000,1,99,99,0,99,0,0,0,651
651000,1,99,99,0,99,8,0,0,651
651000,1,99,99,0,99,1,0.0,0,651
651000,1,99,99,0,99,5,0.0,0,651
651000,1,99,99,0,99,7,1.0,0,651
651000,1,99,99,0,99,3,0.0,0,651
651000,1,99,99,0,99,9,0.0,0,651
651000,1,99,99,0,99,11,0.0,0,651
651000,1,99,99,0,99,13,0.0,0,651
651000,1,99,99,0,99,15,0.0,0,651
651000,1,99,99,0,99,17,0.0,0,651
651000,1,99,99,0,99,19,0.0,0,651
652000,1,99,99,0,99,0,0,0,652
652000,1,99,99,0,99,8,0,0,652
652000,1,99,99,0,99,1,0.0,0,652
652000,1,99,99,0,99,5,0.0,0,652
652000,1,99,99,0,99,7,1.0,0,652
652000,1,99,99,0,99,3,0.0,0,652
652000,1,99,99,0,99,9,0.0,0,652
652000,1,99,99,0,99,11,0.0,0,652
652000,1,99,99,0,99,13,0.0,0,652
652000,1,99,99,0,99,15,0.0,0,652
652000,1,99,99,0,99,17,0.0,0,652
652000,1,99,99,0,99,19,0.0,0,652
653000,1,99,99,0,99,0,0,0,653
653000,1,99,99,0,99,8,0,0,653
653000,1,99,99,0,99,1,0.0,0,653
653000,1,99,99,0,99,5,0.0,0,653
653000,1,99,99,0,99,7,1.0,0,653
653000,1,99,99,0,99,3,0.0,0,653
653000,1,99,99,0,99,9,0.0,0,653
653000,1,99,99,0,99,11,0.0,0,653
653000,1,99,99,0,99,13,0.0,0,653
653000,1,99,99,0,99,15,0.0,0,653
653000,1,99,99,0,99,17,0.0,0,653
653000,1,99,99,0,99,19,0.0,0,653
654000,1,99,99,0,99,0,0,0,654
654000,1,99,99,0,99,8,0,0,654
654000,1,99,99,0,99,1,0.0,0,654
654000,1,99,99,0,99,5,0.0,0,654
654000,1,99,99,0,99,7,1.0,0,654
654000,1,99,99,0,99,3,0.0,0,654
654000,1,99,99,0,99,9,0.0,0,654
654000,1,99,99,0,99,11,0.0,0,654
654000,1,99,99,0,99,13,0.0,0,654
654000,1,99,99,0,99,15,0.0,0,654
654000,1,99,99,0,99,17,0.0,0,654
654000,1,99,99,0,99,19,0.0,0,654
655000,1,99,99,0,99,0,0,0,655
655000,1,99,99,0,99,8,0,0,655
655000,1,99,99,0,99,1,0.0,0,655
655000,1,99,99,0,99,5,0.0,0,655
655000,1,99,99,0,99,7,1.0,0,655
655000,1,99,99,0,99,3,0.0,0,655
655000,1,99,99,0,99,9,0.0,0,655
655000,1,99,99,0,99,11,0.0,0,655
655000,1,99,99,0,99,13,0.0,0,655
655000,1,99,99,0,99,15,0.0,0,655
655000,1,99,99,0,99,17,0.0,0,655
655000,1,99,99,0,99,19,0.0,0,655
656000,1,99,99,0,99,0,0,0,656
656000,1,99,99,0,99,8,0,0,656
656000,1,99,99,0,99,1,0.0,0,656
656000,1,99,99,0,99,5,0.0,0,656
656000,1,99,99,0,99,7,1.0,0,656
656000,1,99,99,0,99,3,0.0,0,656
656000,1,99,99,0,99,9,0.0,0,656
656000,1,99,99,0,99,11,0.0,0,656
656000,1,99,99,0,99,13,0.0,0,656
656000,1,99,99,0,99,15,0.0,0,656
656000,1,99,99,0,99,17,0.0,0,656
656000,1,99,99,0,99,19,0.0,0,656
657000,1,99,99,0,99,0,0,0,657
657000,1,99,99,0,99,8,0,0,657
657000,1,99,99,0,99,1,0.0,0,657
657000,1,99,99,0,99,5,0.0,0,657
657000,1,99,99,0,99,7,1.0,0,657
657000,1,99,99,0,99,3,0.0,0,657
657000,1,99,99,0,99,9,0.0,0,657
657000,1,99,99,0,99,11,0.0,0,657
657000,1,99,99,0,99,13,0.0,0,657
657000,1,99,99,0,99,15,0.0,0,657
657000,1,99,99,0,99,17,0.0,0,657
657000,1,99,99,0,99,19,0.0,0,657
658000,1,99,99,0,99,0,1,0,658
658000,1,99,99,0,99,8,0,0,658
658000,1,99,99,0,99,1,0.0,0,658
658000,1,99,99,0,99,5,0.0,0,658
658000,1,99,99,0,99,7,0.0,0,658
658000,1,99,99,0,99,3,0.0,0,658
658000,1,99,99,0,99,9,0.0,0,658
658000,1,99,99,0,99,11,0.0,0,658
658000,1,99,99,0,99,13,0.0,0,658
658000,1,99,99,0,99,15,0.0,0,658
658000,1,99,99,0,99,17,0.0,0,658
658000,1,99,99,0,99,19,0.0,0,658
659000,1,99,99,0,99,0,1,0,659
659000,1,99,99,0,99,8,0,0,659
659000,1,99,99,0,99,1,0.0,0,659
659000,1,99,99,0,99,5,0.0,0,659
659000,1,99,99,0,99,7,0.0,0,659
659000,1,99,99,0,99,3,0.0,0,659
659000,1,99,99,0,99,9,0.0,0,659
659000,1,99,99,0,99,11,0.0,0,659
659000,1,99,99,0,99,13,0.0,0,659
659000,1,99,99,0,99,15,0.0,0,659
659000,1,99,99,0,99,17,0.0,0,659
659000,1,99,99,0,99,19,0.0,0,659
660000,1,99,99,0,99,0,1,0,660
660000,1,99,99,0,99,8,0,0,660
660000,1,99,99,0,99,1,0.0,0,660
660000,1,99,99,0,99,5,0.0,0,660
660000,1,99,99,0,99,7,0.0,0,660
660000,1,99,99,0,99,3,0.0,0,660
660000,1,99,99,0,99,9,0.0,0,660
660000,1,99,99,0,99,11,0.0,0,660
660000,1,99,99,0,99,13,0.0,0,660
660000,1,99,99,0,99,15,0.0,0,660
660000,1,99,99,0,99,17,0.0,0,660
660000,1,99,99,0,99,19,0.0,0,660
661000,1,99,99,0,99,0,0,0,661
661000,1,99,99,0,99,8,0,0,661
661000,1,99,99,0,99,1,0.0,0,661
661000,1,99,99,0,99,5,0.0,0,661
661000,1,99,99,0,99,7,1.0,0,661
661000,1,99,99,0,99,3,0.0,0,661
661000,1,99,99,0,99,9,0.0,0,661
661000,1,99,99,0,99,11,0.0,0,661
661000,1,99,99,0,99,13,0.0,0,661
661000,1,99,99,0,99,15,0.0,0,661
661000,1,99,99,0,99,17,0.0,0,661
661000,1,99,99,0,99,19,0.0,0,661
662000,1,99,99,0,99,0,0,0,662
662000,1,99,99,0,99,8,0,0,662
662000,1,99,99,0,99,1,0.0,0,662
662000,1,99,99,0,99,5,0.0,0,662
662000,1,99,99,0,99,7,1.0,0,662
662000,1,99,99,0,99,3,0.0,0,662
662000,1,99,99,0,99,9,0.0,0,662
662000,1,99,99,0,99,11,0.0,0,662
662000,1,99,99,0,99,13,0.0,0,662
662000,1,99,99,0,99,15,0.0,0,662
662000,1,99,99,0,99,17,0.0,0,662
662000,1,99,99,0,99,19,0.0,0,662
663000,1,99,99,0,99,0,0,0,663
663000,1,99,99,0,99,8,0,0,663
663000,1,99,99,0,99,1,0.0,0,663
663000,1,99,99,0,99,5,0.0,0,663
663000,1,99,99,0,99,7,1.0,0,663
663000,1,99,99,0,99,3,0.0,0,663
663000,1,99,99,0,99,9,0.0,0,663
663000,1,99,99,0,99,11,0.0,0,663
663000,1,99,99,0,99,13,0.0,0,663
663000,1,99,99,0,99,15,0.0,0,663
663000,1,99,99,0,99,17,0.0,0,663
663000,1,99,99,0,99,19,0.0,0,663
664000,1,99,99,0,99,0,1,0,664
664000,1,99,99,0,99,8,0,0,664
664000,1,99,99,0,99,1,0.0,0,664
664000,1,99,99,0,99,5,0.0,0,664
664000,1,99,99,0,99,7,0.0,0,664
664000,1,99,99,0,99,3,0.0,0,664
664000,1,99,99,0,99,9,0.0,0,664
664000,1,99,99,0,99,11,0.0,0,664
664000,1,99,99,0,99,13,0.0,0,664
664000,1,99,99,0,99,15,0.0,0,664
664000,1,99,99,0,99,17,0.0,0,664
664000,1,99,99,0,99,19,0.0,0,664
665000,1,99,99,0,99,0,1,0,665
665000,1,99,99,0,99,8,0,0,665
665000,1,99,99,0,99,1,0.0,0,665
665000,1,99,99,0,99,5,0.0,0,665
665000,1,99,99,0,99,7,0.0,0,665
665000,1,99,99,0,99,3,0.0,0,665
665000,1,99,99,0,99,9,0.0,0,665
665000,1,99,99,0,99,11,0.0,0,665
665000,1,99,99,0,99,13,0.0,0,665
665000,1,99,99,0,99,15,0.0,0,665
665000,1,99,99,0,99,17,0.0,0,665
665000,1,99,99,0,99,19,0.0,0,665
666000,1,99,99,0,99,0,0,0,666
666000,1,99,99,0,99,8,0,0,666
666000,1,99,99,0,99,1,0.0,0,666
666000,1,99,99,0,99,5,0.0,0,666
666000,1,99,99,0,99,7,1.0,0,666
666000,1,99,99,0,99,3,0.0,0,666
666000,1,99,99,0,99,9,0.0,0,666
666000,1,99,99,0,99,11,0.0,0,666
666000,1,99,99,0,99,13,0.0,0,666
666000,1,99,99,0,99,15,0.0,0,666
666000,1,99,99,0,99,17,0.0,0,666
666000,1,99,99,0,99,19,0.0,0,666
667000,1,99,99,0,99,0,0,0,667
667000,1,99,99,0,99,8,0,0,667
667000,1,99,99,0,99,1,0.0,0,667
667000,1,99,99,0,99,5,0.0,0,667
667000,1,99,99,0,99,7,1.0,0,667
667000,1,99,99,0,99,3,0.0,0,667
667000,1,99,99,0,99,9,0.0,0,667
667000,1,99,99,0,99,11,0.0,0,667
667000,1,99,99,0,99,13,0.0,0,667
667000,1,99,99,0,99,15,0.0,0,667
667000,1,99,99,0,99,17,0.0,0,667
667000,1,99,99,0,99,19,0.0,0,667
668000,1,99,99,0,99,0,0,0,668
668000,1,99,99,0,99,8,0,0,668
668000,1,99,99,0,99,1,0.0,0,668
668000,1,99,99,0,99,5,0.0,0,668
668000,1,99,99,0,99,7,1.0,0,668
668000,1,99,99,0,99,3,0.0,0,668
668000,1,99,99,0,99,9,0.0,0,668
668000,1,99,99,0,99,11,0.0,0,668
668000,1,99,99,0,99,13,0.0,0,668
668000,1,99,99,0,99,15,0.0,0,668
668000,1,99,99,0,99,17,0.0,0,668
668000,1,99,99,0,99,19,0.0,0,668
669000,1,99,99,0,99,0,0,0,669
669000,1,99,99,0,99,8,0,0,669
669000,1,99,99,0,99,1,0.0,0,669
669000,1,99,99,0,99,5,0.0,0,669
669000,1,99,99,0,99,7,1.0,0,669
669000,1,99,99,0,99,3,0.0,0,669
669000,1,99,99,0,99,9,0.0,0,669
669000,1,99,99,0,99,11,0.0,0,669
669000,1,99,99,0,99,13,0.0,0,669
669000,1,99,99,0,99,15,0.0,0,669
669000,1,99,99,0,99,17,0.0,0,669
669000,1,99,99,0,99,19,0.0,0,669
670000,1,99,99,0,99,0,0,0,670
670000,1,99,99,0,99,8,0,0,670
670000,1,99,99,0,99,1,0.0,0,670
670000,1,99,99,0,99,5,0.0,0,670
670000,1,99,99,0,99,7,1.0,0,670
670000,1,99,99,0,99,3,0.0,0,670
670000,1,99,99,0,99,9,0.0,0,670
670000,1,99,99,0,99,11,0.0,0,670
670000,1,99,99,0,99,13,0.0,0,670
670000,1,99,99,0,99,15,0.0,0,670
670000,1,99,99,0,99,17,0.0,0,670
670000,1,99,99,0,99,19,0.0,0,670
671000,1,99,99,0,99,0,1,0,671
671000,1,99,99,0,99,8,0,0,671
671000,1,99,99,0,99,1,0.0,0,671
671000,1,99,99,0,99,5,0.0,0,671
671000,1,99,99,0,99,7,0.0,0,671
671000,1,99,99,0,99,3,0.0,0,671
671000,1,99,99,0,99,9,0.0,0,671
671000,1,99,99,0,99,11,0.0,0,671
671000,1,99,99,0,99,13,0.0,0,671
671000,1,99,99,0,99,15,0.0,0,671
671000,1,99,99,0,99,17,0.0,0,671
671000,1,99,99,0,99,19,0.0,0,671
672000,1,99,99,0,99,0,1,0,672
672000,1,99,99,0,99,8,0,0,672
672000,1,99,99,0,99,1,0.0,0,672
672000,1,99,99,0,99,5,0.0,0,672
672000,1,99,99,0,99,7,0.0,0,672
672000,1,99,99,0,99,3,0.0,0,672
672000,1,99,99,0,99,9,0.0,0,672
672000,1,99,99,0,99,11,0.0,0,672
672000,1,99,99,0,99,13,0.0,0,672
672000,1,99,99,0,99,15,0.0,0,672
672000,1,99,99,0,99,17,0.0,0,672
672000,1,99,99,0,99,19,0.0,0,672
673000,1,99,99,0,99,0,1,0,673
673000,1,99,99,0,99,8,0,0,673
673000,1,99,99,0,99,1,0.0,0,673
673000,1,99,99,0,99,5,0.0,0,673
673000,1,99,99,0,99,7,0.0,0,673
673000,1,99,99,0,99,3,0.0,0,673
673000,1,99,99,0,99,9,0.0,0,673
673000,1,99,99,0,99,11,0.0,0,673
673000,1,99,99,0,99,13,0.0,0,673
673000,1,99,99,0,99,15,0.0,0,673
673000,1,99,99,0,99,17,0.0,0,673
673000,1,99,99,0,99,19,0.0,0,673
674000,1,99,99,0,99,0,0,0,674
674000,1,99,99,0,99,8,0,0,674
674000,1,99,99,0,99,1,0.0,0,674
674000,1,99,99,0,99,5,0.0,0,674
674000,1,99,99,0,99,7,1.0,0,674
674000,1,99,99,0,99,3,0.0,0,674
674000,1,99,99,0,99,9,0.0,0,674
674000,1,99,99,0,99,11,0.0,0,674
674000,1,99,99,0,99,13,0.0,0,674
674000,1,99,99,0,99,15,0.0,0,674
674000,1,99,99,0,99,17,0.0,0,674
674000,1,99,99,0,99,19,0.0,0,674
675000,1,99,99,0,99,0,0,0,675
675000,1,99,99,0,99,8,0,0,675
675000,1,99,99,0,99,1,0.0,0,675
675000,1,99,99,0,99,5,0.0,0,675
675000,1,99,99,0,99,7,1.0,0,675
675000,1,99,99,0,99,3,0.0,0,675
675000,1,99,99,0,99,9,0.0,0,675
675000,1,99,99,0,99,11,0.0,0,675
675000,1,99,99,0,99,13,0.0,0,675
675000,1,99,99,0,99,15,0.0,0,675
675000,1,99,99,0,99,17,0.0,0,675
675000,1,99,99,0,99,19,0.0,0,675
676000,1,99,99,0,99,0,0,0,676
676000,1,99,99,0,99,8,0,0,676
676000,1,99,99,0,99,1,0.0,0,676
676000,1,99,99,0,99,5,0.0,0,676
676000,1,99,99,0,99,7,1.0,0,676
676000,1,99,99,0,99,3,0.0,0,676
676000,1,99,99,0,99,9,0.0,0,676
676000,1,99,99,0,99,11,0.0,0,676
676000,1,99,99,0,99,13,0.0,0,676
676000,1,99,99,0,99,15,0.0,0,676
676000,1,99,99,0,99,17,0.0,0,676
676000,1,99,99,0,99,19,0.0,0,676
677000,1,99,99,0,99,0,0,0,677
677000,1,99,99,0,99,8,0,0,677
677000,1,99,99,0,99,1,0.0,0,677
677000,1,99,99,0,99,5,0.0,0,677
677000,1,99,99,0,99,7,1.0,0,677
677000,1,99,99,0,99,3,0.0,0,677
677000,1,99,99,0,99,9,0.0,0,677
677000,1,99,99,0,99,11,0.0,0,677
677000,1,99,99,0,99,13,0.0,0,677
677000,1,99,99,0,99,15,0.0,0,677
677000,1,99,99,0,99,17,0.0,0,677
677000,1,99,99,0,99,19,0.0,0,677
678000,1,99,99,0,99,0,1,0,678
678000,1,99,99,0,99,8,0,0,678
678000,1,99,99,0,99,1,0.0,0,678
678000,1,99,99,0,99,5,0.0,0,678
678000,1,99,99,0,99,7,0.0,0,678
678000,1,99,99,0,99,3,0.0,0,678
678000,1,99,99,0,99,9,0.0,0,678
678000,1,99,99,0,99,11,0.0,0,678
678000,1,99,99,0,99,13,0.0,0,678
678000,1,99,99,0,99,15,0.0,0,678
678000,1,99,99,0,99,17,0.0,0,678
678000,1,99,99,0,99,19,0.0,0,678
679000,1,99,99,0,99,0,0,0,679
679000,1,99,99,0,99,8,0,0,679
679000,1,99,99,0,99,1,0.0,0,679
679000,1,99,99,0,99,5,0.0,0,679
679000,1,99,99,0,99,7,0.0,0,679
679000,1,99,99,0,99,3,0.0,0,679
679000,1,99,99,0,99,9,0.0,0,679
679000,1,99,99,0,99,11,0.0,0,679
679000,1,99,99,0,99,13,0.0,0,679
679000,1,99,99,0,99,15,0.0,0,679
679000,1,99,99,0,99,17,1.0,0,679
679000,1,99,99,0,99,19,0.0,0,679
680000,1,99,99,0,99,0,1,0,680
680000,1,99,99,0,99,8,0,0,680
680000,1,99,99,0,99,1,0.0,0,680
680000,1,99,99,0,99,5,0.0,0,680
680000,1,99,99,0,99,7,0.0,0,680
680000,1,99,99,0,99,3,0.0,0,680
680000,1,99,99,0,99,9,0.0,0,680
680000,1,99,99,0,99,11,0.0,0,680
680000,1,99,99,0,99,13,0.0,0,680
680000,1,99,99,0,99,15,0.0,0,680
680000,1,99,99,0,99,17,0.0,0,680
680000,1,99,99,0,99,19,0.0,0,680
681000,1,99,99,0,99,0,0,0,681
681000,1,99,99,0,99,8,0,0,681
681000,1,99,99,0,99,1,0.0,0,681
681000,1,99,99,0,99,5,0.0,0,681
681000,1,99,99,0,99,7,1.0,0,681
681000,1,99,99,0,99,3,0.0,0,681
681000,1,99,99,0,99,9,0.0,0,681
681000,1,99,99,0,99,11,0.0,0,681
681000,1,99,99,0,99,13,0.0,0,681
681000,1,99,99,0,99,15,0.0,0,681
681000,1,99,99,0,99,17,0.0,0,681
681000,1,99,99,0,99,19,0.0,0,681
682000,1,99,99,0,99,0,0,0,682
682000,1,99,99,0,99,8,0,0,682
682000,1,99,99,0,99,1,0.0,0,682
682000,1,99,99,0,99,5,0.0,0,682
682000,1,99,99,0,99,7,1.0,0,682
682000,1,99,99,0,99,3,0.0,0,682
682000,1,99,99,0,99,9,0.0,0,682
682000,1,99,99,0,99,11,0.0,0,682
682000,1,99,99,0,99,13,0.0,0,682
682000,1,99,99,0,99,15,0.0,0,682
682000,1,99,99,0,99,17,0.0,0,682
682000,1,99,99,0,99,19,0.0,0,682
683000,1,99,99,0,99,0,0,0,683
683000,1,99,99,0,99,8,0,0,683
683000,1,99,99,0,99,1,0.0,0,683
683000,1,99,99,0,99,5,0.0,0,683
683000,1,99,99,0,99,7,1.0,0,683
683000,1,99,99,0,99,3,0.0,0,683
683000,1,99,99,0,99,9,0.0,0,683
683000,1,99,99,0,99,11,0.0,0,683
683000,1,99,99,0,99,13,0.0,0,683
683000,1,99,99,0,99,15,0.0,0,683
683000,1,99,99,0,99,17,0.0,0,683
683000,1,99,99,0,99,19,0.0,0,683
684000,1,99,99,0,99,0,0,0,684
684000,1,99,99,0,99,8,0,0,684
684000,1,99,99,0,99,1,0.0,0,684
684000,1,99,99,0,99,5,0.0,0,684
684000,1,99,99,0,99,7,1.0,0,684
684000,1,99,99,0,99,3,0.0,0,684
684000,1,99,99,0,99,9,0.0,0,684
684000,1,99,99,0,99,11,0.0,0,684
684000,1,99,99,0,99,13,0.0,0,684
684000,1,99,99,0,99,15,0.0,0,684
684000,1,99,99,0,99,17,0.0,0,684
684000,1,99,99,0,99,19,0.0,0,684
685000,1,99,99,0,99,0,0,0,685
685000,1,99,99,0,99,8,0,0,685
685000,1,99,99,0,99,1,0.0,0,685
685000,1,99,99,0,99,5,0.0,0,685
685000,1,99,99,0,99,7,1.0,0,685
685000,1,99,99,0,99,3,0.0,0,685
685000,1,99,99,0,99,9,0.0,0,685
685000,1,99,99,0,99,11,0.0,0,685
685000,1,99,99,0,99,13,0.0,0,685
685000,1,99,99,0,99,15,0.0,0,685
685000,1,99,99,0,99,17,0.0,0,685
685000,1,99,99,0,99,19,0.0,0,685
686000,1,99,99,0,99,0,0,0,686
686000,1,99,99,0,99,8,0,0,686
686000,1,99,99,0,99,1,0.0,0,686
686000,1,99,99,0,99,5,0.0,0,686
686000,1,99,99,0,99,7,1.0,0,686
686000,1,99,99,0,99,3,0.0,0,686
686000,1,99,99,0,99,9,0.0,0,686
686000,1,99,99,0,99,11,0.0,0,686
686000,1,99,99,0,99,13,0.0,0,686
686000,1,99,99,0,99,15,0.0,0,686
686000,1,99,99,0,99,17,0.0,0,686
686000,1,99,99,0,99,19,0.0,0,686
687000,1,99,99,0,99,0,0,0,687
687000,1,99,99,0,99,8,0,0,687
687000,1,99,99,0,99,1,0.0,0,687
687000,1,99,99,0,99,5,0.0,0,687
687000,1,99,99,0,99,7,1.0,0,687
687000,1,99,99,0,99,3,0.0,0,687
687000,1,99,99,0,99,9,0.0,0,687
687000,1,99,99,0,99,11,0.0,0,687
687000,1,99,99,0,99,13,0.0,0,687
687000,1,99,99,0,99,15,0.0,0,687
687000,1,99,99,0,99,17,0.0,0,687
687000,1,99,99,0,99,19,0.0,0,687
688000,1,99,99,0,99,0,1,0,688
688000,1,99,99,0,99,8,0,0,688
688000,1,99,99,0,99,1,0.0,0,688
688000,1,99,99,0,99,5,0.0,0,688
688000,1,99,99,0,99,7,0.0,0,688
688000,1,99,99,0,99,3,0.0,0,688
688000,1,99,99,0,99,9,0.0,0,688
688000,1,99,99,0,99,11,0.0,0,688
688000,1,99,99,0,99,13,0.0,0,688
688000,1,99,99,0,99,15,0.0,0,688
688000,1,99,99,0,99,17,0.0,0,688
688000,1,99,99,0,99,19,0.0,0,688
689000,1,99,99,0,99,0,0,0,689
689000,1,99,99,0,99,8,0,0,689
689000,1,99,99,0,99,1,0.0,0,689
689000,1,99,99,0,99,5,0.0,0,689
689000,1,99,99,0,99,7,1.0,0,689
689000,1,99,99,0,99,3,0.0,0,689
689000,1,99,99,0,99,9,0.0,0,689
689000,1,99,99,0,99,11,0.0,0,689
689000,1,99,99,0,99,13,0.0,0,689
689000,1,99,99,0,99,15,0.0,0,689
689000,1,99,99,0,99,17,0.0,0,689
689000,1,99,99,0,99,19,0.0,0,689
690000,1,99,99,0,99,0,0,0,690
690000,1,99,99,0,99,8,0,0,690
690000,1,99,99,0,99,1,0.0,0,690
690000,1,99,99,0,99,5,0.0,0,690
690000,1,99,99,0,99,7,1.0,0,690
690000,1,99,99,0,99,3,0.0,0,690
690000,1,99,99,0,99,9,0.0,0,690
690000,1,99,99,0,99,11,0.0,0,690
690000,1,99,99,0,99,13,0.0,0,690
690000,1,99,99,0,99,15,0.0,0,690
690000,1,99,99,0,99,17,0.0,0,690
690000,1,99,99,0,99,19,0.0,0,690
691000,1,99,99,0,99,0,1,0,691
691000,1,99,99,0,99,8,0,0,691
691000,1,99,99,0,99,1,0.0,0,691
691000,1,99,99,0,99,5,0.0,0,691
691000,1,99,99,0,99,7,0.0,0,691
691000,1,99,99,0,99,3,0.0,0,691
691000,1,99,99,0,99,9,0.0,0,691
691000,1,99,99,0,99,11,0.0,0,691
691000,1,99,99,0,99,13,0.0,0,691
691000,1,99,99,0,99,15,0.0,0,691
691000,1,99,99,0,99,17,0.0,0,691
691000,1,99,99,0,99,19,0.0,0,691
692000,1,99,99,0,99,0,1,0,692
692000,1,99,99,0,99,8,0,0,692
692000,1,99,99,0,99,1,0.0,0,692
692000,1,99,99,0,99,5,0.0,0,692
692000,1,99,99,0,99,7,0.0,0,692
692000,1,99,99,0,99,3,0.0,0,692
692000,1,99,99,0,99,9,0.0,0,692
692000,1,99,99,0,99,11,0.0,0,692
692000,1,99,99,0,99,13,0.0,0,692
692000,1,99,99,0,99,15,0.0,0,692
692000,1,99,99,0,99,17,0.0,0,692
692000,1,99,99,0,99,19,0.0,0,692
693000,1,99,99,0,99,0,0,0,693
693000,1,99,99,0,99,8,0,0,693
693000,1,99,99,0,99,1,0.0,0,693
693000,1,99,99,0,99,5,0.0,0,693
693000,1,99,99,0,99,7,1.0,0,693
693000,1,99,99,0,99,3,0.0,0,693
693000,1,99,99,0,99,9,0.0,0,693
693000,1,99,99,0,99,11,0.0,0,693
693000,1,99,99,0,99,13,0.0,0,693
693000,1,99,99,0,99,15,0.0,0,693
693000,1,99,99,0,99,17,0.0,0,693
693000,1,99,99,0,99,19,0.0,0,693
694000,1,99,99,0,99,0,1,0,694
694000,1,99,99,0,99,8,0,0,694
694000,1,99,99,0,99,1,0.0,0,694
694000,1,99,99,0,99,5,0.0,0,694
694000,1,99,99,0,99,7,0.0,0,694
694000,1,99,99,0,99,3,0.0,0,694
694000,1,99,99,0,99,9,0.0,0,694
694000,1,99,99,0,99,11,0.0,0,694
694000,1,99,99,0,99,13,0.0,0,694
694000,1,99,99,0,99,15,0.0,0,694
694000,1,99,99,0,99,17,0.0,0,694
694000,1,99,99,0,99,19,0.0,0,694
695000,1,99,99,0,99,0,0,0,695
695000,1,99,99,0,99,8,0,0,695
695000,1,99,99,0,99,1,0.0,0,695
695000,1,99,99,0,99,5,0.0,0,695
695000,1,99,99,0,99,7,1.0,0,695
695000,1,99,99,0,99,3,0.0,0,695
695000,1,99,99,0,99,9,0.0,0,695
695000,1,99,99,0,99,11,0.0,0,695
695000,1,99,99,0,99,13,0.0,0,695
695000,1,99,99,0,99,15,0.0,0,695
695000,1,99,99,0,99,17,0.0,0,695
695000,1,99,99,0,99,19,0.0,0,695
696000,1,99,99,0,99,0,0,0,696
696000,1,99,99,0,99,8,0,0,696
696000,1,99,99,0,99,1,0.0,0,696
696000,1,99,99,0,99,5,0.0,0,696
696000,1,99,99,0,99,7,1.0,0,696
696000,1,99,99,0,99,3,0.0,0,696
696000,1,99,99,0,99,9,0.0,0,696
696000,1,99,99,0,99,11,0.0,0,696
696000,1,99,99,0,99,13,0.0,0,696
696000,1,99,99,0,99,15,0.0,0,696
696000,1,99,99,0,99,17,0.0,0,696
696000,1,99,99,0,99,19,0.0,0,696
697000,1,99,99,0,99,0,0,0,697
697000,1,99,99,0,99,8,0,0,697
697000,1,99,99,0,99,1,0.0,0,697
697000,1,99,99,0,99,5,0.0,0,697
697000,1,99,99,0,99,7,1.0,0,697
697000,1,99,99,0,99,3,0.0,0,697
697000,1,99,99,0,99,9,0.0,0,697
697000,1,99,99,0,99,11,0.0,0,697
697000,1,99,99,0,99,13,0.0,0,697
697000,1,99,99,0,99,15,0.0,0,697
697000,1,99,99,0,99,17,0.0,0,697
697000,1,99,99,0,99,19,0.0,0,697
698000,1,99,99,0,99,0,1,0,698
698000,1,99,99,0,99,8,0,0,698
698000,1,99,99,0,99,1,0.0,0,698
698000,1,99,99,0,99,5,0.0,0,698
698000,1,99,99,0,99,7,0.0,0,698
698000,1,99,99,0,99,3,0.0,0,698
698000,1,99,99,0,99,9,0.0,0,698
698000,1,99,99,0,99,11,0.0,0,698
698000,1,99,99,0,99,13,0.0,0,698
698000,1,99,99,0,99,15,0.0,0,698
698000,1,99,99,0,99,17,0.0,0,698
698000,1,99,99,0,99,19,0.0,0,698
699000,1,99,99,0,99,0,0,0,699
699000,1,99,99,0,99,8,0,0,699
699000,1,99,99,0,99,1,0.0,0,699
699000,1,99,99,0,99,5,0.0,0,699
699000,1,99,99,0,99,7,1.0,0,699
699000,1,99,99,0,99,3,0.0,0,699
699000,1,99,99,0,99,9,0.0,0,699
699000,1,99,99,0,99,11,0.0,0,699
699000,1,99,99,0,99,13,0.0,0,699
699000,1,99,99,0,99,15,0.0,0,699
699000,1,99,99,0,99,17,0.0,0,699
699000,1,99,99,0,99,19,0.0,0,699
700000,1,99,99,0,99,0,0,0,700
700000,1,99,99,0,99,8,0,0,700
700000,1,99,99,0,99,1,0.0,0,700
700000,1,99,99,0,99,5,0.0,0,700
700000,1,99,99,0,99,7,1.0,0,700
700000,1,99,99,0,99,3,0.0,0,700
700000,1,99,99,0,99,9,0.0,0,700
700000,1,99,99,0,99,11,0.0,0,700
700000,1,99,99,0,99,13,0.0,0,700
700000,1,99,99,0,99,15,0.0,0,700
700000,1,99,99,0,99,17,0.0,0,700
700000,1,99,99,0,99,19,0.0,0,700
701000,1,99,99,0,99,0,0,0,701
701000,1,99,99,0,99,8,0,0,701
701000,1,99,99,0,99,1,0.0,0,701
701000,1,99,99,0,99,5,0.0,0,701
701000,1,99,99,0,99,7,1.0,0,701
701000,1,99,99,0,99,3,0.0,0,701
701000,1,99,99,0,99,9,0.0,0,701
701000,1,99,99,0,99,11,0.0,0,701
701000,1,99,99,0,99,13,0.0,0,701
701000,1,99,99,0,99,15,0.0,0,701
701000,1,99,99,0,99,17,0.0,0,701
701000,1,99,99,0,99,19,0.0,0,701
702000,1,99,99,0,99,0,0,0,702
702000,1,99,99,0,99,8,0,0,702
702000,1,99,99,0,99,1,0.0,0,702
702000,1,99,99,0,99,5,0.0,0,702
702000,1,99,99,0,99,7,1.0,0,702
702000,1,99,99,0,99,3,0.0,0,702
702000,1,99,99,0,99,9,0.0,0,702
702000,1,99,99,0,99,11,0.0,0,702
702000,1,99,99,0,99,13,0.0,0,702
702000,1,99,99,0,99,15,0.0,0,702
702000,1,99,99,0,99,17,0.0,0,702
702000,1,99,99,0,99,19,0.0,0,702
703000,1,99,99,0,99,0,0,0,703
703000,1,99,99,0,99,8,0,0,703
703000,1,99,99,0,99,1,0.0,0,703
703000,1,99,99,0,99,5,0.0,0,703
703000,1,99,99,0,99,7,1.0,0,703
703000,1,99,99,0,99,3,0.0,0,703
703000,1,99,99,0,99,9,0.0,0,703
703000,1,99,99,0,99,11,0.0,0,703
703000,1,99,99,0,99,13,0.0,0,703
703000,1,99,99,0,99,15,0.0,0,703
703000,1,99,99,0,99,17,0.0,0,703
703000,1,99,99,0,99,19,0.0,0,703
704000,1,99,99,0,99,0,0,0,704
704000,1,99,99,0,99,8,0,0,704
704000,1,99,99,0,99,1,0.0,0,704
704000,1,99,99,0,99,5,0.0,0,704
704000,1,99,99,0,99,7,1.0,0,704
704000,1,99,99,0,99,3,0.0,0,704
704000,1,99,99,0,99,9,0.0,0,704
704000,1,99,99,0,99,11,0.0,0,704
704000,1,99,99,0,99,13,0.0,0,704
704000,1,99,99,0,99,15,0.0,0,704
704000,1,99,99,0,99,17,0.0,0,704
704000,1,99,99,0,99,19,0.0,0,704
705000,1,99,99,0,99,0,1,0,705
705000,1,99,99,0,99,8,0,0,705
705000,1,99,99,0,99,1,0.0,0,705
705000,1,99,99,0,99,5,0.0,0,705
705000,1,99,99,0,99,7,0.0,0,705
705000,1,99,99,0,99,3,0.0,0,705
705000,1,99,99,0,99,9,0.0,0,705
705000,1,99,99,0,99,11,0.0,0,705
705000,1,99,99,0,99,13,0.0,0,705
705000,1,99,99,0,99,15,0.0,0,705
705000,1,99,99,0,99,17,0.0,0,705
705000,1,99,99,0,99,19,0.0,0,705
706000,1,99,99,0,99,0,1,0,706
706000,1,99,99,0,99,8,0,0,706
706000,1,99,99,0,99,1,0.0,0,706
706000,1,99,99,0,99,5,0.0,0,706
706000,1,99,99,0,99,7,0.0,0,706
706000,1,99,99,0,99,3,0.0,0,706
706000,1,99,99,0,99,9,0.0,0,706
706000,1,99,99,0,99,11,0.0,0,706
706000,1,99,99,0,99,13,0.0,0,706
706000,1,99,99,0,99,15,0.0,0,706
706000,1,99,99,0,99,17,0.0,0,706
706000,1,99,99,0,99,19,0.0,0,706
707000,1,99,99,0,99,0,0,0,707
707000,1,99,99,0,99,8,0,0,707
707000,1,99,99,0,99,1,0.0,0,707
707000,1,99,99,0,99,5,0.0,0,707
707000,1,99,99,0,99,7,1.0,0,707
707000,1,99,99,0,99,3,0.0,0,707
707000,1,99,99,0,99,9,0.0,0,707
707000,1,99,99,0,99,11,0.0,0,707
707000,1,99,99,0,99,13,0.0,0,707
707000,1,99,99,0,99,15,0.0,0,707
707000,1,99,99,0,99,17,0.0,0,707
707000,1,99,99,0,99,19,0.0,0,707
708000,1,99,99,0,99,0,0,0,708
708000,1,99,99,0,99,8,0,0,708
708000,1,99,99,0,99,1,0.0,0,708
708000,1,99,99,0,99,5,0.0,0,708
708000,1,99,99,0,99,7,1.0,0,708
708000,1,99,99,0,99,3,0.0,0,708
708000,1,99,99,0,99,9,0.0,0,708
708000,1,99,99,0,99,11,0.0,0,708
708000,1,99,99,0,99,13,0.0,0,708
708000,1,99,99,0,99,15,0.0,0,708
708000,1,99,99,0,99,17,0.0,0,708
708000,1,99,99,0,99,19,0.0,0,708
709000,1,99,99,0,99,0,0,0,709
709000,1,99,99,0,99,8,0,0,709
709000,1,99,99,0,99,1,0.0,0,709
709000,1,99,99,0,99,5,0.0,0,709
709000,1,99,99,0,99,7,1.0,0,709
709000,1,99,99,0,99,3,0.0,0,709
709000,1,99,99,0,99,9,0.0,0,709
709000,1,99,99,0,99,11,0.0,0,709
709000,1,99,99,0,99,13,0.0,0,709
709000,1,99,99,0,99,15,0.0,0,709
709000,1,99,99,0,99,17,0.0,0,709
709000,1,99,99,0,99,19,0.0,0,709
710000,1,99,99,0,99,0,1,0,710
710000,1,99,99,0,99,8,0,0,710
710000,1,99,99,0,99,1,0.0,0,710
710000,1,99,99,0,99,5,0.0,0,710
710000,1,99,99,0,99,7,0.0,0,710
710000,1,99,99,0,99,3,0.0,0,710
710000,1,99,99,0,99,9,0.0,0,710
710000,1,99,99,0,99,11,0.0,0,710
710000,1,99,99,0,99,13,0.0,0,710
710000,1,99,99,0,99,15,0.0,0,710
710000,1,99,99,0,99,17,0.0,0,710
710000,1,99,99,0,99,19,0.0,0,710
711000,1,99,99,0,99,0,0,0,711
711000,1,99,99,0,99,8,0,0,711
711000,1,99,99,0,99,1,0.0,0,711
711000,1,99,99,0,99,5,0.0,0,711
711000,1,99,99,0,99,7,1.0,0,711
711000,1,99,99,0,99,3,0.0,0,711
711000,1,99,99,0,99,9,0.0,0,711
711000,1,99,99,0,99,11,0.0,0,711
711000,1,99,99,0,99,13,0.0,0,711
711000,1,99,99,0,99,15,0.0,0,711
711000,1,99,99,0,99,17,0.0,0,711
711000,1,99,99,0,99,19,0.0,0,711
712000,1,99,99,0,99,0,0,0,712
712000,1,99,99,0,99,8,0,0,712
712000,1,99,99,0,99,1,0.0,0,712
712000,1,99,99,0,99,5,0.0,0,712
712000,1,99,99,0,99,7,1.0,0,712
712000,1,99,99,0,99,3,0.0,0,712
712000,1,99,99,0,99,9,0.0,0,712
712000,1,99,99,0,99,11,0.0,0,712
712000,1,99,99,0,99,13,0.0,0,712
712000,1,99,99,0,99,15,0.0,0,712
712000,1,99,99,0,99,17,0.0,0,712
712000,1,99,99,0,99,19,0.0,0,712
713000,1,99,99,0,99,0,0,0,713
713000,1,99,99,0,99,8,0,0,713
713000,1,99,99,0,99,1,0.0,0,713
713000,1,99,99,0,99,5,0.0,0,713
713000,1,99,99,0,99,7,1.0,0,713
713000,1,99,99,0,99,3,0.0,0,713
713000,1,99,99,0,99,9,0.0,0,713
713000,1,99,99,0,99,11,0.0,0,713
713000,1,99,99,0,99,13,0.0,0,713
713000,1,99,99,0,99,15,0.0,0,713
713000,1,99,99,0,99,17,0.0,0,713
713000,1,99,99,0,99,19,0.0,0,713
714000,1,99,99,0,99,0,0,0,714
714000,1,99,99,0,99,8,0,0,714
714000,1,99,99,0,99,1,0.0,0,714
714000,1,99,99,0,99,5,0.0,0,714
714000,1,99,99,0,99,7,1.0,0,714
714000,1,99,99,0,99,3,0.0,0,714
714000,1,99,99,0,99,9,0.0,0,714
714000,1,99,99,0,99,11,0.0,0,714
714000,1,99,99,0,99,13,0.0,0,714
714000,1,99,99,0,99,15,0.0,0,714
714000,1,99,99,0,99,17,0.0,0,714
714000,1,99,99,0,99,19,0.0,0,714
715000,1,99,99,0,99,0,0,0,715
715000,1,99,99,0,99,8,0,0,715
715000,1,99,99,0,99,1,0.0,0,715
715000,1,99,99,0,99,5,0.0,0,715
715000,1,99,99,0,99,7,1.0,0,715
715000,1,99,99,0,99,3,0.0,0,715
715000,1,99,99,0,99,9,0.0,0,715
715000,1,99,99,0,99,11,0.0,0,715
715000,1,99,99,0,99,13,0.0,0,715
715000,1,99,99,0,99,15,0.0,0,715
715000,1,99,99,0,99,17,0.0,0,715
715000,1,99,99,0,99,19,0.0,0,715
716000,1,99,99,0,99,0,1,0,716
716000,1,99,99,0,99,8,0,0,716
716000,1,99,99,0,99,1,0.0,0,716
716000,1,99,99,0,99,5,0.0,0,716
716000,1,99,99,0,99,7,0.0,0,716
716000,1,99,99,0,99,3,0.0,0,716
716000,1,99,99,0,99,9,0.0,0,716
716000,1,99,99,0,99,11,0.0,0,716
716000,1,99,99,0,99,13,0.0,0,716
716000,1,99,99,0,99,15,0.0,0,716
716000,1,99,99,0,99,17,0.0,0,716
716000,1,99,99,0,99,19,0.0,0,716
717000,1,99,99,0,99,0,0,0,717
717000,1,99,99,0,99,8,0,0,717
717000,1,99,99,0,99,1,0.0,0,717
717000,1,99,99,0,99,5,0.0,0,717
717000,1,99,99,0,99,7,1.0,0,717
717000,1,99,99,0,99,3,0.0,0,717
717000,1,99,99,0,99,9,0.0,0,717
717000,1,99,99,0,99,11,0.0,0,717
717000,1,99,99,0,99,13,0.0,0,717
717000,1,99,99,0,99,15,0.0,0,717
717000,1,99,99,0,99,17,0.0,0,717
717000,1,99,99,0,99,19,0.0,0,717
718000,1,99,99,0,99,0,1,0,718
718000,1,99,99,0,99,8,0,0,718
718000,1,99,99,0,99,1,0.0,0,718
718000,1,99,99,0,99,5,0.0,0,718
718000,1,99,99,0,99,7,0.0,0,718
718000,1,99,99,0,99,3,0.0,0,718
718000,1,99,99,0,99,9,0.0,0,718
718000,1,99,99,0,99,11,0.0,0,718
718000,1,99,99,0,99,13,0.0,0,718
718000,1,99,99,0,99,15,0.0,0,718
718000,1,99,99,0,99,17,0.0,0,718
718000,1,99,99,0,99,19,0.0,0,718
719000,1,99,99,0,99,0,1,0,719
719000,1,99,99,0,99,8,0,0,719
719000,1,99,99,0,99,1,0.0,0,719
719000,1,99,99,0,99,5,0.0,0,719
719000,1,99,99,0,99,7,0.0,0,719
719000,1,99,99,0,99,3,0.0,0,719
719000,1,99,99,0,99,9,0.0,0,719
719000,1,99,99,0,99,11,0.0,0,719
719000,1,99,99,0,99,13,0.0,0,719
719000,1,99,99,0,99,15,0.0,0,719
719000,1,99,99,0,99,17,0.0,0,719
719000,1,99,99,0,99,19,0.0,0,719
720000,1,99,99,0,99,0,1,0,720
720000,1,99,99,0,99,8,0,0,720
720000,1,99,99,0,99,1,0.0,0,720
720000,1,99,99,0,99,5,0.0,0,720
720000,1,99,99,0,99,7,0.0,0,720
720000,1,99,99,0,99,3,0.0,0,720
720000,1,99,99,0,99,9,0.0,0,720
720000,1,99,99,0,99,11,0.0,0,720
720000,1,99,99,0,99,13,0.0,0,720
720000,1,99,99,0,99,15,0.0,0,720
720000,1,99,99,0,99,17,0.0,0,720
720000,1,99,99,0,99,19,0.0,0,720
721000,1,99,99,0,99,0,0,0,721
721000,1,99,99,0,99,8,0,0,721
721000,1,99,99,0,99,1,0.0,0,721
721000,1,99,99,0,99,5,0.0,0,721
721000,1,99,99,0,99,7,0.0,0,721
721000,1,99,99,0,99,3,0.0,0,721
721000,1,99,99,0,99,9,0.0,0,721
721000,1,99,99,0,99,11,0.0,0,721
721000,1,99,99,0,99,13,0.0,0,721
721000,1,99,99,0,99,15,0.0,0,721
721000,1,99,99,0,99,17,1.0,0,721
721000,1,99,99,0,99,19,0.0,0,721
722000,1,99,99,0,99,0,0,0,722
722000,1,99,99,0,99,8,0,0,722
722000,1,99,99,0,99,1,0.0,0,722
722000,1,99,99,0,99,5,0.0,0,722
722000,1,99,99,0,99,7,0.0,0,722
722000,1,99,99,0,99,3,0.0,0,722
722000,1,99,99,0,99,9,0.0,0,722
722000,1,99,99,0,99,11,0.0,0,722
722000,1,99,99,0,99,13,0.0,0,722
722000,1,99,99,0,99,15,0.0,0,722
722000,1,99,99,0,99,17,1.0,0,722
722000,1,99,99,0,99,19,0.0,0,722
723000,1,99,99,0,99,0,0,0,723
723000,1,99,99,0,99,8,0,0,723
723000,1,99,99,0,99,1,0.0,0,723
723000,1,99,99,0,99,5,0.0,0,723
723000,1,99,99,0,99,7,1.0,0,723
723000,1,99,99,0,99,3,0.0,0,723
723000,1,99,99,0,99,9,0.0,0,723
723000,1,99,99,0,99,11,0.0,0,723
723000,1,99,99,0,99,13,0.0,0,723
723000,1,99,99,0,99,15,0.0,0,723
723000,1,99,99,0,99,17,0.0,0,723
723000,1,99,99,0,99,19,0.0,0,723
724000,1,99,99,0,99,0,0,0,724
724000,1,99,99,0,99,8,0,0,724
724000,1,99,99,0,99,1,0.0,0,724
724000,1,99,99,0,99,5,0.0,0,724
724000,1,99,99,0,99,7,1.0,0,724
724000,1,99,99,0,99,3,0.0,0,724
724000,1,99,99,0,99,9,0.0,0,724
724000,1,99,99,0,99,11,0.0,0,724
724000,1,99,99,0,99,13,0.0,0,724
724000,1,99,99,0,99,15,0.0,0,724
724000,1,99,99,0,99,17,0.0,0,724
724000,1,99,99,0,99,19,0.0,0,724
725000,1,99,99,0,99,0,0,0,725
725000,1,99,99,0,99,8,0,0,725
725000,1,99,99,0,99,1,0.0,0,725
725000,1,99,99,0,99,5,0.0,0,725
725000,1,99,99,0,99,7,1.0,0,725
725000,1,99,99,0,99,3,0.0,0,725
725000,1,99,99,0,99,9,0.0,0,725
725000,1,99,99,0,99,11,0.0,0,725
725000,1,99,99,0,99,13,0.0,0,725
725000,1,99,99,0,99,15,0.0,0,725
725000,1,99,99,0,99,17,0.0,0,725
725000,1,99,99,0,99,19,0.0,0,725
726000,1,99,99,0,99,0,0,0,726
726000,1,99,99,0,99,8,0,0,726
726000,1,99,99,0,99,1,0.0,0,726
726000,1,99,99,0,99,5,0.0,0,726
726000,1,99,99,0,99,7,1.0,0,726
726000,1,99,99,0,99,3,0.0,0,726
726000,1,99,99,0,99,9,0.0,0,726
726000,1,99,99,0,99,11,0.0,0,726
726000,1,99,99,0,99,13,0.0,0,726
726000,1,99,99,0,99,15,0.0,0,726
726000,1,99,99,0,99,17,0.0,0,726
726000,1,99,99,0,99,19,0.0,0,726
727000,1,99,99,0,99,0,1,0,727
727000,1,99,99,0,99,8,0,0,727
727000,1,99,99,0,99,1,0.0,0,727
727000,1,99,99,0,99,5,0.0,0,727
727000,1,99,99,0,99,7,0.0,0,727
727000,1,99,99,0,99,3,0.0,0,727
727000,1,99,99,0,99,9,0.0,0,727
727000,1,99,99,0,99,11,0.0,0,727
727000,1,99,99,0,99,13,0.0,0,727
727000,1,99,99,0,99,15,0.0,0,727
727000,1,99,99,0,99,17,0.0,0,727
727000,1,99,99,0,99,19,0.0,0,727
728000,1,99,99,0,99,0,1,0,728
728000,1,99,99,0,99,8,0,0,728
728000,1,99,99,0,99,1,0.0,0,728
728000,1,99,99,0,99,5,0.0,0,728
728000,1,99,99,0,99,7,0.0,0,728
728000,1,99,99,0,99,3,0.0,0,728
728000,1,99,99,0,99,9,0.0,0,728
728000,1,99,99,0,99,11,0.0,0,728
728000,1,99,99,0,99,13,0.0,0,728
728000,1,99,99,0,99,15,0.0,0,728
728000,1,99,99,0,99,17,0.0,0,728
728000,1,99,99,0,99,19,0.0,0,728
729000,1,99,99,0,99,0,0,0,729
729000,1,99,99,0,99,8,0,0,729
729000,1,99,99,0,99,1,0.0,0,729
729000,1,99,99,0,99,5,0.0,0,729
729000,1,99,99,0,99,7,1.0,0,729
729000,1,99,99,0,99,3,0.0,0,729
729000,1,99,99,0,99,9,0.0,0,729
729000,1,99,99,0,99,11,0.0,0,729
729000,1,99,99,0,99,13,0.0,0,729
729000,1,99,99,0,99,15,0.0,0,729
729000,1,99,99,0,99,17,0.0,0,729
729000,1,99,99,0,99,19,0.0,0,729
730000,1,99,99,0,99,0,0,0,730
730000,1,99,99,0,99,8,0,0,730
730000,1,99,99,0,99,1,0.0,0,730
730000,1,99,99,0,99,5,0.0,0,730
730000,1,99,99,0,99,7,1.0,0,730
730000,1,99,99,0,99,3,0.0,0,730
730000,1,99,99,0,99,9,0.0,0,730
730000,1,99,99,0,99,11,0.0,0,730
730000,1,99,99,0,99,13,0.0,0,730
730000,1,99,99,0,99,15,0.0,0,730
730000,1,99,99,0,99,17,0.0,0,730
730000,1,99,99,0,99,19,0.0,0,730
731000,1,99,99,0,99,0,0,0,731
731000,1,99,99,0,99,8,0,0,731
731000,1,99,99,0,99,1,0.0,0,731
731000,1,99,99,0,99,5,0.0,0,731
731000,1,99,99,0,99,7,1.0,0,731
731000,1,99,99,0,99,3,0.0,0,731
731000,1,99,99,0,99,9,0.0,0,731
731000,1,99,99,0,99,11,0.0,0,731
731000,1,99,99,0,99,13,0.0,0,731
731000,1,99,99,0,99,15,0.0,0,731
731000,1,99,99,0,99,17,0.0,0,731
731000,1,99,99,0,99,19,0.0,0,731
732000,1,99,99,0,99,0,0,0,732
732000,1,99,99,0,99,8,0,0,732
732000,1,99,99,0,99,1,0.0,0,732
732000,1,99,99,0,99,5,0.0,0,732
732000,1,99,99,0,99,7,1.0,0,732
732000,1,99,99,0,99,3,0.0,0,732
732000,1,99,99,0,99,9,0.0,0,732
732000,1,99,99,0,99,11,0.0,0,732
732000,1,99,99,0,99,13,0.0,0,732
732000,1,99,99,0,99,15,0.0,0,732
732000,1,99,99,0,99,17,0.0,0,732
732000,1,99,99,0,99,19,0.0,0,732
733000,1,99,99,0,99,0,1,0,733
733000,1,99,99,0,99,8,0,0,733
733000,1,99,99,0,99,1,0.0,0,733
733000,1,99,99,0,99,5,0.0,0,733
733000,1,99,99,0,99,7,0.0,0,733
733000,1,99,99,0,99,3,0.0,0,733
733000,1,99,99,0,99,9,0.0,0,733
733000,1,99,99,0,99,11,0.0,0,733
733000,1,99,99,0,99,13,0.0,0,733
733000,1,99,99,0,99,15,0.0,0,733
733000,1,99,99,0,99,17,0.0,0,733
733000,1,99,99,0,99,19,0.0,0,733
734000,1,99,99,0,99,0,0,0,734
734000,1,99,99,0,99,8,0,0,734
734000,1,99,99,0,99,1,0.0,0,734
734000,1,99,99,0,99,5,0.0,0,734
734000,1,99,99,0,99,7,1.0,0,734
734000,1,99,99,0,99,3,0.0,0,734
734000,1,99,99,0,99,9,0.0,0,734
734000,1,99,99,0,99,11,0.0,0,734
734000,1,99,99,0,99,13,0.0,0,734
734000,1,99,99,0,99,15,0.0,0,734
734000,1,99,99,0,99,17,0.0,0,734
734000,1,99,99,0,99,19,0.0,0,734
735000,1,99,99,0,99,0,0,0,735
735000,1,99,99,0,99,8,0,0,735
735000,1,99,99,0,99,1,0.0,0,735
735000,1,99,99,0,99,5,0.0,0,735
735000,1,99,99,0,99,7,1.0,0,735
735000,1,99,99,0,99,3,0.0,0,735
735000,1,99,99,0,99,9,0.0,0,735
735000,1,99,99,0,99,11,0.0,0,735
735000,1,99,99,0,99,13,0.0,0,735
735000,1,99,99,0,99,15,0.0,0,735
735000,1,99,99,0,99,17,0.0,0,735
735000,1,99,99,0,99,19,0.0,0,735
736000,1,99,99,0,99,0,0,0,736
736000,1,99,99,0,99,8,0,0,736
736000,1,99,99,0,99,1,0.0,0,736
736000,1,99,99,0,99,5,0.0,0,736
736000,1,99,99,0,99,7,1.0,0,736
736000,1,99,99,0,99,3,0.0,0,736
736000,1,99,99,0,99,9,0.0,0,736
736000,1,99,99,0,99,11,0.0,0,736
736000,1,99,99,0,99,13,0.0,0,736
736000,1,99,99,0,99,15,0.0,0,736
736000,1,99,99,0,99,17,0.0,0,736
736000,1,99,99,0,99,19,0.0,0,736
737000,1,99,99,0,99,0,0,0,737
737000,1,99,99,0,99,8,0,0,737
737000,1,99,99,0,99,1,0.0,0,737
737000,1,99,99,0,99,5,0.0,0,737
737000,1,99,99,0,99,7,1.0,0,737
737000,1,99,99,0,99,3,0.0,0,737
737000,1,99,99,0,99,9,0.0,0,737
737000,1,99,99,0,99,11,0.0,0,737
737000,1,99,99,0,99,13,0.0,0,737
737000,1,99,99,0,99,15,0.0,0,737
737000,1,99,99,0,99,17,0.0,0,737
737000,1,99,99,0,99,19,0.0,0,737
738000,1,99,99,0,99,0,0,0,738
738000,1,99,99,0,99,8,0,0,738
738000,1,99,99,0,99,1,0.0,0,738
738000,1,99,99,0,99,5,0.0,0,738
738000,1,99,99,0,99,7,1.0,0,738
738000,1,99,99,0,99,3,0.0,0,738
738000,1,99,99,0,99,9,0.0,0,738
738000,1,99,99,0,99,11,0.0,0,738
738000,1,99,99,0,99,13,0.0,0,738
738000,1,99,99,0,99,15,0.0,0,738
738000,1,99,99,0,99,17,0.0,0,738
738000,1,99,99,0,99,19,0.0,0,738
739000,1,99,99,0,99,0,1,0,739
739000,1,99,99,0,99,8,0,0,739
739000,1,99,99,0,99,1,0.0,0,739
739000,1,99,99,0,99,5,0.0,0,739
739000,1,99,99,0,99,7,0.0,0,739
739000,1,99,99,0,99,3,0.0,0,739
739000,1,99,99,0,99,9,0.0,0,739
739000,1,99,99,0,99,11,0.0,0,739
739000,1,99,99,0,99,13,0.0,0,739
739000,1,99,99,0,99,15,0.0,0,739
739000,1,99,99,0,99,17,0.0,0,739
739000,1,99,99,0,99,19,0.0,0,739
740000,1,99,99,0,99,0,0,0,740
740000,1,99,99,0,99,8,0,0,740
740000,1,99,99,0,99,1,0.0,0,740
740000,1,99,99,0,99,5,0.0,0,740
740000,1,99,99,0,99,7,1.0,0,740
740000,1,99,99,0,99,3,0.0,0,740
740000,1,99,99,0,99,9,0.0,0,740
740000,1,99,99,0,99,11,0.0,0,740
740000,1,99,99,0,99,13,0.0,0,740
740000,1,99,99,0,99,15,0.0,0,740
740000,1,99,99,0,99,17,0.0,0,740
740000,1,99,99,0,99,19,0.0,0,740
741000,1,99,99,0,99,0,0,0,741
741000,1,99,99,0,99,8,0,0,741
741000,1,99,99,0,99,1,0.0,0,741
741000,1,99,99,0,99,5,0.0,0,741
741000,1,99,99,0,99,7,1.0,0,741
741000,1,99,99,0,99,3,0.0,0,741
741000,1,99,99,0,99,9,0.0,0,741
741000,1,99,99,0,99,11,0.0,0,741
741000,1,99,99,0,99,13,0.0,0,741
741000,1,99,99,0,99,15,0.0,0,741
741000,1,99,99,0,99,17,0.0,0,741
741000,1,99,99,0,99,19,0.0,0,741
742000,1,99,99,0,99,0,0,0,742
742000,1,99,99,0,99,8,0,0,742
742000,1,99,99,0,99,1,0.0,0,742
742000,1,99,99,0,99,5,0.0,0,742
742000,1,99,99,0,99,7,1.0,0,742
742000,1,99,99,0,99,3,0.0,0,742
742000,1,99,99,0,99,9,0.0,0,742
742000,1,99,99,0,99,11,0.0,0,742
742000,1,99,99,0,99,13,0.0,0,742
742000,1,99,99,0,99,15,0.0,0,742
742000,1,99,99,0,99,17,0.0,0,742
742000,1,99,99,0,99,19,0.0,0,742
743000,1,99,99,0,99,0,0,0,743
743000,1,99,99,0,99,8,0,0,743
743000,1,99,99,0,99,1,0.0,0,743
743000,1,99,99,0,99,5,0.0,0,743
743000,1,99,99,0,99,7,1.0,0,743
743000,1,99,99,0,99,3,0.0,0,743
743000,1,99,99,0,99,9,0.0,0,743
743000,1,99,99,0,99,11,0.0,0,743
743000,1,99,99,0,99,13,0.0,0,743
743000,1,99,99,0,99,15,0.0,0,743
743000,1,99,99,0,99,17,0.0,0,743
743000,1,99,99,0,99,19,0.0,0,743
744000,1,99,99,0,99,0,0,0,744
744000,1,99,99,0,99,8,0,0,744
744000,1,99,99,0,99,1,0.0,0,744
744000,1,99,99,0,99,5,0.0,0,744
744000,1,99,99,0,99,7,1.0,0,744
744000,1,99,99,0,99,3,0.0,0,744
744000,1,99,99,0,99,9,0.0,0,744
744000,1,99,99,0,99,11,0.0,0,744
744000,1,99,99,0,99,13,0.0,0,744
744000,1,99,99,0,99,15,0.0,0,744
744000,1,99,99,0,99,17,0.0,0,744
744000,1,99,99,0,99,19,0.0,0,744
745000,1,99,99,0,99,0,0,0,745
745000,1,99,99,0,99,8,0,0,745
745000,1,99,99,0,99,1,0.0,0,745
745000,1,99,99,0,99,5,0.0,0,745
745000,1,99,99,0,99,7,1.0,0,745
745000,1,99,99,0,99,3,0.0,0,745
745000,1,99,99,0,99,9,0.0,0,745
745000,1,99,99,0,99,11,0.0,0,745
745000,1,99,99,0,99,13,0.0,0,745
745000,1,99,99,0,99,15,0.0,0,745
745000,1,99,99,0,99,17,0.0,0,745
745000,1,99,99,0,99,19,0.0,0,745
746000,1,99,99,0,99,0,0,0,746
746000,1,99,99,0,99,8,0,0,746
746000,1,99,99,0,99,1,0.0,0,746
746000,1,99,99,0,99,5,0.0,0,746
746000,1,99,99,0,99,7,1.0,0,746
746000,1,99,99,0,99,3,0.0,0,746
746000,1,99,99,0,99,9,0.0,0,746
746000,1,99,99,0,99,11,0.0,0,746
746000,1,99,99,0,99,13,0.0,0,746
746000,1,99,99,0,99,15,0.0,0,746
746000,1,99,99,0,99,17,0.0,0,746
746000,1,99,99,0,99,19,0.0,0,746
747000,1,99,99,0,99,0,1,0,747
747000,1,99,99,0,99,8,0,0,747
747000,1,99,99,0,99,1,0.0,0,747
747000,1,99,99,0,99,5,0.0,0,747
747000,1,99,99,0,99,7,0.0,0,747
747000,1,99,99,0,99,3,0.0,0,747
747000,1,99,99,0,99,9,0.0,0,747
747000,1,99,99,0,99,11,0.0,0,747
747000,1,99,99,0,99,13,0.0,0,747
747000,1,99,99,0,99,15,0.0,0,747
747000,1,99,99,0,99,17,0.0,0,747
747000,1,99,99,0,99,19,0.0,0,747
748000,1,99,99,0,99,0,0,0,748
748000,1,99,99,0,99,8,0,0,748
748000,1,99,99,0,99,1,0.0,0,748
748000,1,99,99,0,99,5,0.0,0,748
748000,1,99,99,0,99,7,0.0,0,748
748000,1,99,99,0,99,3,0.0,0,748
748000,1,99,99,0,99,9,0.0,0,748
748000,1,99,99,0,99,11,0.0,0,748
748000,1,99,99,0,99,13,0.0,0,748
748000,1,99,99,0,99,15,0.0,0,748
748000,1,99,99,0,99,17,1.0,0,748
748000,1,99,99,0,99,19,0.0,0,748
749000,1,99,99,0,99,0,0,0,749
749000,1,99,99,0,99,8,0,0,749
749000,1,99,99,0,99,1,0.0,0,749
749000,1,99,99,0,99,5,0.0,0,749
749000,1,99,99,0,99,7,1.0,0,749
749000,1,99,99,0,99,3,0.0,0,749
749000,1,99,99,0,99,9,0.0,0,749
749000,1,99,99,0,99,11,0.0,0,749
749000,1,99,99,0,99,13,0.0,0,749
749000,1,99,99,0,99,15,0.0,0,749
749000,1,99,99,0,99,17,0.0,0,749
749000,1,99,99,0,99,19,0.0,0,749
750000,1,99,99,0,99,0,0,0,750
750000,1,99,99,0,99,8,0,0,750
750000,1,99,99,0,99,1,0.0,0,750
750000,1,99,99,0,99,5,0.0,0,750
750000,1,99,99,0,99,7,0.0,0,750
750000,1,99,99,0,99,3,0.0,0,750
750000,1,99,99,0,99,9,0.0,0,750
750000,1,99,99,0,99,11,0.0,0,750
750000,1,99,99,0,99,13,0.0,0,750
750000,1,99,99,0,99,15,0.0,0,750
750000,1,99,99,0,99,17,1.0,0,750
750000,1,99,99,0,99,19,0.0,0,750
751000,1,99,99,0,99,0,0,0,751
751000,1,99,99,0,99,8,0,0,751
751000,1,99,99,0,99,1,0.0,0,751
751000,1,99,99,0,99,5,0.0,0,751
751000,1,99,99,0,99,7,1.0,0,751
751000,1,99,99,0,99,3,0.0,0,751
751000,1,99,99,0,99,9,0.0,0,751
751000,1,99,99,0,99,11,0.0,0,751
751000,1,99,99,0,99,13,0.0,0,751
751000,1,99,99,0,99,15,0.0,0,751
751000,1,99,99,0,99,17,0.0,0,751
751000,1,99,99,0,99,19,0.0,0,751
752000,1,99,99,0,99,0,0,0,752
752000,1,99,99,0,99,8,0,0,752
752000,1,99,99,0,99,1,0.0,0,752
752000,1,99,99,0,99,5,0.0,0,752
752000,1,99,99,0,99,7,1.0,0,752
752000,1,99,99,0,99,3,0.0,0,752
752000,1,99,99,0,99,9,0.0,0,752
752000,1,99,99,0,99,11,0.0,0,752
752000,1,99,99,0,99,13,0.0,0,752
752000,1,99,99,0,99,15,0.0,0,752
752000,1,99,99,0,99,17,0.0,0,752
752000,1,99,99,0,99,19,0.0,0,752
753000,1,99,99,0,99,0,0,0,753
753000,1,99,99,0,99,8,0,0,753
753000,1,99,99,0,99,1,0.0,0,753
753000,1,99,99,0,99,5,0.0,0,753
753000,1,99,99,0,99,7,1.0,0,753
753000,1,99,99,0,99,3,0.0,0,753
753000,1,99,99,0,99,9,0.0,0,753
753000,1,99,99,0,99,11,0.0,0,753
753000,1,99,99,0,99,13,0.0,0,753
753000,1,99,99,0,99,15,0.0,0,753
753000,1,99,99,0,99,17,0.0,0,753
753000,1,99,99,0,99,19,0.0,0,753
754000,1,99,99,0,99,0,1,0,754
754000,1,99,99,0,99,8,0,0,754
754000,1,99,99,0,99,1,0.0,0,754
754000,1,99,99,0,99,5,0.0,0,754
754000,1,99,99,0,99,7,0.0,0,754
754000,1,99,99,0,99,3,0.0,0,754
754000,1,99,99,0,99,9,0.0,0,754
754000,1,99,99,0,99,11,0.0,0,754
754000,1,99,99,0,99,13,0.0,0,754
754000,1,99,99,0,99,15,0.0,0,754
754000,1,99,99,0,99,17,0.0,0,754
754000,1,99,99,0,99,19,0.0,0,754
755000,1,99,99,0,99,0,1,0,755
755000,1,99,99,0,99,8,0,0,755
755000,1,99,99,0,99,1,0.0,0,755
755000,1,99,99,0,99,5,0.0,0,755
755000,1,99,99,0,99,7,0.0,0,755
755000,1,99,99,0,99,3,0.0,0,755
755000,1,99,99,0,99,9,0.0,0,755
755000,1,99,99,0,99,11,0.0,0,755
755000,1,99,99,0,99,13,0.0,0,755
755000,1,99,99,0,99,15,0.0,0,755
755000,1,99,99,0,99,17,0.0,0,755
755000,1,99,99,0,99,19,0.0,0,755
756000,1,99,99,0,99,0,0,0,756
756000,1,99,99,0,99,8,0,0,756
756000,1,99,99,0,99,1,0.0,0,756
756000,1,99,99,0,99,5,0.0,0,756
756000,1,99,99,0,99,7,1.0,0,756
756000,1,99,99,0,99,3,0.0,0,756
756000,1,99,99,0,99,9,0.0,0,756
756000,1,99,99,0,99,11,0.0,0,756
756000,1,99,99,0,99,13,0.0,0,756
756000,1,99,99,0,99,15,0.0,0,756
756000,1,99,99,0,99,17,0.0,0,756
756000,1,99,99,0,99,19,0.0,0,756
757000,1,99,99,0,99,0,1,0,757
757000,1,99,99,0,99,8,0,0,757
757000,1,99,99,0,99,1,0.0,0,757
757000,1,99,99,0,99,5,0.0,0,757
757000,1,99,99,0,99,7,0.0,0,757
757000,1,99,99,0,99,3,0.0,0,757
757000,1,99,99,0,99,9,0.0,0,757
757000,1,99,99,0,99,11,0.0,0,757
757000,1,99,99,0,99,13,0.0,0,757
757000,1,99,99,0,99,15,0.0,0,757
757000,1,99,99,0,99,17,0.0,0,757
757000,1,99,99,0,99,19,0.0,0,757
758000,1,99,99,0,99,0,0,0,758
758000,1,99,99,0,99,8,0,0,758
758000,1,99,99,0,99,1,0.0,0,758
758000,1,99,99,0,99,5,0.0,0,758
758000,1,99,99,0,99,7,0.0,0,758
758000,1,99,99,0,99,3,0.0,0,758
758000,1,99,99,0,99,9,0.0,0,758
758000,1,99,99,0,99,11,0.0,0,758
758000,1,99,99,0,99,13,0.0,0,758
758000,1,99,99,0,99,15,0.0,0,758
758000,1,99,99,0,99,17,1.0,0,758
758000,1,99,99,0,99,19,0.0,0,758
759000,1,99,99,0,99,0,1,0,759
759000,1,99,99,0,99,8,0,0,759
759000,1,99,99,0,99,1,0.0,0,759
759000,1,99,99,0,99,5,0.0,0,759
759000,1,99,99,0,99,7,0.0,0,759
759000,1,99,99,0,99,3,0.0,0,759
759000,1,99,99,0,99,9,0.0,0,759
759000,1,99,99,0,99,11,0.0,0,759
759000,1,99,99,0,99,13,0.0,0,759
759000,1,99,99,0,99,15,0.0,0,759
759000,1,99,99,0,99,17,0.0,0,759
759000,1,99,99,0,99,19,0.0,0,759
760000,1,99,99,0,99,0,1,0,760
760000,1,99,99,0,99,8,0,0,760
760000,1,99,99,0,99,1,0.0,0,760
760000,1,99,99,0,99,5,0.0,0,760
760000,1,99,99,0,99,7,0.0,0,760
760000,1,99,99,0,99,3,0.0,0,760
760000,1,99,99,0,99,9,0.0,0,760
760000,1,99,99,0,99,11,0.0,0,760
760000,1,99,99,0,99,13,0.0,0,760
760000,1,99,99,0,99,15,0.0,0,760
760000,1,99,99,0,99,17,0.0,0,760
760000,1,99,99,0,99,19,0.0,0,760
761000,1,99,99,0,99,0,0,0,761
761000,1,99,99,0,99,8,0,0,761
761000,1,99,99,0,99,1,0.0,0,761
761000,1,99,99,0,99,5,0.0,0,761
761000,1,99,99,0,99,7,1.0,0,761
761000,1,99,99,0,99,3,0.0,0,761
761000,1,99,99,0,99,9,0.0,0,761
761000,1,99,99,0,99,11,0.0,0,761
761000,1,99,99,0,99,13,0.0,0,761
761000,1,99,99,0,99,15,0.0,0,761
761000,1,99,99,0,99,17,0.0,0,761
761000,1,99,99,0,99,19,0.0,0,761
762000,1,99,99,0,99,0,0,0,762
762000,1,99,99,0,99,8,0,0,762
762000,1,99,99,0,99,1,0.0,0,762
762000,1,99,99,0,99,5,0.0,0,762
762000,1,99,99,0,99,7,1.0,0,762
762000,1,99,99,0,99,3,0.0,0,762
762000,1,99,99,0,99,9,0.0,0,762
762000,1,99,99,0,99,11,0.0,0,762
762000,1,99,99,0,99,13,0.0,0,762
762000,1,99,99,0,99,15,0.0,0,762
762000,1,99,99,0,99,17,0.0,0,762
762000,1,99,99,0,99,19,0.0,0,762
763000,1,99,99,0,99,0,0,0,763
763000,1,99,99,0,99,8,0,0,763
763000,1,99,99,0,99,1,0.0,0,763
763000,1,99,99,0,99,5,0.0,0,763
763000,1,99,99,0,99,7,0.0,0,763
763000,1,99,99,0,99,3,0.0,0,763
763000,1,99,99,0,99,9,0.0,0,763
763000,1,99,99,0,99,11,0.0,0,763
763000,1,99,99,0,99,13,0.0,0,763
763000,1,99,99,0,99,15,0.0,0,763
763000,1,99,99,0,99,17,1.0,0,763
763000,1,99,99,0,99,19,0.0,0,763
764000,1,99,99,0,99,0,0,0,764
764000,1,99,99,0,99,8,0,0,764
764000,1,99,99,0,99,1,0.0,0,764
764000,1,99,99,0,99,5,0.0,0,764
764000,1,99,99,0,99,7,1.0,0,764
764000,1,99,99,0,99,3,0.0,0,764
764000,1,99,99,0,99,9,0.0,0,764
764000,1,99,99,0,99,11,0.0,0,764
764000,1,99,99,0,99,13,0.0,0,764
764000,1,99,99,0,99,15,0.0,0,764
764000,1,99,99,0,99,17,0.0,0,764
764000,1,99,99,0,99,19,0.0,0,764
765000,1,99,99,0,99,0,0,0,765
765000,1,99,99,0,99,8,0,0,765
765000,1,99,99,0,99,1,0.0,0,765
765000,1,99,99,0,99,5,0.0,0,765
765000,1,99,99,0,99,7,1.0,0,765
765000,1,99,99,0,99,3,0.0,0,765
765000,1,99,99,0,99,9,0.0,0,765
765000,1,99,99,0,99,11,0.0,0,765
765000,1,99,99,0,99,13,0.0,0,765
765000,1,99,99,0,99,15,0.0,0,765
765000,1,99,99,0,99,17,0.0,0,765
765000,1,99,99,0,99,19,0.0,0,765
766000,1,99,99,0,99,0,0,0,766
766000,1,99,99,0,99,8,0,0,766
766000,1,99,99,0,99,1,0.0,0,766
766000,1,99,99,0,99,5,0.0,0,766
766000,1,99,99,0,99,7,1.0,0,766
766000,1,99,99,0,99,3,0.0,0,766
766000,1,99,99,0,99,9,0.0,0,766
766000,1,99,99,0,99,11,0.0,0,766
766000,1,99,99,0,99,13,0.0,0,766
766000,1,99,99,0,99,15,0.0,0,766
766000,1,99,99,0,99,17,0.0,0,766
766000,1,99,99,0,99,19,0.0,0,766
767000,1,99,99,0,99,0,0,0,767
767000,1,99,99,0,99,8,0,0,767
767000,1,99,99,0,99,1,0.0,0,767
767000,1,99,99,0,99,5,0.0,0,767
767000,1,99,99,0,99,7,1.0,0,767
767000,1,99,99,0,99,3,0.0,0,767
767000,1,99,99,0,99,9,0.0,0,767
767000,1,99,99,0,99,11,0.0,0,767
767000,1,99,99,0,99,13,0.0,0,767
767000,1,99,99,0,99,15,0.0,0,767
767000,1,99,99,0,99,17,0.0,0,767
767000,1,99,99,0,99,19,0.0,0,767
768000,1,99,99,0,99,0,0,0,768
768000,1,99,99,0,99,8,0,0,768
768000,1,99,99,0,99,1,0.0,0,768
768000,1,99,99,0,99,5,0.0,0,768
768000,1,99,99,0,99,7,1.0,0,768
768000,1,99,99,0,99,3,0.0,0,768
768000,1,99,99,0,99,9,0.0,0,768
768000,1,99,99,0,99,11,0.0,0,768
768000,1,99,99,0,99,13,0.0,0,768
768000,1,99,99,0,99,15,0.0,0,768
768000,1,99,99,0,99,17,0.0,0,768
768000,1,99,99,0,99,19,0.0,0,768
769000,1,99,99,0,99,0,0,0,769
769000,1,99,99,0,99,8,0,0,769
769000,1,99,99,0,99,1,0.0,0,769
769000,1,99,99,0,99,5,0.0,0,769
769000,1,99,99,0,99,7,1.0,0,769
769000,1,99,99,0,99,3,0.0,0,769
769000,1,99,99,0,99,9,0.0,0,769
769000,1,99,99,0,99,11,0.0,0,769
769000,1,99,99,0,99,13,0.0,0,769
769000,1,99,99,0,99,15,0.0,0,769
769000,1,99,99,0,99,17,0.0,0,769
769000,1,99,99,0,99,19,0.0,0,769
770000,1,99,99,0,99,0,0,0,770
770000,1,99,99,0,99,8,0,0,770
770000,1,99,99,0,99,1,0.0,0,770
770000,1,99,99,0,99,5,0.0,0,770
770000,1,99,99,0,99,7,1.0,0,770
770000,1,99,99,0,99,3,0.0,0,770
770000,1,99,99,0,99,9,0.0,0,770
770000,1,99,99,0,99,11,0.0,0,770
770000,1,99,99,0,99,13,0.0,0,770
770000,1,99,99,0,99,15,0.0,0,770
770000,1,99,99,0,99,17,0.0,0,770
770000,1,99,99,0,99,19,0.0,0,770
771000,1,99,99,0,99,0,1,0,771
771000,1,99,99,0,99,8,0,0,771
771000,1,99,99,0,99,1,0.0,0,771
771000,1,99,99,0,99,5,0.0,0,771
771000,1,99,99,0,99,7,0.0,0,771
771000,1,99,99,0,99,3,0.0,0,771
771000,1,99,99,0,99,9,0.0,0,771
771000,1,99,99,0,99,11,0.0,0,771
771000,1,99,99,0,99,13,0.0,0,771
771000,1,99,99,0,99,15,0.0,0,771
771000,1,99,99,0,99,17,0.0,0,771
771000,1,99,99,0,99,19,0.0,0,771
772000,1,99,99,0,99,0,1,0,772
772000,1,99,99,0,99,8,0,0,772
772000,1,99,99,0,99,1,0.0,0,772
772000,1,99,99,0,99,5,0.0,0,772
772000,1,99,99,0,99,7,0.0,0,772
772000,1,99,99,0,99,3,0.0,0,772
772000,1,99,99,0,99,9,0.0,0,772
772000,1,99,99,0,99,11,0.0,0,772
772000,1,99,99,0,99,13,0.0,0,772
772000,1,99,99,0,99,15,0.0,0,772
772000,1,99,99,0,99,17,0.0,0,772
772000,1,99,99,0,99,19,0.0,0,772
773000,1,99,99,0,99,0,0,0,773
773000,1,99,99,0,99,8,0,0,773
773000,1,99,99,0,99,1,0.0,0,773
773000,1,99,99,0,99,5,0.0,0,773
773000,1,99,99,0,99,7,1.0,0,773
773000,1,99,99,0,99,3,0.0,0,773
773000,1,99,99,0,99,9,0.0,0,773
773000,1,99,99,0,99,11,0.0,0,773
773000,1,99,99,0,99,13,0.0,0,773
773000,1,99,99,0,99,15,0.0,0,773
773000,1,99,99,0,99,17,0.0,0,773
773000,1,99,99,0,99,19,0.0,0,773
774000,1,99,99,0,99,0,1,0,774
774000,1,99,99,0,99,8,0,0,774
774000,1,99,99,0,99,1,0.0,0,774
774000,1,99,99,0,99,5,0.0,0,774
774000,1,99,99,0,99,7,0.0,0,774
774000,1,99,99,0,99,3,0.0,0,774
774000,1,99,99,0,99,9,0.0,0,774
774000,1,99,99,0,99,11,0.0,0,774
774000,1,99,99,0,99,13,0.0,0,774
774000,1,99,99,0,99,15,0.0,0,774
774000,1,99,99,0,99,17,0.0,0,774
774000,1,99,99,0,99,19,0.0,0,774
775000,1,99,99,0,99,0,1,0,775
775000,1,99,99,0,99,8,0,0,775
775000,1,99,99,0,99,1,0.0,0,775
775000,1,99,99,0,99,5,0.0,0,775
775000,1,99,99,0,99,7,0.0,0,775
775000,1,99,99,0,99,3,0.0,0,775
775000,1,99,99,0,99,9,0.0,0,775
775000,1,99,99,0,99,11,0.0,0,775
775000,1,99,99,0,99,13,0.0,0,775
775000,1,99,99,0,99,15,0.0,0,775
775000,1,99,99,0,99,17,0.0,0,775
775000,1,99,99,0,99,19,0.0,0,775
776000,1,99,99,0,99,0,0,0,776
776000,1,99,99,0,99,8,0,0,776
776000,1,99,99,0,99,1,0.0,0,776
776000,1,99,99,0,99,5,0.0,0,776
776000,1,99,99,0,99,7,1.0,0,776
776000,1,99,99,0,99,3,0.0,0,776
776000,1,99,99,0,99,9,0.0,0,776
776000,1,99,99,0,99,11,0.0,0,776
776000,1,99,99,0,99,13,0.0,0,776
776000,1,99,99,0,99,15,0.0,0,776
776000,1,99,99,0,99,17,0.0,0,776
776000,1,99,99,0,99,19,0.0,0,776
777000,1,99,99,0,99,0,0,0,777
777000,1,99,99,0,99,8,0,0,777
777000,1,99,99,0,99,1,0.0,0,777
777000,1,99,99,0,99,5,0.0,0,777
777000,1,99,99,0,99,7,1.0,0,777
777000,1,99,99,0,99,3,0.0,0,777
777000,1,99,99,0,99,9,0.0,0,777
777000,1,99,99,0,99,11,0.0,0,777
777000,1,99,99,0,99,13,0.0,0,777
777000,1,99,99,0,99,15,0.0,0,777
777000,1,99,99,0,99,17,0.0,0,777
777000,1,99,99,0,99,19,0.0,0,777
778000,1,99,99,0,99,0,0,0,778
778000,1,99,99,0,99,8,0,0,778
778000,1,99,99,0,99,1,0.0,0,778
778000,1,99,99,0,99,5,0.0,0,778
778000,1,99,99,0,99,7,0.0,0,778
778000,1,99,99,0,99,3,0.0,0,778
778000,1,99,99,0,99,9,0.0,0,778
778000,1,99,99,0,99,11,0.0,0,778
778000,1,99,99,0,99,13,0.0,0,778
778000,1,99,99,0,99,15,0.0,0,778
778000,1,99,99,0,99,17,1.0,0,778
778000,1,99,99,0,99,19,0.0,0,778
779000,1,99,99,0,99,0,0,0,779
779000,1,99,99,0,99,8,0,0,779
779000,1,99,99,0,99,1,0.0,0,779
779000,1,99,99,0,99,5,0.0,0,779
779000,1,99,99,0,99,7,1.0,0,779
779000,1,99,99,0,99,3,0.0,0,779
779000,1,99,99,0,99,9,0.0,0,779
779000,1,99,99,0,99,11,0.0,0,779
779000,1,99,99,0,99,13,0.0,0,779
779000,1,99,99,0,99,15,0.0,0,779
779000,1,99,99,0,99,17,0.0,0,779
779000,1,99,99,0,99,19,0.0,0,779
780000,1,99,99,0,99,0,1,0,780
780000,1,99,99,0,99,8,0,0,780
780000,1,99,99,0,99,1,0.0,0,780
780000,1,99,99,0,99,5,0.0,0,780
780000,1,99,99,0,99,7,0.0,0,780
780000,1,99,99,0,99,3,0.0,0,780
780000,1,99,99,0,99,9,0.0,0,780
780000,1,99,99,0,99,11,0.0,0,780
780000,1,99,99,0,99,13,0.0,0,780
780000,1,99,99,0,99,15,0.0,0,780
780000,1,99,99,0,99,17,0.0,0,780
780000,1,99,99,0,99,19,0.0,0,780
781000,1,99,99,0,99,0,0,0,781
781000,1,99,99,0,99,8,0,0,781
781000,1,99,99,0,99,1,0.0,0,781
781000,1,99,99,0,99,5,0.0,0,781
781000,1,99,99,0,99,7,1.0,0,781
781000,1,99,99,0,99,3,0.0,0,781
781000,1,99,99,0,99,9,0.0,0,781
781000,1,99,99,0,99,11,0.0,0,781
781000,1,99,99,0,99,13,0.0,0,781
781000,1,99,99,0,99,15,0.0,0,781
781000,1,99,99,0,99,17,0.0,0,781
781000,1,99,99,0,99,19,0.0,0,781
782000,1,99,99,0,99,0,0,0,782
782000,1,99,99,0,99,8,0,0,782
782000,1,99,99,0,99,1,0.0,0,782
782000,1,99,99,0,99,5,0.0,0,782
782000,1,99,99,0,99,7,1.0,0,782
782000,1,99,99,0,99,3,0.0,0,782
782000,1,99,99,0,99,9,0.0,0,782
782000,1,99,99,0,99,11,0.0,0,782
782000,1,99,99,0,99,13,0.0,0,782
782000,1,99,99,0,99,15,0.0,0,782
782000,1,99,99,0,99,17,0.0,0,782
782000,1,99,99,0,99,19,0.0,0,782
783000,1,99,99,0,99,0,1,0,783
783000,1,99,99,0,99,8,0,0,783
783000,1,99,99,0,99,1,0.0,0,783
783000,1,99,99,0,99,5,0.0,0,783
783000,1,99,99,0,99,7,0.0,0,783
783000,1,99,99,0,99,3,0.0,0,783
783000,1,99,99,0,99,9,0.0,0,783
783000,1,99,99,0,99,11,0.0,0,783
783000,1,99,99,0,99,13,0.0,0,783
783000,1,99,99,0,99,15,0.0,0,783
783000,1,99,99,0,99,17,0.0,0,783
783000,1,99,99,0,99,19,0.0,0,783
784000,1,99,99,0,99,0,0,0,784
784000,1,99,99,0,99,8,0,0,784
784000,1,99,99,0,99,1,0.0,0,784
784000,1,99,99,0,99,5,0.0,0,784
784000,1,99,99,0,99,7,1.0,0,784
784000,1,99,99,0,99,3,0.0,0,784
784000,1,99,99,0,99,9,0.0,0,784
784000,1,99,99,0,99,11,0.0,0,784
784000,1,99,99,0,99,13,0.0,0,784
784000,1,99,99,0,99,15,0.0,0,784
784000,1,99,99,0,99,17,0.0,0,784
784000,1,99,99,0,99,19,0.0,0,784
785000,1,99,99,0,99,0,0,0,785
785000,1,99,99,0,99,8,0,0,785
785000,1,99,99,0,99,1,0.0,0,785
785000,1,99,99,0,99,5,0.0,0,785
785000,1,99,99,0,99,7,1.0,0,785
785000,1,99,99,0,99,3,0.0,0,785
785000,1,99,99,0,99,9,0.0,0,785
785000,1,99,99,0,99,11,0.0,0,785
785000,1,99,99,0,99,13,0.0,0,785
785000,1,99,99,0,99,15,0.0,0,785
785000,1,99,99,0,99,17,0.0,0,785
785000,1,99,99,0,99,19,0.0,0,785
786000,1,99,99,0,99,0,0,0,786
786000,1,99,99,0,99,8,0,0,786
786000,1,99,99,0,99,1,0.0,0,786
786000,1,99,99,0,99,5,0.0,0,786
786000,1,99,99,0,99,7,1.0,0,786
786000,1,99,99,0,99,3,0.0,0,786
786000,1,99,99,0,99,9,0.0,0,786
786000,1,99,99,0,99,11,0.0,0,786
786000,1,99,99,0,99,13,0.0,0,786
786000,1,99,99,0,99,15,0.0,0,786
786000,1,99,99,0,99,17,0.0,0,786
786000,1,99,99,0,99,19,0.0,0,786
787000,1,99,99,0,99,0,0,0,787
787000,1,99,99,0,99,8,0,0,787
787000,1,99,99,0,99,1,0.0,0,787
787000,1,99,99,0,99,5,0.0,0,787
787000,1,99,99,0,99,7,1.0,0,787
787000,1,99,99,0,99,3,0.0,0,787
787000,1,99,99,0,99,9,0.0,0,787
787000,1,99,99,0,99,11,0.0,0,787
787000,1,99,99,0,99,13,0.0,0,787
787000,1,99,99,0,99,15,0.0,0,787
787000,1,99,99,0,99,17,0.0,0,787
787000,1,99,99,0,99,19,0.0,0,787
788000,1,99,99,0,99,0,0,0,788
788000,1,99,99,0,99,8,0,0,788
788000,1,99,99,0,99,1,0.0,0,788
788000,1,99,99,0,99,5,0.0,0,788
788000,1,99,99,0,99,7,1.0,0,788
788000,1,99,99,0,99,3,0.0,0,788
788000,1,99,99,0,99,9,0.0,0,788
788000,1,99,99,0,99,11,0.0,0,788
788000,1,99,99,0,99,13,0.0,0,788
788000,1,99,99,0,99,15,0.0,0,788
788000,1,99,99,0,99,17,0.0,0,788
788000,1,99,99,0,99,19,0.0,0,788
789000,1,99,99,0,99,0,0,0,789
789000,1,99,99,0,99,8,0,0,789
789000,1,99,99,0,99,1,0.0,0,789
789000,1,99,99,0,99,5,0.0,0,789
789000,1,99,99,0,99,7,1.0,0,789
789000,1,99,99,0,99,3,0.0,0,789
789000,1,99,99,0,99,9,0.0,0,789
789000,1,99,99,0,99,11,0.0,0,789
789000,1,99,99,0,99,13,0.0,0,789
789000,1,99,99,0,99,15,0.0,0,789
789000,1,99,99,0,99,17,0.0,0,789
789000,1,99,99,0,99,19,0.0,0,789
790000,1,99,99,0,99,0,1,0,790
790000,1,99,99,0,99,8,0,0,790
790000,1,99,99,0,99,1,0.0,0,790
790000,1,99,99,0,99,5,0.0,0,790
790000,1,99,99,0,99,7,0.0,0,790
790000,1,99,99,0,99,3,0.0,0,790
790000,1,99,99,0,99,9,0.0,0,790
790000,1,99,99,0,99,11,0.0,0,790
790000,1,99,99,0,99,13,0.0,0,790
790000,1,99,99,0,99,15,0.0,0,790
790000,1,99,99,0,99,17,0.0,0,790
790000,1,99,99,0,99,19,0.0,0,790
791000,1,99,99,0,99,0,0,0,791
791000,1,99,99,0,99,8,0,0,791
791000,1,99,99,0,99,1,0.0,0,791
791000,1,99,99,0,99,5,0.0,0,791
791000,1,99,99,0,99,7,1.0,0,791
791000,1,99,99,0,99,3,0.0,0,791
791000,1,99,99,0,99,9,0.0,0,791
791000,1,99,99,0,99,11,0.0,0,791
791000,1,99,99,0,99,13,0.0,0,791
791000,1,99,99,0,99,15,0.0,0,791
791000,1,99,99,0,99,17,0.0,0,791
791000,1,99,99,0,99,19,0.0,0,791
792000,1,99,99,0,99,0,0,0,792
792000,1,99,99,0,99,8,0,0,792
792000,1,99,99,0,99,1,0.0,0,792
792000,1,99,99,0,99,5,0.0,0,792
792000,1,99,99,0,99,7,0.0,0,792
792000,1,99,99,0,99,3,0.0,0,792
792000,1,99,99,0,99,9,0.0,0,792
792000,1,99,99,0,99,11,0.0,0,792
792000,1,99,99,0,99,13,0.0,0,792
792000,1,99,99,0,99,15,0.0,0,792
792000,1,99,99,0,99,17,1.0,0,792
792000,1,99,99,0,99,19,0.0,0,792
793000,1,99,99,0,99,0,1,0,793
793000,1,99,99,0,99,8,0,0,793
793000,1,99,99,0,99,1,0.0,0,793
793000,1,99,99,0,99,5,0.0,0,793
793000,1,99,99,0,99,7,0.0,0,793
793000,1,99,99,0,99,3,0.0,0,793
793000,1,99,99,0,99,9,0.0,0,793
793000,1,99,99,0,99,11,0.0,0,793
793000,1,99,99,0,99,13,0.0,0,793
793000,1,99,99,0,99,15,0.0,0,793
793000,1,99,99,0,99,17,0.0,0,793
793000,1,99,99,0,99,19,0.0,0,793
794000,1,99,99,0,99,0,0,0,794
794000,1,99,99,0,99,8,0,0,794
794000,1,99,99,0,99,1,0.0,0,794
794000,1,99,99,0,99,5,0.0,0,794
794000,1,99,99,0,99,7,1.0,0,794
794000,1,99,99,0,99,3,0.0,0,794
794000,1,99,99,0,99,9,0.0,0,794
794000,1,99,99,0,99,11,0.0,0,794
794000,1,99,99,0,99,13,0.0,0,794
794000,1,99,99,0,99,15,0.0,0,794
794000,1,99,99,0,99,17,0.0,0,794
794000,1,99,99,0,99,19,0.0,0,794
795000,1,99,99,0,99,0,0,0,795
795000,1,99,99,0,99,8,0,0,795
795000,1,99,99,0,99,1,0.0,0,795
795000,1,99,99,0,99,5,0.0,0,795
795000,1,99,99,0,99,7,1.0,0,795
795000,1,99,99,0,99,3,0.0,0,795
795000,1,99,99,0,99,9,0.0,0,795
795000,1,99,99,0,99,11,0.0,0,795
795000,1,99,99,0,99,13,0.0,0,795
795000,1,99,99,0,99,15,0.0,0,795
795000,1,99,99,0,99,17,0.0,0,795
795000,1,99,99,0,99,19,0.0,0,795
796000,1,99,99,0,99,0,0,0,796
796000,1,99,99,0,99,8,0,0,796
796000,1,99,99,0,99,1,0.0,0,796
796000,1,99,99,0,99,5,0.0,0,796
796000,1,99,99,0,99,7,1.0,0,796
796000,1,99,99,0,99,3,0.0,0,796
796000,1,99,99,0,99,9,0.0,0,796
796000,1,99,99,0,99,11,0.0,0,796
796000,1,99,99,0,99,13,0.0,0,796
796000,1,99,99,0,99,15,0.0,0,796
796000,1,99,99,0,99,17,0.0,0,796
796000,1,99,99,0,99,19,0.0,0,796
797000,1,99,99,0,99,0,0,0,797
797000,1,99,99,0,99,8,0,0,797
797000,1,99,99,0,99,1,0.0,0,797
797000,1,99,99,0,99,5,0.0,0,797
797000,1,99,99,0,99,7,1.0,0,797
797000,1,99,99,0,99,3,0.0,0,797
797000,1,99,99,0,99,9,0.0,0,797
797000,1,99,99,0,99,11,0.0,0,797
797000,1,99,99,0,99,13,0.0,0,797
797000,1,99,99,0,99,15,0.0,0,797
797000,1,99,99,0,99,17,0.0,0,797
797000,1,99,99,0,99,19,0.0,0,797
798000,1,99,99,0,99,0,1,0,798
798000,1,99,99,0,99,8,0,0,798
798000,1,99,99,0,99,1,0.0,0,798
798000,1,99,99,0,99,5,0.0,0,798
798000,1,99,99,0,99,7,0.0,0,798
798000,1,99,99,0,99,3,0.0,0,798
798000,1,99,99,0,99,9,0.0,0,798
798000,1,99,99,0,99,11,0.0,0,798
798000,1,99,99,0,99,13,0.0,0,798
798000,1,99,99,0,99,15,0.0,0,798
798000,1,99,99,0,99,17,0.0,0,798
798000,1,99,99,0,99,19,0.0,0,798
799000,1,99,99,0,99,0,1,0,799
799000,1,99,99,0,99,8,0,0,799
799000,1,99,99,0,99,1,0.0,0,799
799000,1,99,99,0,99,5,0.0,0,799
799000,1,99,99,0,99,7,0.0,0,799
799000,1,99,99,0,99,3,0.0,0,799
799000,1,99,99,0,99,9,0.0,0,799
799000,1,99,99,0,99,11,0.0,0,799
799000,1,99,99,0,99,13,0.0,0,799
799000,1,99,99,0,99,15,0.0,0,799
799000,1,99,99,0,99,17,0.0,0,799
799000,1,99,99,0,99,19,0.0,0,799
800000,1,99,99,0,99,0,1,0,800
800000,1,99,99,0,99,8,0,0,800
800000,1,99,99,0,99,1,0.0,0,800
800000,1,99,99,0,99,5,0.0,0,800
800000,1,99,99,0,99,7,0.0,0,800
800000,1,99,99,0,99,3,0.0,0,800
800000,1,99,99,0,99,9,0.0,0,800
800000,1,99,99,0,99,11,0.0,0,800
800000,1,99,99,0,99,13,0.0,0,800
800000,1,99,99,0,99,15,0.0,0,800
800000,1,99,99,0,99,17,0.0,0,800
800000,1,99,99,0,99,19,0.0,0,800
801000,1,99,99,0,99,0,0,0,801
801000,1,99,99,0,99,8,0,0,801
801000,1,99,99,0,99,1,0.0,0,801
801000,1,99,99,0,99,5,0.0,0,801
801000,1,99,99,0,99,7,1.0,0,801
801000,1,99,99,0,99,3,0.0,0,801
801000,1,99,99,0,99,9,0.0,0,801
801000,1,99,99,0,99,11,0.0,0,801
801000,1,99,99,0,99,13,0.0,0,801
801000,1,99,99,0,99,15,0.0,0,801
801000,1,99,99,0,99,17,0.0,0,801
801000,1,99,99,0,99,19,0.0,0,801
802000,1,99,99,0,99,0,0,0,802
802000,1,99,99,0,99,8,0,0,802
802000,1,99,99,0,99,1,0.0,0,802
802000,1,99,99,0,99,5,0.0,0,802
802000,1,99,99,0,99,7,1.0,0,802
802000,1,99,99,0,99,3,0.0,0,802
802000,1,99,99,0,99,9,0.0,0,802
802000,1,99,99,0,99,11,0.0,0,802
802000,1,99,99,0,99,13,0.0,0,802
802000,1,99,99,0,99,15,0.0,0,802
802000,1,99,99,0,99,17,0.0,0,802
802000,1,99,99,0,99,19,0.0,0,802
803000,1,99,99,0,99,0,0,0,803
803000,1,99,99,0,99,8,0,0,803
803000,1,99,99,0,99,1,0.0,0,803
803000,1,99,99,0,99,5,0.0,0,803
803000,1,99,99,0,99,7,0.0,0,803
803000,1,99,99,0,99,3,0.0,0,803
803000,1,99,99,0,99,9,0.0,0,803
803000,1,99,99,0,99,11,0.0,0,803
803000,1,99,99,0,99,13,0.0,0,803
803000,1,99,99,0,99,15,0.0,0,803
803000,1,99,99,0,99,17,1.0,0,803
803000,1,99,99,0,99,19,0.0,0,803
804000,1,99,99,0,99,0,0,0,804
804000,1,99,99,0,99,8,0,0,804
804000,1,99,99,0,99,1,0.0,0,804
804000,1,99,99,0,99,5,0.0,0,804
804000,1,99,99,0,99,7,1.0,0,804
804000,1,99,99,0,99,3,0.0,0,804
804000,1,99,99,0,99,9,0.0,0,804
804000,1,99,99,0,99,11,0.0,0,804
804000,1,99,99,0,99,13,0.0,0,804
804000,1,99,99,0,99,15,0.0,0,804
804000,1,99,99,0,99,17,0.0,0,804
804000,1,99,99,0,99,19,0.0,0,804
805000,1,99,99,0,99,0,1,0,805
805000,1,99,99,0,99,8,0,0,805
805000,1,99,99,0,99,1,0.0,0,805
805000,1,99,99,0,99,5,0.0,0,805
805000,1,99,99,0,99,7,0.0,0,805
805000,1,99,99,0,99,3,0.0,0,805
805000,1,99,99,0,99,9,0.0,0,805
805000,1,99,99,0,99,11,0.0,0,805
805000,1,99,99,0,99,13,0.0,0,805
805000,1,99,99,0,99,15,0.0,0,805
805000,1,99,99,0,99,17,0.0,0,805
805000,1,99,99,0,99,19,0.0,0,805
806000,1,99,99,0,99,0,0,0,806
806000,1,99,99,0,99,8,0,0,806
806000,1,99,99,0,99,1,0.0,0,806
806000,1,99,99,0,99,5,0.0,0,806
806000,1,99,99,0,99,7,1.0,0,806
806000,1,99,99,0,99,3,0.0,0,806
806000,1,99,99,0,99,9,0.0,0,806
806000,1,99,99,0,99,11,0.0,0,806
806000,1,99,99,0,99,13,0.0,0,806
806000,1,99,99,0,99,15,0.0,0,806
806000,1,99,99,0,99,17,0.0,0,806
806000,1,99,99,0,99,19,0.0,0,806
807000,1,99,99,0,99,0,0,0,807
807000,1,99,99,0,99,8,0,0,807
807000,1,99,99,0,99,1,0.0,0,807
807000,1,99,99,0,99,5,0.0,0,807
807000,1,99,99,0,99,7,1.0,0,807
807000,1,99,99,0,99,3,0.0,0,807
807000,1,99,99,0,99,9,0.0,0,807
807000,1,99,99,0,99,11,0.0,0,807
807000,1,99,99,0,99,13,0.0,0,807
807000,1,99,99,0,99,15,0.0,0,807
807000,1,99,99,0,99,17,0.0,0,807
807000,1,99,99,0,99,19,0.0,0,807
808000,1,99,99,0,99,0,1,0,808
808000,1,99,99,0,99,8,0,0,808
808000,1,99,99,0,99,1,0.0,0,808
808000,1,99,99,0,99,5,0.0,0,808
808000,1,99,99,0,99,7,0.0,0,808
808000,1,99,99,0,99,3,0.0,0,808
808000,1,99,99,0,99,9,0.0,0,808
808000,1,99,99,0,99,11,0.0,0,808
808000,1,99,99,0,99,13,0.0,0,808
808000,1,99,99,0,99,15,0.0,0,808
808000,1,99,99,0,99,17,0.0,0,808
808000,1,99,99,0,99,19,0.0,0,808
809000,1,99,99,0,99,0,1,0,809
809000,1,99,99,0,99,8,0,0,809
809000,1,99,99,0,99,1,0.0,0,809
809000,1,99,99,0,99,5,0.0,0,809
809000,1,99,99,0,99,7,0.0,0,809
809000,1,99,99,0,99,3,0.0,0,809
809000,1,99,99,0,99,9,0.0,0,809
809000,1,99,99,0,99,11,0.0,0,809
809000,1,99,99,0,99,13,0.0,0,809
809000,1,99,99,0,99,15,0.0,0,809
809000,1,99,99,0,99,17,0.0,0,809
809000,1,99,99,0,99,19,0.0,0,809
810000,1,99,99,0,99,0,0,0,810
810000,1,99,99,0,99,8,0,0,810
810000,1,99,99,0,99,1,0.0,0,810
810000,1,99,99,0,99,5,0.0,0,810
810000,1,99,99,0,99,7,0.0,0,810
810000,1,99,99,0,99,3,0.0,0,810
810000,1,99,99,0,99,9,0.0,0,810
810000,1,99,99,0,99,11,0.0,0,810
810000,1,99,99,0,99,13,0.0,0,810
810000,1,99,99,0,99,15,0.0,0,810
810000,1,99,99,0,99,17,1.0,0,810
810000,1,99,99,0,99,19,0.0,0,810
811000,1,99,99,0,99,0,1,0,811
811000,1,99,99,0,99,8,0,0,811
811000,1,99,99,0,99,1,0.0,0,811
811000,1,99,99,0,99,5,0.0,0,811
811000,1,99,99,0,99,7,0.0,0,811
811000,1,99,99,0,99,3,0.0,0,811
811000,1,99,99,0,99,9,0.0,0,811
811000,1,99,99,0,99,11,0.0,0,811
811000,1,99,99,0,99,13,0.0,0,811
811000,1,99,99,0,99,15,0.0,0,811
811000,1,99,99,0,99,17,0.0,0,811
811000,1,99,99,0,99,19,0.0,0,811
812000,1,99,99,0,99,0,0,0,812
812000,1,99,99,0,99,8,0,0,812
812000,1,99,99,0,99,1,0.0,0,812
812000,1,99,99,0,99,5,0.0,0,812
812000,1,99,99,0,99,7,1.0,0,812
812000,1,99,99,0,99,3,0.0,0,812
812000,1,99,99,0,99,9,0.0,0,812
812000,1,99,99,0,99,11,0.0,0,812
812000,1,99,99,0,99,13,0.0,0,812
812000,1,99,99,0,99,15,0.0,0,812
812000,1,99,99,0,99,17,0.0,0,812
812000,1,99,99,0,99,19,0.0,0,812
813000,1,99,99,0,99,0,0,0,813
813000,1,99,99,0,99,8,0,0,813
813000,1,99,99,0,99,1,0.0,0,813
813000,1,99,99,0,99,5,0.0,0,813
813000,1,99,99,0,99,7,1.0,0,813
813000,1,99,99,0,99,3,0.0,0,813
813000,1,99,99,0,99,9,0.0,0,813
813000,1,99,99,0,99,11,0.0,0,813
813000,1,99,99,0,99,13,0.0,0,813
813000,1,99,99,0,99,15,0.0,0,813
813000,1,99,99,0,99,17,0.0,0,813
813000,1,99,99,0,99,19,0.0,0,813
814000,1,99,99,0,99,0,0,0,814
814000,1,99,99,0,99,8,0,0,814
814000,1,99,99,0,99,1,0.0,0,814
814000,1,99,99,0,99,5,0.0,0,814
814000,1,99,99,0,99,7,1.0,0,814
814000,1,99,99,0,99,3,0.0,0,814
814000,1,99,99,0,99,9,0.0,0,814
814000,1,99,99,0,99,11,0.0,0,814
814000,1,99,99,0,99,13,0.0,0,814
814000,1,99,99,0,99,15,0.0,0,814
814000,1,99,99,0,99,17,0.0,0,814
814000,1,99,99,0,99,19,0.0,0,814
815000,1,99,99,0,99,0,1,0,815
815000,1,99,99,0,99,8,0,0,815
815000,1,99,99,0,99,1,0.0,0,815
815000,1,99,99,0,99,5,0.0,0,815
815000,1,99,99,0,99,7,0.0,0,815
815000,1,99,99,0,99,3,0.0,0,815
815000,1,99,99,0,99,9,0.0,0,815
815000,1,99,99,0,99,11,0.0,0,815
815000,1,99,99,0,99,13,0.0,0,815
815000,1,99,99,0,99,15,0.0,0,815
815000,1,99,99,0,99,17,0.0,0,815
815000,1,99,99,0,99,19,0.0,0,815
816000,1,99,99,0,99,0,1,0,816
816000,1,99,99,0,99,8,0,0,816
816000,1,99,99,0,99,1,0.0,0,816
816000,1,99,99,0,99,5,0.0,0,816
816000,1,99,99,0,99,7,0.0,0,816
816000,1,99,99,0,99,3,0.0,0,816
816000,1,99,99,0,99,9,0.0,0,816
816000,1,99,99,0,99,11,0.0,0,816
816000,1,99,99,0,99,13,0.0,0,816
816000,1,99,99,0,99,15,0.0,0,816
816000,1,99,99,0,99,17,0.0,0,816
816000,1,99,99,0,99,19,0.0,0,816
817000,1,99,99,0,99,0,1,0,817
817000,1,99,99,0,99,8,0,0,817
817000,1,99,99,0,99,1,0.0,0,817
817000,1,99,99,0,99,5,0.0,0,817
817000,1,99,99,0,99,7,0.0,0,817
817000,1,99,99,0,99,3,0.0,0,817
817000,1,99,99,0,99,9,0.0,0,817
817000,1,99,99,0,99,11,0.0,0,817
817000,1,99,99,0,99,13,0.0,0,817
817000,1,99,99,0,99,15,0.0,0,817
817000,1,99,99,0,99,17,0.0,0,817
817000,1,99,99,0,99,19,0.0,0,817
818000,1,99,99,0,99,0,0,0,818
818000,1,99,99,0,99,8,0,0,818
818000,1,99,99,0,99,1,0.0,0,818
818000,1,99,99,0,99,5,0.0,0,818
818000,1,99,99,0,99,7,1.0,0,818
818000,1,99,99,0,99,3,0.0,0,818
818000,1,99,99,0,99,9,0.0,0,818
818000,1,99,99,0,99,11,0.0,0,818
818000,1,99,99,0,99,13,0.0,0,818
818000,1,99,99,0,99,15,0.0,0,818
818000,1,99,99,0,99,17,0.0,0,818
818000,1,99,99,0,99,19,0.0,0,818
819000,1,99,99,0,99,0,1,0,819
819000,1,99,99,0,99,8,0,0,819
819000,1,99,99,0,99,1,0.0,0,819
819000,1,99,99,0,99,5,0.0,0,819
819000,1,99,99,0,99,7,0.0,0,819
819000,1,99,99,0,99,3,0.0,0,819
819000,1,99,99,0,99,9,0.0,0,819
819000,1,99,99,0,99,11,0.0,0,819
819000,1,99,99,0,99,13,0.0,0,819
819000,1,99,99,0,99,15,0.0,0,819
819000,1,99,99,0,99,17,0.0,0,819
819000,1,99,99,0,99,19,0.0,0,819
820000,1,99,99,0,99,0,0,0,820
820000,1,99,99,0,99,8,0,0,820
820000,1,99,99,0,99,1,0.0,0,820
820000,1,99,99,0,99,5,0.0,0,820
820000,1,99,99,0,99,7,1.0,0,820
820000,1,99,99,0,99,3,0.0,0,820
820000,1,99,99,0,99,9,0.0,0,820
820000,1,99,99,0,99,11,0.0,0,820
820000,1,99,99,0,99,13,0.0,0,820
820000,1,99,99,0,99,15,0.0,0,820
820000,1,99,99,0,99,17,0.0,0,820
820000,1,99,99,0,99,19,0.0,0,820
821000,1,99,99,0,99,0,0,0,821
821000,1,99,99,0,99,8,0,0,821
821000,1,99,99,0,99,1,0.0,0,821
821000,1,99,99,0,99,5,0.0,0,821
821000,1,99,99,0,99,7,1.0,0,821
821000,1,99,99,0,99,3,0.0,0,821
821000,1,99,99,0,99,9,0.0,0,821
821000,1,99,99,0,99,11,0.0,0,821
821000,1,99,99,0,99,13,0.0,0,821
821000,1,99,99,0,99,15,0.0,0,821
821000,1,99,99,0,99,17,0.0,0,821
821000,1,99,99,0,99,19,0.0,0,821
822000,1,99,99,0,99,0,0,0,822
822000,1,99,99,0,99,8,0,0,822
822000,1,99,99,0,99,1,0.0,0,822
822000,1,99,99,0,99,5,0.0,0,822
822000,1,99,99,0,99,7,1.0,0,822
822000,1,99,99,0,99,3,0.0,0,822
822000,1,99,99,0,99,9,0.0,0,822
822000,1,99,99,0,99,11,0.0,0,822
822000,1,99,99,0,99,13,0.0,0,822
822000,1,99,99,0,99,15,0.0,0,822
822000,1,99,99,0,99,17,0.0,0,822
822000,1,99,99,0,99,19,0.0,0,822
823000,1,99,99,0,99,0,0,0,823
823000,1,99,99,0,99,8,0,0,823
823000,1,99,99,0,99,1,0.0,0,823
823000,1,99,99,0,99,5,0.0,0,823
823000,1,99,99,0,99,7,1.0,0,823
823000,1,99,99,0,99,3,0.0,0,823
823000,1,99,99,0,99,9,0.0,0,823
823000,1,99,99,0,99,11,0.0,0,823
823000,1,99,99,0,99,13,0.0,0,823
823000,1,99,99,0,99,15,0.0,0,823
823000,1,99,99,0,99,17,0.0,0,823
823000,1,99,99,0,99,19,0.0,0,823
824000,1,99,99,0,99,0,1,0,824
824000,1,99,99,0,99,8,0,0,824
824000,1,99,99,0,99,1,0.0,0,824
824000,1,99,99,0,99,5,0.0,0,824
824000,1,99,99,0,99,7,0.0,0,824
824000,1,99,99,0,99,3,0.0,0,824
824000,1,99,99,0,99,9,0.0,0,824
824000,1,99,99,0,99,11,0.0,0,824
824000,1,99,99,0,99,13,0.0,0,824
824000,1,99,99,0,99,15,0.0,0,824
824000,1,99,99,0,99,17,0.0,0,824
824000,1,99,99,0,99,19,0.0,0,824
825000,1,99,99,0,99,0,0,0,825
825000,1,99,99,0,99,8,0,0,825
825000,1,99,99,0,99,1,0.0,0,825
825000,1,99,99,0,99,5,0.0,0,825
825000,1,99,99,0,99,7,1.0,0,825
825000,1,99,99,0,99,3,0.0,0,825
825000,1,99,99,0,99,9,0.0,0,825
825000,1,99,99,0,99,11,0.0,0,825
825000,1,99,99,0,99,13,0.0,0,825
825000,1,99,99,0,99,15,0.0,0,825
825000,1,99,99,0,99,17,0.0,0,825
825000,1,99,99,0,99,19,0.0,0,825
826000,1,99,99,0,99,0,1,0,826
826000,1,99,99,0,99,8,0,0,826
826000,1,99,99,0,99,1,0.0,0,826
826000,1,99,99,0,99,5,0.0,0,826
826000,1,99,99,0,99,7,0.0,0,826
826000,1,99,99,0,99,3,0.0,0,826
826000,1,99,99,0,99,9,0.0,0,826
826000,1,99,99,0,99,11,0.0,0,826
826000,1,99,99,0,99,13,0.0,0,826
826000,1,99,99,0,99,15,0.0,0,826
826000,1,99,99,0,99,17,0.0,0,826
826000,1,99,99,0,99,19,0.0,0,826
827000,1,99,99,0,99,0,1,0,827
827000,1,99,99,0,99,8,0,0,827
827000,1,99,99,0,99,1,0.0,0,827
827000,1,99,99,0,99,5,0.0,0,827
827000,1,99,99,0,99,7,0.0,0,827
827000,1,99,99,0,99,3,0.0,0,827
827000,1,99,99,0,99,9,0.0,0,827
827000,1,99,99,0,99,11,0.0,0,827
827000,1,99,99,0,99,13,0.0,0,827
827000,1,99,99,0,99,15,0.0,0,827
827000,1,99,99,0,99,17,0.0,0,827
827000,1,99,99,0,99,19,0.0,0,827
828000,1,99,99,0,99,0,0,0,828
828000,1,99,99,0,99,8,0,0,828
828000,1,99,99,0,99,1,0.0,0,828
828000,1,99,99,0,99,5,0.0,0,828
828000,1,99,99,0,99,7,1.0,0,828
828000,1,99,99,0,99,3,0.0,0,828
828000,1,99,99,0,99,9,0.0,0,828
828000,1,99,99,0,99,11,0.0,0,828
828000,1,99,99,0,99,13,0.0,0,828
828000,1,99,99,0,99,15,0.0,0,828
828000,1,99,99,0,99,17,0.0,0,828
828000,1,99,99,0,99,19,0.0,0,828
829000,1,99,99,0,99,0,0,0,829
829000,1,99,99,0,99,8,0,0,829
829000,1,99,99,0,99,1,0.0,0,829
829000,1,99,99,0,99,5,0.0,0,829
829000,1,99,99,0,99,7,1.0,0,829
829000,1,99,99,0,99,3,0.0,0,829
829000,1,99,99,0,99,9,0.0,0,829
829000,1,99,99,0,99,11,0.0,0,829
829000,1,99,99,0,99,13,0.0,0,829
829000,1,99,99,0,99,15,0.0,0,829
829000,1,99,99,0,99,17,0.0,0,829
829000,1,99,99,0,99,19,0.0,0,829
830000,1,99,99,0,99,0,0,0,830
830000,1,99,99,0,99,8,0,0,830
830000,1,99,99,0,99,1,0.0,0,830
830000,1,99,99,0,99,5,0.0,0,830
830000,1,99,99,0,99,7,1.0,0,830
830000,1,99,99,0,99,3,0.0,0,830
830000,1,99,99,0,99,9,0.0,0,830
830000,1,99,99,0,99,11,0.0,0,830
830000,1,99,99,0,99,13,0.0,0,830
830000,1,99,99,0,99,15,0.0,0,830
830000,1,99,99,0,99,17,0.0,0,830
830000,1,99,99,0,99,19,0.0,0,830
831000,1,99,99,0,99,0,1,0,831
831000,1,99,99,0,99,8,0,0,831
831000,1,99,99,0,99,1,0.0,0,831
831000,1,99,99,0,99,5,0.0,0,831
831000,1,99,99,0,99,7,0.0,0,831
831000,1,99,99,0,99,3,0.0,0,831
831000,1,99,99,0,99,9,0.0,0,831
831000,1,99,99,0,99,11,0.0,0,831
831000,1,99,99,0,99,13,0.0,0,831
831000,1,99,99,0,99,15,0.0,0,831
831000,1,99,99,0,99,17,0.0,0,831
831000,1,99,99,0,99,19,0.0,0,831
832000,1,99,99,0,99,0,0,0,832
832000,1,99,99,0,99,8,0,0,832
832000,1,99,99,0,99,1,0.0,0,832
832000,1,99,99,0,99,5,0.0,0,832
832000,1,99,99,0,99,7,1.0,0,832
832000,1,99,99,0,99,3,0.0,0,832
832000,1,99,99,0,99,9,0.0,0,832
832000,1,99,99,0,99,11,0.0,0,832
832000,1,99,99,0,99,13,0.0,0,832
832000,1,99,99,0,99,15,0.0,0,832
832000,1,99,99,0,99,17,0.0,0,832
832000,1,99,99,0,99,19,0.0,0,832
833000,1,99,99,0,99,0,1,0,833
833000,1,99,99,0,99,8,0,0,833
833000,1,99,99,0,99,1,0.0,0,833
833000,1,99,99,0,99,5,0.0,0,833
833000,1,99,99,0,99,7,0.0,0,833
833000,1,99,99,0,99,3,0.0,0,833
833000,1,99,99,0,99,9,0.0,0,833
833000,1,99,99,0,99,11,0.0,0,833
833000,1,99,99,0,99,13,0.0,0,833
833000,1,99,99,0,99,15,0.0,0,833
833000,1,99,99,0,99,17,0.0,0,833
833000,1,99,99,0,99,19,0.0,0,833
834000,1,99,99,0,99,0,0,0,834
834000,1,99,99,0,99,8,0,0,834
834000,1,99,99,0,99,1,0.0,0,834
834000,1,99,99,0,99,5,0.0,0,834
834000,1,99,99,0,99,7,1.0,0,834
834000,1,99,99,0,99,3,0.0,0,834
834000,1,99,99,0,99,9,0.0,0,834
834000,1,99,99,0,99,11,0.0,0,834
834000,1,99,99,0,99,13,0.0,0,834
834000,1,99,99,0,99,15,0.0,0,834
834000,1,99,99,0,99,17,0.0,0,834
834000,1,99,99,0,99,19,0.0,0,834
835000,1,99,99,0,99,0,0,0,835
835000,1,99,99,0,99,8,0,0,835
835000,1,99,99,0,99,1,0.0,0,835
835000,1,99,99,0,99,5,0.0,0,835
835000,1,99,99,0,99,7,1.0,0,835
835000,1,99,99,0,99,3,0.0,0,835
835000,1,99,99,0,99,9,0.0,0,835
835000,1,99,99,0,99,11,0.0,0,835
835000,1,99,99,0,99,13,0.0,0,835
835000,1,99,99,0,99,15,0.0,0,835
835000,1,99,99,0,99,17,0.0,0,835
835000,1,99,99,0,99,19,0.0,0,835
836000,1,99,99,0,99,0,1,0,836
836000,1,99,99,0,99,8,0,0,836
836000,1,99,99,0,99,1,0.0,0,836
836000,1,99,99,0,99,5,0.0,0,836
836000,1,99,99,0,99,7,0.0,0,836
836000,1,99,99,0,99,3,0.0,0,836
836000,1,99,99,0,99,9,0.0,0,836
836000,1,99,99,0,99,11,0.0,0,836
836000,1,99,99,0,99,13,0.0,0,836
836000,1,99,99,0,99,15,0.0,0,836
836000,1,99,99,0,99,17,0.0,0,836
836000,1,99,99,0,99,19,0.0,0,836
837000,1,99,99,0,99,0,0,0,837
837000,1,99,99,0,99,8,0,0,837
837000,1,99,99,0,99,1,0.0,0,837
837000,1,99,99,0,99,5,0.0,0,837
837000,1,99,99,0,99,7,1.0,0,837
837000,1,99,99,0,99,3,0.0,0,837
837000,1,99,99,0,99,9,0.0,0,837
837000,1,99,99,0,99,11,0.0,0,837
837000,1,99,99,0,99,13,0.0,0,837
837000,1,99,99,0,99,15,0.0,0,837
837000,1,99,99,0,99,17,0.0,0,837
837000,1,99,99,0,99,19,0.0,0,837
838000,1,99,99,0,99,0,0,0,838
838000,1,99,99,0,99,8,0,0,838
838000,1,99,99,0,99,1,0.0,0,838
838000,1,99,99,0,99,5,0.0,0,838
838000,1,99,99,0,99,7,0.0,0,838
838000,1,99,99,0,99,3,0.0,0,838
838000,1,99,99,0,99,9,0.0,0,838
838000,1,99,99,0,99,11,0.0,0,838
838000,1,99,99,0,99,13,0.0,0,838
838000,1,99,99,0,99,15,0.0,0,838
838000,1,99,99,0,99,17,1.0,0,838
838000,1,99,99,0,99,19,0.0,0,838
839000,1,99,99,0,99,0,0,0,839
839000,1,99,99,0,99,8,0,0,839
839000,1,99,99,0,99,1,0.0,0,839
839000,1,99,99,0,99,5,0.0,0,839
839000,1,99,99,0,99,7,0.0,0,839
839000,1,99,99,0,99,3,0.0,0,839
839000,1,99,99,0,99,9,0.0,0,839
839000,1,99,99,0,99,11,0.0,0,839
839000,1,99,99,0,99,13,0.0,0,839
839000,1,99,99,0,99,15,0.0,0,839
839000,1,99,99,0,99,17,1.0,0,839
839000,1,99,99,0,99,19,0.0,0,839
840000,1,99,99,0,99,0,0,0,840
840000,1,99,99,0,99,8,0,0,840
840000,1,99,99,0,99,1,0.0,0,840
840000,1,99,99,0,99,5,0.0,0,840
840000,1,99,99,0,99,7,1.0,0,840
840000,1,99,99,0,99,3,0.0,0,840
840000,1,99,99,0,99,9,0.0,0,840
840000,1,99,99,0,99,11,0.0,0,840
840000,1,99,99,0,99,13,0.0,0,840
840000,1,99,99,0,99,15,0.0,0,840
840000,1,99,99,0,99,17,0.0,0,840
840000,1,99,99,0,99,19,0.0,0,840
841000,1,99,99,0,99,0,1,0,841
841000,1,99,99,0,99,8,0,0,841
841000,1,99,99,0,99,1,0.0,0,841
841000,1,99,99,0,99,5,0.0,0,841
841000,1,99,99,0,99,7,0.0,0,841
841000,1,99,99,0,99,3,0.0,0,841
841000,1,99,99,0,99,9,0.0,0,841
841000,1,99,99,0,99,11,0.0,0,841
841000,1,99,99,0,99,13,0.0,0,841
841000,1,99,99,0,99,15,0.0,0,841
841000,1,99,99,0,99,17,0.0,0,841
841000,1,99,99,0,99,19,0.0,0,841
842000,1,99,99,0,99,0,0,0,842
842000,1,99,99,0,99,8,0,0,842
842000,1,99,99,0,99,1,0.0,0,842
842000,1,99,99,0,99,5,0.0,0,842
842000,1,99,99,0,99,7,0.0,0,842
842000,1,99,99,0,99,3,0.0,0,842
842000,1,99,99,0,99,9,0.0,0,842
842000,1,99,99,0,99,11,0.0,0,842
842000,1,99,99,0,99,13,0.0,0,842
842000,1,99,99,0,99,15,0.0,0,842
842000,1,99,99,0,99,17,1.0,0,842
842000,1,99,99,0,99,19,0.0,0,842
843000,1,99,99,0,99,0,0,0,843
843000,1,99,99,0,99,8,0,0,843
843000,1,99,99,0,99,1,0.0,0,843
843000,1,99,99,0,99,5,0.0,0,843
843000,1,99,99,0,99,7,1.0,0,843
843000,1,99,99,0,99,3,0.0,0,843
843000,1,99,99,0,99,9,0.0,0,843
843000,1,99,99,0,99,11,0.0,0,843
843000,1,99,99,0,99,13,0.0,0,843
843000,1,99,99,0,99,15,0.0,0,843
843000,1,99,99,0,99,17,0.0,0,843
843000,1,99,99,0,99,19,0.0,0,843
844000,1,99,99,0,99,0,0,0,844
844000,1,99,99,0,99,8,0,0,844
844000,1,99,99,0,99,1,0.0,0,844
844000,1,99,99,0,99,5,0.0,0,844
844000,1,99,99,0,99,7,0.0,0,844
844000,1,99,99,0,99,3,0.0,0,844
844000,1,99,99,0,99,9,0.0,0,844
844000,1,99,99,0,99,11,0.0,0,844
844000,1,99,99,0,99,13,0.0,0,844
844000,1,99,99,0,99,15,0.0,0,844
844000,1,99,99,0,99,17,1.0,0,844
844000,1,99,99,0,99,19,0.0,0,844
845000,1,99,99,0,99,0,1,0,845
845000,1,99,99,0,99,8,0,0,845
845000,1,99,99,0,99,1,0.0,0,845
845000,1,99,99,0,99,5,0.0,0,845
845000,1,99,99,0,99,7,0.0,0,845
845000,1,99,99,0,99,3,0.0,0,845
845000,1,99,99,0,99,9,0.0,0,845
845000,1,99,99,0,99,11,0.0,0,845
845000,1,99,99,0,99,13,0.0,0,845
845000,1,99,99,0,99,15,0.0,0,845
845000,1,99,99,0,99,17,0.0,0,845
845000,1,99,99,0,99,19,0.0,0,845
846000,1,99,99,0,99,0,0,0,846
846000,1,99,99,0,99,8,0,0,846
846000,1,99,99,0,99,1,0.0,0,846
846000,1,99,99,0,99,5,0.0,0,846
846000,1,99,99,0,99,7,1.0,0,846
846000,1,99,99,0,99,3,0.0,0,846
846000,1,99,99,0,99,9,0.0,0,846
846000,1,99,99,0,99,11,0.0,0,846
846000,1,99,99,0,99,13,0.0,0,846
846000,1,99,99,0,99,15,0.0,0,846
846000,1,99,99,0,99,17,0.0,0,846
846000,1,99,99,0,99,19,0.0,0,846
847000,1,99,99,0,99,0,1,0,847
847000,1,99,99,0,99,8,0,0,847
847000,1,99,99,0,99,1,0.0,0,847
847000,1,99,99,0,99,5,0.0,0,847
847000,1,99,99,0,99,7,0.0,0,847
847000,1,99,99,0,99,3,0.0,0,847
847000,1,99,99,0,99,9,0.0,0,847
847000,1,99,99,0,99,11,0.0,0,847
847000,1,99,99,0,99,13,0.0,0,847
847000,1,99,99,0,99,15,0.0,0,847
847000,1,99,99,0,99,17,0.0,0,847
847000,1,99,99,0,99,19,0.0,0,847
848000,1,99,99,0,99,0,1,0,848
848000,1,99,99,0,99,8,0,0,848
848000,1,99,99,0,99,1,0.0,0,848
848000,1,99,99,0,99,5,0.0,0,848
848000,1,99,99,0,99,7,0.0,0,848
848000,1,99,99,0,99,3,0.0,0,848
848000,1,99,99,0,99,9,0.0,0,848
848000,1,99,99,0,99,11,0.0,0,848
848000,1,99,99,0,99,13,0.0,0,848
848000,1,99,99,0,99,15,0.0,0,848
848000,1,99,99,0,99,17,0.0,0,848
848000,1,99,99,0,99,19,0.0,0,848
849000,1,99,99,0,99,0,0,0,849
849000,1,99,99,0,99,8,0,0,849
849000,1,99,99,0,99,1,0.0,0,849
849000,1,99,99,0,99,5,0.0,0,849
849000,1,99,99,0,99,7,0.9999999999998591,0,849
849000,1,99,99,0,99,3,0.0,0,849
849000,1,99,99,0,99,9,0.0,0,849
849000,1,99,99,0,99,11,0.0,0,849
849000,1,99,99,0,99,13,0.0,0,849
849000,1,99,99,0,99,15,0.0,0,849
849000,1,99,99,0,99,17,0.0,0,849
849000,1,99,99,0,99,19,0.0,0,849
850000,1,99,99,0,99,0,0,0,850
850000,1,99,99,0,99,8,0,0,850
850000,1,99,99,0,99,1,0.0,0,850
850000,1,99,99,0,99,5,0.0,0,850
850000,1,99,99,0,99,7,1.0,0,850
850000,1,99,99,0,99,3,0.0,0,850
850000,1,99,99,0,99,9,0.0,0,850
850000,1,99,99,0,99,11,0.0,0,850
850000,1,99,99,0,99,13,0.0,0,850
850000,1,99,99,0,99,15,0.0,0,850
850000,1,99,99,0,99,17,0.0,0,850
850000,1,99,99,0,99,19,0.0,0,850
851000,1,99,99,0,99,0,1,0,851
851000,1,99,99,0,99,8,0,0,851
851000,1,99,99,0,99,1,0.0,0,851
851000,1,99,99,0,99,5,0.0,0,851
851000,1,99,99,0,99,7,0.0,0,851
851000,1,99,99,0,99,3,0.0,0,851
851000,1,99,99,0,99,9,0.0,0,851
851000,1,99,99,0,99,11,0.0,0,851
851000,1,99,99,0,99,13,0.0,0,851
851000,1,99,99,0,99,15,0.0,0,851
851000,1,99,99,0,99,17,0.0,0,851
851000,1,99,99,0,99,19,0.0,0,851
852000,1,99,99,0,99,0,0,0,852
852000,1,99,99,0,99,8,0,0,852
852000,1,99,99,0,99,1,0.0,0,852
852000,1,99,99,0,99,5,0.0,0,852
852000,1,99,99,0,99,7,1.0,0,852
852000,1,99,99,0,99,3,0.0,0,852
852000,1,99,99,0,99,9,0.0,0,852
852000,1,99,99,0,99,11,0.0,0,852
852000,1,99,99,0,99,13,0.0,0,852
852000,1,99,99,0,99,15,0.0,0,852
852000,1,99,99,0,99,17,0.0,0,852
852000,1,99,99,0,99,19,0.0,0,852
853000,1,99,99,0,99,0,0,0,853
853000,1,99,99,0,99,8,0,0,853
853000,1,99,99,0,99,1,0.0,0,853
853000,1,99,99,0,99,5,0.0,0,853
853000,1,99,99,0,99,7,1.0,0,853
853000,1,99,99,0,99,3,0.0,0,853
853000,1,99,99,0,99,9,0.0,0,853
853000,1,99,99,0,99,11,0.0,0,853
853000,1,99,99,0,99,13,0.0,0,853
853000,1,99,99,0,99,15,0.0,0,853
853000,1,99,99,0,99,17,0.0,0,853
853000,1,99,99,0,99,19,0.0,0,853
854000,1,99,99,0,99,0,0,0,854
854000,1,99,99,0,99,8,0,0,854
854000,1,99,99,0,99,1,0.0,0,854
854000,1,99,99,0,99,5,0.0,0,854
854000,1,99,99,0,99,7,1.0,0,854
854000,1,99,99,0,99,3,0.0,0,854
854000,1,99,99,0,99,9,0.0,0,854
854000,1,99,99,0,99,11,0.0,0,854
854000,1,99,99,0,99,13,0.0,0,854
854000,1,99,99,0,99,15,0.0,0,854
854000,1,99,99,0,99,17,0.0,0,854
854000,1,99,99,0,99,19,0.0,0,854
855000,1,99,99,0,99,0,0,0,855
855000,1,99,99,0,99,8,0,0,855
855000,1,99,99,0,99,1,0.0,0,855
855000,1,99,99,0,99,5,0.0,0,855
855000,1,99,99,0,99,7,1.0,0,855
855000,1,99,99,0,99,3,0.0,0,855
855000,1,99,99,0,99,9,0.0,0,855
855000,1,99,99,0,99,11,0.0,0,855
855000,1,99,99,0,99,13,0.0,0,855
855000,1,99,99,0,99,15,0.0,0,855
855000,1,99,99,0,99,17,0.0,0,855
855000,1,99,99,0,99,19,0.0,0,855
856000,1,99,99,0,99,0,0,0,856
856000,1,99,99,0,99,8,0,0,856
856000,1,99,99,0,99,1,0.0,0,856
856000,1,99,99,0,99,5,0.0,0,856
856000,1,99,99,0,99,7,1.0,0,856
856000,1,99,99,0,99,3,0.0,0,856
856000,1,99,99,0,99,9,0.0,0,856
856000,1,99,99,0,99,11,0.0,0,856
856000,1,99,99,0,99,13,0.0,0,856
856000,1,99,99,0,99,15,0.0,0,856
856000,1,99,99,0,99,17,0.0,0,856
856000,1,99,99,0,99,19,0.0,0,856
857000,1,99,99,0,99,0,0,0,857
857000,1,99,99,0,99,8,0,0,857
857000,1,99,99,0,99,1,0.0,0,857
857000,1,99,99,0,99,5,0.0,0,857
857000,1,99,99,0,99,7,1.0,0,857
857000,1,99,99,0,99,3,0.0,0,857
857000,1,99,99,0,99,9,0.0,0,857
857000,1,99,99,0,99,11,0.0,0,857
857000,1,99,99,0,99,13,0.0,0,857
857000,1,99,99,0,99,15,0.0,0,857
857000,1,99,99,0,99,17,0.0,0,857
857000,1,99,99,0,99,19,0.0,0,857
858000,1,99,99,0,99,0,0,0,858
858000,1,99,99,0,99,8,0,0,858
858000,1,99,99,0,99,1,0.0,0,858
858000,1,99,99,0,99,5,0.0,0,858
858000,1,99,99,0,99,7,1.0,0,858
858000,1,99,99,0,99,3,0.0,0,858
858000,1,99,99,0,99,9,0.0,0,858
858000,1,99,99,0,99,11,0.0,0,858
858000,1,99,99,0,99,13,0.0,0,858
858000,1,99,99,0,99,15,0.0,0,858
858000,1,99,99,0,99,17,0.0,0,858
858000,1,99,99,0,99,19,0.0,0,858
859000,1,99,99,0,99,0,1,0,859
859000,1,99,99,0,99,8,0,0,859
859000,1,99,99,0,99,1,0.0,0,859
859000,1,99,99,0,99,5,0.0,0,859
859000,1,99,99,0,99,7,0.0,0,859
859000,1,99,99,0,99,3,0.0,0,859
859000,1,99,99,0,99,9,0.0,0,859
859000,1,99,99,0,99,11,0.0,0,859
859000,1,99,99,0,99,13,0.0,0,859
859000,1,99,99,0,99,15,0.0,0,859
859000,1,99,99,0,99,17,0.0,0,859
859000,1,99,99,0,99,19,0.0,0,859
860000,1,99,99,0,99,0,0,0,860
860000,1,99,99,0,99,8,0,0,860
860000,1,99,99,0,99,1,0.0,0,860
860000,1,99,99,0,99,5,0.0,0,860
860000,1,99,99,0,99,7,1.0,0,860
860000,1,99,99,0,99,3,0.0,0,860
860000,1,99,99,0,99,9,0.0,0,860
860000,1,99,99,0,99,11,0.0,0,860
860000,1,99,99,0,99,13,0.0,0,860
860000,1,99,99,0,99,15,0.0,0,860
860000,1,99,99,0,99,17,0.0,0,860
860000,1,99,99,0,99,19,0.0,0,860
861000,1,99,99,0,99,0,0,0,861
861000,1,99,99,0,99,8,0,0,861
861000,1,99,99,0,99,1,0.0,0,861
861000,1,99,99,0,99,5,0.0,0,861
861000,1,99,99,0,99,7,1.0,0,861
861000,1,99,99,0,99,3,0.0,0,861
861000,1,99,99,0,99,9,0.0,0,861
861000,1,99,99,0,99,11,0.0,0,861
861000,1,99,99,0,99,13,0.0,0,861
861000,1,99,99,0,99,15,0.0,0,861
861000,1,99,99,0,99,17,0.0,0,861
861000,1,99,99,0,99,19,0.0,0,861
862000,1,99,99,0,99,0,0,0,862
862000,1,99,99,0,99,8,0,0,862
862000,1,99,99,0,99,1,0.0,0,862
862000,1,99,99,0,99,5,0.0,0,862
862000,1,99,99,0,99,7,1.0,0,862
862000,1,99,99,0,99,3,0.0,0,862
862000,1,99,99,0,99,9,0.0,0,862
862000,1,99,99,0,99,11,0.0,0,862
862000,1,99,99,0,99,13,0.0,0,862
862000,1,99,99,0,99,15,0.0,0,862
862000,1,99,99,0,99,17,0.0,0,862
862000,1,99,99,0,99,19,0.0,0,862
863000,1,99,99,0,99,0,1,0,863
863000,1,99,99,0,99,8,0,0,863
863000,1,99,99,0,99,1,0.0,0,863
863000,1,99,99,0,99,5,0.0,0,863
863000,1,99,99,0,99,7,0.0,0,863
863000,1,99,99,0,99,3,0.0,0,863
863000,1,99,99,0,99,9,0.0,0,863
863000,1,99,99,0,99,11,0.0,0,863
863000,1,99,99,0,99,13,0.0,0,863
863000,1,99,99,0,99,15,0.0,0,863
863000,1,99,99,0,99,17,0.0,0,863
863000,1,99,99,0,99,19,0.0,0,863
864000,1,99,99,0,99,0,0,0,864
864000,1,99,99,0,99,8,0,0,864
864000,1,99,99,0,99,1,0.0,0,864
864000,1,99,99,0,99,5,0.0,0,864
864000,1,99,99,0,99,7,1.0,0,864
864000,1,99,99,0,99,3,0.0,0,864
864000,1,99,99,0,99,9,0.0,0,864
864000,1,99,99,0,99,11,0.0,0,864
864000,1,99,99,0,99,13,0.0,0,864
864000,1,99,99,0,99,15,0.0,0,864
864000,1,99,99,0,99,17,0.0,0,864
864000,1,99,99,0,99,19,0.0,0,864
865000,1,99,99,0,99,0,1,0,865
865000,1,99,99,0,99,8,0,0,865
865000,1,99,99,0,99,1,0.0,0,865
865000,1,99,99,0,99,5,0.0,0,865
865000,1,99,99,0,99,7,0.0,0,865
865000,1,99,99,0,99,3,0.0,0,865
865000,1,99,99,0,99,9,0.0,0,865
865000,1,99,99,0,99,11,0.0,0,865
865000,1,99,99,0,99,13,0.0,0,865
865000,1,99,99,0,99,15,0.0,0,865
865000,1,99,99,0,99,17,0.0,0,865
865000,1,99,99,0,99,19,0.0,0,865
866000,1,99,99,0,99,0,1,0,866
866000,1,99,99,0,99,8,0,0,866
866000,1,99,99,0,99,1,0.0,0,866
866000,1,99,99,0,99,5,0.0,0,866
866000,1,99,99,0,99,7,0.0,0,866
866000,1,99,99,0,99,3,0.0,0,866
866000,1,99,99,0,99,9,0.0,0,866
866000,1,99,99,0,99,11,0.0,0,866
866000,1,99,99,0,99,13,0.0,0,866
866000,1,99,99,0,99,15,0.0,0,866
866000,1,99,99,0,99,17,0.0,0,866
866000,1,99,99,0,99,19,0.0,0,866
867000,1,99,99,0,99,0,0,0,867
867000,1,99,99,0,99,8,0,0,867
867000,1,99,99,0,99,1,0.0,0,867
867000,1,99,99,0,99,5,0.0,0,867
867000,1,99,99,0,99,7,1.0,0,867
867000,1,99,99,0,99,3,0.0,0,867
867000,1,99,99,0,99,9,0.0,0,867
867000,1,99,99,0,99,11,0.0,0,867
867000,1,99,99,0,99,13,0.0,0,867
867000,1,99,99,0,99,15,0.0,0,867
867000,1,99,99,0,99,17,0.0,0,867
867000,1,99,99,0,99,19,0.0,0,867
868000,1,99,99,0,99,0,1,0,868
868000,1,99,99,0,99,8,0,0,868
868000,1,99,99,0,99,1,0.0,0,868
868000,1,99,99,0,99,5,0.0,0,868
868000,1,99,99,0,99,7,0.0,0,868
868000,1,99,99,0,99,3,0.0,0,868
868000,1,99,99,0,99,9,0.0,0,868
868000,1,99,99,0,99,11,0.0,0,868
868000,1,99,99,0,99,13,0.0,0,868
868000,1,99,99,0,99,15,0.0,0,868
868000,1,99,99,0,99,17,0.0,0,868
868000,1,99,99,0,99,19,0.0,0,868
869000,1,99,99,0,99,0,0,0,869
869000,1,99,99,0,99,8,0,0,869
869000,1,99,99,0,99,1,0.0,0,869
869000,1,99,99,0,99,5,0.0,0,869
869000,1,99,99,0,99,7,1.0,0,869
869000,1,99,99,0,99,3,0.0,0,869
869000,1,99,99,0,99,9,0.0,0,869
869000,1,99,99,0,99,11,0.0,0,869
869000,1,99,99,0,99,13,0.0,0,869
869000,1,99,99,0,99,15,0.0,0,869
869000,1,99,99,0,99,17,0.0,0,869
869000,1,99,99,0,99,19,0.0,0,869
870000,1,99,99,0,99,0,0,0,870
870000,1,99,99,0,99,8,0,0,870
870000,1,99,99,0,99,1,0.0,0,870
870000,1,99,99,0,99,5,0.0,0,870
870000,1,99,99,0,99,7,1.0,0,870
870000,1,99,99,0,99,3,0.0,0,870
870000,1,99,99,0,99,9,0.0,0,870
870000,1,99,99,0,99,11,0.0,0,870
870000,1,99,99,0,99,13,0.0,0,870
870000,1,99,99,0,99,15,0.0,0,870
870000,1,99,99,0,99,17,0.0,0,870
870000,1,99,99,0,99,19,0.0,0,870
871000,1,99,99,0,99,0,1,0,871
871000,1,99,99,0,99,8,0,0,871
871000,1,99,99,0,99,1,0.0,0,871
871000,1,99,99,0,99,5,0.0,0,871
871000,1,99,99,0,99,7,0.0,0,871
871000,1,99,99,0,99,3,0.0,0,871
871000,1,99,99,0,99,9,0.0,0,871
871000,1,99,99,0,99,11,0.0,0,871
871000,1,99,99,0,99,13,0.0,0,871
871000,1,99,99,0,99,15,0.0,0,871
871000,1,99,99,0,99,17,0.0,0,871
871000,1,99,99,0,99,19,0.0,0,871
872000,1,99,99,0,99,0,0,0,872
872000,1,99,99,0,99,8,0,0,872
872000,1,99,99,0,99,1,0.0,0,872
872000,1,99,99,0,99,5,0.0,0,872
872000,1,99,99,0,99,7,1.0,0,872
872000,1,99,99,0,99,3,0.0,0,872
872000,1,99,99,0,99,9,0.0,0,872
872000,1,99,99,0,99,11,0.0,0,872
872000,1,99,99,0,99,13,0.0,0,872
872000,1,99,99,0,99,15,0.0,0,872
872000,1,99,99,0,99,17,0.0,0,872
872000,1,99,99,0,99,19,0.0,0,872
873000,1,99,99,0,99,0,0,0,873
873000,1,99,99,0,99,8,0,0,873
873000,1,99,99,0,99,1,0.0,0,873
873000,1,99,99,0,99,5,0.0,0,873
873000,1,99,99,0,99,7,1.0,0,873
873000,1,99,99,0,99,3,0.0,0,873
873000,1,99,99,0,99,9,0.0,0,873
873000,1,99,99,0,99,11,0.0,0,873
873000,1,99,99,0,99,13,0.0,0,873
873000,1,99,99,0,99,15,0.0,0,873
873000,1,99,99,0,99,17,0.0,0,873
873000,1,99,99,0,99,19,0.0,0,873
874000,1,99,99,0,99,0,1,0,874
874000,1,99,99,0,99,8,0,0,874
874000,1,99,99,0,99,1,0.0,0,874
874000,1,99,99,0,99,5,0.0,0,874
874000,1,99,99,0,99,7,0.0,0,874
874000,1,99,99,0,99,3,0.0,0,874
874000,1,99,99,0,99,9,0.0,0,874
874000,1,99,99,0,99,11,0.0,0,874
874000,1,99,99,0,99,13,0.0,0,874
874000,1,99,99,0,99,15,0.0,0,874
874000,1,99,99,0,99,17,0.0,0,874
874000,1,99,99,0,99,19,0.0,0,874
875000,1,99,99,0,99,0,0,0,875
875000,1,99,99,0,99,8,0,0,875
875000,1,99,99,0,99,1,0.0,0,875
875000,1,99,99,0,99,5,0.0,0,875
875000,1,99,99,0,99,7,1.0,0,875
875000,1,99,99,0,99,3,0.0,0,875
875000,1,99,99,0,99,9,0.0,0,875
875000,1,99,99,0,99,11,0.0,0,875
875000,1,99,99,0,99,13,0.0,0,875
875000,1,99,99,0,99,15,0.0,0,875
875000,1,99,99,0,99,17,0.0,0,875
875000,1,99,99,0,99,19,0.0,0,875
876000,1,99,99,0,99,0,0,0,876
876000,1,99,99,0,99,8,0,0,876
876000,1,99,99,0,99,1,0.0,0,876
876000,1,99,99,0,99,5,0.0,0,876
876000,1,99,99,0,99,7,1.0,0,876
876000,1,99,99,0,99,3,0.0,0,876
876000,1,99,99,0,99,9,0.0,0,876
876000,1,99,99,0,99,11,0.0,0,876
876000,1,99,99,0,99,13,0.0,0,876
876000,1,99,99,0,99,15,0.0,0,876
876000,1,99,99,0,99,17,0.0,0,876
876000,1,99,99,0,99,19,0.0,0,876
877000,1,99,99,0,99,0,0,0,877
877000,1,99,99,0,99,8,0,0,877
877000,1,99,99,0,99,1,0.0,0,877
877000,1,99,99,0,99,5,0.0,0,877
877000,1,99,99,0,99,7,1.0,0,877
877000,1,99,99,0,99,3,0.0,0,877
877000,1,99,99,0,99,9,0.0,0,877
877000,1,99,99,0,99,11,0.0,0,877
877000,1,99,99,0,99,13,0.0,0,877
877000,1,99,99,0,99,15,0.0,0,877
877000,1,99,99,0,99,17,0.0,0,877
877000,1,99,99,0,99,19,0.0,0,877
878000,1,99,99,0,99,0,0,0,878
878000,1,99,99,0,99,8,0,0,878
878000,1,99,99,0,99,1,0.0,0,878
878000,1,99,99,0,99,5,0.0,0,878
878000,1,99,99,0,99,7,1.0,0,878
878000,1,99,99,0,99,3,0.0,0,878
878000,1,99,99,0,99,9,0.0,0,878
878000,1,99,99,0,99,11,0.0,0,878
878000,1,99,99,0,99,13,0.0,0,878
878000,1,99,99,0,99,15,0.0,0,878
878000,1,99,99,0,99,17,0.0,0,878
878000,1,99,99,0,99,19,0.0,0,878
879000,1,99,99,0,99,0,0,0,879
879000,1,99,99,0,99,8,0,0,879
879000,1,99,99,0,99,1,0.0,0,879
879000,1,99,99,0,99,5,0.0,0,879
879000,1,99,99,0,99,7,1.0,0,879
879000,1,99,99,0,99,3,0.0,0,879
879000,1,99,99,0,99,9,0.0,0,879
879000,1,99,99,0,99,11,0.0,0,879
879000,1,99,99,0,99,13,0.0,0,879
879000,1,99,99,0,99,15,0.0,0,879
879000,1,99,99,0,99,17,0.0,0,879
879000,1,99,99,0,99,19,0.0,0,879
880000,1,99,99,0,99,0,0,0,880
880000,1,99,99,0,99,8,0,0,880
880000,1,99,99,0,99,1,0.0,0,880
880000,1,99,99,0,99,5,0.0,0,880
880000,1,99,99,0,99,7,1.0,0,880
880000,1,99,99,0,99,3,0.0,0,880
880000,1,99,99,0,99,9,0.0,0,880
880000,1,99,99,0,99,11,0.0,0,880
880000,1,99,99,0,99,13,0.0,0,880
880000,1,99,99,0,99,15,0.0,0,880
880000,1,99,99,0,99,17,0.0,0,880
880000,1,99,99,0,99,19,0.0,0,880
881000,1,99,99,0,99,0,0,0,881
881000,1,99,99,0,99,8,0,0,881
881000,1,99,99,0,99,1,0.0,0,881
881000,1,99,99,0,99,5,0.0,0,881
881000,1,99,99,0,99,7,0.9999999999999993,0,881
881000,1,99,99,0,99,3,0.0,0,881
881000,1,99,99,0,99,9,0.0,0,881
881000,1,99,99,0,99,11,0.0,0,881
881000,1,99,99,0,99,13,0.0,0,881
881000,1,99,99,0,99,15,0.0,0,881
881000,1,99,99,0,99,17,0.0,0,881
881000,1,99,99,0,99,19,0.0,0,881
882000,1,99,99,0,99,0,0,0,882
882000,1,99,99,0,99,8,0,0,882
882000,1,99,99,0,99,1,0.0,0,882
882000,1,99,99,0,99,5,0.0,0,882
882000,1,99,99,0,99,7,0.9999999999999379,0,882
882000,1,99,99,0,99,3,0.0,0,882
882000,1,99,99,0,99,9,0.0,0,882
882000,1,99,99,0,99,11,0.0,0,882
882000,1,99,99,0,99,13,0.0,0,882
882000,1,99,99,0,99,15,0.0,0,882
882000,1,99,99,0,99,17,0.0,0,882
882000,1,99,99,0,99,19,0.0,0,882
883000,1,99,99,0,99,0,0,0,883
883000,1,99,99,0,99,8,0,0,883
883000,1,99,99,0,99,1,0.0,0,883
883000,1,99,99,0,99,5,0.0,0,883
883000,1,99,99,0,99,7,1.0,0,883
883000,1,99,99,0,99,3,0.0,0,883
883000,1,99,99,0,99,9,0.0,0,883
883000,1,99,99,0,99,11,0.0,0,883
883000,1,99,99,0,99,13,0.0,0,883
883000,1,99,99,0,99,15,0.0,0,883
883000,1,99,99,0,99,17,0.0,0,883
883000,1,99,99,0,99,19,0.0,0,883
884000,1,99,99,0,99,0,0,0,884
884000,1,99,99,0,99,8,0,0,884
884000,1,99,99,0,99,1,0.0,0,884
884000,1,99,99,0,99,5,0.0,0,884
884000,1,99,99,0,99,7,1.0,0,884
884000,1,99,99,0,99,3,0.0,0,884
884000,1,99,99,0,99,9,0.0,0,884
884000,1,99,99,0,99,11,0.0,0,884
884000,1,99,99,0,99,13,0.0,0,884
884000,1,99,99,0,99,15,0.0,0,884
884000,1,99,99,0,99,17,0.0,0,884
884000,1,99,99,0,99,19,0.0,0,884
885000,1,99,99,0,99,0,0,0,885
885000,1,99,99,0,99,8,0,0,885
885000,1,99,99,0,99,1,0.0,0,885
885000,1,99,99,0,99,5,0.0,0,885
885000,1,99,99,0,99,7,0.9999997543309334,0,885
885000,1,99,99,0,99,3,0.0,0,885
885000,1,99,99,0,99,9,0.0,0,885
885000,1,99,99,0,99,11,0.0,0,885
885000,1,99,99,0,99,13,0.0,0,885
885000,1,99,99,0,99,15,0.0,0,885
885000,1,99,99,0,99,17,0.0,0,885
885000,1,99,99,0,99,19,0.0,0,885
886000,1,99,99,0,99,0,0,0,886
886000,1,99,99,0,99,8,0,0,886
886000,1,99,99,0,99,1,0.0,0,886
886000,1,99,99,0,99,5,0.0,0,886
886000,1,99,99,0,99,7,1.0,0,886
886000,1,99,99,0,99,3,0.0,0,886
886000,1,99,99,0,99,9,0.0,0,886
886000,1,99,99,0,99,11,0.0,0,886
886000,1,99,99,0,99,13,0.0,0,886
886000,1,99,99,0,99,15,0.0,0,886
886000,1,99,99,0,99,17,0.0,0,886
886000,1,99,99,0,99,19,0.0,0,886
887000,1,99,99,0,99,0,0,0,887
887000,1,99,99,0,99,8,0,0,887
887000,1,99,99,0,99,1,0.0,0,887
887000,1,99,99,0,99,5,0.0,0,887
887000,1,99,99,0,99,7,1.0,0,887
887000,1,99,99,0,99,3,0.0,0,887
887000,1,99,99,0,99,9,0.0,0,887
887000,1,99,99,0,99,11,0.0,0,887
887000,1,99,99,0,99,13,0.0,0,887
887000,1,99,99,0,99,15,0.0,0,887
887000,1,99,99,0,99,17,0.0,0,887
887000,1,99,99,0,99,19,0.0,0,887
888000,1,99,99,0,99,0,1,0,888
888000,1,99,99,0,99,8,0,0,888
888000,1,99,99,0,99,1,0.0,0,888
888000,1,99,99,0,99,5,0.0,0,888
888000,1,99,99,0,99,7,0.0,0,888
888000,1,99,99,0,99,3,0.0,0,888
888000,1,99,99,0,99,9,0.0,0,888
888000,1,99,99,0,99,11,0.0,0,888
888000,1,99,99,0,99,13,0.0,0,888
888000,1,99,99,0,99,15,0.0,0,888
888000,1,99,99,0,99,17,0.0,0,888
888000,1,99,99,0,99,19,0.0,0,888
889000,1,99,99,0,99,0,0,0,889
889000,1,99,99,0,99,8,0,0,889
889000,1,99,99,0,99,1,0.0,0,889
889000,1,99,99,0,99,5,0.0,0,889
889000,1,99,99,0,99,7,1.0,0,889
889000,1,99,99,0,99,3,0.0,0,889
889000,1,99,99,0,99,9,0.0,0,889
889000,1,99,99,0,99,11,0.0,0,889
889000,1,99,99,0,99,13,0.0,0,889
889000,1,99,99,0,99,15,0.0,0,889
889000,1,99,99,0,99,17,0.0,0,889
889000,1,99,99,0,99,19,0.0,0,889
890000,1,99,99,0,99,0,1,0,890
890000,1,99,99,0,99,8,0,0,890
890000,1,99,99,0,99,1,0.0,0,890
890000,1,99,99,0,99,5,0.0,0,890
890000,1,99,99,0,99,7,0.0,0,890
890000,1,99,99,0,99,3,0.0,0,890
890000,1,99,99,0,99,9,0.0,0,890
890000,1,99,99,0,99,11,0.0,0,890
890000,1,99,99,0,99,13,0.0,0,890
890000,1,99,99,0,99,15,0.0,0,890
890000,1,99,99,0,99,17,0.0,0,890
890000,1,99,99,0,99,19,0.0,0,890
891000,1,99,99,0,99,0,1,0,891
891000,1,99,99,0,99,8,0,0,891
891000,1,99,99,0,99,1,0.0,0,891
891000,1,99,99,0,99,5,0.0,0,891
891000,1,99,99,0,99,7,0.0,0,891
891000,1,99,99,0,99,3,0.0,0,891
891000,1,99,99,0,99,9,0.0,0,891
891000,1,99,99,0,99,11,0.0,0,891
891000,1,99,99,0,99,13,0.0,0,891
891000,1,99,99,0,99,15,0.0,0,891
891000,1,99,99,0,99,17,0.0,0,891
891000,1,99,99,0,99,19,0.0,0,891
892000,1,99,99,0,99,0,0,0,892
892000,1,99,99,0,99,8,0,0,892
892000,1,99,99,0,99,1,0.0,0,892
892000,1,99,99,0,99,5,0.0,0,892
892000,1,99,99,0,99,7,1.0,0,892
892000,1,99,99,0,99,3,0.0,0,892
892000,1,99,99,0,99,9,0.0,0,892
892000,1,99,99,0,99,11,0.0,0,892
892000,1,99,99,0,99,13,0.0,0,892
892000,1,99,99,0,99,15,0.0,0,892
892000,1,99,99,0,99,17,0.0,0,892
892000,1,99,99,0,99,19,0.0,0,892
893000,1,99,99,0,99,0,1,0,893
893000,1,99,99,0,99,8,0,0,893
893000,1,99,99,0,99,1,0.0,0,893
893000,1,99,99,0,99,5,0.0,0,893
893000,1,99,99,0,99,7,0.0,0,893
893000,1,99,99,0,99,3,0.0,0,893
893000,1,99,99,0,99,9,0.0,0,893
893000,1,99,99,0,99,11,0.0,0,893
893000,1,99,99,0,99,13,0.0,0,893
893000,1,99,99,0,99,15,0.0,0,893
893000,1,99,99,0,99,17,0.0,0,893
893000,1,99,99,0,99,19,0.0,0,893
894000,1,99,99,0,99,0,1,0,894
894000,1,99,99,0,99,8,0,0,894
894000,1,99,99,0,99,1,0.0,0,894
894000,1,99,99,0,99,5,0.0,0,894
894000,1,99,99,0,99,7,0.0,0,894
894000,1,99,99,0,99,3,0.0,0,894
894000,1,99,99,0,99,9,0.0,0,894
894000,1,99,99,0,99,11,0.0,0,894
894000,1,99,99,0,99,13,0.0,0,894
894000,1,99,99,0,99,15,0.0,0,894
894000,1,99,99,0,99,17,0.0,0,894
894000,1,99,99,0,99,19,0.0,0,894
895000,1,99,99,0,99,0,0,0,895
895000,1,99,99,0,99,8,0,0,895
895000,1,99,99,0,99,1,0.0,0,895
895000,1,99,99,0,99,5,0.0,0,895
895000,1,99,99,0,99,7,1.0,0,895
895000,1,99,99,0,99,3,0.0,0,895
895000,1,99,99,0,99,9,0.0,0,895
895000,1,99,99,0,99,11,0.0,0,895
895000,1,99,99,0,99,13,0.0,0,895
895000,1,99,99,0,99,15,0.0,0,895
895000,1,99,99,0,99,17,0.0,0,895
895000,1,99,99,0,99,19,0.0,0,895
896000,1,99,99,0,99,0,0,0,896
896000,1,99,99,0,99,8,0,0,896
896000,1,99,99,0,99,1,0.0,0,896
896000,1,99,99,0,99,5,0.0,0,896
896000,1,99,99,0,99,7,0.9999999997156082,0,896
896000,1,99,99,0,99,3,0.0,0,896
896000,1,99,99,0,99,9,0.0,0,896
896000,1,99,99,0,99,11,0.0,0,896
896000,1,99,99,0,99,13,0.0,0,896
896000,1,99,99,0,99,15,0.0,0,896
896000,1,99,99,0,99,17,0.0,0,896
896000,1,99,99,0,99,19,0.0,0,896
897000,1,99,99,0,99,0,0,0,897
897000,1,99,99,0,99,8,0,0,897
897000,1,99,99,0,99,1,0.0,0,897
897000,1,99,99,0,99,5,0.0,0,897
897000,1,99,99,0,99,7,1.0,0,897
897000,1,99,99,0,99,3,0.0,0,897
897000,1,99,99,0,99,9,0.0,0,897
897000,1,99,99,0,99,11,0.0,0,897
897000,1,99,99,0,99,13,0.0,0,897
897000,1,99,99,0,99,15,0.0,0,897
897000,1,99,99,0,99,17,0.0,0,897
897000,1,99,99,0,99,19,0.0,0,897
898000,1,99,99,0,99,0,1,0,898
898000,1,99,99,0,99,8,0,0,898
898000,1,99,99,0,99,1,0.0,0,898
898000,1,99,99,0,99,5,0.0,0,898
898000,1,99,99,0,99,7,0.0,0,898
898000,1,99,99,0,99,3,0.0,0,898
898000,1,99,99,0,99,9,0.0,0,898
898000,1,99,99,0,99,11,0.0,0,898
898000,1,99,99,0,99,13,0.0,0,898
898000,1,99,99,0,99,15,0.0,0,898
898000,1,99,99,0,99,17,0.0,0,898
898000,1,99,99,0,99,19,0.0,0,898
899000,1,99,99,0,99,0,0,0,899
899000,1,99,99,0,99,8,0,0,899
899000,1,99,99,0,99,1,0.0,0,899
899000,1,99,99,0,99,5,0.0,0,899
899000,1,99,99,0,99,7,1.0,0,899
899000,1,99,99,0,99,3,0.0,0,899
899000,1,99,99,0,99,9,0.0,0,899
899000,1,99,99,0,99,11,0.0,0,899
899000,1,99,99,0,99,13,0.0,0,899
899000,1,99,99,0,99,15,0.0,0,899
899000,1,99,99,0,99,17,0.0,0,899
899000,1,99,99,0,99,19,0.0,0,899
900000,1,99,99,0,99,0,0,0,900
900000,1,99,99,0,99,8,0,0,900
900000,1,99,99,0,99,1,0.0,0,900
900000,1,99,99,0,99,5,0.0,0,900
900000,1,99,99,0,99,7,1.0,0,900
900000,1,99,99,0,99,3,0.0,0,900
900000,1,99,99,0,99,9,0.0,0,900
900000,1,99,99,0,99,11,0.0,0,900
900000,1,99,99,0,99,13,0.0,0,900
900000,1,99,99,0,99,15,0.0,0,900
900000,1,99,99,0,99,17,0.0,0,900
900000,1,99,99,0,99,19,0.0,0,900
901000,1,99,99,0,99,0,1,0,901
901000,1,99,99,0,99,8,0,0,901
901000,1,99,99,0,99,1,0.0,0,901
901000,1,99,99,0,99,5,0.0,0,901
901000,1,99,99,0,99,7,0.0,0,901
901000,1,99,99,0,99,3,0.0,0,901
901000,1,99,99,0,99,9,0.0,0,901
901000,1,99,99,0,99,11,0.0,0,901
901000,1,99,99,0,99,13,0.0,0,901
901000,1,99,99,0,99,15,0.0,0,901
901000,1,99,99,0,99,17,0.0,0,901
901000,1,99,99,0,99,19,0.0,0,901
902000,1,99,99,0,99,0,0,0,902
902000,1,99,99,0,99,8,0,0,902
902000,1,99,99,0,99,1,0.0,0,902
902000,1,99,99,0,99,5,0.0,0,902
902000,1,99,99,0,99,7,1.0,0,902
902000,1,99,99,0,99,3,0.0,0,902
902000,1,99,99,0,99,9,0.0,0,902
902000,1,99,99,0,99,11,0.0,0,902
902000,1,99,99,0,99,13,0.0,0,902
902000,1,99,99,0,99,15,0.0,0,902
902000,1,99,99,0,99,17,0.0,0,902
902000,1,99,99,0,99,19,0.0,0,902
903000,1,99,99,0,99,0,0,0,903
903000,1,99,99,0,99,8,0,0,903
903000,1,99,99,0,99,1,0.0,0,903
903000,1,99,99,0,99,5,0.0,0,903
903000,1,99,99,0,99,7,1.0,0,903
903000,1,99,99,0,99,3,0.0,0,903
903000,1,99,99,0,99,9,0.0,0,903
903000,1,99,99,0,99,11,0.0,0,903
903000,1,99,99,0,99,13,0.0,0,903
903000,1,99,99,0,99,15,0.0,0,903
903000,1,99,99,0,99,17,0.0,0,903
903000,1,99,99,0,99,19,0.0,0,903
904000,1,99,99,0,99,0,0,0,904
904000,1,99,99,0,99,8,0,0,904
904000,1,99,99,0,99,1,0.0,0,904
904000,1,99,99,0,99,5,0.0,0,904
904000,1,99,99,0,99,7,1.0,0,904
904000,1,99,99,0,99,3,0.0,0,904
904000,1,99,99,0,99,9,0.0,0,904
904000,1,99,99,0,99,11,0.0,0,904
904000,1,99,99,0,99,13,0.0,0,904
904000,1,99,99,0,99,15,0.0,0,904
904000,1,99,99,0,99,17,0.0,0,904
904000,1,99,99,0,99,19,0.0,0,904
905000,1,99,99,0,99,0,0,0,905
905000,1,99,99,0,99,8,0,0,905
905000,1,99,99,0,99,1,0.0,0,905
905000,1,99,99,0,99,5,0.0,0,905
905000,1,99,99,0,99,7,1.0,0,905
905000,1,99,99,0,99,3,0.0,0,905
905000,1,99,99,0,99,9,0.0,0,905
905000,1,99,99,0,99,11,0.0,0,905
905000,1,99,99,0,99,13,0.0,0,905
905000,1,99,99,0,99,15,0.0,0,905
905000,1,99,99,0,99,17,0.0,0,905
905000,1,99,99,0,99,19,0.0,0,905
906000,1,99,99,0,99,0,0,0,906
906000,1,99,99,0,99,8,0,0,906
906000,1,99,99,0,99,1,0.0,0,906
906000,1,99,99,0,99,5,0.0,0,906
906000,1,99,99,0,99,7,1.0,0,906
906000,1,99,99,0,99,3,0.0,0,906
906000,1,99,99,0,99,9,0.0,0,906
906000,1,99,99,0,99,11,0.0,0,906
906000,1,99,99,0,99,13,0.0,0,906
906000,1,99,99,0,99,15,0.0,0,906
906000,1,99,99,0,99,17,0.0,0,906
906000,1,99,99,0,99,19,0.0,0,906
907000,1,99,99,0,99,0,1,0,907
907000,1,99,99,0,99,8,0,0,907
907000,1,99,99,0,99,1,0.0,0,907
907000,1,99,99,0,99,5,0.0,0,907
907000,1,99,99,0,99,7,0.0,0,907
907000,1,99,99,0,99,3,0.0,0,907
907000,1,99,99,0,99,9,0.0,0,907
907000,1,99,99,0,99,11,0.0,0,907
907000,1,99,99,0,99,13,0.0,0,907
907000,1,99,99,0,99,15,0.0,0,907
907000,1,99,99,0,99,17,0.0,0,907
907000,1,99,99,0,99,19,0.0,0,907
908000,1,99,99,0,99,0,0,0,908
908000,1,99,99,0,99,8,0,0,908
908000,1,99,99,0,99,1,0.0,0,908
908000,1,99,99,0,99,5,0.0,0,908
908000,1,99,99,0,99,7,1.0,0,908
908000,1,99,99,0,99,3,0.0,0,908
908000,1,99,99,0,99,9,0.0,0,908
908000,1,99,99,0,99,11,0.0,0,908
908000,1,99,99,0,99,13,0.0,0,908
908000,1,99,99,0,99,15,0.0,0,908
908000,1,99,99,0,99,17,0.0,0,908
908000,1,99,99,0,99,19,0.0,0,908
909000,1,99,99,0,99,0,1,0,909
909000,1,99,99,0,99,8,0,0,909
909000,1,99,99,0,99,1,0.0,0,909
909000,1,99,99,0,99,5,0.0,0,909
909000,1,99,99,0,99,7,0.0,0,909
909000,1,99,99,0,99,3,0.0,0,909
909000,1,99,99,0,99,9,0.0,0,909
909000,1,99,99,0,99,11,0.0,0,909
909000,1,99,99,0,99,13,0.0,0,909
909000,1,99,99,0,99,15,0.0,0,909
909000,1,99,99,0,99,17,0.0,0,909
909000,1,99,99,0,99,19,0.0,0,909
910000,1,99,99,0,99,0,1,0,910
910000,1,99,99,0,99,8,0,0,910
910000,1,99,99,0,99,1,0.0,0,910
910000,1,99,99,0,99,5,0.0,0,910
910000,1,99,99,0,99,7,0.0,0,910
910000,1,99,99,0,99,3,0.0,0,910
910000,1,99,99,0,99,9,0.0,0,910
910000,1,99,99,0,99,11,0.0,0,910
910000,1,99,99,0,99,13,0.0,0,910
910000,1,99,99,0,99,15,0.0,0,910
910000,1,99,99,0,99,17,0.0,0,910
910000,1,99,99,0,99,19,0.0,0,910
911000,1,99,99,0,99,0,0,0,911
911000,1,99,99,0,99,8,0,0,911
911000,1,99,99,0,99,1,0.0,0,911
911000,1,99,99,0,99,5,0.0,0,911
911000,1,99,99,0,99,7,1.0,0,911
911000,1,99,99,0,99,3,0.0,0,911
911000,1,99,99,0,99,9,0.0,0,911
911000,1,99,99,0,99,11,0.0,0,911
911000,1,99,99,0,99,13,0.0,0,911
911000,1,99,99,0,99,15,0.0,0,911
911000,1,99,99,0,99,17,0.0,0,911
911000,1,99,99,0,99,19,0.0,0,911
912000,1,99,99,0,99,0,0,0,912
912000,1,99,99,0,99,8,0,0,912
912000,1,99,99,0,99,1,0.0,0,912
912000,1,99,99,0,99,5,0.0,0,912
912000,1,99,99,0,99,7,1.0,0,912
912000,1,99,99,0,99,3,0.0,0,912
912000,1,99,99,0,99,9,0.0,0,912
912000,1,99,99,0,99,11,0.0,0,912
912000,1,99,99,0,99,13,0.0,0,912
912000,1,99,99,0,99,15,0.0,0,912
912000,1,99,99,0,99,17,0.0,0,912
912000,1,99,99,0,99,19,0.0,0,912
913000,1,99,99,0,99,0,0,0,913
913000,1,99,99,0,99,8,0,0,913
913000,1,99,99,0,99,1,0.0,0,913
913000,1,99,99,0,99,5,0.0,0,913
913000,1,99,99,0,99,7,1.0,0,913
913000,1,99,99,0,99,3,0.0,0,913
913000,1,99,99,0,99,9,0.0,0,913
913000,1,99,99,0,99,11,0.0,0,913
913000,1,99,99,0,99,13,0.0,0,913
913000,1,99,99,0,99,15,0.0,0,913
913000,1,99,99,0,99,17,0.0,0,913
913000,1,99,99,0,99,19,0.0,0,913
914000,1,99,99,0,99,0,0,0,914
914000,1,99,99,0,99,8,0,0,914
914000,1,99,99,0,99,1,0.0,0,914
914000,1,99,99,0,99,5,0.0,0,914
914000,1,99,99,0,99,7,1.0,0,914
914000,1,99,99,0,99,3,0.0,0,914
914000,1,99,99,0,99,9,0.0,0,914
914000,1,99,99,0,99,11,0.0,0,914
914000,1,99,99,0,99,13,0.0,0,914
914000,1,99,99,0,99,15,0.0,0,914
914000,1,99,99,0,99,17,0.0,0,914
914000,1,99,99,0,99,19,0.0,0,914
915000,1,99,99,0,99,0,0,0,915
915000,1,99,99,0,99,8,0,0,915
915000,1,99,99,0,99,1,0.0,0,915
915000,1,99,99,0,99,5,0.0,0,915
915000,1,99,99,0,99,7,1.0,0,915
915000,1,99,99,0,99,3,0.0,0,915
915000,1,99,99,0,99,9,0.0,0,915
915000,1,99,99,0,99,11,0.0,0,915
915000,1,99,99,0,99,13,0.0,0,915
915000,1,99,99,0,99,15,0.0,0,915
915000,1,99,99,0,99,17,0.0,0,915
915000,1,99,99,0,99,19,0.0,0,915
916000,1,99,99,0,99,0,0,0,916
916000,1,99,99,0,99,8,0,0,916
916000,1,99,99,0,99,1,0.0,0,916
916000,1,99,99,0,99,5,0.0,0,916
916000,1,99,99,0,99,7,1.0,0,916
916000,1,99,99,0,99,3,0.0,0,916
916000,1,99,99,0,99,9,0.0,0,916
916000,1,99,99,0,99,11,0.0,0,916
916000,1,99,99,0,99,13,0.0,0,916
916000,1,99,99,0,99,15,0.0,0,916
916000,1,99,99,0,99,17,0.0,0,916
916000,1,99,99,0,99,19,0.0,0,916
917000,1,99,99,0,99,0,0,0,917
917000,1,99,99,0,99,8,0,0,917
917000,1,99,99,0,99,1,0.0,0,917
917000,1,99,99,0,99,5,0.0,0,917
917000,1,99,99,0,99,7,1.0,0,917
917000,1,99,99,0,99,3,0.0,0,917
917000,1,99,99,0,99,9,0.0,0,917
917000,1,99,99,0,99,11,0.0,0,917
917000,1,99,99,0,99,13,0.0,0,917
917000,1,99,99,0,99,15,0.0,0,917
917000,1,99,99,0,99,17,0.0,0,917
917000,1,99,99,0,99,19,0.0,0,917
918000,1,99,99,0,99,0,0,0,918
918000,1,99,99,0,99,8,0,0,918
918000,1,99,99,0,99,1,0.0,0,918
918000,1,99,99,0,99,5,0.0,0,918
918000,1,99,99,0,99,7,1.0,0,918
918000,1,99,99,0,99,3,0.0,0,918
918000,1,99,99,0,99,9,0.0,0,918
918000,1,99,99,0,99,11,0.0,0,918
918000,1,99,99,0,99,13,0.0,0,918
918000,1,99,99,0,99,15,0.0,0,918
918000,1,99,99,0,99,17,0.0,0,918
918000,1,99,99,0,99,19,0.0,0,918
919000,1,99,99,0,99,0,0,0,919
919000,1,99,99,0,99,8,0,0,919
919000,1,99,99,0,99,1,0.0,0,919
919000,1,99,99,0,99,5,0.0,0,919
919000,1,99,99,0,99,7,1.0,0,919
919000,1,99,99,0,99,3,0.0,0,919
919000,1,99,99,0,99,9,0.0,0,919
919000,1,99,99,0,99,11,0.0,0,919
919000,1,99,99,0,99,13,0.0,0,919
919000,1,99,99,0,99,15,0.0,0,919
919000,1,99,99,0,99,17,0.0,0,919
919000,1,99,99,0,99,19,0.0,0,919
920000,1,99,99,0,99,0,0,0,920
920000,1,99,99,0,99,8,0,0,920
920000,1,99,99,0,99,1,0.0,0,920
920000,1,99,99,0,99,5,0.0,0,920
920000,1,99,99,0,99,7,1.0,0,920
920000,1,99,99,0,99,3,0.0,0,920
920000,1,99,99,0,99,9,0.0,0,920
920000,1,99,99,0,99,11,0.0,0,920
920000,1,99,99,0,99,13,0.0,0,920
920000,1,99,99,0,99,15,0.0,0,920
920000,1,99,99,0,99,17,0.0,0,920
920000,1,99,99,0,99,19,0.0,0,920
921000,1,99,99,0,99,0,0,0,921
921000,1,99,99,0,99,8,0,0,921
921000,1,99,99,0,99,1,0.0,0,921
921000,1,99,99,0,99,5,0.0,0,921
921000,1,99,99,0,99,7,1.0,0,921
921000,1,99,99,0,99,3,0.0,0,921
921000,1,99,99,0,99,9,0.0,0,921
921000,1,99,99,0,99,11,0.0,0,921
921000,1,99,99,0,99,13,0.0,0,921
921000,1,99,99,0,99,15,0.0,0,921
921000,1,99,99,0,99,17,0.0,0,921
921000,1,99,99,0,99,19,0.0,0,921
922000,1,99,99,0,99,0,0,0,922
922000,1,99,99,0,99,8,0,0,922
922000,1,99,99,0,99,1,0.0,0,922
922000,1,99,99,0,99,5,0.0,0,922
922000,1,99,99,0,99,7,1.0,0,922
922000,1,99,99,0,99,3,0.0,0,922
922000,1,99,99,0,99,9,0.0,0,922
922000,1,99,99,0,99,11,0.0,0,922
922000,1,99,99,0,99,13,0.0,0,922
922000,1,99,99,0,99,15,0.0,0,922
922000,1,99,99,0,99,17,0.0,0,922
922000,1,99,99,0,99,19,0.0,0,922
923000,1,99,99,0,99,0,1,0,923
923000,1,99,99,0,99,8,0,0,923
923000,1,99,99,0,99,1,0.0,0,923
923000,1,99,99,0,99,5,0.0,0,923
923000,1,99,99,0,99,7,0.0,0,923
923000,1,99,99,0,99,3,0.0,0,923
923000,1,99,99,0,99,9,0.0,0,923
923000,1,99,99,0,99,11,0.0,0,923
923000,1,99,99,0,99,13,0.0,0,923
923000,1,99,99,0,99,15,0.0,0,923
923000,1,99,99,0,99,17,0.0,0,923
923000,1,99,99,0,99,19,0.0,0,923
924000,1,99,99,0,99,0,0,0,924
924000,1,99,99,0,99,8,0,0,924
924000,1,99,99,0,99,1,0.0,0,924
924000,1,99,99,0,99,5,0.0,0,924
924000,1,99,99,0,99,7,0.0,0,924
924000,1,99,99,0,99,3,0.0,0,924
924000,1,99,99,0,99,9,0.0,0,924
924000,1,99,99,0,99,11,0.0,0,924
924000,1,99,99,0,99,13,0.0,0,924
924000,1,99,99,0,99,15,0.0,0,924
924000,1,99,99,0,99,17,1.0,0,924
924000,1,99,99,0,99,19,0.0,0,924
925000,1,99,99,0,99,0,0,0,925
925000,1,99,99,0,99,8,0,0,925
925000,1,99,99,0,99,1,0.0,0,925
925000,1,99,99,0,99,5,0.0,0,925
925000,1,99,99,0,99,7,1.0,0,925
925000,1,99,99,0,99,3,0.0,0,925
925000,1,99,99,0,99,9,0.0,0,925
925000,1,99,99,0,99,11,0.0,0,925
925000,1,99,99,0,99,13,0.0,0,925
925000,1,99,99,0,99,15,0.0,0,925
925000,1,99,99,0,99,17,0.0,0,925
925000,1,99,99,0,99,19,0.0,0,925
926000,1,99,99,0,99,0,1,0,926
926000,1,99,99,0,99,8,0,0,926
926000,1,99,99,0,99,1,0.0,0,926
926000,1,99,99,0,99,5,0.0,0,926
926000,1,99,99,0,99,7,0.0,0,926
926000,1,99,99,0,99,3,0.0,0,926
926000,1,99,99,0,99,9,0.0,0,926
926000,1,99,99,0,99,11,0.0,0,926
926000,1,99,99,0,99,13,0.0,0,926
926000,1,99,99,0,99,15,0.0,0,926
926000,1,99,99,0,99,17,0.0,0,926
926000,1,99,99,0,99,19,0.0,0,926
927000,1,99,99,0,99,0,0,0,927
927000,1,99,99,0,99,8,0,0,927
927000,1,99,99,0,99,1,0.0,0,927
927000,1,99,99,0,99,5,0.0,0,927
927000,1,99,99,0,99,7,1.0,0,927
927000,1,99,99,0,99,3,0.0,0,927
927000,1,99,99,0,99,9,0.0,0,927
927000,1,99,99,0,99,11,0.0,0,927
927000,1,99,99,0,99,13,0.0,0,927
927000,1,99,99,0,99,15,0.0,0,927
927000,1,99,99,0,99,17,0.0,0,927
927000,1,99,99,0,99,19,0.0,0,927
928000,1,99,99,0,99,0,0,0,928
928000,1,99,99,0,99,8,0,0,928
928000,1,99,99,0,99,1,0.0,0,928
928000,1,99,99,0,99,5,0.0,0,928
928000,1,99,99,0,99,7,1.0,0,928
928000,1,99,99,0,99,3,0.0,0,928
928000,1,99,99,0,99,9,0.0,0,928
928000,1,99,99,0,99,11,0.0,0,928
928000,1,99,99,0,99,13,0.0,0,928
928000,1,99,99,0,99,15,0.0,0,928
928000,1,99,99,0,99,17,0.0,0,928
928000,1,99,99,0,99,19,0.0,0,928
929000,1,99,99,0,99,0,0,0,929
929000,1,99,99,0,99,8,0,0,929
929000,1,99,99,0,99,1,0.0,0,929
929000,1,99,99,0,99,5,0.0,0,929
929000,1,99,99,0,99,7,1.0,0,929
929000,1,99,99,0,99,3,0.0,0,929
929000,1,99,99,0,99,9,0.0,0,929
929000,1,99,99,0,99,11,0.0,0,929
929000,1,99,99,0,99,13,0.0,0,929
929000,1,99,99,0,99,15,0.0,0,929
929000,1,99,99,0,99,17,0.0,0,929
929000,1,99,99,0,99,19,0.0,0,929
930000,1,99,99,0,99,0,0,0,930
930000,1,99,99,0,99,8,0,0,930
930000,1,99,99,0,99,1,0.0,0,930
930000,1,99,99,0,99,5,0.0,0,930
930000,1,99,99,0,99,7,1.0,0,930
930000,1,99,99,0,99,3,0.0,0,930
930000,1,99,99,0,99,9,0.0,0,930
930000,1,99,99,0,99,11,0.0,0,930
930000,1,99,99,0,99,13,0.0,0,930
930000,1,99,99,0,99,15,0.0,0,930
930000,1,99,99,0,99,17,0.0,0,930
930000,1,99,99,0,99,19,0.0,0,930
931000,1,99,99,0,99,0,1,0,931
931000,1,99,99,0,99,8,0,0,931
931000,1,99,99,0,99,1,0.0,0,931
931000,1,99,99,0,99,5,0.0,0,931
931000,1,99,99,0,99,7,0.0,0,931
931000,1,99,99,0,99,3,0.0,0,931
931000,1,99,99,0,99,9,0.0,0,931
931000,1,99,99,0,99,11,0.0,0,931
931000,1,99,99,0,99,13,0.0,0,931
931000,1,99,99,0,99,15,0.0,0,931
931000,1,99,99,0,99,17,0.0,0,931
931000,1,99,99,0,99,19,0.0,0,931
932000,1,99,99,0,99,0,0,0,932
932000,1,99,99,0,99,8,0,0,932
932000,1,99,99,0,99,1,0.0,0,932
932000,1,99,99,0,99,5,0.0,0,932
932000,1,99,99,0,99,7,1.0,0,932
932000,1,99,99,0,99,3,0.0,0,932
932000,1,99,99,0,99,9,0.0,0,932
932000,1,99,99,0,99,11,0.0,0,932
932000,1,99,99,0,99,13,0.0,0,932
932000,1,99,99,0,99,15,0.0,0,932
932000,1,99,99,0,99,17,0.0,0,932
932000,1,99,99,0,99,19,0.0,0,932
933000,1,99,99,0,99,0,1,0,933
933000,1,99,99,0,99,8,0,0,933
933000,1,99,99,0,99,1,0.0,0,933
933000,1,99,99,0,99,5,0.0,0,933
933000,1,99,99,0,99,7,0.0,0,933
933000,1,99,99,0,99,3,0.0,0,933
933000,1,99,99,0,99,9,0.0,0,933
933000,1,99,99,0,99,11,0.0,0,933
933000,1,99,99,0,99,13,0.0,0,933
933000,1,99,99,0,99,15,0.0,0,933
933000,1,99,99,0,99,17,0.0,0,933
933000,1,99,99,0,99,19,0.0,0,933
934000,1,99,99,0,99,0,0,0,934
934000,1,99,99,0,99,8,0,0,934
934000,1,99,99,0,99,1,0.0,0,934
934000,1,99,99,0,99,5,0.0,0,934
934000,1,99,99,0,99,7,1.0,0,934
934000,1,99,99,0,99,3,0.0,0,934
934000,1,99,99,0,99,9,0.0,0,934
934000,1,99,99,0,99,11,0.0,0,934
934000,1,99,99,0,99,13,0.0,0,934
934000,1,99,99,0,99,15,0.0,0,934
934000,1,99,99,0,99,17,0.0,0,934
934000,1,99,99,0,99,19,0.0,0,934
935000,1,99,99,0,99,0,1,0,935
935000,1,99,99,0,99,8,0,0,935
935000,1,99,99,0,99,1,0.0,0,935
935000,1,99,99,0,99,5,0.0,0,935
935000,1,99,99,0,99,7,0.0,0,935
935000,1,99,99,0,99,3,0.0,0,935
935000,1,99,99,0,99,9,0.0,0,935
935000,1,99,99,0,99,11,0.0,0,935
935000,1,99,99,0,99,13,0.0,0,935
935000,1,99,99,0,99,15,0.0,0,935
935000,1,99,99,0,99,17,0.0,0,935
935000,1,99,99,0,99,19,0.0,0,935
936000,1,99,99,0,99,0,0,0,936
936000,1,99,99,0,99,8,0,0,936
936000,1,99,99,0,99,1,0.0,0,936
936000,1,99,99,0,99,5,0.0,0,936
936000,1,99,99,0,99,7,1.0,0,936
936000,1,99,99,0,99,3,0.0,0,936
936000,1,99,99,0,99,9,0.0,0,936
936000,1,99,99,0,99,11,0.0,0,936
936000,1,99,99,0,99,13,0.0,0,936
936000,1,99,99,0,99,15,0.0,0,936
936000,1,99,99,0,99,17,0.0,0,936
936000,1,99,99,0,99,19,0.0,0,936
937000,1,99,99,0,99,0,0,0,937
937000,1,99,99,0,99,8,0,0,937
937000,1,99,99,0,99,1,0.0,0,937
937000,1,99,99,0,99,5,0.0,0,937
937000,1,99,99,0,99,7,0.0,0,937
937000,1,99,99,0,99,3,0.0,0,937
937000,1,99,99,0,99,9,0.0,0,937
937000,1,99,99,0,99,11,0.0,0,937
937000,1,99,99,0,99,13,0.0,0,937
937000,1,99,99,0,99,15,0.0,0,937
937000,1,99,99,0,99,17,1.0,0,937
937000,1,99,99,0,99,19,0.0,0,937
938000,1,99,99,0,99,0,1,0,938
938000,1,99,99,0,99,8,0,0,938
938000,1,99,99,0,99,1,0.0,0,938
938000,1,99,99,0,99,5,0.0,0,938
938000,1,99,99,0,99,7,0.0,0,938
938000,1,99,99,0,99,3,0.0,0,938
938000,1,99,99,0,99,9,0.0,0,938
938000,1,99,99,0,99,11,0.0,0,938
938000,1,99,99,0,99,13,0.0,0,938
938000,1,99,99,0,99,15,0.0,0,938
938000,1,99,99,0,99,17,0.0,0,938
938000,1,99,99,0,99,19,0.0,0,938
939000,1,99,99,0,99,0,1,0,939
939000,1,99,99,0,99,8,0,0,939
939000,1,99,99,0,99,1,0.0,0,939
939000,1,99,99,0,99,5,0.0,0,939
939000,1,99,99,0,99,7,0.0,0,939
939000,1,99,99,0,99,3,0.0,0,939
939000,1,99,99,0,99,9,0.0,0,939
939000,1,99,99,0,99,11,0.0,0,939
939000,1,99,99,0,99,13,0.0,0,939
939000,1,99,99,0,99,15,0.0,0,939
939000,1,99,99,0,99,17,0.0,0,939
939000,1,99,99,0,99,19,0.0,0,939
940000,1,99,99,0,99,0,1,0,940
940000,1,99,99,0,99,8,0,0,940
940000,1,99,99,0,99,1,0.0,0,940
940000,1,99,99,0,99,5,0.0,0,940
940000,1,99,99,0,99,7,0.0,0,940
940000,1,99,99,0,99,3,0.0,0,940
940000,1,99,99,0,99,9,0.0,0,940
940000,1,99,99,0,99,11,0.0,0,940
940000,1,99,99,0,99,13,0.0,0,940
940000,1,99,99,0,99,15,0.0,0,940
940000,1,99,99,0,99,17,0.0,0,940
940000,1,99,99,0,99,19,0.0,0,940
941000,1,99,99,0,99,0,0,0,941
941000,1,99,99,0,99,8,0,0,941
941000,1,99,99,0,99,1,0.0,0,941
941000,1,99,99,0,99,5,0.0,0,941
941000,1,99,99,0,99,7,1.0,0,941
941000,1,99,99,0,99,3,0.0,0,941
941000,1,99,99,0,99,9,0.0,0,941
941000,1,99,99,0,99,11,0.0,0,941
941000,1,99,99,0,99,13,0.0,0,941
941000,1,99,99,0,99,15,0.0,0,941
941000,1,99,99,0,99,17,0.0,0,941
941000,1,99,99,0,99,19,0.0,0,941
942000,1,99,99,0,99,0,1,0,942
942000,1,99,99,0,99,8,0,0,942
942000,1,99,99,0,99,1,0.0,0,942
942000,1,99,99,0,99,5,0.0,0,942
942000,1,99,99,0,99,7,0.0,0,942
942000,1,99,99,0,99,3,0.0,0,942
942000,1,99,99,0,99,9,0.0,0,942
942000,1,99,99,0,99,11,0.0,0,942
942000,1,99,99,0,99,13,0.0,0,942
942000,1,99,99,0,99,15,0.0,0,942
942000,1,99,99,0,99,17,0.0,0,942
942000,1,99,99,0,99,19,0.0,0,942
943000,1,99,99,0,99,0,0,0,943
943000,1,99,99,0,99,8,0,0,943
943000,1,99,99,0,99,1,0.0,0,943
943000,1,99,99,0,99,5,0.0,0,943
943000,1,99,99,0,99,7,0.0,0,943
943000,1,99,99,0,99,3,0.0,0,943
943000,1,99,99,0,99,9,0.0,0,943
943000,1,99,99,0,99,11,0.0,0,943
943000,1,99,99,0,99,13,0.0,0,943
943000,1,99,99,0,99,15,0.0,0,943
943000,1,99,99,0,99,17,1.0,0,943
943000,1,99,99,0,99,19,0.0,0,943
944000,1,99,99,0,99,0,0,0,944
944000,1,99,99,0,99,8,0,0,944
944000,1,99,99,0,99,1,0.0,0,944
944000,1,99,99,0,99,5,0.0,0,944
944000,1,99,99,0,99,7,1.0,0,944
944000,1,99,99,0,99,3,0.0,0,944
944000,1,99,99,0,99,9,0.0,0,944
944000,1,99,99,0,99,11,0.0,0,944
944000,1,99,99,0,99,13,0.0,0,944
944000,1,99,99,0,99,15,0.0,0,944
944000,1,99,99,0,99,17,0.0,0,944
944000,1,99,99,0,99,19,0.0,0,944
945000,1,99,99,0,99,0,0,0,945
945000,1,99,99,0,99,8,0,0,945
945000,1,99,99,0,99,1,0.0,0,945
945000,1,99,99,0,99,5,0.0,0,945
945000,1,99,99,0,99,7,1.0,0,945
945000,1,99,99,0,99,3,0.0,0,945
945000,1,99,99,0,99,9,0.0,0,945
945000,1,99,99,0,99,11,0.0,0,945
945000,1,99,99,0,99,13,0.0,0,945
945000,1,99,99,0,99,15,0.0,0,945
945000,1,99,99,0,99,17,0.0,0,945
945000,1,99,99,0,99,19,0.0,0,945
946000,1,99,99,0,99,0,0,0,946
946000,1,99,99,0,99,8,0,0,946
946000,1,99,99,0,99,1,0.0,0,946
946000,1,99,99,0,99,5,0.0,0,946
946000,1,99,99,0,99,7,1.0,0,946
946000,1,99,99,0,99,3,0.0,0,946
946000,1,99,99,0,99,9,0.0,0,946
946000,1,99,99,0,99,11,0.0,0,946
946000,1,99,99,0,99,13,0.0,0,946
946000,1,99,99,0,99,15,0.0,0,946
946000,1,99,99,0,99,17,0.0,0,946
946000,1,99,99,0,99,19,0.0,0,946
947000,1,99,99,0,99,0,1,0,947
947000,1,99,99,0,99,8,0,0,947
947000,1,99,99,0,99,1,0.0,0,947
947000,1,99,99,0,99,5,0.0,0,947
947000,1,99,99,0,99,7,0.0,0,947
947000,1,99,99,0,99,3,0.0,0,947
947000,1,99,99,0,99,9,0.0,0,947
947000,1,99,99,0,99,11,0.0,0,947
947000,1,99,99,0,99,13,0.0,0,947
947000,1,99,99,0,99,15,0.0,0,947
947000,1,99,99,0,99,17,0.0,0,947
947000,1,99,99,0,99,19,0.0,0,947
948000,1,99,99,0,99,0,0,0,948
948000,1,99,99,0,99,8,0,0,948
948000,1,99,99,0,99,1,0.0,0,948
948000,1,99,99,0,99,5,0.0,0,948
948000,1,99,99,0,99,7,1.0,0,948
948000,1,99,99,0,99,3,0.0,0,948
948000,1,99,99,0,99,9,0.0,0,948
948000,1,99,99,0,99,11,0.0,0,948
948000,1,99,99,0,99,13,0.0,0,948
948000,1,99,99,0,99,15,0.0,0,948
948000,1,99,99,0,99,17,0.0,0,948
948000,1,99,99,0,99,19,0.0,0,948
949000,1,99,99,0,99,0,0,0,949
949000,1,99,99,0,99,8,0,0,949
949000,1,99,99,0,99,1,0.0,0,949
949000,1,99,99,0,99,5,0.0,0,949
949000,1,99,99,0,99,7,0.9999999999843658,0,949
949000,1,99,99,0,99,3,0.0,0,949
949000,1,99,99,0,99,9,0.0,0,949
949000,1,99,99,0,99,11,0.0,0,949
949000,1,99,99,0,99,13,0.0,0,949
949000,1,99,99,0,99,15,0.0,0,949
949000,1,99,99,0,99,17,0.0,0,949
949000,1,99,99,0,99,19,0.0,0,949
950000,1,99,99,0,99,0,0,0,950
950000,1,99,99,0,99,8,0,0,950
950000,1,99,99,0,99,1,0.0,0,950
950000,1,99,99,0,99,5,0.0,0,950
950000,1,99,99,0,99,7,1.0,0,950
950000,1,99,99,0,99,3,0.0,0,950
950000,1,99,99,0,99,9,0.0,0,950
950000,1,99,99,0,99,11,0.0,0,950
950000,1,99,99,0,99,13,0.0,0,950
950000,1,99,99,0,99,15,0.0,0,950
950000,1,99,99,0,99,17,0.0,0,950
950000,1,99,99,0,99,19,0.0,0,950
951000,1,99,99,0,99,0,1,0,951
951000,1,99,99,0,99,8,0,0,951
951000,1,99,99,0,99,1,0.0,0,951
951000,1,99,99,0,99,5,0.0,0,951
951000,1,99,99,0,99,7,0.0,0,951
951000,1,99,99,0,99,3,0.0,0,951
951000,1,99,99,0,99,9,0.0,0,951
951000,1,99,99,0,99,11,0.0,0,951
951000,1,99,99,0,99,13,0.0,0,951
951000,1,99,99,0,99,15,0.0,0,951
951000,1,99,99,0,99,17,0.0,0,951
951000,1,99,99,0,99,19,0.0,0,951
952000,1,99,99,0,99,0,1,0,952
952000,1,99,99,0,99,8,0,0,952
952000,1,99,99,0,99,1,0.0,0,952
952000,1,99,99,0,99,5,0.0,0,952
952000,1,99,99,0,99,7,0.0,0,952
952000,1,99,99,0,99,3,0.0,0,952
952000,1,99,99,0,99,9,0.0,0,952
952000,1,99,99,0,99,11,0.0,0,952
952000,1,99,99,0,99,13,0.0,0,952
952000,1,99,99,0,99,15,0.0,0,952
952000,1,99,99,0,99,17,0.0,0,952
952000,1,99,99,0,99,19,0.0,0,952
953000,1,99,99,0,99,0,1,0,953
953000,1,99,99,0,99,8,0,0,953
953000,1,99,99,0,99,1,0.0,0,953
953000,1,99,99,0,99,5,0.0,0,953
953000,1,99,99,0,99,7,0.0,0,953
953000,1,99,99,0,99,3,0.0,0,953
953000,1,99,99,0,99,9,0.0,0,953
953000,1,99,99,0,99,11,0.0,0,953
953000,1,99,99,0,99,13,0.0,0,953
953000,1,99,99,0,99,15,0.0,0,953
953000,1,99,99,0,99,17,0.0,0,953
953000,1,99,99,0,99,19,0.0,0,953
954000,1,99,99,0,99,0,0,0,954
954000,1,99,99,0,99,8,0,0,954
954000,1,99,99,0,99,1,0.0,0,954
954000,1,99,99,0,99,5,0.0,0,954
954000,1,99,99,0,99,7,1.0,0,954
954000,1,99,99,0,99,3,0.0,0,954
954000,1,99,99,0,99,9,0.0,0,954
954000,1,99,99,0,99,11,0.0,0,954
954000,1,99,99,0,99,13,0.0,0,954
954000,1,99,99,0,99,15,0.0,0,954
954000,1,99,99,0,99,17,0.0,0,954
954000,1,99,99,0,99,19,0.0,0,954
955000,1,99,99,0,99,0,0,0,955
955000,1,99,99,0,99,8,0,0,955
955000,1,99,99,0,99,1,0.0,0,955
955000,1,99,99,0,99,5,0.0,0,955
955000,1,99,99,0,99,7,1.0,0,955
955000,1,99,99,0,99,3,0.0,0,955
955000,1,99,99,0,99,9,0.0,0,955
955000,1,99,99,0,99,11,0.0,0,955
955000,1,99,99,0,99,13,0.0,0,955
955000,1,99,99,0,99,15,0.0,0,955
955000,1,99,99,0,99,17,0.0,0,955
955000,1,99,99,0,99,19,0.0,0,955
956000,1,99,99,0,99,0,0,0,956
956000,1,99,99,0,99,8,0,0,956
956000,1,99,99,0,99,1,0.0,0,956
956000,1,99,99,0,99,5,0.0,0,956
956000,1,99,99,0,99,7,1.0,0,956
956000,1,99,99,0,99,3,0.0,0,956
956000,1,99,99,0,99,9,0.0,0,956
956000,1,99,99,0,99,11,0.0,0,956
956000,1,99,99,0,99,13,0.0,0,956
956000,1,99,99,0,99,15,0.0,0,956
956000,1,99,99,0,99,17,0.0,0,956
956000,1,99,99,0,99,19,0.0,0,956
957000,1,99,99,0,99,0,0,0,957
957000,1,99,99,0,99,8,0,0,957
957000,1,99,99,0,99,1,0.0,0,957
957000,1,99,99,0,99,5,0.0,0,957
957000,1,99,99,0,99,7,0.0,0,957
957000,1,99,99,0,99,3,0.0,0,957
957000,1,99,99,0,99,9,0.0,0,957
957000,1,99,99,0,99,11,0.0,0,957
957000,1,99,99,0,99,13,0.0,0,957
957000,1,99,99,0,99,15,0.0,0,957
957000,1,99,99,0,99,17,1.0,0,957
957000,1,99,99,0,99,19,0.0,0,957
958000,1,99,99,0,99,0,1,0,958
958000,1,99,99,0,99,8,0,0,958
958000,1,99,99,0,99,1,0.0,0,958
958000,1,99,99,0,99,5,0.0,0,958
958000,1,99,99,0,99,7,0.0,0,958
958000,1,99,99,0,99,3,0.0,0,958
958000,1,99,99,0,99,9,0.0,0,958
958000,1,99,99,0,99,11,0.0,0,958
958000,1,99,99,0,99,13,0.0,0,958
958000,1,99,99,0,99,15,0.0,0,958
958000,1,99,99,0,99,17,0.0,0,958
958000,1,99,99,0,99,19,0.0,0,958
959000,1,99,99,0,99,0,0,0,959
959000,1,99,99,0,99,8,0,0,959
959000,1,99,99,0,99,1,0.0,0,959
959000,1,99,99,0,99,5,0.0,0,959
959000,1,99,99,0,99,7,1.0,0,959
959000,1,99,99,0,99,3,0.0,0,959
959000,1,99,99,0,99,9,0.0,0,959
959000,1,99,99,0,99,11,0.0,0,959
959000,1,99,99,0,99,13,0.0,0,959
959000,1,99,99,0,99,15,0.0,0,959
959000,1,99,99,0,99,17,0.0,0,959
959000,1,99,99,0,99,19,0.0,0,959
960000,1,99,99,0,99,0,1,0,960
960000,1,99,99,0,99,8,0,0,960
960000,1,99,99,0,99,1,0.0,0,960
960000,1,99,99,0,99,5,0.0,0,960
960000,1,99,99,0,99,7,0.0,0,960
960000,1,99,99,0,99,3,0.0,0,960
960000,1,99,99,0,99,9,0.0,0,960
960000,1,99,99,0,99,11,0.0,0,960
960000,1,99,99,0,99,13,0.0,0,960
960000,1,99,99,0,99,15,0.0,0,960
960000,1,99,99,0,99,17,0.0,0,960
960000,1,99,99,0,99,19,0.0,0,960
961000,1,99,99,0,99,0,0,0,961
961000,1,99,99,0,99,8,0,0,961
961000,1,99,99,0,99,1,0.0,0,961
961000,1,99,99,0,99,5,0.0,0,961
961000,1,99,99,0,99,7,1.0,0,961
961000,1,99,99,0,99,3,0.0,0,961
961000,1,99,99,0,99,9,0.0,0,961
961000,1,99,99,0,99,11,0.0,0,961
961000,1,99,99,0,99,13,0.0,0,961
961000,1,99,99,0,99,15,0.0,0,961
961000,1,99,99,0,99,17,0.0,0,961
961000,1,99,99,0,99,19,0.0,0,961
962000,1,99,99,0,99,0,0,0,962
962000,1,99,99,0,99,8,0,0,962
962000,1,99,99,0,99,1,0.0,0,962
962000,1,99,99,0,99,5,0.0,0,962
962000,1,99,99,0,99,7,1.0,0,962
962000,1,99,99,0,99,3,0.0,0,962
962000,1,99,99,0,99,9,0.0,0,962
962000,1,99,99,0,99,11,0.0,0,962
962000,1,99,99,0,99,13,0.0,0,962
962000,1,99,99,0,99,15,0.0,0,962
962000,1,99,99,0,99,17,0.0,0,962
962000,1,99,99,0,99,19,0.0,0,962
963000,1,99,99,0,99,0,0,0,963
963000,1,99,99,0,99,8,0,0,963
963000,1,99,99,0,99,1,0.0,0,963
963000,1,99,99,0,99,5,0.0,0,963
963000,1,99,99,0,99,7,1.0,0,963
963000,1,99,99,0,99,3,0.0,0,963
963000,1,99,99,0,99,9,0.0,0,963
963000,1,99,99,0,99,11,0.0,0,963
963000,1,99,99,0,99,13,0.0,0,963
963000,1,99,99,0,99,15,0.0,0,963
963000,1,99,99,0,99,17,0.0,0,963
963000,1,99,99,0,99,19,0.0,0,963
964000,1,99,99,0,99,0,0,0,964
964000,1,99,99,0,99,8,0,0,964
964000,1,99,99,0,99,1,0.0,0,964
964000,1,99,99,0,99,5,0.0,0,964
964000,1,99,99,0,99,7,1.0,0,964
964000,1,99,99,0,99,3,0.0,0,964
964000,1,99,99,0,99,9,0.0,0,964
964000,1,99,99,0,99,11,0.0,0,964
964000,1,99,99,0,99,13,0.0,0,964
964000,1,99,99,0,99,15,0.0,0,964
964000,1,99,99,0,99,17,0.0,0,964
964000,1,99,99,0,99,19,0.0,0,964
965000,1,99,99,0,99,0,0,0,965
965000,1,99,99,0,99,8,0,0,965
965000,1,99,99,0,99,1,0.0,0,965
965000,1,99,99,0,99,5,0.0,0,965
965000,1,99,99,0,99,7,1.0,0,965
965000,1,99,99,0,99,3,0.0,0,965
965000,1,99,99,0,99,9,0.0,0,965
965000,1,99,99,0,99,11,0.0,0,965
965000,1,99,99,0,99,13,0.0,0,965
965000,1,99,99,0,99,15,0.0,0,965
965000,1,99,99,0,99,17,0.0,0,965
965000,1,99,99,0,99,19,0.0,0,965
966000,1,99,99,0,99,0,0,0,966
966000,1,99,99,0,99,8,0,0,966
966000,1,99,99,0,99,1,0.0,0,966
966000,1,99,99,0,99,5,0.0,0,966
966000,1,99,99,0,99,7,1.0,0,966
966000,1,99,99,0,99,3,0.0,0,966
966000,1,99,99,0,99,9,0.0,0,966
966000,1,99,99,0,99,11,0.0,0,966
966000,1,99,99,0,99,13,0.0,0,966
966000,1,99,99,0,99,15,0.0,0,966
966000,1,99,99,0,99,17,0.0,0,966
966000,1,99,99,0,99,19,0.0,0,966
967000,1,99,99,0,99,0,0,0,967
967000,1,99,99,0,99,8,0,0,967
967000,1,99,99,0,99,1,0.0,0,967
967000,1,99,99,0,99,5,0.0,0,967
967000,1,99,99,0,99,7,1.0,0,967
967000,1,99,99,0,99,3,0.0,0,967
967000,1,99,99,0,99,9,0.0,0,967
967000,1,99,99,0,99,11,0.0,0,967
967000,1,99,99,0,99,13,0.0,0,967
967000,1,99,99,0,99,15,0.0,0,967
967000,1,99,99,0,99,17,0.0,0,967
967000,1,99,99,0,99,19,0.0,0,967
968000,1,99,99,0,99,0,0,0,968
968000,1,99,99,0,99,8,0,0,968
968000,1,99,99,0,99,1,0.0,0,968
968000,1,99,99,0,99,5,0.0,0,968
968000,1,99,99,0,99,7,1.0,0,968
968000,1,99,99,0,99,3,0.0,0,968
968000,1,99,99,0,99,9,0.0,0,968
968000,1,99,99,0,99,11,0.0,0,968
968000,1,99,99,0,99,13,0.0,0,968
968000,1,99,99,0,99,15,0.0,0,968
968000,1,99,99,0,99,17,0.0,0,968
968000,1,99,99,0,99,19,0.0,0,968
969000,1,99,99,0,99,0,1,0,969
969000,1,99,99,0,99,8,0,0,969
969000,1,99,99,0,99,1,0.0,0,969
969000,1,99,99,0,99,5,0.0,0,969
969000,1,99,99,0,99,7,0.0,0,969
969000,1,99,99,0,99,3,0.0,0,969
969000,1,99,99,0,99,9,0.0,0,969
969000,1,99,99,0,99,11,0.0,0,969
969000,1,99,99,0,99,13,0.0,0,969
969000,1,99,99,0,99,15,0.0,0,969
969000,1,99,99,0,99,17,0.0,0,969
969000,1,99,99,0,99,19,0.0,0,969
970000,1,99,99,0,99,0,0,0,970
970000,1,99,99,0,99,8,0,0,970
970000,1,99,99,0,99,1,0.0,0,970
970000,1,99,99,0,99,5,0.0,0,970
970000,1,99,99,0,99,7,1.0,0,970
970000,1,99,99,0,99,3,0.0,0,970
970000,1,99,99,0,99,9,0.0,0,970
970000,1,99,99,0,99,11,0.0,0,970
970000,1,99,99,0,99,13,0.0,0,970
970000,1,99,99,0,99,15,0.0,0,970
970000,1,99,99,0,99,17,0.0,0,970
970000,1,99,99,0,99,19,0.0,0,970
971000,1,99,99,0,99,0,1,0,971
971000,1,99,99,0,99,8,0,0,971
971000,1,99,99,0,99,1,0.0,0,971
971000,1,99,99,0,99,5,0.0,0,971
971000,1,99,99,0,99,7,0.0,0,971
971000,1,99,99,0,99,3,0.0,0,971
971000,1,99,99,0,99,9,0.0,0,971
971000,1,99,99,0,99,11,0.0,0,971
971000,1,99,99,0,99,13,0.0,0,971
971000,1,99,99,0,99,15,0.0,0,971
971000,1,99,99,0,99,17,0.0,0,971
971000,1,99,99,0,99,19,0.0,0,971
972000,1,99,99,0,99,0,0,0,972
972000,1,99,99,0,99,8,0,0,972
972000,1,99,99,0,99,1,0.0,0,972
972000,1,99,99,0,99,5,0.0,0,972
972000,1,99,99,0,99,7,0.0,0,972
972000,1,99,99,0,99,3,0.0,0,972
972000,1,99,99,0,99,9,0.0,0,972
972000,1,99,99,0,99,11,0.0,0,972
972000,1,99,99,0,99,13,0.0,0,972
972000,1,99,99,0,99,15,0.0,0,972
972000,1,99,99,0,99,17,1.0,0,972
972000,1,99,99,0,99,19,0.0,0,972
973000,1,99,99,0,99,0,0,0,973
973000,1,99,99,0,99,8,0,0,973
973000,1,99,99,0,99,1,0.0,0,973
973000,1,99,99,0,99,5,0.0,0,973
973000,1,99,99,0,99,7,1.0,0,973
973000,1,99,99,0,99,3,0.0,0,973
973000,1,99,99,0,99,9,0.0,0,973
973000,1,99,99,0,99,11,0.0,0,973
973000,1,99,99,0,99,13,0.0,0,973
973000,1,99,99,0,99,15,0.0,0,973
973000,1,99,99,0,99,17,0.0,0,973
973000,1,99,99,0,99,19,0.0,0,973
974000,1,99,99,0,99,0,0,0,974
974000,1,99,99,0,99,8,0,0,974
974000,1,99,99,0,99,1,0.0,0,974
974000,1,99,99,0,99,5,0.0,0,974
974000,1,99,99,0,99,7,0.0,0,974
974000,1,99,99,0,99,3,0.0,0,974
974000,1,99,99,0,99,9,0.0,0,974
974000,1,99,99,0,99,11,0.0,0,974
974000,1,99,99,0,99,13,0.0,0,974
974000,1,99,99,0,99,15,0.0,0,974
974000,1,99,99,0,99,17,1.0,0,974
974000,1,99,99,0,99,19,0.0,0,974
975000,1,99,99,0,99,0,0,0,975
975000,1,99,99,0,99,8,0,0,975
975000,1,99,99,0,99,1,0.0,0,975
975000,1,99,99,0,99,5,0.0,0,975
975000,1,99,99,0,99,7,1.0,0,975
975000,1,99,99,0,99,3,0.0,0,975
975000,1,99,99,0,99,9,0.0,0,975
975000,1,99,99,0,99,11,0.0,0,975
975000,1,99,99,0,99,13,0.0,0,975
975000,1,99,99,0,99,15,0.0,0,975
975000,1,99,99,0,99,17,0.0,0,975
975000,1,99,99,0,99,19,0.0,0,975
976000,1,99,99,0,99,0,0,0,976
976000,1,99,99,0,99,8,0,0,976
976000,1,99,99,0,99,1,0.0,0,976
976000,1,99,99,0,99,5,0.0,0,976
976000,1,99,99,0,99,7,1.0,0,976
976000,1,99,99,0,99,3,0.0,0,976
976000,1,99,99,0,99,9,0.0,0,976
976000,1,99,99,0,99,11,0.0,0,976
976000,1,99,99,0,99,13,0.0,0,976
976000,1,99,99,0,99,15,0.0,0,976
976000,1,99,99,0,99,17,0.0,0,976
976000,1,99,99,0,99,19,0.0,0,976
977000,1,99,99,0,99,0,0,0,977
977000,1,99,99,0,99,8,0,0,977
977000,1,99,99,0,99,1,0.0,0,977
977000,1,99,99,0,99,5,0.0,0,977
977000,1,99,99,0,99,7,1.0,0,977
977000,1,99,99,0,99,3,0.0,0,977
977000,1,99,99,0,99,9,0.0,0,977
977000,1,99,99,0,99,11,0.0,0,977
977000,1,99,99,0,99,13,0.0,0,977
977000,1,99,99,0,99,15,0.0,0,977
977000,1,99,99,0,99,17,0.0,0,977
977000,1,99,99,0,99,19,0.0,0,977
978000,1,99,99,0,99,0,0,0,978
978000,1,99,99,0,99,8,0,0,978
978000,1,99,99,0,99,1,0.0,0,978
978000,1,99,99,0,99,5,0.0,0,978
978000,1,99,99,0,99,7,1.0,0,978
978000,1,99,99,0,99,3,0.0,0,978
978000,1,99,99,0,99,9,0.0,0,978
978000,1,99,99,0,99,11,0.0,0,978
978000,1,99,99,0,99,13,0.0,0,978
978000,1,99,99,0,99,15,0.0,0,978
978000,1,99,99,0,99,17,0.0,0,978
978000,1,99,99,0,99,19,0.0,0,978
979000,1,99,99,0,99,0,1,0,979
979000,1,99,99,0,99,8,0,0,979
979000,1,99,99,0,99,1,0.0,0,979
979000,1,99,99,0,99,5,0.0,0,979
979000,1,99,99,0,99,7,0.0,0,979
979000,1,99,99,0,99,3,0.0,0,979
979000,1,99,99,0,99,9,0.0,0,979
979000,1,99,99,0,99,11,0.0,0,979
979000,1,99,99,0,99,13,0.0,0,979
979000,1,99,99,0,99,15,0.0,0,979
979000,1,99,99,0,99,17,0.0,0,979
979000,1,99,99,0,99,19,0.0,0,979
980000,1,99,99,0,99,0,0,0,980
980000,1,99,99,0,99,8,0,0,980
980000,1,99,99,0,99,1,0.0,0,980
980000,1,99,99,0,99,5,0.0,0,980
980000,1,99,99,0,99,7,0.0,0,980
980000,1,99,99,0,99,3,0.0,0,980
980000,1,99,99,0,99,9,0.0,0,980
980000,1,99,99,0,99,11,0.0,0,980
980000,1,99,99,0,99,13,0.0,0,980
980000,1,99,99,0,99,15,0.0,0,980
980000,1,99,99,0,99,17,0.9999973667296914,0,980
980000,1,99,99,0,99,19,0.0,0,980
981000,1,99,99,0,99,0,0,0,981
981000,1,99,99,0,99,8,0,0,981
981000,1,99,99,0,99,1,0.0,0,981
981000,1,99,99,0,99,5,0.0,0,981
981000,1,99,99,0,99,7,0.0,0,981
981000,1,99,99,0,99,3,0.0,0,981
981000,1,99,99,0,99,9,0.0,0,981
981000,1,99,99,0,99,11,0.0,0,981
981000,1,99,99,0,99,13,0.0,0,981
981000,1,99,99,0,99,15,0.0,0,981
981000,1,99,99,0,99,17,0.0,0,981
981000,1,99,99,0,99,19,1.0,0,981
982000,1,99,99,0,99,0,0,0,982
982000,1,99,99,0,99,8,0,0,982
982000,1,99,99,0,99,1,0.0,0,982
982000,1,99,99,0,99,5,0.0,0,982
982000,1,99,99,0,99,7,1.0,0,982
982000,1,99,99,0,99,3,0.0,0,982
982000,1,99,99,0,99,9,0.0,0,982
982000,1,99,99,0,99,11,0.0,0,982
982000,1,99,99,0,99,13,0.0,0,982
982000,1,99,99,0,99,15,0.0,0,982
982000,1,99,99,0,99,17,0.0,0,982
982000,1,99,99,0,99,19,0.0,0,982
983000,1,99,99,0,99,0,0,0,983
983000,1,99,99,0,99,8,0,0,983
983000,1,99,99,0,99,1,0.0,0,983
983000,1,99,99,0,99,5,0.0,0,983
983000,1,99,99,0,99,7,1.0,0,983
983000,1,99,99,0,99,3,0.0,0,983
983000,1,99,99,0,99,9,0.0,0,983
983000,1,99,99,0,99,11,0.0,0,983
983000,1,99,99,0,99,13,0.0,0,983
983000,1,99,99,0,99,15,0.0,0,983
983000,1,99,99,0,99,17,0.0,0,983
983000,1,99,99,0,99,19,0.0,0,983
984000,1,99,99,0,99,0,0,0,984
984000,1,99,99,0,99,8,0,0,984
984000,1,99,99,0,99,1,0.0,0,984
984000,1,99,99,0,99,5,0.0,0,984
984000,1,99,99,0,99,7,1.0,0,984
984000,1,99,99,0,99,3,0.0,0,984
984000,1,99,99,0,99,9,0.0,0,984
984000,1,99,99,0,99,11,0.0,0,984
984000,1,99,99,0,99,13,0.0,0,984
984000,1,99,99,0,99,15,0.0,0,984
984000,1,99,99,0,99,17,0.0,0,984
984000,1,99,99,0,99,19,0.0,0,984
985000,1,99,99,0,99,0,0,0,985
985000,1,99,99,0,99,8,0,0,985
985000,1,99,99,0,99,1,0.0,0,985
985000,1,99,99,0,99,5,0.0,0,985
985000,1,99,99,0,99,7,0.0,0,985
985000,1,99,99,0,99,3,0.0,0,985
985000,1,99,99,0,99,9,0.0,0,985
985000,1,99,99,0,99,11,0.0,0,985
985000,1,99,99,0,99,13,0.0,0,985
985000,1,99,99,0,99,15,0.0,0,985
985000,1,99,99,0,99,17,0.9999999997435312,0,985
985000,1,99,99,0,99,19,0.0,0,985
986000,1,99,99,0,99,0,1,0,986
986000,1,99,99,0,99,8,0,0,986
986000,1,99,99,0,99,1,0.0,0,986
986000,1,99,99,0,99,5,0.0,0,986
986000,1,99,99,0,99,7,0.0,0,986
986000,1,99,99,0,99,3,0.0,0,986
986000,1,99,99,0,99,9,0.0,0,986
986000,1,99,99,0,99,11,0.0,0,986
986000,1,99,99,0,99,13,0.0,0,986
986000,1,99,99,0,99,15,0.0,0,986
986000,1,99,99,0,99,17,0.0,0,986
986000,1,99,99,0,99,19,0.0,0,986
987000,1,99,99,0,99,0,0,0,987
987000,1,99,99,0,99,8,0,0,987
987000,1,99,99,0,99,1,0.0,0,987
987000,1,99,99,0,99,5,0.0,0,987
987000,1,99,99,0,99,7,1.0,0,987
987000,1,99,99,0,99,3,0.0,0,987
987000,1,99,99,0,99,9,0.0,0,987
987000,1,99,99,0,99,11,0.0,0,987
987000,1,99,99,0,99,13,0.0,0,987
987000,1,99,99,0,99,15,0.0,0,987
987000,1,99,99,0,99,17,0.0,0,987
987000,1,99,99,0,99,19,0.0,0,987
988000,1,99,99,0,99,0,0,0,988
988000,1,99,99,0,99,8,0,0,988
988000,1,99,99,0,99,1,0.0,0,988
988000,1,99,99,0,99,5,0.0,0,988
988000,1,99,99,0,99,7,0.0,0,988
988000,1,99,99,0,99,3,0.0,0,988
988000,1,99,99,0,99,9,0.0,0,988
988000,1,99,99,0,99,11,0.0,0,988
988000,1,99,99,0,99,13,0.0,0,988
988000,1,99,99,0,99,15,0.0,0,988
988000,1,99,99,0,99,17,0.9999999938339101,0,988
988000,1,99,99,0,99,19,0.0,0,988
989000,1,99,99,0,99,0,0,0,989
989000,1,99,99,0,99,8,0,0,989
989000,1,99,99,0,99,1,0.0,0,989
989000,1,99,99,0,99,5,0.0,0,989
989000,1,99,99,0,99,7,0.0,0,989
989000,1,99,99,0,99,3,0.0,0,989
989000,1,99,99,0,99,9,0.0,0,989
989000,1,99,99,0,99,11,0.0,0,989
989000,1,99,99,0,99,13,0.0,0,989
989000,1,99,99,0,99,15,0.0,0,989
989000,1,99,99,0,99,17,0.0,0,989
989000,1,99,99,0,99,19,1.0,0,989
990000,1,99,99,0,99,0,0,0,990
990000,1,99,99,0,99,8,0,0,990
990000,1,99,99,0,99,1,0.0,0,990
990000,1,99,99,0,99,5,0.0,0,990
990000,1,99,99,0,99,7,1.0,0,990
990000,1,99,99,0,99,3,0.0,0,990
990000,1,99,99,0,99,9,0.0,0,990
990000,1,99,99,0,99,11,0.0,0,990
990000,1,99,99,0,99,13,0.0,0,990
990000,1,99,99,0,99,15,0.0,0,990
990000,1,99,99,0,99,17,0.0,0,990
990000,1,99,99,0,99,19,0.0,0,990
991000,1,99,99,0,99,0,0,0,991
991000,1,99,99,0,99,8,0,0,991
991000,1,99,99,0,99,1,0.0,0,991
991000,1,99,99,0,99,5,0.0,0,991
991000,1,99,99,0,99,7,1.0,0,991
991000,1,99,99,0,99,3,0.0,0,991
991000,1,99,99,0,99,9,0.0,0,991
991000,1,99,99,0,99,11,0.0,0,991
991000,1,99,99,0,99,13,0.0,0,991
991000,1,99,99,0,99,15,0.0,0,991
991000,1,99,99,0,99,17,0.0,0,991
991000,1,99,99,0,99,19,0.0,0,991
992000,1,99,99,0,99,0,0,0,992
992000,1,99,99,0,99,8,0,0,992
992000,1,99,99,0,99,1,0.0,0,992
992000,1,99,99,0,99,5,0.0,0,992
992000,1,99,99,0,99,7,1.0,0,992
992000,1,99,99,0,99,3,0.0,0,992
992000,1,99,99,0,99,9,0.0,0,992
992000,1,99,99,0,99,11,0.0,0,992
992000,1,99,99,0,99,13,0.0,0,992
992000,1,99,99,0,99,15,0.0,0,992
992000,1,99,99,0,99,17,0.0,0,992
992000,1,99,99,0,99,19,0.0,0,992
993000,1,99,99,0,99,0,0,0,993
993000,1,99,99,0,99,8,0,0,993
993000,1,99,99,0,99,1,0.0,0,993
993000,1,99,99,0,99,5,0.0,0,993
993000,1,99,99,0,99,7,1.0,0,993
993000,1,99,99,0,99,3,0.0,0,993
993000,1,99,99,0,99,9,0.0,0,993
993000,1,99,99,0,99,11,0.0,0,993
993000,1,99,99,0,99,13,0.0,0,993
993000,1,99,99,0,99,15,0.0,0,993
993000,1,99,99,0,99,17,0.0,0,993
993000,1,99,99,0,99,19,0.0,0,993
994000,1,99,99,0,99,0,0,0,994
994000,1,99,99,0,99,8,0,0,994
994000,1,99,99,0,99,1,0.0,0,994
994000,1,99,99,0,99,5,0.0,0,994
994000,1,99,99,0,99,7,1.0,0,994
994000,1,99,99,0,99,3,0.0,0,994
994000,1,99,99,0,99,9,0.0,0,994
994000,1,99,99,0,99,11,0.0,0,994
994000,1,99,99,0,99,13,0.0,0,994
994000,1,99,99,0,99,15,0.0,0,994
994000,1,99,99,0,99,17,0.0,0,994
994000,1,99,99,0,99,19,0.0,0,994
995000,1,99,99,0,99,0,0,0,995
995000,1,99,99,0,99,8,0,0,995
995000,1,99,99,0,99,1,0.0,0,995
995000,1,99,99,0,99,5,0.0,0,995
995000,1,99,99,0,99,7,1.0,0,995
995000,1,99,99,0,99,3,0.0,0,995
995000,1,99,99,0,99,9,0.0,0,995
995000,1,99,99,0,99,11,0.0,0,995
995000,1,99,99,0,99,13,0.0,0,995
995000,1,99,99,0,99,15,0.0,0,995
995000,1,99,99,0,99,17,0.0,0,995
995000,1,99,99,0,99,19,0.0,0,995
996000,1,99,99,0,99,0,0,0,996
996000,1,99,99,0,99,8,0,0,996
996000,1,99,99,0,99,1,0.0,0,996
996000,1,99,99,0,99,5,0.0,0,996
996000,1,99,99,0,99,7,0.0,0,996
996000,1,99,99,0,99,3,0.0,0,996
996000,1,99,99,0,99,9,0.0,0,996
996000,1,99,99,0,99,11,0.0,0,996
996000,1,99,99,0,99,13,0.0,0,996
996000,1,99,99,0,99,15,0.0,0,996
996000,1,99,99,0,99,17,0.0,0,996
996000,1,99,99,0,99,19,1.0,0,996
997000,1,99,99,0,99,0,0,0,997
997000,1,99,99,0,99,8,0,0,997
997000,1,99,99,0,99,1,0.0,0,997
997000,1,99,99,0,99,5,0.0,0,997
997000,1,99,99,0,99,7,0.0,0,997
997000,1,99,99,0,99,3,0.0,0,997
997000,1,99,99,0,99,9,0.0,0,997
997000,1,99,99,0,99,11,0.0,0,997
997000,1,99,99,0,99,13,0.0,0,997
997000,1,99,99,0,99,15,0.0,0,997
997000,1,99,99,0,99,17,0.0,0,997
997000,1,99,99,0,99,19,1.0,0,997
998000,1,99,99,0,99,0,0,0,998
998000,1,99,99,0,99,8,0,0,998
998000,1,99,99,0,99,1,0.0,0,998
998000,1,99,99,0,99,5,0.0,0,998
998000,1,99,99,0,99,7,0.0,0,998
998000,1,99,99,0,99,3,0.0,0,998
998000,1,99,99,0,99,9,0.0,0,998
998000,1,99,99,0,99,11,0.0,0,998
998000,1,99,99,0,99,13,0.0,0,998
998000,1,99,99,0,99,15,0.0,0,998
998000,1,99,99,0,99,17,0.9992225172419256,0,998
998000,1,99,99,0,99,19,0.0,0,998
999000,1,99,99,0,99,0,0,0,999
999000,1,99,99,0,99,8,0,0,999
999000,1,99,99,0,99,1,0.0,0,999
999000,1,99,99,0,99,5,0.0,0,999
999000,1,99,99,0,99,7,1.0,0,999
999000,1,99,99,0,99,3,0.0,0,999
999000,1,99,99,0,99,9,0.0,0,999
999000,1,99,99,0,99,11,0.0,0,999
999000,1,99,99,0,99,13,0.0,0,999
999000,1,99,99,0,99,15,0.0,0,999
999000,1,99,99,0,99,17,0.0,0,999
999000,1,99,99,0,99,19,0.0,0,999
1000000,1,99,99,0,99,0,0,0,1000
1000000,1,99,99,0,99,8,0,0,1000
1000000,1,99,99,0,99,1,0.0,0,1000
1000000,1,99,99,0,99,5,0.0,0,1000
1000000,1,99,99,0,99,7,0.0,0,1000
1000000,1,99,99,0,99,3,0.0,0,1000
1000000,1,99,99,0,99,9,0.0,0,1000
1000000,1,99,99,0,99,11,0.0,0,1000
1000000,1,99,99,0,99,13,0.0,0,1000
1000000,1,99,99,0,99,15,0.0,0,1000
1000000,1,99,99,0,99,17,0.0,0,1000
1000000,1,99,99,0,99,19,1.0,0,1000
1001000,1,99,99,0,99,0,0,0,1001
1001000,1,99,99,0,99,8,0,0,1001
1001000,1,99,99,0,99,1,0.0,0,1001
1001000,1,99,99,0,99,5,0.0,0,1001
1001000,1,99,99,0,99,7,1.0,0,1001
1001000,1,99,99,0,99,3,0.0,0,1001
1001000,1,99,99,0,99,9,0.0,0,1001
1001000,1,99,99,0,99,11,0.0,0,1001
1001000,1,99,99,0,99,13,0.0,0,1001
1001000,1,99,99,0,99,15,0.0,0,1001
1001000,1,99,99,0,99,17,0.0,0,1001
1001000,1,99,99,0,99,19,0.0,0,1001
1002000,1,99,99,0,99,0,0,0,1002
1002000,1,99,99,0,99,8,0,0,1002
1002000,1,99,99,0,99,1,0.0,0,1002
1002000,1,99,99,0,99,5,0.0,0,1002
1002000,1,99,99,0,99,7,0.0,0,1002
1002000,1,99,99,0,99,3,0.0,0,1002
1002000,1,99,99,0,99,9,0.0,0,1002
1002000,1,99,99,0,99,11,0.0,0,1002
1002000,1,99,99,0,99,13,0.0,0,1002
1002000,1,99,99,0,99,15,0.0,0,1002
1002000,1,99,99,0,99,17,0.999844037052787,0,1002
1002000,1,99,99,0,99,19,0.0,0,1002
1003000,1,99,99,0,99,0,1,0,1003
1003000,1,99,99,0,99,8,0,0,1003
1003000,1,99,99,0,99,1,0.0,0,1003
1003000,1,99,99,0,99,5,0.0,0,1003
1003000,1,99,99,0,99,7,0.0,0,1003
1003000,1,99,99,0,99,3,0.0,0,1003
1003000,1,99,99,0,99,9,0.0,0,1003
1003000,1,99,99,0,99,11,0.0,0,1003
1003000,1,99,99,0,99,13,0.0,0,1003
1003000,1,99,99,0,99,15,0.0,0,1003
1003000,1,99,99,0,99,17,0.0,0,1003
1003000,1,99,99,0,99,19,0.0,0,1003
1004000,1,99,99,0,99,0,0,0,1004
1004000,1,99,99,0,99,8,0,0,1004
1004000,1,99,99,0,99,1,0.0,0,1004
1004000,1,99,99,0,99,5,0.0,0,1004
1004000,1,99,99,0,99,7,0.0,0,1004
1004000,1,99,99,0,99,3,0.0,0,1004
1004000,1,99,99,0,99,9,0.0,0,1004
1004000,1,99,99,0,99,11,0.0,0,1004
1004000,1,99,99,0,99,13,0.0,0,1004
1004000,1,99,99,0,99,15,0.0,0,1004
1004000,1,99,99,0,99,17,0.9999991674219777,0,1004
1004000,1,99,99,0,99,19,0.0,0,1004
1005000,1,99,99,0,99,0,0,0,1005
1005000,1,99,99,0,99,8,0,0,1005
1005000,1,99,99,0,99,1,0.0,0,1005
1005000,1,99,99,0,99,5,0.0,0,1005
1005000,1,99,99,0,99,7,0.0,0,1005
1005000,1,99,99,0,99,3,0.0,0,1005
1005000,1,99,99,0,99,9,0.0,0,1005
1005000,1,99,99,0,99,11,0.0,0,1005
1005000,1,99,99,0,99,13,0.0,0,1005
1005000,1,99,99,0,99,15,0.0,0,1005
1005000,1,99,99,0,99,17,0.9999979868373604,0,1005
1005000,1,99,99,0,99,19,0.0,0,1005
1006000,1,99,99,0,99,0,1,0,1006
1006000,1,99,99,0,99,8,0,0,1006
1006000,1,99,99,0,99,1,0.0,0,1006
1006000,1,99,99,0,99,5,0.0,0,1006
1006000,1,99,99,0,99,7,0.0,0,1006
1006000,1,99,99,0,99,3,0.0,0,1006
1006000,1,99,99,0,99,9,0.0,0,1006
1006000,1,99,99,0,99,11,0.0,0,1006
1006000,1,99,99,0,99,13,0.0,0,1006
1006000,1,99,99,0,99,15,0.0,0,1006
1006000,1,99,99,0,99,17,0.0,0,1006
1006000,1,99,99,0,99,19,0.0,0,1006
1007000,1,99,99,0,99,0,0,0,1007
1007000,1,99,99,0,99,8,0,0,1007
1007000,1,99,99,0,99,1,0.0,0,1007
1007000,1,99,99,0,99,5,0.0,0,1007
1007000,1,99,99,0,99,7,1.0,0,1007
1007000,1,99,99,0,99,3,0.0,0,1007
1007000,1,99,99,0,99,9,0.0,0,1007
1007000,1,99,99,0,99,11,0.0,0,1007
1007000,1,99,99,0,99,13,0.0,0,1007
1007000,1,99,99,0,99,15,0.0,0,1007
1007000,1,99,99,0,99,17,0.0,0,1007
1007000,1,99,99,0,99,19,0.0,0,1007
1008000,1,99,99,0,99,0,0,0,1008
1008000,1,99,99,0,99,8,0,0,1008
1008000,1,99,99,0,99,1,0.0,0,1008
1008000,1,99,99,0,99,5,0.0,0,1008
1008000,1,99,99,0,99,7,0.0,0,1008
1008000,1,99,99,0,99,3,0.0,0,1008
1008000,1,99,99,0,99,9,0.0,0,1008
1008000,1,99,99,0,99,11,0.0,0,1008
1008000,1,99,99,0,99,13,0.0,0,1008
1008000,1,99,99,0,99,15,0.0,0,1008
1008000,1,99,99,0,99,17,0.0,0,1008
1008000,1,99,99,0,99,19,1.0,0,1008
1009000,1,99,99,0,99,0,0,0,1009
1009000,1,99,99,0,99,8,0,0,1009
1009000,1,99,99,0,99,1,0.0,0,1009
1009000,1,99,99,0,99,5,0.0,0,1009
1009000,1,99,99,0,99,7,0.0,0,1009
1009000,1,99,99,0,99,3,0.0,0,1009
1009000,1,99,99,0,99,9,0.0,0,1009
1009000,1,99,99,0,99,11,0.0,0,1009
1009000,1,99,99,0,99,13,0.0,0,1009
1009000,1,99,99,0,99,15,0.0,0,1009
1009000,1,99,99,0,99,17,0.9999833734933627,0,1009
1009000,1,99,99,0,99,19,0.0,0,1009
1010000,1,99,99,0,99,0,0,0,1010
1010000,1,99,99,0,99,8,0,0,1010
1010000,1,99,99,0,99,1,0.0,0,1010
1010000,1,99,99,0,99,5,0.0,0,1010
1010000,1,99,99,0,99,7,0.0,0,1010
1010000,1,99,99,0,99,3,0.0,0,1010
1010000,1,99,99,0,99,9,0.0,0,1010
1010000,1,99,99,0,99,11,0.0,0,1010
1010000,1,99,99,0,99,13,0.0,0,1010
1010000,1,99,99,0,99,15,0.0,0,1010
1010000,1,99,99,0,99,17,0.999991020498971,0,1010
1010000,1,99,99,0,99,19,0.0,0,1010
1011000,1,99,99,0,99,0,0,0,1011
1011000,1,99,99,0,99,8,0,0,1011
1011000,1,99,99,0,99,1,0.0,0,1011
1011000,1,99,99,0,99,5,0.0,0,1011
1011000,1,99,99,0,99,7,0.0,0,1011
1011000,1,99,99,0,99,3,0.0,0,1011
1011000,1,99,99,0,99,9,0.0,0,1011
1011000,1,99,99,0,99,11,0.0,0,1011
1011000,1,99,99,0,99,13,0.0,0,1011
1011000,1,99,99,0,99,15,0.0,0,1011
1011000,1,99,99,0,99,17,0.0,0,1011
1011000,1,99,99,0,99,19,1.0,0,1011
1012000,1,99,99,0,99,0,0,0,1012
1012000,1,99,99,0,99,8,0,0,1012
1012000,1,99,99,0,99,1,0.0,0,1012
1012000,1,99,99,0,99,5,0.0,0,1012
1012000,1,99,99,0,99,7,0.0,0,1012
1012000,1,99,99,0,99,3,0.0,0,1012
1012000,1,99,99,0,99,9,0.0,0,1012
1012000,1,99,99,0,99,11,0.0,0,1012
1012000,1,99,99,0,99,13,0.0,0,1012
1012000,1,99,99,0,99,15,0.0,0,1012
1012000,1,99,99,0,99,17,0.9999994433605682,0,1012
1012000,1,99,99,0,99,19,0.0,0,1012
1013000,1,99,99,0,99,0,1,0,1013
1013000,1,99,99,0,99,8,0,0,1013
1013000,1,99,99,0,99,1,0.0,0,1013
1013000,1,99,99,0,99,5,0.0,0,1013
1013000,1,99,99,0,99,7,0.0,0,1013
1013000,1,99,99,0,99,3,0.0,0,1013
1013000,1,99,99,0,99,9,0.0,0,1013
1013000,1,99,99,0,99,11,0.0,0,1013
1013000,1,99,99,0,99,13,0.0,0,1013
1013000,1,99,99,0,99,15,0.0,0,1013
1013000,1,99,99,0,99,17,0.0,0,1013
1013000,1,99,99,0,99,19,0.0,0,1013
1014000,1,99,99,0,99,0,0,0,1014
1014000,1,99,99,0,99,8,0,0,1014
1014000,1,99,99,0,99,1,0.0,0,1014
1014000,1,99,99,0,99,5,0.0,0,1014
1014000,1,99,99,0,99,7,1.0,0,1014
1014000,1,99,99,0,99,3,0.0,0,1014
1014000,1,99,99,0,99,9,0.0,0,1014
1014000,1,99,99,0,99,11,0.0,0,1014
1014000,1,99,99,0,99,13,0.0,0,1014
1014000,1,99,99,0,99,15,0.0,0,1014
1014000,1,99,99,0,99,17,0.0,0,1014
1014000,1,99,99,0,99,19,0.0,0,1014
1015000,1,99,99,0,99,0,1,0,1015
1015000,1,99,99,0,99,8,0,0,1015
1015000,1,99,99,0,99,1,0.0,0,1015
1015000,1,99,99,0,99,5,0.0,0,1015
1015000,1,99,99,0,99,7,0.0,0,1015
1015000,1,99,99,0,99,3,0.0,0,1015
1015000,1,99,99,0,99,9,0.0,0,1015
1015000,1,99,99,0,99,11,0.0,0,1015
1015000,1,99,99,0,99,13,0.0,0,1015
1015000,1,99,99,0,99,15,0.0,0,1015
1015000,1,99,99,0,99,17,0.0,0,1015
1015000,1,99,99,0,99,19,0.0,0,1015
1016000,1,99,99,0,99,0,0,0,1016
1016000,1,99,99,0,99,8,0,0,1016
1016000,1,99,99,0,99,1,0.0,0,1016
1016000,1,99,99,0,99,5,0.0,0,1016
1016000,1,99,99,0,99,7,0.0,0,1016
1016000,1,99,99,0,99,3,0.0,0,1016
1016000,1,99,99,0,99,9,0.0,0,1016
1016000,1,99,99,0,99,11,0.0,0,1016
1016000,1,99,99,0,99,13,0.0,0,1016
1016000,1,99,99,0,99,15,0.0,0,1016
1016000,1,99,99,0,99,17,0.0,0,1016
1016000,1,99,99,0,99,19,1.0,0,1016
1017000,1,99,99,0,99,0,0,0,1017
1017000,1,99,99,0,99,8,0,0,1017
1017000,1,99,99,0,99,1,0.0,0,1017
1017000,1,99,99,0,99,5,0.0,0,1017
1017000,1,99,99,0,99,7,0.0,0,1017
1017000,1,99,99,0,99,3,0.0,0,1017
1017000,1,99,99,0,99,9,0.0,0,1017
1017000,1,99,99,0,99,11,0.0,0,1017
1017000,1,99,99,0,99,13,0.0,0,1017
1017000,1,99,99,0,99,15,0.0,0,1017
1017000,1,99,99,0,99,17,0.9999999839946773,0,1017
1017000,1,99,99,0,99,19,0.0,0,1017
1018000,1,99,99,0,99,0,0,0,1018
1018000,1,99,99,0,99,8,0,0,1018
1018000,1,99,99,0,99,1,0.0,0,1018
1018000,1,99,99,0,99,5,0.0,0,1018
1018000,1,99,99,0,99,7,0.0,0,1018
1018000,1,99,99,0,99,3,0.0,0,1018
1018000,1,99,99,0,99,9,0.0,0,1018
1018000,1,99,99,0,99,11,0.0,0,1018
1018000,1,99,99,0,99,13,0.0,0,1018
1018000,1,99,99,0,99,15,0.0,0,1018
1018000,1,99,99,0,99,17,0.9999997978081588,0,1018
1018000,1,99,99,0,99,19,0.0,0,1018
1019000,1,99,99,0,99,0,0,0,1019
1019000,1,99,99,0,99,8,0,0,1019
1019000,1,99,99,0,99,1,0.0,0,1019
1019000,1,99,99,0,99,5,0.0,0,1019
1019000,1,99,99,0,99,7,0.0,0,1019
1019000,1,99,99,0,99,3,0.0,0,1019
1019000,1,99,99,0,99,9,0.0,0,1019
1019000,1,99,99,0,99,11,0.0,0,1019
1019000,1,99,99,0,99,13,0.0,0,1019
1019000,1,99,99,0,99,15,0.0,0,1019
1019000,1,99,99,0,99,17,0.0,0,1019
1019000,1,99,99,0,99,19,1.0,0,1019
1020000,1,99,99,0,99,0,0,0,1020
1020000,1,99,99,0,99,8,0,0,1020
1020000,1,99,99,0,99,1,0.0,0,1020
1020000,1,99,99,0,99,5,0.0,0,1020
1020000,1,99,99,0,99,7,0.0,0,1020
1020000,1,99,99,0,99,3,0.0,0,1020
1020000,1,99,99,0,99,9,0.0,0,1020
1020000,1,99,99,0,99,11,0.0,0,1020
1020000,1,99,99,0,99,13,0.0,0,1020
1020000,1,99,99,0,99,15,0.0,0,1020
1020000,1,99,99,0,99,17,0.0,0,1020
1020000,1,99,99,0,99,19,1.0,0,1020
1021000,1,99,99,0,99,0,1,0,1021
1021000,1,99,99,0,99,8,0,0,1021
1021000,1,99,99,0,99,1,0.0,0,1021
1021000,1,99,99,0,99,5,0.0,0,1021
1021000,1,99,99,0,99,7,0.0,0,1021
1021000,1,99,99,0,99,3,0.0,0,1021
1021000,1,99,99,0,99,9,0.0,0,1021
1021000,1,99,99,0,99,11,0.0,0,1021
1021000,1,99,99,0,99,13,0.0,0,1021
1021000,1,99,99,0,99,15,0.0,0,1021
1021000,1,99,99,0,99,17,0.0,0,1021
1021000,1,99,99,0,99,19,0.0,0,1021
1022000,1,99,99,0,99,0,0,0,1022
1022000,1,99,99,0,99,8,0,0,1022
1022000,1,99,99,0,99,1,0.0,0,1022
1022000,1,99,99,0,99,5,0.0,0,1022
1022000,1,99,99,0,99,7,1.0,0,1022
1022000,1,99,99,0,99,3,0.0,0,1022
1022000,1,99,99,0,99,9,0.0,0,1022
1022000,1,99,99,0,99,11,0.0,0,1022
1022000,1,99,99,0,99,13,0.0,0,1022
1022000,1,99,99,0,99,15,0.0,0,1022
1022000,1,99,99,0,99,17,0.0,0,1022
1022000,1,99,99,0,99,19,0.0,0,1022
1023000,1,99,99,0,99,0,0,0,1023
1023000,1,99,99,0,99,8,0,0,1023
1023000,1,99,99,0,99,1,0.0,0,1023
1023000,1,99,99,0,99,5,0.0,0,1023
1023000,1,99,99,0,99,7,1.0,0,1023
1023000,1,99,99,0,99,3,0.0,0,1023
1023000,1,99,99,0,99,9,0.0,0,1023
1023000,1,99,99,0,99,11,0.0,0,1023
1023000,1,99,99,0,99,13,0.0,0,1023
1023000,1,99,99,0,99,15,0.0,0,1023
1023000,1,99,99,0,99,17,0.0,0,1023
1023000,1,99,99,0,99,19,0.0,0,1023
1024000,1,99,99,0,99,0,0,0,1024
1024000,1,99,99,0,99,8,0,0,1024
1024000,1,99,99,0,99,1,0.0,0,1024
1024000,1,99,99,0,99,5,0.0,0,1024
1024000,1,99,99,0,99,7,1.0,0,1024
1024000,1,99,99,0,99,3,0.0,0,1024
1024000,1,99,99,0,99,9,0.0,0,1024
1024000,1,99,99,0,99,11,0.0,0,1024
1024000,1,99,99,0,99,13,0.0,0,1024
1024000,1,99,99,0,99,15,0.0,0,1024
1024000,1,99,99,0,99,17,0.0,0,1024
1024000,1,99,99,0,99,19,0.0,0,1024
1025000,1,99,99,0,99,0,0,0,1025
1025000,1,99,99,0,99,8,0,0,1025
1025000,1,99,99,0,99,1,0.0,0,1025
1025000,1,99,99,0,99,5,0.0,0,1025
1025000,1,99,99,0,99,7,0.0,0,1025
1025000,1,99,99,0,99,3,0.0,0,1025
1025000,1,99,99,0,99,9,0.0,0,1025
1025000,1,99,99,0,99,11,0.0,0,1025
1025000,1,99,99,0,99,13,0.0,0,1025
1025000,1,99,99,0,99,15,0.0,0,1025
1025000,1,99,99,0,99,17,0.9940757276607421,0,1025
1025000,1,99,99,0,99,19,0.005924272339257883,0,1025
1026000,1,99,99,0,99,0,0,0,1026
1026000,1,99,99,0,99,8,0,0,1026
1026000,1,99,99,0,99,1,0.0,0,1026
1026000,1,99,99,0,99,5,0.0,0,1026
1026000,1,99,99,0,99,7,1.0,0,1026
1026000,1,99,99,0,99,3,0.0,0,1026
1026000,1,99,99,0,99,9,0.0,0,1026
1026000,1,99,99,0,99,11,0.0,0,1026
1026000,1,99,99,0,99,13,0.0,0,1026
1026000,1,99,99,0,99,15,0.0,0,1026
1026000,1,99,99,0,99,17,0.0,0,1026
1026000,1,99,99,0,99,19,0.0,0,1026
1027000,1,99,99,0,99,0,0,0,1027
1027000,1,99,99,0,99,8,0,0,1027
1027000,1,99,99,0,99,1,0.0,0,1027
1027000,1,99,99,0,99,5,0.0,0,1027
1027000,1,99,99,0,99,7,1.0,0,1027
1027000,1,99,99,0,99,3,0.0,0,1027
1027000,1,99,99,0,99,9,0.0,0,1027
1027000,1,99,99,0,99,11,0.0,0,1027
1027000,1,99,99,0,99,13,0.0,0,1027
1027000,1,99,99,0,99,15,0.0,0,1027
1027000,1,99,99,0,99,17,0.0,0,1027
1027000,1,99,99,0,99,19,0.0,0,1027
1028000,1,99,99,0,99,0,0,0,1028
1028000,1,99,99,0,99,8,0,0,1028
1028000,1,99,99,0,99,1,0.0,0,1028
1028000,1,99,99,0,99,5,0.0,0,1028
1028000,1,99,99,0,99,7,0.0,0,1028
1028000,1,99,99,0,99,3,0.0,0,1028
1028000,1,99,99,0,99,9,0.0,0,1028
1028000,1,99,99,0,99,11,0.0,0,1028
1028000,1,99,99,0,99,13,0.0,0,1028
1028000,1,99,99,0,99,15,0.0,0,1028
1028000,1,99,99,0,99,17,0.0,0,1028
1028000,1,99,99,0,99,19,1.0,0,1028
1029000,1,99,99,0,99,0,0,0,1029
1029000,1,99,99,0,99,8,0,0,1029
1029000,1,99,99,0,99,1,0.0,0,1029
1029000,1,99,99,0,99,5,0.0,0,1029
1029000,1,99,99,0,99,7,0.0,0,1029
1029000,1,99,99,0,99,3,0.0,0,1029
1029000,1,99,99,0,99,9,0.0,0,1029
1029000,1,99,99,0,99,11,0.0,0,1029
1029000,1,99,99,0,99,13,0.0,0,1029
1029000,1,99,99,0,99,15,0.0,0,1029
1029000,1,99,99,0,99,17,0.9898224329785428,0,1029
1029000,1,99,99,0,99,19,0.010177567021457222,0,1029
1030000,1,99,99,0,99,0,0,0,1030
1030000,1,99,99,0,99,8,0,0,1030
1030000,1,99,99,0,99,1,0.0,0,1030
1030000,1,99,99,0,99,5,0.0,0,1030
1030000,1,99,99,0,99,7,0.0,0,1030
1030000,1,99,99,0,99,3,0.0,0,1030
1030000,1,99,99,0,99,9,0.0,0,1030
1030000,1,99,99,0,99,11,0.0,0,1030
1030000,1,99,99,0,99,13,0.0,0,1030
1030000,1,99,99,0,99,15,0.0,0,1030
1030000,1,99,99,0,99,17,0.9999999999999633,0,1030
1030000,1,99,99,0,99,19,0.0,0,1030
1031000,1,99,99,0,99,0,1,0,1031
1031000,1,99,99,0,99,8,0,0,1031
1031000,1,99,99,0,99,1,0.0,0,1031
1031000,1,99,99,0,99,5,0.0,0,1031
1031000,1,99,99,0,99,7,0.0,0,1031
1031000,1,99,99,0,99,3,0.0,0,1031
1031000,1,99,99,0,99,9,0.0,0,1031
1031000,1,99,99,0,99,11,0.0,0,1031
1031000,1,99,99,0,99,13,0.0,0,1031
1031000,1,99,99,0,99,15,0.0,0,1031
1031000,1,99,99,0,99,17,0.0,0,1031
1031000,1,99,99,0,99,19,0.0,0,1031
1032000,1,99,99,0,99,0,0,0,1032
1032000,1,99,99,0,99,8,0,0,1032
1032000,1,99,99,0,99,1,0.0,0,1032
1032000,1,99,99,0,99,5,0.0,0,1032
1032000,1,99,99,0,99,7,0.0,0,1032
1032000,1,99,99,0,99,3,0.0,0,1032
1032000,1,99,99,0,99,9,0.0,0,1032
1032000,1,99,99,0,99,11,0.0,0,1032
1032000,1,99,99,0,99,13,0.0,0,1032
1032000,1,99,99,0,99,15,0.0,0,1032
1032000,1,99,99,0,99,17,0.0,0,1032
1032000,1,99,99,0,99,19,1.0,0,1032
1033000,1,99,99,0,99,0,0,0,1033
1033000,1,99,99,0,99,8,0,0,1033
1033000,1,99,99,0,99,1,0.0,0,1033
1033000,1,99,99,0,99,5,0.0,0,1033
1033000,1,99,99,0,99,7,0.0,0,1033
1033000,1,99,99,0,99,3,0.0,0,1033
1033000,1,99,99,0,99,9,0.0,0,1033
1033000,1,99,99,0,99,11,0.0,0,1033
1033000,1,99,99,0,99,13,0.0,0,1033
1033000,1,99,99,0,99,15,0.0,0,1033
1033000,1,99,99,0,99,17,0.0,0,1033
1033000,1,99,99,0,99,19,1.0,0,1033
1034000,1,99,99,0,99,0,0,0,1034
1034000,1,99,99,0,99,8,0,0,1034
1034000,1,99,99,0,99,1,0.0,0,1034
1034000,1,99,99,0,99,5,0.0,0,1034
1034000,1,99,99,0,99,7,0.0,0,1034
1034000,1,99,99,0,99,3,0.0,0,1034
1034000,1,99,99,0,99,9,0.0,0,1034
1034000,1,99,99,0,99,11,0.0,0,1034
1034000,1,99,99,0,99,13,0.0,0,1034
1034000,1,99,99,0,99,15,0.0,0,1034
1034000,1,99,99,0,99,17,0.9854542502958025,0,1034
1034000,1,99,99,0,99,19,0.014545749704197492,0,1034
1035000,1,99,99,0,99,0,0,0,1035
1035000,1,99,99,0,99,8,0,0,1035
1035000,1,99,99,0,99,1,0.0,0,1035
1035000,1,99,99,0,99,5,0.0,0,1035
1035000,1,99,99,0,99,7,1.0,0,1035
1035000,1,99,99,0,99,3,0.0,0,1035
1035000,1,99,99,0,99,9,0.0,0,1035
1035000,1,99,99,0,99,11,0.0,0,1035
1035000,1,99,99,0,99,13,0.0,0,1035
1035000,1,99,99,0,99,15,0.0,0,1035
1035000,1,99,99,0,99,17,0.0,0,1035
1035000,1,99,99,0,99,19,0.0,0,1035
1036000,1,99,99,0,99,0,0,0,1036
1036000,1,99,99,0,99,8,0,0,1036
1036000,1,99,99,0,99,1,0.0,0,1036
1036000,1,99,99,0,99,5,0.0,0,1036
1036000,1,99,99,0,99,7,0.0,0,1036
1036000,1,99,99,0,99,3,0.0,0,1036
1036000,1,99,99,0,99,9,0.0,0,1036
1036000,1,99,99,0,99,11,0.0,0,1036
1036000,1,99,99,0,99,13,0.0,0,1036
1036000,1,99,99,0,99,15,0.0,0,1036
1036000,1,99,99,0,99,17,0.9999999999955961,0,1036
1036000,1,99,99,0,99,19,0.0,0,1036
1037000,1,99,99,0,99,0,0,0,1037
1037000,1,99,99,0,99,8,0,0,1037
1037000,1,99,99,0,99,1,0.0,0,1037
1037000,1,99,99,0,99,5,0.0,0,1037
1037000,1,99,99,0,99,7,1.0,0,1037
1037000,1,99,99,0,99,3,0.0,0,1037
1037000,1,99,99,0,99,9,0.0,0,1037
1037000,1,99,99,0,99,11,0.0,0,1037
1037000,1,99,99,0,99,13,0.0,0,1037
1037000,1,99,99,0,99,15,0.0,0,1037
1037000,1,99,99,0,99,17,0.0,0,1037
1037000,1,99,99,0,99,19,0.0,0,1037
1038000,1,99,99,0,99,0,0,0,1038
1038000,1,99,99,0,99,8,0,0,1038
1038000,1,99,99,0,99,1,0.0,0,1038
1038000,1,99,99,0,99,5,0.0,0,1038
1038000,1,99,99,0,99,7,1.0,0,1038
1038000,1,99,99,0,99,3,0.0,0,1038
1038000,1,99,99,0,99,9,0.0,0,1038
1038000,1,99,99,0,99,11,0.0,0,1038
1038000,1,99,99,0,99,13,0.0,0,1038
1038000,1,99,99,0,99,15,0.0,0,1038
1038000,1,99,99,0,99,17,0.0,0,1038
1038000,1,99,99,0,99,19,0.0,0,1038
1039000,1,99,99,0,99,0,0,0,1039
1039000,1,99,99,0,99,8,0,0,1039
1039000,1,99,99,0,99,1,0.0,0,1039
1039000,1,99,99,0,99,5,0.0,0,1039
1039000,1,99,99,0,99,7,0.0,0,1039
1039000,1,99,99,0,99,3,0.0,0,1039
1039000,1,99,99,0,99,9,0.0,0,1039
1039000,1,99,99,0,99,11,0.0,0,1039
1039000,1,99,99,0,99,13,0.0,0,1039
1039000,1,99,99,0,99,15,0.0,0,1039
1039000,1,99,99,0,99,17,0.0,0,1039
1039000,1,99,99,0,99,19,1.0,0,1039
1040000,1,99,99,0,99,0,1,0,1040
1040000,1,99,99,0,99,8,0,0,1040
1040000,1,99,99,0,99,1,0.0,0,1040
1040000,1,99,99,0,99,5,0.0,0,1040
1040000,1,99,99,0,99,7,0.0,0,1040
1040000,1,99,99,0,99,3,0.0,0,1040
1040000,1,99,99,0,99,9,0.0,0,1040
1040000,1,99,99,0,99,11,0.0,0,1040
1040000,1,99,99,0,99,13,0.0,0,1040
1040000,1,99,99,0,99,15,0.0,0,1040
1040000,1,99,99,0,99,17,0.0,0,1040
1040000,1,99,99,0,99,19,0.0,0,1040
1041000,1,99,99,0,99,0,0,0,1041
1041000,1,99,99,0,99,8,0,0,1041
1041000,1,99,99,0,99,1,0.0,0,1041
1041000,1,99,99,0,99,5,0.0,0,1041
1041000,1,99,99,0,99,7,0.0,0,1041
1041000,1,99,99,0,99,3,0.0,0,1041
1041000,1,99,99,0,99,9,0.0,0,1041
1041000,1,99,99,0,99,11,0.0,0,1041
1041000,1,99,99,0,99,13,0.0,0,1041
1041000,1,99,99,0,99,15,0.0,0,1041
1041000,1,99,99,0,99,17,0.2582662826440261,0,1041
1041000,1,99,99,0,99,19,0.7417337173559739,0,1041
1042000,1,99,99,0,99,0,0,0,1042
1042000,1,99,99,0,99,8,0,0,1042
1042000,1,99,99,0,99,1,0.0,0,1042
1042000,1,99,99,0,99,5,0.0,0,1042
1042000,1,99,99,0,99,7,0.0,0,1042
1042000,1,99,99,0,99,3,0.0,0,1042
1042000,1,99,99,0,99,9,0.0,0,1042
1042000,1,99,99,0,99,11,0.0,0,1042
1042000,1,99,99,0,99,13,0.0,0,1042
1042000,1,99,99,0,99,15,0.0,0,1042
1042000,1,99,99,0,99,17,0.14330516852184338,0,1042
1042000,1,99,99,0,99,19,0.8566948314781566,0,1042
1043000,1,99,99,0,99,0,0,0,1043
1043000,1,99,99,0,99,8,0,0,1043
1043000,1,99,99,0,99,1,0.0,0,1043
1043000,1,99,99,0,99,5,0.0,0,1043
1043000,1,99,99,0,99,7,0.0,0,1043
1043000,1,99,99,0,99,3,0.0,0,1043
1043000,1,99,99,0,99,9,0.0,0,1043
1043000,1,99,99,0,99,11,0.0,0,1043
1043000,1,99,99,0,99,13,0.0,0,1043
1043000,1,99,99,0,99,15,0.0,0,1043
1043000,1,99,99,0,99,17,0.0,0,1043
1043000,1,99,99,0,99,19,1.0,0,1043
1044000,1,99,99,0,99,0,0,0,1044
1044000,1,99,99,0,99,8,0,0,1044
1044000,1,99,99,0,99,1,0.0,0,1044
1044000,1,99,99,0,99,5,0.0,0,1044
1044000,1,99,99,0,99,7,0.0,0,1044
1044000,1,99,99,0,99,3,0.0,0,1044
1044000,1,99,99,0,99,9,0.0,0,1044
1044000,1,99,99,0,99,11,0.0,0,1044
1044000,1,99,99,0,99,13,0.0,0,1044
1044000,1,99,99,0,99,15,0.0,0,1044
1044000,1,99,99,0,99,17,0.9999999998547717,0,1044
1044000,1,99,99,0,99,19,0.0,0,1044
1045000,1,99,99,0,99,0,0,0,1045
1045000,1,99,99,0,99,8,0,0,1045
1045000,1,99,99,0,99,1,0.0,0,1045
1045000,1,99,99,0,99,5,0.0,0,1045
1045000,1,99,99,0,99,7,0.0,0,1045
1045000,1,99,99,0,99,3,0.0,0,1045
1045000,1,99,99,0,99,9,0.0,0,1045
1045000,1,99,99,0,99,11,0.0,0,1045
1045000,1,99,99,0,99,13,0.0,0,1045
1045000,1,99,99,0,99,15,0.0,0,1045
1045000,1,99,99,0,99,17,1.0,0,1045
1045000,1,99,99,0,99,19,0.0,0,1045
1046000,1,99,99,0,99,0,0,0,1046
1046000,1,99,99,0,99,8,0,0,1046
1046000,1,99,99,0,99,1,0.0,0,1046
1046000,1,99,99,0,99,5,0.0,0,1046
1046000,1,99,99,0,99,7,0.0,0,1046
1046000,1,99,99,0,99,3,0.0,0,1046
1046000,1,99,99,0,99,9,0.0,0,1046
1046000,1,99,99,0,99,11,0.0,0,1046
1046000,1,99,99,0,99,13,0.0,0,1046
1046000,1,99,99,0,99,15,0.0,0,1046
1046000,1,99,99,0,99,17,0.0,0,1046
1046000,1,99,99,0,99,19,1.0,0,1046
1047000,1,99,99,0,99,0,0,0,1047
1047000,1,99,99,0,99,8,0,0,1047
1047000,1,99,99,0,99,1,0.0,0,1047
1047000,1,99,99,0,99,5,0.0,0,1047
1047000,1,99,99,0,99,7,0.0,0,1047
1047000,1,99,99,0,99,3,0.0,0,1047
1047000,1,99,99,0,99,9,0.0,0,1047
1047000,1,99,99,0,99,11,0.0,0,1047
1047000,1,99,99,0,99,13,0.0,0,1047
1047000,1,99,99,0,99,15,0.0,0,1047
1047000,1,99,99,0,99,17,0.9999999901518307,0,1047
1047000,1,99,99,0,99,19,0.0,0,1047
1048000,1,99,99,0,99,0,1,0,1048
1048000,1,99,99,0,99,8,0,0,1048
1048000,1,99,99,0,99,1,0.0,0,1048
1048000,1,99,99,0,99,5,0.0,0,1048
1048000,1,99,99,0,99,7,0.0,0,1048
1048000,1,99,99,0,99,3,0.0,0,1048
1048000,1,99,99,0,99,9,0.0,0,1048
1048000,1,99,99,0,99,11,0.0,0,1048
1048000,1,99,99,0,99,13,0.0,0,1048
1048000,1,99,99,0,99,15,0.0,0,1048
1048000,1,99,99,0,99,17,0.0,0,1048
1048000,1,99,99,0,99,19,0.0,0,1048
1049000,1,99,99,0,99,0,0,0,1049
1049000,1,99,99,0,99,8,0,0,1049
1049000,1,99,99,0,99,1,0.0,0,1049
1049000,1,99,99,0,99,5,0.0,0,1049
1049000,1,99,99,0,99,7,0.0,0,1049
1049000,1,99,99,0,99,3,0.0,0,1049
1049000,1,99,99,0,99,9,0.0,0,1049
1049000,1,99,99,0,99,11,0.0,0,1049
1049000,1,99,99,0,99,13,0.0,0,1049
1049000,1,99,99,0,99,15,0.0,0,1049
1049000,1,99,99,0,99,17,0.0,0,1049
1049000,1,99,99,0,99,19,1.0,0,1049
1050000,1,99,99,0,99,0,0,0,1050
1050000,1,99,99,0,99,8,0,0,1050
1050000,1,99,99,0,99,1,0.0,0,1050
1050000,1,99,99,0,99,5,0.0,0,1050
1050000,1,99,99,0,99,7,0.0,0,1050
1050000,1,99,99,0,99,3,0.0,0,1050
1050000,1,99,99,0,99,9,0.0,0,1050
1050000,1,99,99,0,99,11,0.0,0,1050
1050000,1,99,99,0,99,13,0.0,0,1050
1050000,1,99,99,0,99,15,0.0,0,1050
1050000,1,99,99,0,99,17,0.9999970142820307,0,1050
1050000,1,99,99,0,99,19,0.0,0,1050
1051000,1,99,99,0,99,0,0,0,1051
1051000,1,99,99,0,99,8,0,0,1051
1051000,1,99,99,0,99,1,0.0,0,1051
1051000,1,99,99,0,99,5,0.0,0,1051
1051000,1,99,99,0,99,7,0.0,0,1051
1051000,1,99,99,0,99,3,0.0,0,1051
1051000,1,99,99,0,99,9,0.0,0,1051
1051000,1,99,99,0,99,11,0.0,0,1051
1051000,1,99,99,0,99,13,0.0,0,1051
1051000,1,99,99,0,99,15,0.0,0,1051
1051000,1,99,99,0,99,17,0.0,0,1051
1051000,1,99,99,0,99,19,1.0,0,1051
1052000,1,99,99,0,99,0,0,0,1052
1052000,1,99,99,0,99,8,0,0,1052
1052000,1,99,99,0,99,1,0.0,0,1052
1052000,1,99,99,0,99,5,0.0,0,1052
1052000,1,99,99,0,99,7,0.0,0,1052
1052000,1,99,99,0,99,3,0.0,0,1052
1052000,1,99,99,0,99,9,0.0,0,1052
1052000,1,99,99,0,99,11,0.0,0,1052
1052000,1,99,99,0,99,13,0.0,0,1052
1052000,1,99,99,0,99,15,0.0,0,1052
1052000,1,99,99,0,99,17,0.0,0,1052
1052000,1,99,99,0,99,19,1.0,0,1052
1053000,1,99,99,0,99,0,0,0,1053
1053000,1,99,99,0,99,8,0,0,1053
1053000,1,99,99,0,99,1,0.0,0,1053
1053000,1,99,99,0,99,5,0.0,0,1053
1053000,1,99,99,0,99,7,0.0,0,1053
1053000,1,99,99,0,99,3,0.0,0,1053
1053000,1,99,99,0,99,9,0.0,0,1053
1053000,1,99,99,0,99,11,0.0,0,1053
1053000,1,99,99,0,99,13,0.0,0,1053
1053000,1,99,99,0,99,15,0.0,0,1053
1053000,1,99,99,0,99,17,0.0,0,1053
1053000,1,99,99,0,99,19,0.999999987246523,0,1053
1054000,1,99,99,0,99,0,0,0,1054
1054000,1,99,99,0,99,8,0,0,1054
1054000,1,99,99,0,99,1,0.0,0,1054
1054000,1,99,99,0,99,5,0.0,0,1054
1054000,1,99,99,0,99,7,0.0,0,1054
1054000,1,99,99,0,99,3,0.0,0,1054
1054000,1,99,99,0,99,9,0.0,0,1054
1054000,1,99,99,0,99,11,0.0,0,1054
1054000,1,99,99,0,99,13,0.0,0,1054
1054000,1,99,99,0,99,15,0.0,0,1054
1054000,1,99,99,0,99,17,0.0,0,1054
1054000,1,99,99,0,99,19,0.9998598985127632,0,1054
1055000,1,99,99,0,99,0,1,0,1055
1055000,1,99,99,0,99,8,0,0,1055
1055000,1,99,99,0,99,1,0.0,0,1055
1055000,1,99,99,0,99,5,0.0,0,1055
1055000,1,99,99,0,99,7,0.0,0,1055
1055000,1,99,99,0,99,3,0.0,0,1055
1055000,1,99,99,0,99,9,0.0,0,1055
1055000,1,99,99,0,99,11,0.0,0,1055
1055000,1,99,99,0,99,13,0.0,0,1055
1055000,1,99,99,0,99,15,0.0,0,1055
1055000,1,99,99,0,99,17,0.0,0,1055
1055000,1,99,99,0,99,19,0.0,0,1055
1056000,1,99,99,0,99,0,0,0,1056
1056000,1,99,99,0,99,8,0,0,1056
1056000,1,99,99,0,99,1,0.0,0,1056
1056000,1,99,99,0,99,5,0.0,0,1056
1056000,1,99,99,0,99,7,1.0,0,1056
1056000,1,99,99,0,99,3,0.0,0,1056
1056000,1,99,99,0,99,9,0.0,0,1056
1056000,1,99,99,0,99,11,0.0,0,1056
1056000,1,99,99,0,99,13,0.0,0,1056
1056000,1,99,99,0,99,15,0.0,0,1056
1056000,1,99,99,0,99,17,0.0,0,1056
1056000,1,99,99,0,99,19,0.0,0,1056
1057000,1,99,99,0,99,0,0,0,1057
1057000,1,99,99,0,99,8,0,0,1057
1057000,1,99,99,0,99,1,0.0,0,1057
1057000,1,99,99,0,99,5,0.0,0,1057
1057000,1,99,99,0,99,7,0.0,0,1057
1057000,1,99,99,0,99,3,0.0,0,1057
1057000,1,99,99,0,99,9,0.0,0,1057
1057000,1,99,99,0,99,11,0.0,0,1057
1057000,1,99,99,0,99,13,0.0,0,1057
1057000,1,99,99,0,99,15,0.0,0,1057
1057000,1,99,99,0,99,17,0.0,0,1057
1057000,1,99,99,0,99,19,1.0,0,1057
1058000,1,99,99,0,99,0,0,0,1058
1058000,1,99,99,0,99,8,0,0,1058
1058000,1,99,99,0,99,1,0.0,0,1058
1058000,1,99,99,0,99,5,0.0,0,1058
1058000,1,99,99,0,99,7,1.0,0,1058
1058000,1,99,99,0,99,3,0.0,0,1058
1058000,1,99,99,0,99,9,0.0,0,1058
1058000,1,99,99,0,99,11,0.0,0,1058
1058000,1,99,99,0,99,13,0.0,0,1058
1058000,1,99,99,0,99,15,0.0,0,1058
1058000,1,99,99,0,99,17,0.0,0,1058
1058000,1,99,99,0,99,19,0.0,0,1058
1059000,1,99,99,0,99,0,0,0,1059
1059000,1,99,99,0,99,8,0,0,1059
1059000,1,99,99,0,99,1,0.0,0,1059
1059000,1,99,99,0,99,5,0.0,0,1059
1059000,1,99,99,0,99,7,0.0,0,1059
1059000,1,99,99,0,99,3,0.0,0,1059
1059000,1,99,99,0,99,9,0.0,0,1059
1059000,1,99,99,0,99,11,0.0,0,1059
1059000,1,99,99,0,99,13,0.0,0,1059
1059000,1,99,99,0,99,15,0.0,0,1059
1059000,1,99,99,0,99,17,0.0,0,1059
1059000,1,99,99,0,99,19,1.0,0,1059
1060000,1,99,99,0,99,0,0,0,1060
1060000,1,99,99,0,99,8,0,0,1060
1060000,1,99,99,0,99,1,0.0,0,1060
1060000,1,99,99,0,99,5,0.0,0,1060
1060000,1,99,99,0,99,7,1.0,0,1060
1060000,1,99,99,0,99,3,0.0,0,1060
1060000,1,99,99,0,99,9,0.0,0,1060
1060000,1,99,99,0,99,11,0.0,0,1060
1060000,1,99,99,0,99,13,0.0,0,1060
1060000,1,99,99,0,99,15,0.0,0,1060
1060000,1,99,99,0,99,17,0.0,0,1060
1060000,1,99,99,0,99,19,0.0,0,1060
1061000,1,99,99,0,99,0,0,0,1061
1061000,1,99,99,0,99,8,0,0,1061
1061000,1,99,99,0,99,1,0.0,0,1061
1061000,1,99,99,0,99,5,0.0,0,1061
1061000,1,99,99,0,99,7,1.0,0,1061
1061000,1,99,99,0,99,3,0.0,0,1061
1061000,1,99,99,0,99,9,0.0,0,1061
1061000,1,99,99,0,99,11,0.0,0,1061
1061000,1,99,99,0,99,13,0.0,0,1061
1061000,1,99,99,0,99,15,0.0,0,1061
1061000,1,99,99,0,99,17,0.0,0,1061
1061000,1,99,99,0,99,19,0.0,0,1061
1062000,1,99,99,0,99,0,0,0,1062
1062000,1,99,99,0,99,8,0,0,1062
1062000,1,99,99,0,99,1,0.0,0,1062
1062000,1,99,99,0,99,5,0.0,0,1062
1062000,1,99,99,0,99,7,1.0,0,1062
1062000,1,99,99,0,99,3,0.0,0,1062
1062000,1,99,99,0,99,9,0.0,0,1062
1062000,1,99,99,0,99,11,0.0,0,1062
1062000,1,99,99,0,99,13,0.0,0,1062
1062000,1,99,99,0,99,15,0.0,0,1062
1062000,1,99,99,0,99,17,0.0,0,1062
1062000,1,99,99,0,99,19,0.0,0,1062
1063000,1,99,99,0,99,0,0,0,1063
1063000,1,99,99,0,99,8,0,0,1063
1063000,1,99,99,0,99,1,0.0,0,1063
1063000,1,99,99,0,99,5,0.0,0,1063
1063000,1,99,99,0,99,7,1.0,0,1063
1063000,1,99,99,0,99,3,0.0,0,1063
1063000,1,99,99,0,99,9,0.0,0,1063
1063000,1,99,99,0,99,11,0.0,0,1063
1063000,1,99,99,0,99,13,0.0,0,1063
1063000,1,99,99,0,99,15,0.0,0,1063
1063000,1,99,99,0,99,17,0.0,0,1063
1063000,1,99,99,0,99,19,0.0,0,1063
1064000,1,99,99,0,99,0,0,0,1064
1064000,1,99,99,0,99,8,0,0,1064
1064000,1,99,99,0,99,1,0.0,0,1064
1064000,1,99,99,0,99,5,0.0,0,1064
1064000,1,99,99,0,99,7,1.0,0,1064
1064000,1,99,99,0,99,3,0.0,0,1064
1064000,1,99,99,0,99,9,0.0,0,1064
1064000,1,99,99,0,99,11,0.0,0,1064
1064000,1,99,99,0,99,13,0.0,0,1064
1064000,1,99,99,0,99,15,0.0,0,1064
1064000,1,99,99,0,99,17,0.0,0,1064
1064000,1,99,99,0,99,19,0.0,0,1064
1065000,1,99,99,0,99,0,0,0,1065
1065000,1,99,99,0,99,8,0,0,1065
1065000,1,99,99,0,99,1,0.0,0,1065
1065000,1,99,99,0,99,5,0.0,0,1065
1065000,1,99,99,0,99,7,1.0,0,1065
1065000,1,99,99,0,99,3,0.0,0,1065
1065000,1,99,99,0,99,9,0.0,0,1065
1065000,1,99,99,0,99,11,0.0,0,1065
1065000,1,99,99,0,99,13,0.0,0,1065
1065000,1,99,99,0,99,15,0.0,0,1065
1065000,1,99,99,0,99,17,0.0,0,1065
1065000,1,99,99,0,99,19,0.0,0,1065
1066000,1,99,99,0,99,0,0,0,1066
1066000,1,99,99,0,99,8,0,0,1066
1066000,1,99,99,0,99,1,0.0,0,1066
1066000,1,99,99,0,99,5,0.0,0,1066
1066000,1,99,99,0,99,7,1.0,0,1066
1066000,1,99,99,0,99,3,0.0,0,1066
1066000,1,99,99,0,99,9,0.0,0,1066
1066000,1,99,99,0,99,11,0.0,0,1066
1066000,1,99,99,0,99,13,0.0,0,1066
1066000,1,99,99,0,99,15,0.0,0,1066
1066000,1,99,99,0,99,17,0.0,0,1066
1066000,1,99,99,0,99,19,0.0,0,1066
1067000,1,99,99,0,99,0,0,0,1067
1067000,1,99,99,0,99,8,0,0,1067
1067000,1,99,99,0,99,1,0.0,0,1067
1067000,1,99,99,0,99,5,0.0,0,1067
1067000,1,99,99,0,99,7,1.0,0,1067
1067000,1,99,99,0,99,3,0.0,0,1067
1067000,1,99,99,0,99,9,0.0,0,1067
1067000,1,99,99,0,99,11,0.0,0,1067
1067000,1,99,99,0,99,13,0.0,0,1067
1067000,1,99,99,0,99,15,0.0,0,1067
1067000,1,99,99,0,99,17,0.0,0,1067
1067000,1,99,99,0,99,19,0.0,0,1067
1068000,1,99,99,0,99,0,0,0,1068
1068000,1,99,99,0,99,8,0,0,1068
1068000,1,99,99,0,99,1,0.0,0,1068
1068000,1,99,99,0,99,5,0.0,0,1068
1068000,1,99,99,0,99,7,1.0,0,1068
1068000,1,99,99,0,99,3,0.0,0,1068
1068000,1,99,99,0,99,9,0.0,0,1068
1068000,1,99,99,0,99,11,0.0,0,1068
1068000,1,99,99,0,99,13,0.0,0,1068
1068000,1,99,99,0,99,15,0.0,0,1068
1068000,1,99,99,0,99,17,0.0,0,1068
1068000,1,99,99,0,99,19,0.0,0,1068
1069000,1,99,99,0,99,0,0,0,1069
1069000,1,99,99,0,99,8,0,0,1069
1069000,1,99,99,0,99,1,0.0,0,1069
1069000,1,99,99,0,99,5,0.0,0,1069
1069000,1,99,99,0,99,7,1.0,0,1069
1069000,1,99,99,0,99,3,0.0,0,1069
1069000,1,99,99,0,99,9,0.0,0,1069
1069000,1,99,99,0,99,11,0.0,0,1069
1069000,1,99,99,0,99,13,0.0,0,1069
1069000,1,99,99,0,99,15,0.0,0,1069
1069000,1,99,99,0,99,17,0.0,0,1069
1069000,1,99,99,0,99,19,0.0,0,1069
1070000,1,99,99,0,99,0,0,0,1070
1070000,1,99,99,0,99,8,0,0,1070
1070000,1,99,99,0,99,1,0.0,0,1070
1070000,1,99,99,0,99,5,0.0,0,1070
1070000,1,99,99,0,99,7,1.0,0,1070
1070000,1,99,99,0,99,3,0.0,0,1070
1070000,1,99,99,0,99,9,0.0,0,1070
1070000,1,99,99,0,99,11,0.0,0,1070
1070000,1,99,99,0,99,13,0.0,0,1070
1070000,1,99,99,0,99,15,0.0,0,1070
1070000,1,99,99,0,99,17,0.0,0,1070
1070000,1,99,99,0,99,19,0.0,0,1070
1071000,1,99,99,0,99,0,0,0,1071
1071000,1,99,99,0,99,8,0,0,1071
1071000,1,99,99,0,99,1,0.0,0,1071
1071000,1,99,99,0,99,5,0.0,0,1071
1071000,1,99,99,0,99,7,1.0,0,1071
1071000,1,99,99,0,99,3,0.0,0,1071
1071000,1,99,99,0,99,9,0.0,0,1071
1071000,1,99,99,0,99,11,0.0,0,1071
1071000,1,99,99,0,99,13,0.0,0,1071
1071000,1,99,99,0,99,15,0.0,0,1071
1071000,1,99,99,0,99,17,0.0,0,1071
1071000,1,99,99,0,99,19,0.0,0,1071
1072000,1,99,99,0,99,0,0,0,1072
1072000,1,99,99,0,99,8,0,0,1072
1072000,1,99,99,0,99,1,0.0,0,1072
1072000,1,99,99,0,99,5,0.0,0,1072
1072000,1,99,99,0,99,7,1.0,0,1072
1072000,1,99,99,0,99,3,0.0,0,1072
1072000,1,99,99,0,99,9,0.0,0,1072
1072000,1,99,99,0,99,11,0.0,0,1072
1072000,1,99,99,0,99,13,0.0,0,1072
1072000,1,99,99,0,99,15,0.0,0,1072
1072000,1,99,99,0,99,17,0.0,0,1072
1072000,1,99,99,0,99,19,0.0,0,1072
1073000,1,99,99,0,99,0,0,0,1073
1073000,1,99,99,0,99,8,0,0,1073
1073000,1,99,99,0,99,1,0.0,0,1073
1073000,1,99,99,0,99,5,0.0,0,1073
1073000,1,99,99,0,99,7,1.0,0,1073
1073000,1,99,99,0,99,3,0.0,0,1073
1073000,1,99,99,0,99,9,0.0,0,1073
1073000,1,99,99,0,99,11,0.0,0,1073
1073000,1,99,99,0,99,13,0.0,0,1073
1073000,1,99,99,0,99,15,0.0,0,1073
1073000,1,99,99,0,99,17,0.0,0,1073
1073000,1,99,99,0,99,19,0.0,0,1073
1074000,1,99,99,0,99,0,0,0,1074
1074000,1,99,99,0,99,8,0,0,1074
1074000,1,99,99,0,99,1,0.0,0,1074
1074000,1,99,99,0,99,5,0.0,0,1074
1074000,1,99,99,0,99,7,0.0,0,1074
1074000,1,99,99,0,99,3,0.0,0,1074
1074000,1,99,99,0,99,9,0.0,0,1074
1074000,1,99,99,0,99,11,0.0,0,1074
1074000,1,99,99,0,99,13,0.0,0,1074
1074000,1,99,99,0,99,15,0.0,0,1074
1074000,1,99,99,0,99,17,1.0,0,1074
1074000,1,99,99,0,99,19,0.0,0,1074
1075000,1,99,99,0,99,0,0,0,1075
1075000,1,99,99,0,99,8,0,0,1075
1075000,1,99,99,0,99,1,0.0,0,1075
1075000,1,99,99,0,99,5,0.0,0,1075
1075000,1,99,99,0,99,7,0.0,0,1075
1075000,1,99,99,0,99,3,0.0,0,1075
1075000,1,99,99,0,99,9,0.0,0,1075
1075000,1,99,99,0,99,11,0.0,0,1075
1075000,1,99,99,0,99,13,0.0,0,1075
1075000,1,99,99,0,99,15,0.0,0,1075
1075000,1,99,99,0,99,17,0.0012286916906005514,0,1075
1075000,1,99,99,0,99,19,0.9987713083093994,0,1075
1076000,1,99,99,0,99,0,0,0,1076
1076000,1,99,99,0,99,8,0,0,1076
1076000,1,99,99,0,99,1,0.0,0,1076
1076000,1,99,99,0,99,5,0.0,0,1076
1076000,1,99,99,0,99,7,0.0,0,1076
1076000,1,99,99,0,99,3,0.0,0,1076
1076000,1,99,99,0,99,9,0.0,0,1076
1076000,1,99,99,0,99,11,0.0,0,1076
1076000,1,99,99,0,99,13,0.0,0,1076
1076000,1,99,99,0,99,15,0.0,0,1076
1076000,1,99,99,0,99,17,0.0,0,1076
1076000,1,99,99,0,99,19,1.0,0,1076
1077000,1,99,99,0,99,0,0,0,1077
1077000,1,99,99,0,99,8,0,0,1077
1077000,1,99,99,0,99,1,0.0,0,1077
1077000,1,99,99,0,99,5,0.0,0,1077
1077000,1,99,99,0,99,7,0.0,0,1077
1077000,1,99,99,0,99,3,0.0,0,1077
1077000,1,99,99,0,99,9,0.0,0,1077
1077000,1,99,99,0,99,11,0.0,0,1077
1077000,1,99,99,0,99,13,0.0,0,1077
1077000,1,99,99,0,99,15,0.0,0,1077
1077000,1,99,99,0,99,17,0.0,0,1077
1077000,1,99,99,0,99,19,0.9999999596081219,0,1077
1078000,1,99,99,0,99,0,0,0,1078
1078000,1,99,99,0,99,8,0,0,1078
1078000,1,99,99,0,99,1,0.0,0,1078
1078000,1,99,99,0,99,5,0.0,0,1078
1078000,1,99,99,0,99,7,1.0,0,1078
1078000,1,99,99,0,99,3,0.0,0,1078
1078000,1,99,99,0,99,9,0.0,0,1078
1078000,1,99,99,0,99,11,0.0,0,1078
1078000,1,99,99,0,99,13,0.0,0,1078
1078000,1,99,99,0,99,15,0.0,0,1078
1078000,1,99,99,0,99,17,0.0,0,1078
1078000,1,99,99,0,99,19,0.0,0,1078
1079000,1,99,99,0,99,0,0,0,1079
1079000,1,99,99,0,99,8,0,0,1079
1079000,1,99,99,0,99,1,0.0,0,1079
1079000,1,99,99,0,99,5,0.0,0,1079
1079000,1,99,99,0,99,7,1.0,0,1079
1079000,1,99,99,0,99,3,0.0,0,1079
1079000,1,99,99,0,99,9,0.0,0,1079
1079000,1,99,99,0,99,11,0.0,0,1079
1079000,1,99,99,0,99,13,0.0,0,1079
1079000,1,99,99,0,99,15,0.0,0,1079
1079000,1,99,99,0,99,17,0.0,0,1079
1079000,1,99,99,0,99,19,0.0,0,1079
1080000,1,99,99,0,99,0,0,0,1080
1080000,1,99,99,0,99,8,0,0,1080
1080000,1,99,99,0,99,1,0.0,0,1080
1080000,1,99,99,0,99,5,0.0,0,1080
1080000,1,99,99,0,99,7,0.0,0,1080
1080000,1,99,99,0,99,3,0.0,0,1080
1080000,1,99,99,0,99,9,0.0,0,1080
1080000,1,99,99,0,99,11,0.0,0,1080
1080000,1,99,99,0,99,13,0.0,0,1080
1080000,1,99,99,0,99,15,0.0,0,1080
1080000,1,99,99,0,99,17,1.0,0,1080
1080000,1,99,99,0,99,19,0.0,0,1080
1081000,1,99,99,0,99,0,0,0,1081
1081000,1,99,99,0,99,8,0,0,1081
1081000,1,99,99,0,99,1,0.0,0,1081
1081000,1,99,99,0,99,5,0.0,0,1081
1081000,1,99,99,0,99,7,0.0,0,1081
1081000,1,99,99,0,99,3,0.0,0,1081
1081000,1,99,99,0,99,9,0.0,0,1081
1081000,1,99,99,0,99,11,0.0,0,1081
1081000,1,99,99,0,99,13,0.0,0,1081
1081000,1,99,99,0,99,15,0.0,0,1081
1081000,1,99,99,0,99,17,1.0,0,1081
1081000,1,99,99,0,99,19,0.0,0,1081
1082000,1,99,99,0,99,0,0,0,1082
1082000,1,99,99,0,99,8,0,0,1082
1082000,1,99,99,0,99,1,0.0,0,1082
1082000,1,99,99,0,99,5,0.0,0,1082
1082000,1,99,99,0,99,7,0.0,0,1082
1082000,1,99,99,0,99,3,0.0,0,1082
1082000,1,99,99,0,99,9,0.0,0,1082
1082000,1,99,99,0,99,11,0.0,0,1082
1082000,1,99,99,0,99,13,0.0,0,1082
1082000,1,99,99,0,99,15,0.0,0,1082
1082000,1,99,99,0,99,17,1.0,0,1082
1082000,1,99,99,0,99,19,0.0,0,1082
1083000,1,99,99,0,99,0,0,0,1083
1083000,1,99,99,0,99,8,0,0,1083
1083000,1,99,99,0,99,1,0.0,0,1083
1083000,1,99,99,0,99,5,0.0,0,1083
1083000,1,99,99,0,99,7,0.0,0,1083
1083000,1,99,99,0,99,3,0.0,0,1083
1083000,1,99,99,0,99,9,0.0,0,1083
1083000,1,99,99,0,99,11,0.0,0,1083
1083000,1,99,99,0,99,13,0.0,0,1083
1083000,1,99,99,0,99,15,0.0,0,1083
1083000,1,99,99,0,99,17,1.0,0,1083
1083000,1,99,99,0,99,19,0.0,0,1083
1084000,1,99,99,0,99,0,0,0,1084
1084000,1,99,99,0,99,8,0,0,1084
1084000,1,99,99,0,99,1,0.0,0,1084
1084000,1,99,99,0,99,5,0.0,0,1084
1084000,1,99,99,0,99,7,0.0,0,1084
1084000,1,99,99,0,99,3,0.0,0,1084
1084000,1,99,99,0,99,9,0.0,0,1084
1084000,1,99,99,0,99,11,0.0,0,1084
1084000,1,99,99,0,99,13,0.0,0,1084
1084000,1,99,99,0,99,15,0.0,0,1084
1084000,1,99,99,0,99,17,1.0,0,1084
1084000,1,99,99,0,99,19,0.0,0,1084
1085000,1,99,99,0,99,0,0,0,1085
1085000,1,99,99,0,99,8,0,0,1085
1085000,1,99,99,0,99,1,0.0,0,1085
1085000,1,99,99,0,99,5,0.0,0,1085
1085000,1,99,99,0,99,7,0.0,0,1085
1085000,1,99,99,0,99,3,0.0,0,1085
1085000,1,99,99,0,99,9,0.0,0,1085
1085000,1,99,99,0,99,11,0.0,0,1085
1085000,1,99,99,0,99,13,0.0,0,1085
1085000,1,99,99,0,99,15,0.0,0,1085
1085000,1,99,99,0,99,17,0.0,0,1085
1085000,1,99,99,0,99,19,0.9992433693220153,0,1085
1086000,1,99,99,0,99,0,0,0,1086
1086000,1,99,99,0,99,8,0,0,1086
1086000,1,99,99,0,99,1,0.0,0,1086
1086000,1,99,99,0,99,5,0.0,0,1086
1086000,1,99,99,0,99,7,0.0,0,1086
1086000,1,99,99,0,99,3,0.0,0,1086
1086000,1,99,99,0,99,9,0.0,0,1086
1086000,1,99,99,0,99,11,0.0,0,1086
1086000,1,99,99,0,99,13,0.0,0,1086
1086000,1,99,99,0,99,15,0.0,0,1086
1086000,1,99,99,0,99,17,1.0,0,1086
1086000,1,99,99,0,99,19,0.0,0,1086
1087000,1,99,99,0,99,0,0,0,1087
1087000,1,99,99,0,99,8,0,0,1087
1087000,1,99,99,0,99,1,0.0,0,1087
1087000,1,99,99,0,99,5,0.0,0,1087
1087000,1,99,99,0,99,7,0.0,0,1087
1087000,1,99,99,0,99,3,0.0,0,1087
1087000,1,99,99,0,99,9,0.0,0,1087
1087000,1,99,99,0,99,11,0.0,0,1087
1087000,1,99,99,0,99,13,0.0,0,1087
1087000,1,99,99,0,99,15,0.0,0,1087
1087000,1,99,99,0,99,17,1.0,0,1087
1087000,1,99,99,0,99,19,0.0,0,1087
1088000,1,99,99,0,99,0,0,0,1088
1088000,1,99,99,0,99,8,0,0,1088
1088000,1,99,99,0,99,1,0.0,0,1088
1088000,1,99,99,0,99,5,0.0,0,1088
1088000,1,99,99,0,99,7,0.0,0,1088
1088000,1,99,99,0,99,3,0.0,0,1088
1088000,1,99,99,0,99,9,0.0,0,1088
1088000,1,99,99,0,99,11,0.0,0,1088
1088000,1,99,99,0,99,13,0.0,0,1088
1088000,1,99,99,0,99,15,0.0,0,1088
1088000,1,99,99,0,99,17,0.010982380013251948,0,1088
1088000,1,99,99,0,99,19,0.9890176199867481,0,1088
1089000,1,99,99,0,99,0,0,0,1089
1089000,1,99,99,0,99,8,0,0,1089
1089000,1,99,99,0,99,1,0.0,0,1089
1089000,1,99,99,0,99,5,0.0,0,1089
1089000,1,99,99,0,99,7,0.0,0,1089
1089000,1,99,99,0,99,3,0.0,0,1089
1089000,1,99,99,0,99,9,0.0,0,1089
1089000,1,99,99,0,99,11,0.0,0,1089
1089000,1,99,99,0,99,13,0.0,0,1089
1089000,1,99,99,0,99,15,0.0,0,1089
1089000,1,99,99,0,99,17,0.0,0,1089
1089000,1,99,99,0,99,19,1.0,0,1089
1090000,1,99,99,0,99,0,0,0,1090
1090000,1,99,99,0,99,8,0,0,1090
1090000,1,99,99,0,99,1,0.0,0,1090
1090000,1,99,99,0,99,5,0.0,0,1090
1090000,1,99,99,0,99,7,0.0,0,1090
1090000,1,99,99,0,99,3,0.0,0,1090
1090000,1,99,99,0,99,9,0.0,0,1090
1090000,1,99,99,0,99,11,0.0,0,1090
1090000,1,99,99,0,99,13,0.0,0,1090
1090000,1,99,99,0,99,15,0.0,0,1090
1090000,1,99,99,0,99,17,0.02074830952363947,0,1090
1090000,1,99,99,0,99,19,0.9792516904763605,0,1090
1091000,1,99,99,0,99,0,0,0,1091
1091000,1,99,99,0,99,8,0,0,1091
1091000,1,99,99,0,99,1,0.0,0,1091
1091000,1,99,99,0,99,5,0.0,0,1091
1091000,1,99,99,0,99,7,1.0,0,1091
1091000,1,99,99,0,99,3,0.0,0,1091
1091000,1,99,99,0,99,9,0.0,0,1091
1091000,1,99,99,0,99,11,0.0,0,1091
1091000,1,99,99,0,99,13,0.0,0,1091
1091000,1,99,99,0,99,15,0.0,0,1091
1091000,1,99,99,0,99,17,0.0,0,1091
1091000,1,99,99,0,99,19,0.0,0,1091
1092000,1,99,99,0,99,0,0,0,1092
1092000,1,99,99,0,99,8,0,0,1092
1092000,1,99,99,0,99,1,0.0,0,1092
1092000,1,99,99,0,99,5,0.0,0,1092
1092000,1,99,99,0,99,7,0.0,0,1092
1092000,1,99,99,0,99,3,0.0,0,1092
1092000,1,99,99,0,99,9,0.0,0,1092
1092000,1,99,99,0,99,11,0.0,0,1092
1092000,1,99,99,0,99,13,0.0,0,1092
1092000,1,99,99,0,99,15,0.0,0,1092
1092000,1,99,99,0,99,17,0.0,0,1092
1092000,1,99,99,0,99,19,0.9999997414218539,0,1092
1093000,1,99,99,0,99,0,0,0,1093
1093000,1,99,99,0,99,8,0,0,1093
1093000,1,99,99,0,99,1,0.0,0,1093
1093000,1,99,99,0,99,5,0.0,0,1093
1093000,1,99,99,0,99,7,0.0,0,1093
1093000,1,99,99,0,99,3,0.0,0,1093
1093000,1,99,99,0,99,9,0.0,0,1093
1093000,1,99,99,0,99,11,0.0,0,1093
1093000,1,99,99,0,99,13,0.0,0,1093
1093000,1,99,99,0,99,15,0.0,0,1093
1093000,1,99,99,0,99,17,0.002655545262616914,0,1093
1093000,1,99,99,0,99,19,0.9973444547373504,0,1093
1094000,1,99,99,0,99,0,0,0,1094
1094000,1,99,99,0,99,8,0,0,1094
1094000,1,99,99,0,99,1,0.0,0,1094
1094000,1,99,99,0,99,5,0.0,0,1094
1094000,1,99,99,0,99,7,0.0,0,1094
1094000,1,99,99,0,99,3,0.0,0,1094
1094000,1,99,99,0,99,9,0.0,0,1094
1094000,1,99,99,0,99,11,0.0,0,1094
1094000,1,99,99,0,99,13,0.0,0,1094
1094000,1,99,99,0,99,15,0.0,0,1094
1094000,1,99,99,0,99,17,0.0,0,1094
1094000,1,99,99,0,99,19,0.9999993777640623,0,1094
1095000,1,99,99,0,99,0,0,0,1095
1095000,1,99,99,0,99,8,0,0,1095
1095000,1,99,99,0,99,1,0.0,0,1095
1095000,1,99,99,0,99,5,0.0,0,1095
1095000,1,99,99,0,99,7,0.0,0,1095
1095000,1,99,99,0,99,3,0.0,0,1095
1095000,1,99,99,0,99,9,0.0,0,1095
1095000,1,99,99,0,99,11,0.0,0,1095
1095000,1,99,99,0,99,13,0.0,0,1095
1095000,1,99,99,0,99,15,0.0,0,1095
1095000,1,99,99,0,99,17,0.006549992754150444,0,1095
1095000,1,99,99,0,99,19,0.9934500072458495,0,1095
1096000,1,99,99,0,99,0,0,0,1096
1096000,1,99,99,0,99,8,0,0,1096
1096000,1,99,99,0,99,1,0.0,0,1096
1096000,1,99,99,0,99,5,0.0,0,1096
1096000,1,99,99,0,99,7,0.0,0,1096
1096000,1,99,99,0,99,3,0.0,0,1096
1096000,1,99,99,0,99,9,0.0,0,1096
1096000,1,99,99,0,99,11,0.0,0,1096
1096000,1,99,99,0,99,13,0.0,0,1096
1096000,1,99,99,0,99,15,0.0,0,1096
1096000,1,99,99,0,99,17,0.022985147014568923,0,1096
1096000,1,99,99,0,99,19,0.9770148529854311,0,1096
1097000,1,99,99,0,99,0,0,0,1097
1097000,1,99,99,0,99,8,0,0,1097
1097000,1,99,99,0,99,1,0.0,0,1097
1097000,1,99,99,0,99,5,0.0,0,1097
1097000,1,99,99,0,99,7,1.0,0,1097
1097000,1,99,99,0,99,3,0.0,0,1097
1097000,1,99,99,0,99,9,0.0,0,1097
1097000,1,99,99,0,99,11,0.0,0,1097
1097000,1,99,99,0,99,13,0.0,0,1097
1097000,1,99,99,0,99,15,0.0,0,1097
1097000,1,99,99,0,99,17,0.0,0,1097
1097000,1,99,99,0,99,19,0.0,0,1097
1098000,1,99,99,0,99,0,0,0,1098
1098000,1,99,99,0,99,8,0,0,1098
1098000,1,99,99,0,99,1,0.0,0,1098
1098000,1,99,99,0,99,5,0.0,0,1098
1098000,1,99,99,0,99,7,0.0,0,1098
1098000,1,99,99,0,99,3,0.0,0,1098
1098000,1,99,99,0,99,9,0.0,0,1098
1098000,1,99,99,0,99,11,0.0,0,1098
1098000,1,99,99,0,99,13,0.0,0,1098
1098000,1,99,99,0,99,15,0.0,0,1098
1098000,1,99,99,0,99,17,1.0,0,1098
1098000,1,99,99,0,99,19,0.0,0,1098
1099000,1,99,99,0,99,0,0,0,1099
1099000,1,99,99,0,99,8,0,0,1099
1099000,1,99,99,0,99,1,0.0,0,1099
1099000,1,99,99,0,99,5,0.0,0,1099
1099000,1,99,99,0,99,7,0.0,0,1099
1099000,1,99,99,0,99,3,0.0,0,1099
1099000,1,99,99,0,99,9,0.0,0,1099
1099000,1,99,99,0,99,11,0.0,0,1099
1099000,1,99,99,0,99,13,0.0,0,1099
1099000,1,99,99,0,99,15,0.0,0,1099
1099000,1,99,99,0,99,17,0.0,0,1099
1099000,1,99,99,0,99,19,1.0,0,1099
1100000,1,99,99,0,99,0,0,0,1100
1100000,1,99,99,0,99,8,0,0,1100
1100000,1,99,99,0,99,1,0.0,0,1100
1100000,1,99,99,0,99,5,0.0,0,1100
1100000,1,99,99,0,99,7,0.0,0,1100
1100000,1,99,99,0,99,3,0.0,0,1100
1100000,1,99,99,0,99,9,0.0,0,1100
1100000,1,99,99,0,99,11,0.0,0,1100
1100000,1,99,99,0,99,13,0.0,0,1100
1100000,1,99,99,0,99,15,0.0,0,1100
1100000,1,99,99,0,99,17,0.0,0,1100
1100000,1,99,99,0,99,19,1.0,0,1100
1101000,1,99,99,0,99,0,0,0,1101
1101000,1,99,99,0,99,8,0,0,1101
1101000,1,99,99,0,99,1,0.0,0,1101
1101000,1,99,99,0,99,5,0.0,0,1101
1101000,1,99,99,0,99,7,0.0,0,1101
1101000,1,99,99,0,99,3,0.0,0,1101
1101000,1,99,99,0,99,9,0.0,0,1101
1101000,1,99,99,0,99,11,0.0,0,1101
1101000,1,99,99,0,99,13,0.0,0,1101
1101000,1,99,99,0,99,15,0.0,0,1101
1101000,1,99,99,0,99,17,0.0,0,1101
1101000,1,99,99,0,99,19,0.9998302466698245,0,1101
1102000,1,99,99,0,99,0,0,0,1102
1102000,1,99,99,0,99,8,0,0,1102
1102000,1,99,99,0,99,1,0.0,0,1102
1102000,1,99,99,0,99,5,0.0,0,1102
1102000,1,99,99,0,99,7,0.0,0,1102
1102000,1,99,99,0,99,3,0.0,0,1102
1102000,1,99,99,0,99,9,0.0,0,1102
1102000,1,99,99,0,99,11,0.0,0,1102
1102000,1,99,99,0,99,13,0.0,0,1102
1102000,1,99,99,0,99,15,0.0,0,1102
1102000,1,99,99,0,99,17,0.0,0,1102
1102000,1,99,99,0,99,19,0.999316742730378,0,1102
1103000,1,99,99,0,99,0,0,0,1103
1103000,1,99,99,0,99,8,0,0,1103
1103000,1,99,99,0,99,1,0.0,0,1103
1103000,1,99,99,0,99,5,0.0,0,1103
1103000,1,99,99,0,99,7,0.0,0,1103
1103000,1,99,99,0,99,3,0.0,0,1103
1103000,1,99,99,0,99,9,0.0,0,1103
1103000,1,99,99,0,99,11,0.0,0,1103
1103000,1,99,99,0,99,13,0.0,0,1103
1103000,1,99,99,0,99,15,0.0,0,1103
1103000,1,99,99,0,99,17,0.0031947437082155664,0,1103
1103000,1,99,99,0,99,19,0.9968052562917844,0,1103
1104000,1,99,99,0,99,0,0,0,1104
1104000,1,99,99,0,99,8,0,0,1104
1104000,1,99,99,0,99,1,0.0,0,1104
1104000,1,99,99,0,99,5,0.0,0,1104
1104000,1,99,99,0,99,7,0.0,0,1104
1104000,1,99,99,0,99,3,0.0,0,1104
1104000,1,99,99,0,99,9,0.0,0,1104
1104000,1,99,99,0,99,11,0.0,0,1104
1104000,1,99,99,0,99,13,0.0,0,1104
1104000,1,99,99,0,99,15,0.0,0,1104
1104000,1,99,99,0,99,17,0.0,0,1104
1104000,1,99,99,0,99,19,1.0,0,1104
1105000,1,99,99,0,99,0,0,0,1105
1105000,1,99,99,0,99,8,0,0,1105
1105000,1,99,99,0,99,1,0.0,0,1105
1105000,1,99,99,0,99,5,0.0,0,1105
1105000,1,99,99,0,99,7,1.0,0,1105
1105000,1,99,99,0,99,3,0.0,0,1105
1105000,1,99,99,0,99,9,0.0,0,1105
1105000,1,99,99,0,99,11,0.0,0,1105
1105000,1,99,99,0,99,13,0.0,0,1105
1105000,1,99,99,0,99,15,0.0,0,1105
1105000,1,99,99,0,99,17,0.0,0,1105
1105000,1,99,99,0,99,19,0.0,0,1105
1106000,1,99,99,0,99,0,0,0,1106
1106000,1,99,99,0,99,8,0,0,1106
1106000,1,99,99,0,99,1,0.0,0,1106
1106000,1,99,99,0,99,5,0.0,0,1106
1106000,1,99,99,0,99,7,0.0,0,1106
1106000,1,99,99,0,99,3,0.0,0,1106
1106000,1,99,99,0,99,9,0.0,0,1106
1106000,1,99,99,0,99,11,0.0,0,1106
1106000,1,99,99,0,99,13,0.0,0,1106
1106000,1,99,99,0,99,15,0.0,0,1106
1106000,1,99,99,0,99,17,0.0014020355031628521,0,1106
1106000,1,99,99,0,99,19,0.9985979644968371,0,1106
1107000,1,99,99,0,99,0,0,0,1107
1107000,1,99,99,0,99,8,0,0,1107
1107000,1,99,99,0,99,1,0.0,0,1107
1107000,1,99,99,0,99,5,0.0,0,1107
1107000,1,99,99,0,99,7,0.0,0,1107
1107000,1,99,99,0,99,3,0.0,0,1107
1107000,1,99,99,0,99,9,0.0,0,1107
1107000,1,99,99,0,99,11,0.0,0,1107
1107000,1,99,99,0,99,13,0.0,0,1107
1107000,1,99,99,0,99,15,0.0,0,1107
1107000,1,99,99,0,99,17,0.0,0,1107
1107000,1,99,99,0,99,19,1.0,0,1107
1108000,1,99,99,0,99,0,0,0,1108
1108000,1,99,99,0,99,8,0,0,1108
1108000,1,99,99,0,99,1,0.0,0,1108
1108000,1,99,99,0,99,5,0.0,0,1108
1108000,1,99,99,0,99,7,0.0,0,1108
1108000,1,99,99,0,99,3,0.0,0,1108
1108000,1,99,99,0,99,9,0.0,0,1108
1108000,1,99,99,0,99,11,0.0,0,1108
1108000,1,99,99,0,99,13,0.0,0,1108
1108000,1,99,99,0,99,15,0.0,0,1108
1108000,1,99,99,0,99,17,0.0,0,1108
1108000,1,99,99,0,99,19,1.0,0,1108
1109000,1,99,99,0,99,0,0,0,1109
1109000,1,99,99,0,99,8,0,0,1109
1109000,1,99,99,0,99,1,0.0,0,1109
1109000,1,99,99,0,99,5,0.0,0,1109
1109000,1,99,99,0,99,7,1.0,0,1109
1109000,1,99,99,0,99,3,0.0,0,1109
1109000,1,99,99,0,99,9,0.0,0,1109
1109000,1,99,99,0,99,11,0.0,0,1109
1109000,1,99,99,0,99,13,0.0,0,1109
1109000,1,99,99,0,99,15,0.0,0,1109
1109000,1,99,99,0,99,17,0.0,0,1109
1109000,1,99,99,0,99,19,0.0,0,1109
1110000,1,99,99,0,99,0,1,0,1110
1110000,1,99,99,0,99,8,0,0,1110
1110000,1,99,99,0,99,1,0.0,0,1110
1110000,1,99,99,0,99,5,0.0,0,1110
1110000,1,99,99,0,99,7,0.0,0,1110
1110000,1,99,99,0,99,3,0.0,0,1110
1110000,1,99,99,0,99,9,0.0,0,1110
1110000,1,99,99,0,99,11,0.0,0,1110
1110000,1,99,99,0,99,13,0.0,0,1110
1110000,1,99,99,0,99,15,0.0,0,1110
1110000,1,99,99,0,99,17,0.0,0,1110
1110000,1,99,99,0,99,19,0.0,0,1110
1111000,1,99,99,0,99,0,0,0,1111
1111000,1,99,99,0,99,8,0,0,1111
1111000,1,99,99,0,99,1,0.0,0,1111
1111000,1,99,99,0,99,5,0.0,0,1111
1111000,1,99,99,0,99,7,0.0,0,1111
1111000,1,99,99,0,99,3,0.0,0,1111
1111000,1,99,99,0,99,9,0.0,0,1111
1111000,1,99,99,0,99,11,0.0,0,1111
1111000,1,99,99,0,99,13,0.0,0,1111
1111000,1,99,99,0,99,15,0.0,0,1111
1111000,1,99,99,0,99,17,0.0033359896566053206,0,1111
1111000,1,99,99,0,99,19,0.9966640103433947,0,1111
1112000,1,99,99,0,99,0,0,0,1112
1112000,1,99,99,0,99,8,0,0,1112
1112000,1,99,99,0,99,1,0.0,0,1112
1112000,1,99,99,0,99,5,0.0,0,1112
1112000,1,99,99,0,99,7,0.0,0,1112
1112000,1,99,99,0,99,3,0.0,0,1112
1112000,1,99,99,0,99,9,0.0,0,1112
1112000,1,99,99,0,99,11,0.0,0,1112
1112000,1,99,99,0,99,13,0.0,0,1112
1112000,1,99,99,0,99,15,0.0,0,1112
1112000,1,99,99,0,99,17,0.0,0,1112
1112000,1,99,99,0,99,19,1.0,0,1112
1113000,1,99,99,0,99,0,0,0,1113
1113000,1,99,99,0,99,8,0,0,1113
1113000,1,99,99,0,99,1,0.0,0,1113
1113000,1,99,99,0,99,5,0.0,0,1113
1113000,1,99,99,0,99,7,0.0,0,1113
1113000,1,99,99,0,99,3,0.0,0,1113
1113000,1,99,99,0,99,9,0.0,0,1113
1113000,1,99,99,0,99,11,0.0,0,1113
1113000,1,99,99,0,99,13,0.0,0,1113
1113000,1,99,99,0,99,15,0.0,0,1113
1113000,1,99,99,0,99,17,0.0,0,1113
1113000,1,99,99,0,99,19,1.0,0,1113
1114000,1,99,99,0,99,0,0,0,1114
1114000,1,99,99,0,99,8,0,0,1114
1114000,1,99,99,0,99,1,0.0,0,1114
1114000,1,99,99,0,99,5,0.0,0,1114
1114000,1,99,99,0,99,7,0.0,0,1114
1114000,1,99,99,0,99,3,0.0,0,1114
1114000,1,99,99,0,99,9,0.0,0,1114
1114000,1,99,99,0,99,11,0.0,0,1114
1114000,1,99,99,0,99,13,0.0,0,1114
1114000,1,99,99,0,99,15,0.0,0,1114
1114000,1,99,99,0,99,17,0.0015217606710068098,0,1114
1114000,1,99,99,0,99,19,0.9984782393289932,0,1114
1115000,1,99,99,0,99,0,0,0,1115
1115000,1,99,99,0,99,8,0,0,1115
1115000,1,99,99,0,99,1,0.0,0,1115
1115000,1,99,99,0,99,5,0.0,0,1115
1115000,1,99,99,0,99,7,0.0,0,1115
1115000,1,99,99,0,99,3,0.0,0,1115
1115000,1,99,99,0,99,9,0.0,0,1115
1115000,1,99,99,0,99,11,0.0,0,1115
1115000,1,99,99,0,99,13,0.0,0,1115
1115000,1,99,99,0,99,15,0.0,0,1115
1115000,1,99,99,0,99,17,0.0,0,1115
1115000,1,99,99,0,99,19,1.0,0,1115
1116000,1,99,99,0,99,0,0,0,1116
1116000,1,99,99,0,99,8,0,0,1116
1116000,1,99,99,0,99,1,0.0,0,1116
1116000,1,99,99,0,99,5,0.0,0,1116
1116000,1,99,99,0,99,7,1.0,0,1116
1116000,1,99,99,0,99,3,0.0,0,1116
1116000,1,99,99,0,99,9,0.0,0,1116
1116000,1,99,99,0,99,11,0.0,0,1116
1116000,1,99,99,0,99,13,0.0,0,1116
1116000,1,99,99,0,99,15,0.0,0,1116
1116000,1,99,99,0,99,17,0.0,0,1116
1116000,1,99,99,0,99,19,0.0,0,1116
1117000,1,99,99,0,99,0,0,0,1117
1117000,1,99,99,0,99,8,0,0,1117
1117000,1,99,99,0,99,1,0.0,0,1117
1117000,1,99,99,0,99,5,0.0,0,1117
1117000,1,99,99,0,99,7,0.0,0,1117
1117000,1,99,99,0,99,3,0.0,0,1117
1117000,1,99,99,0,99,9,0.0,0,1117
1117000,1,99,99,0,99,11,0.0,0,1117
1117000,1,99,99,0,99,13,0.0,0,1117
1117000,1,99,99,0,99,15,0.0,0,1117
1117000,1,99,99,0,99,17,0.001533531659407855,0,1117
1117000,1,99,99,0,99,19,0.9984664683405922,0,1117
1118000,1,99,99,0,99,0,0,0,1118
1118000,1,99,99,0,99,8,0,0,1118
1118000,1,99,99,0,99,1,0.0,0,1118
1118000,1,99,99,0,99,5,0.0,0,1118
1118000,1,99,99,0,99,7,1.0,0,1118
1118000,1,99,99,0,99,3,0.0,0,1118
1118000,1,99,99,0,99,9,0.0,0,1118
1118000,1,99,99,0,99,11,0.0,0,1118
1118000,1,99,99,0,99,13,0.0,0,1118
1118000,1,99,99,0,99,15,0.0,0,1118
1118000,1,99,99,0,99,17,0.0,0,1118
1118000,1,99,99,0,99,19,0.0,0,1118
1119000,1,99,99,0,99,0,0,0,1119
1119000,1,99,99,0,99,8,0,0,1119
1119000,1,99,99,0,99,1,0.0,0,1119
1119000,1,99,99,0,99,5,0.0,0,1119
1119000,1,99,99,0,99,7,0.0,0,1119
1119000,1,99,99,0,99,3,0.0,0,1119
1119000,1,99,99,0,99,9,0.0,0,1119
1119000,1,99,99,0,99,11,0.0,0,1119
1119000,1,99,99,0,99,13,0.0,0,1119
1119000,1,99,99,0,99,15,0.0,0,1119
1119000,1,99,99,0,99,17,0.9999999981005162,0,1119
1119000,1,99,99,0,99,19,0.0,0,1119
1120000,1,99,99,0,99,0,0,0,1120
1120000,1,99,99,0,99,8,0,0,1120
1120000,1,99,99,0,99,1,0.0,0,1120
1120000,1,99,99,0,99,5,0.0,0,1120
1120000,1,99,99,0,99,7,1.0,0,1120
1120000,1,99,99,0,99,3,0.0,0,1120
1120000,1,99,99,0,99,9,0.0,0,1120
1120000,1,99,99,0,99,11,0.0,0,1120
1120000,1,99,99,0,99,13,0.0,0,1120
1120000,1,99,99,0,99,15,0.0,0,1120
1120000,1,99,99,0,99,17,0.0,0,1120
1120000,1,99,99,0,99,19,0.0,0,1120
1121000,1,99,99,0,99,0,0,0,1121
1121000,1,99,99,0,99,8,0,0,1121
1121000,1,99,99,0,99,1,0.0,0,1121
1121000,1,99,99,0,99,5,0.0,0,1121
1121000,1,99,99,0,99,7,0.0,0,1121
1121000,1,99,99,0,99,3,0.0,0,1121
1121000,1,99,99,0,99,9,0.0,0,1121
1121000,1,99,99,0,99,11,0.0,0,1121
1121000,1,99,99,0,99,13,0.0,0,1121
1121000,1,99,99,0,99,15,0.0,0,1121
1121000,1,99,99,0,99,17,0.9999999974382385,0,1121
1121000,1,99,99,0,99,19,0.0,0,1121
1122000,1,99,99,0,99,0,0,0,1122
1122000,1,99,99,0,99,8,0,0,1122
1122000,1,99,99,0,99,1,0.0,0,1122
1122000,1,99,99,0,99,5,0.0,0,1122
1122000,1,99,99,0,99,7,0.0,0,1122
1122000,1,99,99,0,99,3,0.0,0,1122
1122000,1,99,99,0,99,9,0.0,0,1122
1122000,1,99,99,0,99,11,0.0,0,1122
1122000,1,99,99,0,99,13,0.0,0,1122
1122000,1,99,99,0,99,15,0.0,0,1122
1122000,1,99,99,0,99,17,0.9999999939079257,0,1122
1122000,1,99,99,0,99,19,0.0,0,1122
1123000,1,99,99,0,99,0,0,0,1123
1123000,1,99,99,0,99,8,0,0,1123
1123000,1,99,99,0,99,1,0.0,0,1123
1123000,1,99,99,0,99,5,0.0,0,1123
1123000,1,99,99,0,99,7,0.0,0,1123
1123000,1,99,99,0,99,3,0.0,0,1123
1123000,1,99,99,0,99,9,0.0,0,1123
1123000,1,99,99,0,99,11,0.0,0,1123
1123000,1,99,99,0,99,13,0.0,0,1123
1123000,1,99,99,0,99,15,0.0,0,1123
1123000,1,99,99,0,99,17,0.0,0,1123
1123000,1,99,99,0,99,19,0.9997719354166444,0,1123
1124000,1,99,99,0,99,0,1,0,1124
1124000,1,99,99,0,99,8,0,0,1124
1124000,1,99,99,0,99,1,0.0,0,1124
1124000,1,99,99,0,99,5,0.0,0,1124
1124000,1,99,99,0,99,7,0.0,0,1124
1124000,1,99,99,0,99,3,0.0,0,1124
1124000,1,99,99,0,99,9,0.0,0,1124
1124000,1,99,99,0,99,11,0.0,0,1124
1124000,1,99,99,0,99,13,0.0,0,1124
1124000,1,99,99,0,99,15,0.0,0,1124
1124000,1,99,99,0,99,17,0.0,0,1124
1124000,1,99,99,0,99,19,0.0,0,1124
1125000,1,99,99,0,99,0,0,0,1125
1125000,1,99,99,0,99,8,0,0,1125
1125000,1,99,99,0,99,1,0.0,0,1125
1125000,1,99,99,0,99,5,0.0,0,1125
1125000,1,99,99,0,99,7,0.0,0,1125
1125000,1,99,99,0,99,3,0.0,0,1125
1125000,1,99,99,0,99,9,0.0,0,1125
1125000,1,99,99,0,99,11,0.0,0,1125
1125000,1,99,99,0,99,13,0.0,0,1125
1125000,1,99,99,0,99,15,0.0,0,1125
1125000,1,99,99,0,99,17,0.0,0,1125
1125000,1,99,99,0,99,19,1.0,0,1125
1126000,1,99,99,0,99,0,1,0,1126
1126000,1,99,99,0,99,8,0,0,1126
1126000,1,99,99,0,99,1,0.0,0,1126
1126000,1,99,99,0,99,5,0.0,0,1126
1126000,1,99,99,0,99,7,0.0,0,1126
1126000,1,99,99,0,99,3,0.0,0,1126
1126000,1,99,99,0,99,9,0.0,0,1126
1126000,1,99,99,0,99,11,0.0,0,1126
1126000,1,99,99,0,99,13,0.0,0,1126
1126000,1,99,99,0,99,15,0.0,0,1126
1126000,1,99,99,0,99,17,0.0,0,1126
1126000,1,99,99,0,99,19,0.0,0,1126
1127000,1,99,99,0,99,0,0,0,1127
1127000,1,99,99,0,99,8,0,0,1127
1127000,1,99,99,0,99,1,0.0,0,1127
1127000,1,99,99,0,99,5,0.0,0,1127
1127000,1,99,99,0,99,7,0.0,0,1127
1127000,1,99,99,0,99,3,0.0,0,1127
1127000,1,99,99,0,99,9,0.0,0,1127
1127000,1,99,99,0,99,11,0.0,0,1127
1127000,1,99,99,0,99,13,0.0,0,1127
1127000,1,99,99,0,99,15,0.0,0,1127
1127000,1,99,99,0,99,17,0.0,0,1127
1127000,1,99,99,0,99,19,0.9999176189718761,0,1127
1128000,1,99,99,0,99,0,0,0,1128
1128000,1,99,99,0,99,8,0,0,1128
1128000,1,99,99,0,99,1,0.0,0,1128
1128000,1,99,99,0,99,5,0.0,0,1128
1128000,1,99,99,0,99,7,0.0,0,1128
1128000,1,99,99,0,99,3,0.0,0,1128
1128000,1,99,99,0,99,9,0.0,0,1128
1128000,1,99,99,0,99,11,0.0,0,1128
1128000,1,99,99,0,99,13,0.0,0,1128
1128000,1,99,99,0,99,15,0.0,0,1128
1128000,1,99,99,0,99,17,0.601847353000187,0,1128
1128000,1,99,99,0,99,19,0.39815264699981306,0,1128
1129000,1,99,99,0,99,0,0,0,1129
1129000,1,99,99,0,99,8,0,0,1129
1129000,1,99,99,0,99,1,0.0,0,1129
1129000,1,99,99,0,99,5,0.0,0,1129
1129000,1,99,99,0,99,7,0.0,0,1129
1129000,1,99,99,0,99,3,0.0,0,1129
1129000,1,99,99,0,99,9,0.0,0,1129
1129000,1,99,99,0,99,11,0.0,0,1129
1129000,1,99,99,0,99,13,0.0,0,1129
1129000,1,99,99,0,99,15,0.0,0,1129
1129000,1,99,99,0,99,17,0.0,0,1129
1129000,1,99,99,0,99,19,1.0,0,1129
1130000,1,99,99,0,99,0,0,0,1130
1130000,1,99,99,0,99,8,0,0,1130
1130000,1,99,99,0,99,1,0.0,0,1130
1130000,1,99,99,0,99,5,0.0,0,1130
1130000,1,99,99,0,99,7,0.0,0,1130
1130000,1,99,99,0,99,3,0.0,0,1130
1130000,1,99,99,0,99,9,0.0,0,1130
1130000,1,99,99,0,99,11,0.0,0,1130
1130000,1,99,99,0,99,13,0.0,0,1130
1130000,1,99,99,0,99,15,0.0,0,1130
1130000,1,99,99,0,99,17,0.9999999591760093,0,1130
1130000,1,99,99,0,99,19,0.0,0,1130
1131000,1,99,99,0,99,0,0,0,1131
1131000,1,99,99,0,99,8,0,0,1131
1131000,1,99,99,0,99,1,0.0,0,1131
1131000,1,99,99,0,99,5,0.0,0,1131
1131000,1,99,99,0,99,7,0.0,0,1131
1131000,1,99,99,0,99,3,0.0,0,1131
1131000,1,99,99,0,99,9,0.0,0,1131
1131000,1,99,99,0,99,11,0.0,0,1131
1131000,1,99,99,0,99,13,0.0,0,1131
1131000,1,99,99,0,99,15,0.0,0,1131
1131000,1,99,99,0,99,17,0.0,0,1131
1131000,1,99,99,0,99,19,0.9999485003096968,0,1131
1132000,1,99,99,0,99,0,0,0,1132
1132000,1,99,99,0,99,8,0,0,1132
1132000,1,99,99,0,99,1,0.0,0,1132
1132000,1,99,99,0,99,5,0.0,0,1132
1132000,1,99,99,0,99,7,1.0,0,1132
1132000,1,99,99,0,99,3,0.0,0,1132
1132000,1,99,99,0,99,9,0.0,0,1132
1132000,1,99,99,0,99,11,0.0,0,1132
1132000,1,99,99,0,99,13,0.0,0,1132
1132000,1,99,99,0,99,15,0.0,0,1132
1132000,1,99,99,0,99,17,0.0,0,1132
1132000,1,99,99,0,99,19,0.0,0,1132
1133000,1,99,99,0,99,0,0,0,1133
1133000,1,99,99,0,99,8,0,0,1133
1133000,1,99,99,0,99,1,0.0,0,1133
1133000,1,99,99,0,99,5,0.0,0,1133
1133000,1,99,99,0,99,7,0.0,0,1133
1133000,1,99,99,0,99,3,0.0,0,1133
1133000,1,99,99,0,99,9,0.0,0,1133
1133000,1,99,99,0,99,11,0.0,0,1133
1133000,1,99,99,0,99,13,0.0,0,1133
1133000,1,99,99,0,99,15,0.0,0,1133
1133000,1,99,99,0,99,17,0.0,0,1133
1133000,1,99,99,0,99,19,0.9999018719606961,0,1133
1134000,1,99,99,0,99,0,0,0,1134
1134000,1,99,99,0,99,8,0,0,1134
1134000,1,99,99,0,99,1,0.0,0,1134
1134000,1,99,99,0,99,5,0.0,0,1134
1134000,1,99,99,0,99,7,0.0,0,1134
1134000,1,99,99,0,99,3,0.0,0,1134
1134000,1,99,99,0,99,9,0.0,0,1134
1134000,1,99,99,0,99,11,0.0,0,1134
1134000,1,99,99,0,99,13,0.0,0,1134
1134000,1,99,99,0,99,15,0.0,0,1134
1134000,1,99,99,0,99,17,0.0,0,1134
1134000,1,99,99,0,99,19,1.0,0,1134
1135000,1,99,99,0,99,0,0,0,1135
1135000,1,99,99,0,99,8,0,0,1135
1135000,1,99,99,0,99,1,0.0,0,1135
1135000,1,99,99,0,99,5,0.0,0,1135
1135000,1,99,99,0,99,7,0.0,0,1135
1135000,1,99,99,0,99,3,0.0,0,1135
1135000,1,99,99,0,99,9,0.0,0,1135
1135000,1,99,99,0,99,11,0.0,0,1135
1135000,1,99,99,0,99,13,0.0,0,1135
1135000,1,99,99,0,99,15,0.0,0,1135
1135000,1,99,99,0,99,17,0.0,0,1135
1135000,1,99,99,0,99,19,0.9993348117926713,0,1135
1136000,1,99,99,0,99,0,0,0,1136
1136000,1,99,99,0,99,8,0,0,1136
1136000,1,99,99,0,99,1,0.0,0,1136
1136000,1,99,99,0,99,5,0.0,0,1136
1136000,1,99,99,0,99,7,0.0,0,1136
1136000,1,99,99,0,99,3,0.0,0,1136
1136000,1,99,99,0,99,9,0.0,0,1136
1136000,1,99,99,0,99,11,0.0,0,1136
1136000,1,99,99,0,99,13,0.0,0,1136
1136000,1,99,99,0,99,15,0.0,0,1136
1136000,1,99,99,0,99,17,0.0,0,1136
1136000,1,99,99,0,99,19,0.9992790519945877,0,1136
1137000,1,99,99,0,99,0,0,0,1137
1137000,1,99,99,0,99,8,0,0,1137
1137000,1,99,99,0,99,1,0.0,0,1137
1137000,1,99,99,0,99,5,0.0,0,1137
1137000,1,99,99,0,99,7,0.0,0,1137
1137000,1,99,99,0,99,3,0.0,0,1137
1137000,1,99,99,0,99,9,0.0,0,1137
1137000,1,99,99,0,99,11,0.0,0,1137
1137000,1,99,99,0,99,13,0.0,0,1137
1137000,1,99,99,0,99,15,0.0,0,1137
1137000,1,99,99,0,99,17,0.9195597625287054,0,1137
1137000,1,99,99,0,99,19,0.08044023747079516,0,1137
1138000,1,99,99,0,99,0,0,0,1138
1138000,1,99,99,0,99,8,0,0,1138
1138000,1,99,99,0,99,1,0.0,0,1138
1138000,1,99,99,0,99,5,0.0,0,1138
1138000,1,99,99,0,99,7,0.0,0,1138
1138000,1,99,99,0,99,3,0.0,0,1138
1138000,1,99,99,0,99,9,0.0,0,1138
1138000,1,99,99,0,99,11,0.0,0,1138
1138000,1,99,99,0,99,13,0.0,0,1138
1138000,1,99,99,0,99,15,0.0,0,1138
1138000,1,99,99,0,99,17,0.001265165025479926,0,1138
1138000,1,99,99,0,99,19,0.9987348349745201,0,1138
1139000,1,99,99,0,99,0,0,0,1139
1139000,1,99,99,0,99,8,0,0,1139
1139000,1,99,99,0,99,1,0.0,0,1139
1139000,1,99,99,0,99,5,0.0,0,1139
1139000,1,99,99,0,99,7,0.0,0,1139
1139000,1,99,99,0,99,3,0.0,0,1139
1139000,1,99,99,0,99,9,0.0,0,1139
1139000,1,99,99,0,99,11,0.0,0,1139
1139000,1,99,99,0,99,13,0.0,0,1139
1139000,1,99,99,0,99,15,0.0,0,1139
1139000,1,99,99,0,99,17,0.9999999973389213,0,1139
1139000,1,99,99,0,99,19,0.0,0,1139
1140000,1,99,99,0,99,0,0,0,1140
1140000,1,99,99,0,99,8,0,0,1140
1140000,1,99,99,0,99,1,0.0,0,1140
1140000,1,99,99,0,99,5,0.0,0,1140
1140000,1,99,99,0,99,7,0.0,0,1140
1140000,1,99,99,0,99,3,0.0,0,1140
1140000,1,99,99,0,99,9,0.0,0,1140
1140000,1,99,99,0,99,11,0.0,0,1140
1140000,1,99,99,0,99,13,0.0,0,1140
1140000,1,99,99,0,99,15,0.0,0,1140
1140000,1,99,99,0,99,17,0.0,0,1140
1140000,1,99,99,0,99,19,1.0,0,1140
1141000,1,99,99,0,99,0,0,0,1141
1141000,1,99,99,0,99,8,0,0,1141
1141000,1,99,99,0,99,1,0.0,0,1141
1141000,1,99,99,0,99,5,0.0,0,1141
1141000,1,99,99,0,99,7,0.0,0,1141
1141000,1,99,99,0,99,3,0.0,0,1141
1141000,1,99,99,0,99,9,0.0,0,1141
1141000,1,99,99,0,99,11,0.0,0,1141
1141000,1,99,99,0,99,13,0.0,0,1141
1141000,1,99,99,0,99,15,0.0,0,1141
1141000,1,99,99,0,99,17,0.0,0,1141
1141000,1,99,99,0,99,19,1.0,0,1141
1142000,1,99,99,0,99,0,0,0,1142
1142000,1,99,99,0,99,8,0,0,1142
1142000,1,99,99,0,99,1,0.0,0,1142
1142000,1,99,99,0,99,5,0.0,0,1142
1142000,1,99,99,0,99,7,0.0,0,1142
1142000,1,99,99,0,99,3,0.0,0,1142
1142000,1,99,99,0,99,9,0.0,0,1142
1142000,1,99,99,0,99,11,0.0,0,1142
1142000,1,99,99,0,99,13,0.0,0,1142
1142000,1,99,99,0,99,15,0.0,0,1142
1142000,1,99,99,0,99,17,0.0,0,1142
1142000,1,99,99,0,99,19,0.9998143595006669,0,1142
1143000,1,99,99,0,99,0,0,0,1143
1143000,1,99,99,0,99,8,0,0,1143
1143000,1,99,99,0,99,1,0.0,0,1143
1143000,1,99,99,0,99,5,0.0,0,1143
1143000,1,99,99,0,99,7,1.0,0,1143
1143000,1,99,99,0,99,3,0.0,0,1143
1143000,1,99,99,0,99,9,0.0,0,1143
1143000,1,99,99,0,99,11,0.0,0,1143
1143000,1,99,99,0,99,13,0.0,0,1143
1143000,1,99,99,0,99,15,0.0,0,1143
1143000,1,99,99,0,99,17,0.0,0,1143
1143000,1,99,99,0,99,19,0.0,0,1143
1144000,1,99,99,0,99,0,0,0,1144
1144000,1,99,99,0,99,8,0,0,1144
1144000,1,99,99,0,99,1,0.0,0,1144
1144000,1,99,99,0,99,5,0.0,0,1144
1144000,1,99,99,0,99,7,0.0,0,1144
1144000,1,99,99,0,99,3,0.0,0,1144
1144000,1,99,99,0,99,9,0.0,0,1144
1144000,1,99,99,0,99,11,0.0,0,1144
1144000,1,99,99,0,99,13,0.0,0,1144
1144000,1,99,99,0,99,15,0.0,0,1144
1144000,1,99,99,0,99,17,0.0,0,1144
1144000,1,99,99,0,99,19,1.0,0,1144
1145000,1,99,99,0,99,0,0,0,1145
1145000,1,99,99,0,99,8,0,0,1145
1145000,1,99,99,0,99,1,0.0,0,1145
1145000,1,99,99,0,99,5,0.0,0,1145
1145000,1,99,99,0,99,7,1.0,0,1145
1145000,1,99,99,0,99,3,0.0,0,1145
1145000,1,99,99,0,99,9,0.0,0,1145
1145000,1,99,99,0,99,11,0.0,0,1145
1145000,1,99,99,0,99,13,0.0,0,1145
1145000,1,99,99,0,99,15,0.0,0,1145
1145000,1,99,99,0,99,17,0.0,0,1145
1145000,1,99,99,0,99,19,0.0,0,1145
1146000,1,99,99,0,99,0,0,0,1146
1146000,1,99,99,0,99,8,0,0,1146
1146000,1,99,99,0,99,1,0.0,0,1146
1146000,1,99,99,0,99,5,0.0,0,1146
1146000,1,99,99,0,99,7,0.0,0,1146
1146000,1,99,99,0,99,3,0.0,0,1146
1146000,1,99,99,0,99,9,0.0,0,1146
1146000,1,99,99,0,99,11,0.0,0,1146
1146000,1,99,99,0,99,13,0.0,0,1146
1146000,1,99,99,0,99,15,0.0,0,1146
1146000,1,99,99,0,99,17,0.0,0,1146
1146000,1,99,99,0,99,19,1.0,0,1146
1147000,1,99,99,0,99,0,0,0,1147
1147000,1,99,99,0,99,8,0,0,1147
1147000,1,99,99,0,99,1,0.0,0,1147
1147000,1,99,99,0,99,5,0.0,0,1147
1147000,1,99,99,0,99,7,0.0,0,1147
1147000,1,99,99,0,99,3,0.0,0,1147
1147000,1,99,99,0,99,9,0.0,0,1147
1147000,1,99,99,0,99,11,0.0,0,1147
1147000,1,99,99,0,99,13,0.0,0,1147
1147000,1,99,99,0,99,15,0.0,0,1147
1147000,1,99,99,0,99,17,0.0,0,1147
1147000,1,99,99,0,99,19,1.0,0,1147
1148000,1,99,99,0,99,0,0,0,1148
1148000,1,99,99,0,99,8,0,0,1148
1148000,1,99,99,0,99,1,0.0,0,1148
1148000,1,99,99,0,99,5,0.0,0,1148
1148000,1,99,99,0,99,7,0.0,0,1148
1148000,1,99,99,0,99,3,0.0,0,1148
1148000,1,99,99,0,99,9,0.0,0,1148
1148000,1,99,99,0,99,11,0.0,0,1148
1148000,1,99,99,0,99,13,0.0,0,1148
1148000,1,99,99,0,99,15,0.0,0,1148
1148000,1,99,99,0,99,17,0.0,0,1148
1148000,1,99,99,0,99,19,0.9999433533578953,0,1148
1149000,1,99,99,0,99,0,0,0,1149
1149000,1,99,99,0,99,8,0,0,1149
1149000,1,99,99,0,99,1,0.0,0,1149
1149000,1,99,99,0,99,5,0.0,0,1149
1149000,1,99,99,0,99,7,0.0,0,1149
1149000,1,99,99,0,99,3,0.0,0,1149
1149000,1,99,99,0,99,9,0.0,0,1149
1149000,1,99,99,0,99,11,0.0,0,1149
1149000,1,99,99,0,99,13,0.0,0,1149
1149000,1,99,99,0,99,15,0.0,0,1149
1149000,1,99,99,0,99,17,0.0,0,1149
1149000,1,99,99,0,99,19,0.9998763148804279,0,1149
1150000,1,99,99,0,99,0,0,0,1150
1150000,1,99,99,0,99,8,0,0,1150
1150000,1,99,99,0,99,1,0.0,0,1150
1150000,1,99,99,0,99,5,0.0,0,1150
1150000,1,99,99,0,99,7,0.0,0,1150
1150000,1,99,99,0,99,3,0.0,0,1150
1150000,1,99,99,0,99,9,0.0,0,1150
1150000,1,99,99,0,99,11,0.0,0,1150
1150000,1,99,99,0,99,13,0.0,0,1150
1150000,1,99,99,0,99,15,0.0,0,1150
1150000,1,99,99,0,99,17,0.0,0,1150
1150000,1,99,99,0,99,19,1.0,0,1150
1151000,1,99,99,0,99,0,1,0,1151
1151000,1,99,99,0,99,8,0,0,1151
1151000,1,99,99,0,99,1,0.0,0,1151
1151000,1,99,99,0,99,5,0.0,0,1151
1151000,1,99,99,0,99,7,0.0,0,1151
1151000,1,99,99,0,99,3,0.0,0,1151
1151000,1,99,99,0,99,9,0.0,0,1151
1151000,1,99,99,0,99,11,0.0,0,1151
1151000,1,99,99,0,99,13,0.0,0,1151
1151000,1,99,99,0,99,15,0.0,0,1151
1151000,1,99,99,0,99,17,0.0,0,1151
1151000,1,99,99,0,99,19,0.0,0,1151
1152000,1,99,99,0,99,0,0,0,1152
1152000,1,99,99,0,99,8,0,0,1152
1152000,1,99,99,0,99,1,0.0,0,1152
1152000,1,99,99,0,99,5,0.0,0,1152
1152000,1,99,99,0,99,7,0.0,0,1152
1152000,1,99,99,0,99,3,0.0,0,1152
1152000,1,99,99,0,99,9,0.0,0,1152
1152000,1,99,99,0,99,11,0.0,0,1152
1152000,1,99,99,0,99,13,0.0,0,1152
1152000,1,99,99,0,99,15,0.0,0,1152
1152000,1,99,99,0,99,17,0.0,0,1152
1152000,1,99,99,0,99,19,0.9999269407591236,0,1152
1153000,1,99,99,0,99,0,0,0,1153
1153000,1,99,99,0,99,8,0,0,1153
1153000,1,99,99,0,99,1,0.0,0,1153
1153000,1,99,99,0,99,5,0.0,0,1153
1153000,1,99,99,0,99,7,0.0,0,1153
1153000,1,99,99,0,99,3,0.0,0,1153
1153000,1,99,99,0,99,9,0.0,0,1153
1153000,1,99,99,0,99,11,0.0,0,1153
1153000,1,99,99,0,99,13,0.0,0,1153
1153000,1,99,99,0,99,15,0.0,0,1153
1153000,1,99,99,0,99,17,0.0,0,1153
1153000,1,99,99,0,99,19,1.0,0,1153
1154000,1,99,99,0,99,0,0,0,1154
1154000,1,99,99,0,99,8,0,0,1154
1154000,1,99,99,0,99,1,0.0,0,1154
1154000,1,99,99,0,99,5,0.0,0,1154
1154000,1,99,99,0,99,7,0.0,0,1154
1154000,1,99,99,0,99,3,0.0,0,1154
1154000,1,99,99,0,99,9,0.0,0,1154
1154000,1,99,99,0,99,11,0.0,0,1154
1154000,1,99,99,0,99,13,0.0,0,1154
1154000,1,99,99,0,99,15,0.0,0,1154
1154000,1,99,99,0,99,17,0.999999976009658,0,1154
1154000,1,99,99,0,99,19,0.0,0,1154
1155000,1,99,99,0,99,0,0,0,1155
1155000,1,99,99,0,99,8,0,0,1155
1155000,1,99,99,0,99,1,0.0,0,1155
1155000,1,99,99,0,99,5,0.0,0,1155
1155000,1,99,99,0,99,7,0.0,0,1155
1155000,1,99,99,0,99,3,0.0,0,1155
1155000,1,99,99,0,99,9,0.0,0,1155
1155000,1,99,99,0,99,11,0.0,0,1155
1155000,1,99,99,0,99,13,0.0,0,1155
1155000,1,99,99,0,99,15,0.0,0,1155
1155000,1,99,99,0,99,17,0.0,0,1155
1155000,1,99,99,0,99,19,1.0,0,1155
1156000,1,99,99,0,99,0,0,0,1156
1156000,1,99,99,0,99,8,0,0,1156
1156000,1,99,99,0,99,1,0.0,0,1156
1156000,1,99,99,0,99,5,0.0,0,1156
1156000,1,99,99,0,99,7,0.0,0,1156
1156000,1,99,99,0,99,3,0.0,0,1156
1156000,1,99,99,0,99,9,0.0,0,1156
1156000,1,99,99,0,99,11,0.0,0,1156
1156000,1,99,99,0,99,13,0.0,0,1156
1156000,1,99,99,0,99,15,0.0,0,1156
1156000,1,99,99,0,99,17,0.9999990286582923,0,1156
1156000,1,99,99,0,99,19,0.0,0,1156
1157000,1,99,99,0,99,0,0,0,1157
1157000,1,99,99,0,99,8,0,0,1157
1157000,1,99,99,0,99,1,0.0,0,1157
1157000,1,99,99,0,99,5,0.0,0,1157
1157000,1,99,99,0,99,7,0.0,0,1157
1157000,1,99,99,0,99,3,0.0,0,1157
1157000,1,99,99,0,99,9,0.0,0,1157
1157000,1,99,99,0,99,11,0.0,0,1157
1157000,1,99,99,0,99,13,0.0,0,1157
1157000,1,99,99,0,99,15,0.0,0,1157
1157000,1,99,99,0,99,17,0.0,0,1157
1157000,1,99,99,0,99,19,0.9999995643315581,0,1157
1158000,1,99,99,0,99,0,0,0,1158
1158000,1,99,99,0,99,8,0,0,1158
1158000,1,99,99,0,99,1,0.0,0,1158
1158000,1,99,99,0,99,5,0.0,0,1158
1158000,1,99,99,0,99,7,0.0,0,1158
1158000,1,99,99,0,99,3,0.0,0,1158
1158000,1,99,99,0,99,9,0.0,0,1158
1158000,1,99,99,0,99,11,0.0,0,1158
1158000,1,99,99,0,99,13,0.0,0,1158
1158000,1,99,99,0,99,15,0.0,0,1158
1158000,1,99,99,0,99,17,0.0,0,1158
1158000,1,99,99,0,99,19,1.0,0,1158
1159000,1,99,99,0,99,0,0,0,1159
1159000,1,99,99,0,99,8,0,0,1159
1159000,1,99,99,0,99,1,0.0,0,1159
1159000,1,99,99,0,99,5,0.0,0,1159
1159000,1,99,99,0,99,7,0.0,0,1159
1159000,1,99,99,0,99,3,0.0,0,1159
1159000,1,99,99,0,99,9,0.0,0,1159
1159000,1,99,99,0,99,11,0.0,0,1159
1159000,1,99,99,0,99,13,0.0,0,1159
1159000,1,99,99,0,99,15,0.0,0,1159
1159000,1,99,99,0,99,17,0.0,0,1159
1159000,1,99,99,0,99,19,1.0,0,1159
1160000,1,99,99,0,99,0,0,0,1160
1160000,1,99,99,0,99,8,0,0,1160
1160000,1,99,99,0,99,1,0.0,0,1160
1160000,1,99,99,0,99,5,0.0,0,1160
1160000,1,99,99,0,99,7,0.0,0,1160
1160000,1,99,99,0,99,3,0.0,0,1160
1160000,1,99,99,0,99,9,0.0,0,1160
1160000,1,99,99,0,99,11,0.0,0,1160
1160000,1,99,99,0,99,13,0.0,0,1160
1160000,1,99,99,0,99,15,0.0,0,1160
1160000,1,99,99,0,99,17,0.0,0,1160
1160000,1,99,99,0,99,19,0.9999999802057333,0,1160
1161000,1,99,99,0,99,0,0,0,1161
1161000,1,99,99,0,99,8,0,0,1161
1161000,1,99,99,0,99,1,0.0,0,1161
1161000,1,99,99,0,99,5,0.0,0,1161
1161000,1,99,99,0,99,7,0.0,0,1161
1161000,1,99,99,0,99,3,0.0,0,1161
1161000,1,99,99,0,99,9,0.0,0,1161
1161000,1,99,99,0,99,11,0.0,0,1161
1161000,1,99,99,0,99,13,0.0,0,1161
1161000,1,99,99,0,99,15,0.0,0,1161
1161000,1,99,99,0,99,17,0.0,0,1161
1161000,1,99,99,0,99,19,0.9999999841059878,0,1161
1162000,1,99,99,0,99,0,0,0,1162
1162000,1,99,99,0,99,8,0,0,1162
1162000,1,99,99,0,99,1,0.0,0,1162
1162000,1,99,99,0,99,5,0.0,0,1162
1162000,1,99,99,0,99,7,0.0,0,1162
1162000,1,99,99,0,99,3,0.0,0,1162
1162000,1,99,99,0,99,9,0.0,0,1162
1162000,1,99,99,0,99,11,0.0,0,1162
1162000,1,99,99,0,99,13,0.0,0,1162
1162000,1,99,99,0,99,15,0.0,0,1162
1162000,1,99,99,0,99,17,1.0,0,1162
1162000,1,99,99,0,99,19,0.0,0,1162
1163000,1,99,99,0,99,0,0,0,1163
1163000,1,99,99,0,99,8,0,0,1163
1163000,1,99,99,0,99,1,0.0,0,1163
1163000,1,99,99,0,99,5,0.0,0,1163
1163000,1,99,99,0,99,7,0.0,0,1163
1163000,1,99,99,0,99,3,0.0,0,1163
1163000,1,99,99,0,99,9,0.0,0,1163
1163000,1,99,99,0,99,11,0.0,0,1163
1163000,1,99,99,0,99,13,0.0,0,1163
1163000,1,99,99,0,99,15,0.0,0,1163
1163000,1,99,99,0,99,17,0.0,0,1163
1163000,1,99,99,0,99,19,1.0,0,1163
1164000,1,99,99,0,99,0,0,0,1164
1164000,1,99,99,0,99,8,0,0,1164
1164000,1,99,99,0,99,1,0.0,0,1164
1164000,1,99,99,0,99,5,0.0,0,1164
1164000,1,99,99,0,99,7,0.0,0,1164
1164000,1,99,99,0,99,3,0.0,0,1164
1164000,1,99,99,0,99,9,0.0,0,1164
1164000,1,99,99,0,99,11,0.0,0,1164
1164000,1,99,99,0,99,13,0.0,0,1164
1164000,1,99,99,0,99,15,0.0,0,1164
1164000,1,99,99,0,99,17,0.0,0,1164
1164000,1,99,99,0,99,19,0.9999999956105772,0,1164
1165000,1,99,99,0,99,0,0,0,1165
1165000,1,99,99,0,99,8,0,0,1165
1165000,1,99,99,0,99,1,0.0,0,1165
1165000,1,99,99,0,99,5,0.0,0,1165
1165000,1,99,99,0,99,7,0.0,0,1165
1165000,1,99,99,0,99,3,0.0,0,1165
1165000,1,99,99,0,99,9,0.0,0,1165
1165000,1,99,99,0,99,11,0.0,0,1165
1165000,1,99,99,0,99,13,0.0,0,1165
1165000,1,99,99,0,99,15,0.0,0,1165
1165000,1,99,99,0,99,17,0.0,0,1165
1165000,1,99,99,0,99,19,0.999999998318755,0,1165
1166000,1,99,99,0,99,0,0,0,1166
1166000,1,99,99,0,99,8,0,0,1166
1166000,1,99,99,0,99,1,0.0,0,1166
1166000,1,99,99,0,99,5,0.0,0,1166
1166000,1,99,99,0,99,7,0.0,0,1166
1166000,1,99,99,0,99,3,0.0,0,1166
1166000,1,99,99,0,99,9,0.0,0,1166
1166000,1,99,99,0,99,11,0.0,0,1166
1166000,1,99,99,0,99,13,0.0,0,1166
1166000,1,99,99,0,99,15,0.0,0,1166
1166000,1,99,99,0,99,17,0.0,0,1166
1166000,1,99,99,0,99,19,0.999999992961574,0,1166
1167000,1,99,99,0,99,0,0,0,1167
1167000,1,99,99,0,99,8,0,0,1167
1167000,1,99,99,0,99,1,0.0,0,1167
1167000,1,99,99,0,99,5,0.0,0,1167
1167000,1,99,99,0,99,7,0.0,0,1167
1167000,1,99,99,0,99,3,0.0,0,1167
1167000,1,99,99,0,99,9,0.0,0,1167
1167000,1,99,99,0,99,11,0.0,0,1167
1167000,1,99,99,0,99,13,0.0,0,1167
1167000,1,99,99,0,99,15,0.0,0,1167
1167000,1,99,99,0,99,17,0.0,0,1167
1167000,1,99,99,0,99,19,1.0,0,1167
1168000,1,99,99,0,99,0,0,0,1168
1168000,1,99,99,0,99,8,0,0,1168
1168000,1,99,99,0,99,1,0.0,0,1168
1168000,1,99,99,0,99,5,0.0,0,1168
1168000,1,99,99,0,99,7,0.0,0,1168
1168000,1,99,99,0,99,3,0.0,0,1168
1168000,1,99,99,0,99,9,0.0,0,1168
1168000,1,99,99,0,99,11,0.0,0,1168
1168000,1,99,99,0,99,13,0.0,0,1168
1168000,1,99,99,0,99,15,0.0,0,1168
1168000,1,99,99,0,99,17,0.0,0,1168
1168000,1,99,99,0,99,19,1.0,0,1168
1169000,1,99,99,0,99,0,0,0,1169
1169000,1,99,99,0,99,8,0,0,1169
1169000,1,99,99,0,99,1,0.0,0,1169
1169000,1,99,99,0,99,5,0.0,0,1169
1169000,1,99,99,0,99,7,0.0,0,1169
1169000,1,99,99,0,99,3,0.0,0,1169
1169000,1,99,99,0,99,9,0.0,0,1169
1169000,1,99,99,0,99,11,0.0,0,1169
1169000,1,99,99,0,99,13,0.0,0,1169
1169000,1,99,99,0,99,15,0.0,0,1169
1169000,1,99,99,0,99,17,1.0,0,1169
1169000,1,99,99,0,99,19,0.0,0,1169
1170000,1,99,99,0,99,0,0,0,1170
1170000,1,99,99,0,99,8,0,0,1170
1170000,1,99,99,0,99,1,0.0,0,1170
1170000,1,99,99,0,99,5,0.0,0,1170
1170000,1,99,99,0,99,7,0.0,0,1170
1170000,1,99,99,0,99,3,0.0,0,1170
1170000,1,99,99,0,99,9,0.0,0,1170
1170000,1,99,99,0,99,11,0.0,0,1170
1170000,1,99,99,0,99,13,0.0,0,1170
1170000,1,99,99,0,99,15,0.0,0,1170
1170000,1,99,99,0,99,17,0.0,0,1170
1170000,1,99,99,0,99,19,1.0,0,1170
1171000,1,99,99,0,99,0,0,0,1171
1171000,1,99,99,0,99,8,0,0,1171
1171000,1,99,99,0,99,1,0.0,0,1171
1171000,1,99,99,0,99,5,0.0,0,1171
1171000,1,99,99,0,99,7,0.0,0,1171
1171000,1,99,99,0,99,3,0.0,0,1171
1171000,1,99,99,0,99,9,0.0,0,1171
1171000,1,99,99,0,99,11,0.0,0,1171
1171000,1,99,99,0,99,13,0.0,0,1171
1171000,1,99,99,0,99,15,0.0,0,1171
1171000,1,99,99,0,99,17,0.0,0,1171
1171000,1,99,99,0,99,19,1.0,0,1171
1172000,1,99,99,0,99,0,0,0,1172
1172000,1,99,99,0,99,8,0,0,1172
1172000,1,99,99,0,99,1,0.0,0,1172
1172000,1,99,99,0,99,5,0.0,0,1172
1172000,1,99,99,0,99,7,0.0,0,1172
1172000,1,99,99,0,99,3,0.0,0,1172
1172000,1,99,99,0,99,9,0.0,0,1172
1172000,1,99,99,0,99,11,0.0,0,1172
1172000,1,99,99,0,99,13,0.0,0,1172
1172000,1,99,99,0,99,15,0.0,0,1172
1172000,1,99,99,0,99,17,0.0,0,1172
1172000,1,99,99,0,99,19,0.9999999999215864,0,1172
1173000,1,99,99,0,99,0,0,0,1173
1173000,1,99,99,0,99,8,0,0,1173
1173000,1,99,99,0,99,1,0.0,0,1173
1173000,1,99,99,0,99,5,0.0,0,1173
1173000,1,99,99,0,99,7,0.0,0,1173
1173000,1,99,99,0,99,3,0.0,0,1173
1173000,1,99,99,0,99,9,0.0,0,1173
1173000,1,99,99,0,99,11,0.0,0,1173
1173000,1,99,99,0,99,13,0.0,0,1173
1173000,1,99,99,0,99,15,0.0,0,1173
1173000,1,99,99,0,99,17,0.9606829128335657,0,1173
1173000,1,99,99,0,99,19,0.03931708716643437,0,1173
1174000,1,99,99,0,99,0,0,0,1174
1174000,1,99,99,0,99,8,0,0,1174
1174000,1,99,99,0,99,1,0.0,0,1174
1174000,1,99,99,0,99,5,0.0,0,1174
1174000,1,99,99,0,99,7,1.0,0,1174
1174000,1,99,99,0,99,3,0.0,0,1174
1174000,1,99,99,0,99,9,0.0,0,1174
1174000,1,99,99,0,99,11,0.0,0,1174
1174000,1,99,99,0,99,13,0.0,0,1174
1174000,1,99,99,0,99,15,0.0,0,1174
1174000,1,99,99,0,99,17,0.0,0,1174
1174000,1,99,99,0,99,19,0.0,0,1174
1175000,1,99,99,0,99,0,0,0,1175
1175000,1,99,99,0,99,8,0,0,1175
1175000,1,99,99,0,99,1,0.0,0,1175
1175000,1,99,99,0,99,5,0.0,0,1175
1175000,1,99,99,0,99,7,1.0,0,1175
1175000,1,99,99,0,99,3,0.0,0,1175
1175000,1,99,99,0,99,9,0.0,0,1175
1175000,1,99,99,0,99,11,0.0,0,1175
1175000,1,99,99,0,99,13,0.0,0,1175
1175000,1,99,99,0,99,15,0.0,0,1175
1175000,1,99,99,0,99,17,0.0,0,1175
1175000,1,99,99,0,99,19,0.0,0,1175
1176000,1,99,99,0,99,0,0,0,1176
1176000,1,99,99,0,99,8,0,0,1176
1176000,1,99,99,0,99,1,0.0,0,1176
1176000,1,99,99,0,99,5,0.0,0,1176
1176000,1,99,99,0,99,7,1.0,0,1176
1176000,1,99,99,0,99,3,0.0,0,1176
1176000,1,99,99,0,99,9,0.0,0,1176
1176000,1,99,99,0,99,11,0.0,0,1176
1176000,1,99,99,0,99,13,0.0,0,1176
1176000,1,99,99,0,99,15,0.0,0,1176
1176000,1,99,99,0,99,17,0.0,0,1176
1176000,1,99,99,0,99,19,0.0,0,1176
1177000,1,99,99,0,99,0,0,0,1177
1177000,1,99,99,0,99,8,0,0,1177
1177000,1,99,99,0,99,1,0.0,0,1177
1177000,1,99,99,0,99,5,0.0,0,1177
1177000,1,99,99,0,99,7,1.0,0,1177
1177000,1,99,99,0,99,3,0.0,0,1177
1177000,1,99,99,0,99,9,0.0,0,1177
1177000,1,99,99,0,99,11,0.0,0,1177
1177000,1,99,99,0,99,13,0.0,0,1177
1177000,1,99,99,0,99,15,0.0,0,1177
1177000,1,99,99,0,99,17,0.0,0,1177
1177000,1,99,99,0,99,19,0.0,0,1177
1178000,1,99,99,0,99,0,0,0,1178
1178000,1,99,99,0,99,8,0,0,1178
1178000,1,99,99,0,99,1,0.0,0,1178
1178000,1,99,99,0,99,5,0.0,0,1178
1178000,1,99,99,0,99,7,1.0,0,1178
1178000,1,99,99,0,99,3,0.0,0,1178
1178000,1,99,99,0,99,9,0.0,0,1178
1178000,1,99,99,0,99,11,0.0,0,1178
1178000,1,99,99,0,99,13,0.0,0,1178
1178000,1,99,99,0,99,15,0.0,0,1178
1178000,1,99,99,0,99,17,0.0,0,1178
1178000,1,99,99,0,99,19,0.0,0,1178
1179000,1,99,99,0,99,0,0,0,1179
1179000,1,99,99,0,99,8,0,0,1179
1179000,1,99,99,0,99,1,0.0,0,1179
1179000,1,99,99,0,99,5,0.0,0,1179
1179000,1,99,99,0,99,7,1.0,0,1179
1179000,1,99,99,0,99,3,0.0,0,1179
1179000,1,99,99,0,99,9,0.0,0,1179
1179000,1,99,99,0,99,11,0.0,0,1179
1179000,1,99,99,0,99,13,0.0,0,1179
1179000,1,99,99,0,99,15,0.0,0,1179
1179000,1,99,99,0,99,17,0.0,0,1179
1179000,1,99,99,0,99,19,0.0,0,1179
1180000,1,99,99,0,99,0,0,0,1180
1180000,1,99,99,0,99,8,0,0,1180
1180000,1,99,99,0,99,1,0.0,0,1180
1180000,1,99,99,0,99,5,0.0,0,1180
1180000,1,99,99,0,99,7,1.0,0,1180
1180000,1,99,99,0,99,3,0.0,0,1180
1180000,1,99,99,0,99,9,0.0,0,1180
1180000,1,99,99,0,99,11,0.0,0,1180
1180000,1,99,99,0,99,13,0.0,0,1180
1180000,1,99,99,0,99,15,0.0,0,1180
1180000,1,99,99,0,99,17,0.0,0,1180
1180000,1,99,99,0,99,19,0.0,0,1180
1181000,1,99,99,0,99,0,0,0,1181
1181000,1,99,99,0,99,8,0,0,1181
1181000,1,99,99,0,99,1,0.0,0,1181
1181000,1,99,99,0,99,5,0.0,0,1181
1181000,1,99,99,0,99,7,1.0,0,1181
1181000,1,99,99,0,99,3,0.0,0,1181
1181000,1,99,99,0,99,9,0.0,0,1181
1181000,1,99,99,0,99,11,0.0,0,1181
1181000,1,99,99,0,99,13,0.0,0,1181
1181000,1,99,99,0,99,15,0.0,0,1181
1181000,1,99,99,0,99,17,0.0,0,1181
1181000,1,99,99,0,99,19,0.0,0,1181
1182000,1,99,99,0,99,0,0,0,1182
1182000,1,99,99,0,99,8,0,0,1182
1182000,1,99,99,0,99,1,0.0,0,1182
1182000,1,99,99,0,99,5,0.0,0,1182
1182000,1,99,99,0,99,7,1.0,0,1182
1182000,1,99,99,0,99,3,0.0,0,1182
1182000,1,99,99,0,99,9,0.0,0,1182
1182000,1,99,99,0,99,11,0.0,0,1182
1182000,1,99,99,0,99,13,0.0,0,1182
1182000,1,99,99,0,99,15,0.0,0,1182
1182000,1,99,99,0,99,17,0.0,0,1182
1182000,1,99,99,0,99,19,0.0,0,1182
1183000,1,99,99,0,99,0,0,0,1183
1183000,1,99,99,0,99,8,0,0,1183
1183000,1,99,99,0,99,1,0.0,0,1183
1183000,1,99,99,0,99,5,0.0,0,1183
1183000,1,99,99,0,99,7,1.0,0,1183
1183000,1,99,99,0,99,3,0.0,0,1183
1183000,1,99,99,0,99,9,0.0,0,1183
1183000,1,99,99,0,99,11,0.0,0,1183
1183000,1,99,99,0,99,13,0.0,0,1183
1183000,1,99,99,0,99,15,0.0,0,1183
1183000,1,99,99,0,99,17,0.0,0,1183
1183000,1,99,99,0,99,19,0.0,0,1183
1184000,1,99,99,0,99,0,0,0,1184
1184000,1,99,99,0,99,8,0,0,1184
1184000,1,99,99,0,99,1,0.0,0,1184
1184000,1,99,99,0,99,5,0.0,0,1184
1184000,1,99,99,0,99,7,1.0,0,1184
1184000,1,99,99,0,99,3,0.0,0,1184
1184000,1,99,99,0,99,9,0.0,0,1184
1184000,1,99,99,0,99,11,0.0,0,1184
1184000,1,99,99,0,99,13,0.0,0,1184
1184000,1,99,99,0,99,15,0.0,0,1184
1184000,1,99,99,0,99,17,0.0,0,1184
1184000,1,99,99,0,99,19,0.0,0,1184
1185000,1,99,99,0,99,0,0,0,1185
1185000,1,99,99,0,99,8,0,0,1185
1185000,1,99,99,0,99,1,0.0,0,1185
1185000,1,99,99,0,99,5,0.0,0,1185
1185000,1,99,99,0,99,7,1.0,0,1185
1185000,1,99,99,0,99,3,0.0,0,1185
1185000,1,99,99,0,99,9,0.0,0,1185
1185000,1,99,99,0,99,11,0.0,0,1185
1185000,1,99,99,0,99,13,0.0,0,1185
1185000,1,99,99,0,99,15,0.0,0,1185
1185000,1,99,99,0,99,17,0.0,0,1185
1185000,1,99,99,0,99,19,0.0,0,1185
1186000,1,99,99,0,99,0,0,0,1186
1186000,1,99,99,0,99,8,0,0,1186
1186000,1,99,99,0,99,1,0.0,0,1186
1186000,1,99,99,0,99,5,0.0,0,1186
1186000,1,99,99,0,99,7,0.0,0,1186
1186000,1,99,99,0,99,3,0.0,0,1186
1186000,1,99,99,0,99,9,0.0,0,1186
1186000,1,99,99,0,99,11,0.0,0,1186
1186000,1,99,99,0,99,13,0.0,0,1186
1186000,1,99,99,0,99,15,0.0,0,1186
1186000,1,99,99,0,99,17,0.0,0,1186
1186000,1,99,99,0,99,19,0.9990005708642546,0,1186
1187000,1,99,99,0,99,0,0,0,1187
1187000,1,99,99,0,99,8,0,0,1187
1187000,1,99,99,0,99,1,0.0,0,1187
1187000,1,99,99,0,99,5,0.0,0,1187
1187000,1,99,99,0,99,7,0.0,0,1187
1187000,1,99,99,0,99,3,0.0,0,1187
1187000,1,99,99,0,99,9,0.0,0,1187
1187000,1,99,99,0,99,11,0.0,0,1187
1187000,1,99,99,0,99,13,0.0,0,1187
1187000,1,99,99,0,99,15,0.0,0,1187
1187000,1,99,99,0,99,17,0.009222313680795952,0,1187
1187000,1,99,99,0,99,19,0.990777686319204,0,1187
1188000,1,99,99,0,99,0,0,0,1188
1188000,1,99,99,0,99,8,0,0,1188
1188000,1,99,99,0,99,1,0.0,0,1188
1188000,1,99,99,0,99,5,0.0,0,1188
1188000,1,99,99,0,99,7,1.0,0,1188
1188000,1,99,99,0,99,3,0.0,0,1188
1188000,1,99,99,0,99,9,0.0,0,1188
1188000,1,99,99,0,99,11,0.0,0,1188
1188000,1,99,99,0,99,13,0.0,0,1188
1188000,1,99,99,0,99,15,0.0,0,1188
1188000,1,99,99,0,99,17,0.0,0,1188
1188000,1,99,99,0,99,19,0.0,0,1188
1189000,1,99,99,0,99,0,0,0,1189
1189000,1,99,99,0,99,8,0,0,1189
1189000,1,99,99,0,99,1,0.0,0,1189
1189000,1,99,99,0,99,5,0.0,0,1189
1189000,1,99,99,0,99,7,1.0,0,1189
1189000,1,99,99,0,99,3,0.0,0,1189
1189000,1,99,99,0,99,9,0.0,0,1189
1189000,1,99,99,0,99,11,0.0,0,1189
1189000,1,99,99,0,99,13,0.0,0,1189
1189000,1,99,99,0,99,15,0.0,0,1189
1189000,1,99,99,0,99,17,0.0,0,1189
1189000,1,99,99,0,99,19,0.0,0,1189
1190000,1,99,99,0,99,0,1,0,1190
1190000,1,99,99,0,99,8,0,0,1190
1190000,1,99,99,0,99,1,0.0,0,1190
1190000,1,99,99,0,99,5,0.0,0,1190
1190000,1,99,99,0,99,7,0.0,0,1190
1190000,1,99,99,0,99,3,0.0,0,1190
1190000,1,99,99,0,99,9,0.0,0,1190
1190000,1,99,99,0,99,11,0.0,0,1190
1190000,1,99,99,0,99,13,0.0,0,1190
1190000,1,99,99,0,99,15,0.0,0,1190
1190000,1,99,99,0,99,17,0.0,0,1190
1190000,1,99,99,0,99,19,0.0,0,1190
1191000,1,99,99,0,99,0,0,0,1191
1191000,1,99,99,0,99,8,0,0,1191
1191000,1,99,99,0,99,1,0.0,0,1191
1191000,1,99,99,0,99,5,0.0,0,1191
1191000,1,99,99,0,99,7,0.0,0,1191
1191000,1,99,99,0,99,3,0.0,0,1191
1191000,1,99,99,0,99,9,0.0,0,1191
1191000,1,99,99,0,99,11,0.0,0,1191
1191000,1,99,99,0,99,13,0.0,0,1191
1191000,1,99,99,0,99,15,0.0,0,1191
1191000,1,99,99,0,99,17,0.0,0,1191
1191000,1,99,99,0,99,19,0.9999867400787626,0,1191
1192000,1,99,99,0,99,0,0,0,1192
1192000,1,99,99,0,99,8,0,0,1192
1192000,1,99,99,0,99,1,0.0,0,1192
1192000,1,99,99,0,99,5,0.0,0,1192
1192000,1,99,99,0,99,7,0.0,0,1192
1192000,1,99,99,0,99,3,0.0,0,1192
1192000,1,99,99,0,99,9,0.0,0,1192
1192000,1,99,99,0,99,11,0.0,0,1192
1192000,1,99,99,0,99,13,0.0,0,1192
1192000,1,99,99,0,99,15,0.0,0,1192
1192000,1,99,99,0,99,17,0.0,0,1192
1192000,1,99,99,0,99,19,1.0,0,1192
1193000,1,99,99,0,99,0,0,0,1193
1193000,1,99,99,0,99,8,0,0,1193
1193000,1,99,99,0,99,1,0.0,0,1193
1193000,1,99,99,0,99,5,0.0,0,1193
1193000,1,99,99,0,99,7,1.0,0,1193
1193000,1,99,99,0,99,3,0.0,0,1193
1193000,1,99,99,0,99,9,0.0,0,1193
1193000,1,99,99,0,99,11,0.0,0,1193
1193000,1,99,99,0,99,13,0.0,0,1193
1193000,1,99,99,0,99,15,0.0,0,1193
1193000,1,99,99,0,99,17,0.0,0,1193
1193000,1,99,99,0,99,19,0.0,0,1193
1194000,1,99,99,0,99,0,0,0,1194
1194000,1,99,99,0,99,8,0,0,1194
1194000,1,99,99,0,99,1,0.0,0,1194
1194000,1,99,99,0,99,5,0.0,0,1194
1194000,1,99,99,0,99,7,0.0,0,1194
1194000,1,99,99,0,99,3,0.0,0,1194
1194000,1,99,99,0,99,9,0.0,0,1194
1194000,1,99,99,0,99,11,0.0,0,1194
1194000,1,99,99,0,99,13,0.0,0,1194
1194000,1,99,99,0,99,15,0.0,0,1194
1194000,1,99,99,0,99,17,1.0,0,1194
1194000,1,99,99,0,99,19,0.0,0,1194
1195000,1,99,99,0,99,0,0,0,1195
1195000,1,99,99,0,99,8,0,0,1195
1195000,1,99,99,0,99,1,0.0,0,1195
1195000,1,99,99,0,99,5,0.0,0,1195
1195000,1,99,99,0,99,7,0.0,0,1195
1195000,1,99,99,0,99,3,0.0,0,1195
1195000,1,99,99,0,99,9,0.0,0,1195
1195000,1,99,99,0,99,11,0.0,0,1195
1195000,1,99,99,0,99,13,0.0,0,1195
1195000,1,99,99,0,99,15,0.0,0,1195
1195000,1,99,99,0,99,17,0.0,0,1195
1195000,1,99,99,0,99,19,1.0,0,1195
1196000,1,99,99,0,99,0,0,0,1196
1196000,1,99,99,0,99,8,0,0,1196
1196000,1,99,99,0,99,1,0.0,0,1196
1196000,1,99,99,0,99,5,0.0,0,1196
1196000,1,99,99,0,99,7,0.0,0,1196
1196000,1,99,99,0,99,3,0.0,0,1196
1196000,1,99,99,0,99,9,0.0,0,1196
1196000,1,99,99,0,99,11,0.0,0,1196
1196000,1,99,99,0,99,13,0.0,0,1196
1196000,1,99,99,0,99,15,0.0,0,1196
1196000,1,99,99,0,99,17,0.0,0,1196
1196000,1,99,99,0,99,19,1.0,0,1196
1197000,1,99,99,0,99,0,0,0,1197
1197000,1,99,99,0,99,8,0,0,1197
1197000,1,99,99,0,99,1,0.0,0,1197
1197000,1,99,99,0,99,5,0.0,0,1197
1197000,1,99,99,0,99,7,0.0,0,1197
1197000,1,99,99,0,99,3,0.0,0,1197
1197000,1,99,99,0,99,9,0.0,0,1197
1197000,1,99,99,0,99,11,0.0,0,1197
1197000,1,99,99,0,99,13,0.0,0,1197
1197000,1,99,99,0,99,15,0.0,0,1197
1197000,1,99,99,0,99,17,1.0,0,1197
1197000,1,99,99,0,99,19,0.0,0,1197
1198000,1,99,99,0,99,0,0,0,1198
1198000,1,99,99,0,99,8,0,0,1198
1198000,1,99,99,0,99,1,0.0,0,1198
1198000,1,99,99,0,99,5,0.0,0,1198
1198000,1,99,99,0,99,7,0.0,0,1198
1198000,1,99,99,0,99,3,0.0,0,1198
1198000,1,99,99,0,99,9,0.0,0,1198
1198000,1,99,99,0,99,11,0.0,0,1198
1198000,1,99,99,0,99,13,0.0,0,1198
1198000,1,99,99,0,99,15,0.0,0,1198
1198000,1,99,99,0,99,17,0.0,0,1198
1198000,1,99,99,0,99,19,1.0,0,1198
1199000,1,99,99,0,99,0,0,0,1199
1199000,1,99,99,0,99,8,0,0,1199
1199000,1,99,99,0,99,1,0.0,0,1199
1199000,1,99,99,0,99,5,0.0,0,1199
1199000,1,99,99,0,99,7,1.0,0,1199
1199000,1,99,99,0,99,3,0.0,0,1199
1199000,1,99,99,0,99,9,0.0,0,1199
1199000,1,99,99,0,99,11,0.0,0,1199
1199000,1,99,99,0,99,13,0.0,0,1199
1199000,1,99,99,0,99,15,0.0,0,1199
1199000,1,99,99,0,99,17,0.0,0,1199
1199000,1,99,99,0,99,19,0.0,0,1199
1200000,1,99,99,0,99,0,0,0,1200
1200000,1,99,99,0,99,8,0,0,1200
1200000,1,99,99,0,99,1,0.0,0,1200
1200000,1,99,99,0,99,5,0.0,0,1200
1200000,1,99,99,0,99,7,0.0,0,1200
1200000,1,99,99,0,99,3,0.0,0,1200
1200000,1,99,99,0,99,9,0.0,0,1200
1200000,1,99,99,0,99,11,0.0,0,1200
1200000,1,99,99,0,99,13,0.0,0,1200
1200000,1,99,99,0,99,15,0.0,0,1200
1200000,1,99,99,0,99,17,1.0,0,1200
1200000,1,99,99,0,99,19,0.0,0,1200
1201000,1,99,99,0,99,0,0,0,1201
1201000,1,99,99,0,99,8,0,0,1201
1201000,1,99,99,0,99,1,0.0,0,1201
1201000,1,99,99,0,99,5,0.0,0,1201
1201000,1,99,99,0,99,7,0.0,0,1201
1201000,1,99,99,0,99,3,0.0,0,1201
1201000,1,99,99,0,99,9,0.0,0,1201
1201000,1,99,99,0,99,11,0.0,0,1201
1201000,1,99,99,0,99,13,0.0,0,1201
1201000,1,99,99,0,99,15,0.0,0,1201
1201000,1,99,99,0,99,17,1.0,0,1201
1201000,1,99,99,0,99,19,0.0,0,1201
1202000,1,99,99,0,99,0,0,0,1202
1202000,1,99,99,0,99,8,0,0,1202
1202000,1,99,99,0,99,1,0.0,0,1202
1202000,1,99,99,0,99,5,0.0,0,1202
1202000,1,99,99,0,99,7,0.0,0,1202
1202000,1,99,99,0,99,3,0.0,0,1202
1202000,1,99,99,0,99,9,0.0,0,1202
1202000,1,99,99,0,99,11,0.0,0,1202
1202000,1,99,99,0,99,13,0.0,0,1202
1202000,1,99,99,0,99,15,0.0,0,1202
1202000,1,99,99,0,99,17,1.0,0,1202
1202000,1,99,99,0,99,19,0.0,0,1202
1203000,1,99,99,0,99,0,0,0,1203
1203000,1,99,99,0,99,8,0,0,1203
1203000,1,99,99,0,99,1,0.0,0,1203
1203000,1,99,99,0,99,5,0.0,0,1203
1203000,1,99,99,0,99,7,0.0,0,1203
1203000,1,99,99,0,99,3,0.0,0,1203
1203000,1,99,99,0,99,9,0.0,0,1203
1203000,1,99,99,0,99,11,0.0,0,1203
1203000,1,99,99,0,99,13,0.0,0,1203
1203000,1,99,99,0,99,15,0.0,0,1203
1203000,1,99,99,0,99,17,1.0,0,1203
1203000,1,99,99,0,99,19,0.0,0,1203
1204000,1,99,99,0,99,0,0,0,1204
1204000,1,99,99,0,99,8,0,0,1204
1204000,1,99,99,0,99,1,0.0,0,1204
1204000,1,99,99,0,99,5,0.0,0,1204
1204000,1,99,99,0,99,7,0.0,0,1204
1204000,1,99,99,0,99,3,0.0,0,1204
1204000,1,99,99,0,99,9,0.0,0,1204
1204000,1,99,99,0,99,11,0.0,0,1204
1204000,1,99,99,0,99,13,0.0,0,1204
1204000,1,99,99,0,99,15,0.0,0,1204
1204000,1,99,99,0,99,17,0.1161804857081905,0,1204
1204000,1,99,99,0,99,19,0.8838195142918095,0,1204
1205000,1,99,99,0,99,0,0,0,1205
1205000,1,99,99,0,99,8,0,0,1205
1205000,1,99,99,0,99,1,0.0,0,1205
1205000,1,99,99,0,99,5,0.0,0,1205
1205000,1,99,99,0,99,7,0.0,0,1205
1205000,1,99,99,0,99,3,0.0,0,1205
1205000,1,99,99,0,99,9,0.0,0,1205
1205000,1,99,99,0,99,11,0.0,0,1205
1205000,1,99,99,0,99,13,0.0,0,1205
1205000,1,99,99,0,99,15,0.0,0,1205
1205000,1,99,99,0,99,17,1.0,0,1205
1205000,1,99,99,0,99,19,0.0,0,1205
1206000,1,99,99,0,99,0,0,0,1206
1206000,1,99,99,0,99,8,0,0,1206
1206000,1,99,99,0,99,1,0.0,0,1206
1206000,1,99,99,0,99,5,0.0,0,1206
1206000,1,99,99,0,99,7,1.0,0,1206
1206000,1,99,99,0,99,3,0.0,0,1206
1206000,1,99,99,0,99,9,0.0,0,1206
1206000,1,99,99,0,99,11,0.0,0,1206
1206000,1,99,99,0,99,13,0.0,0,1206
1206000,1,99,99,0,99,15,0.0,0,1206
1206000,1,99,99,0,99,17,0.0,0,1206
1206000,1,99,99,0,99,19,0.0,0,1206
1207000,1,99,99,0,99,0,0,0,1207
1207000,1,99,99,0,99,8,0,0,1207
1207000,1,99,99,0,99,1,0.0,0,1207
1207000,1,99,99,0,99,5,0.0,0,1207
1207000,1,99,99,0,99,7,0.0,0,1207
1207000,1,99,99,0,99,3,0.0,0,1207
1207000,1,99,99,0,99,9,0.0,0,1207
1207000,1,99,99,0,99,11,0.0,0,1207
1207000,1,99,99,0,99,13,0.0,0,1207
1207000,1,99,99,0,99,15,0.0,0,1207
1207000,1,99,99,0,99,17,0.2983557950413681,0,1207
1207000,1,99,99,0,99,19,0.7016442049586319,0,1207
1208000,1,99,99,0,99,0,0,0,1208
1208000,1,99,99,0,99,8,0,0,1208
1208000,1,99,99,0,99,1,0.0,0,1208
1208000,1,99,99,0,99,5,0.0,0,1208
1208000,1,99,99,0,99,7,0.0,0,1208
1208000,1,99,99,0,99,3,0.0,0,1208
1208000,1,99,99,0,99,9,0.0,0,1208
1208000,1,99,99,0,99,11,0.0,0,1208
1208000,1,99,99,0,99,13,0.0,0,1208
1208000,1,99,99,0,99,15,0.0,0,1208
1208000,1,99,99,0,99,17,0.635540253455194,0,1208
1208000,1,99,99,0,99,19,0.364459746544806,0,1208
1209000,1,99,99,0,99,0,0,0,1209
1209000,1,99,99,0,99,8,0,0,1209
1209000,1,99,99,0,99,1,0.0,0,1209
1209000,1,99,99,0,99,5,0.0,0,1209
1209000,1,99,99,0,99,7,0.0,0,1209
1209000,1,99,99,0,99,3,0.0,0,1209
1209000,1,99,99,0,99,9,0.0,0,1209
1209000,1,99,99,0,99,11,0.0,0,1209
1209000,1,99,99,0,99,13,0.0,0,1209
1209000,1,99,99,0,99,15,0.0,0,1209
1209000,1,99,99,0,99,17,1.0,0,1209
1209000,1,99,99,0,99,19,0.0,0,1209
1210000,1,99,99,0,99,0,0,0,1210
1210000,1,99,99,0,99,8,0,0,1210
1210000,1,99,99,0,99,1,0.0,0,1210
1210000,1,99,99,0,99,5,0.0,0,1210
1210000,1,99,99,0,99,7,0.0,0,1210
1210000,1,99,99,0,99,3,0.0,0,1210
1210000,1,99,99,0,99,9,0.0,0,1210
1210000,1,99,99,0,99,11,0.0,0,1210
1210000,1,99,99,0,99,13,0.0,0,1210
1210000,1,99,99,0,99,15,0.0,0,1210
1210000,1,99,99,0,99,17,0.0,0,1210
1210000,1,99,99,0,99,19,0.9999999999999998,0,1210
1211000,1,99,99,0,99,0,0,0,1211
1211000,1,99,99,0,99,8,0,0,1211
1211000,1,99,99,0,99,1,0.0,0,1211
1211000,1,99,99,0,99,5,0.0,0,1211
1211000,1,99,99,0,99,7,0.0,0,1211
1211000,1,99,99,0,99,3,0.0,0,1211
1211000,1,99,99,0,99,9,0.0,0,1211
1211000,1,99,99,0,99,11,0.0,0,1211
1211000,1,99,99,0,99,13,0.0,0,1211
1211000,1,99,99,0,99,15,0.0,0,1211
1211000,1,99,99,0,99,17,0.7366335108837954,0,1211
1211000,1,99,99,0,99,19,0.2633664891162047,0,1211
1212000,1,99,99,0,99,0,0,0,1212
1212000,1,99,99,0,99,8,0,0,1212
1212000,1,99,99,0,99,1,0.0,0,1212
1212000,1,99,99,0,99,5,0.0,0,1212
1212000,1,99,99,0,99,7,0.0,0,1212
1212000,1,99,99,0,99,3,0.0,0,1212
1212000,1,99,99,0,99,9,0.0,0,1212
1212000,1,99,99,0,99,11,0.0,0,1212
1212000,1,99,99,0,99,13,0.0,0,1212
1212000,1,99,99,0,99,15,0.0,0,1212
1212000,1,99,99,0,99,17,1.0,0,1212
1212000,1,99,99,0,99,19,0.0,0,1212
1213000,1,99,99,0,99,0,0,0,1213
1213000,1,99,99,0,99,8,0,0,1213
1213000,1,99,99,0,99,1,0.0,0,1213
1213000,1,99,99,0,99,5,0.0,0,1213
1213000,1,99,99,0,99,7,0.0,0,1213
1213000,1,99,99,0,99,3,0.0,0,1213
1213000,1,99,99,0,99,9,0.0,0,1213
1213000,1,99,99,0,99,11,0.0,0,1213
1213000,1,99,99,0,99,13,0.0,0,1213
1213000,1,99,99,0,99,15,0.0,0,1213
1213000,1,99,99,0,99,17,0.8533579138280895,0,1213
1213000,1,99,99,0,99,19,0.14664208617191027,0,1213
1214000,1,99,99,0,99,0,0,0,1214
1214000,1,99,99,0,99,8,0,0,1214
1214000,1,99,99,0,99,1,0.0,0,1214
1214000,1,99,99,0,99,5,0.0,0,1214
1214000,1,99,99,0,99,7,0.0,0,1214
1214000,1,99,99,0,99,3,0.0,0,1214
1214000,1,99,99,0,99,9,0.0,0,1214
1214000,1,99,99,0,99,11,0.0,0,1214
1214000,1,99,99,0,99,13,0.0,0,1214
1214000,1,99,99,0,99,15,0.0,0,1214
1214000,1,99,99,0,99,17,0.9582612343152374,0,1214
1214000,1,99,99,0,99,19,0.04173876568476265,0,1214
1215000,1,99,99,0,99,0,0,0,1215
1215000,1,99,99,0,99,8,0,0,1215
1215000,1,99,99,0,99,1,0.0,0,1215
1215000,1,99,99,0,99,5,0.0,0,1215
1215000,1,99,99,0,99,7,0.0,0,1215
1215000,1,99,99,0,99,3,0.0,0,1215
1215000,1,99,99,0,99,9,0.0,0,1215
1215000,1,99,99,0,99,11,0.0,0,1215
1215000,1,99,99,0,99,13,0.0,0,1215
1215000,1,99,99,0,99,15,0.0,0,1215
1215000,1,99,99,0,99,17,0.001682653326805345,0,1215
1215000,1,99,99,0,99,19,0.9983173466731947,0,1215
1216000,1,99,99,0,99,0,0,0,1216
1216000,1,99,99,0,99,8,0,0,1216
1216000,1,99,99,0,99,1,0.0,0,1216
1216000,1,99,99,0,99,5,0.0,0,1216
1216000,1,99,99,0,99,7,0.0,0,1216
1216000,1,99,99,0,99,3,0.0,0,1216
1216000,1,99,99,0,99,9,0.0,0,1216
1216000,1,99,99,0,99,11,0.0,0,1216
1216000,1,99,99,0,99,13,0.0,0,1216
1216000,1,99,99,0,99,15,0.0,0,1216
1216000,1,99,99,0,99,17,1.0,0,1216
1216000,1,99,99,0,99,19,0.0,0,1216
1217000,1,99,99,0,99,0,0,0,1217
1217000,1,99,99,0,99,8,0,0,1217
1217000,1,99,99,0,99,1,0.0,0,1217
1217000,1,99,99,0,99,5,0.0,0,1217
1217000,1,99,99,0,99,7,0.0,0,1217
1217000,1,99,99,0,99,3,0.0,0,1217
1217000,1,99,99,0,99,9,0.0,0,1217
1217000,1,99,99,0,99,11,0.0,0,1217
1217000,1,99,99,0,99,13,0.0,0,1217
1217000,1,99,99,0,99,15,0.0,0,1217
1217000,1,99,99,0,99,17,1.0,0,1217
1217000,1,99,99,0,99,19,0.0,0,1217
1218000,1,99,99,0,99,0,0,0,1218
1218000,1,99,99,0,99,8,0,0,1218
1218000,1,99,99,0,99,1,0.0,0,1218
1218000,1,99,99,0,99,5,0.0,0,1218
1218000,1,99,99,0,99,7,0.0,0,1218
1218000,1,99,99,0,99,3,0.0,0,1218
1218000,1,99,99,0,99,9,0.0,0,1218
1218000,1,99,99,0,99,11,0.0,0,1218
1218000,1,99,99,0,99,13,0.0,0,1218
1218000,1,99,99,0,99,15,0.0,0,1218
1218000,1,99,99,0,99,17,0.0,0,1218
1218000,1,99,99,0,99,19,0.9999999999999711,0,1218
1219000,1,99,99,0,99,0,0,0,1219
1219000,1,99,99,0,99,8,0,0,1219
1219000,1,99,99,0,99,1,0.0,0,1219
1219000,1,99,99,0,99,5,0.0,0,1219
1219000,1,99,99,0,99,7,0.0,0,1219
1219000,1,99,99,0,99,3,0.0,0,1219
1219000,1,99,99,0,99,9,0.0,0,1219
1219000,1,99,99,0,99,11,0.0,0,1219
1219000,1,99,99,0,99,13,0.0,0,1219
1219000,1,99,99,0,99,15,0.0,0,1219
1219000,1,99,99,0,99,17,0.0,0,1219
1219000,1,99,99,0,99,19,0.9999999999996998,0,1219
1220000,1,99,99,0,99,0,0,0,1220
1220000,1,99,99,0,99,8,0,0,1220
1220000,1,99,99,0,99,1,0.0,0,1220
1220000,1,99,99,0,99,5,0.0,0,1220
1220000,1,99,99,0,99,7,0.0,0,1220
1220000,1,99,99,0,99,3,0.0,0,1220
1220000,1,99,99,0,99,9,0.0,0,1220
1220000,1,99,99,0,99,11,0.0,0,1220
1220000,1,99,99,0,99,13,0.0,0,1220
1220000,1,99,99,0,99,15,0.0,0,1220
1220000,1,99,99,0,99,17,0.0,0,1220
1220000,1,99,99,0,99,19,0.9999999999999362,0,1220
1221000,1,99,99,0,99,0,0,0,1221
1221000,1,99,99,0,99,8,0,0,1221
1221000,1,99,99,0,99,1,0.0,0,1221
1221000,1,99,99,0,99,5,0.0,0,1221
1221000,1,99,99,0,99,7,0.0,0,1221
1221000,1,99,99,0,99,3,0.0,0,1221
1221000,1,99,99,0,99,9,0.0,0,1221
1221000,1,99,99,0,99,11,0.0,0,1221
1221000,1,99,99,0,99,13,0.0,0,1221
1221000,1,99,99,0,99,15,0.0,0,1221
1221000,1,99,99,0,99,17,0.0,0,1221
1221000,1,99,99,0,99,19,0.9999999999994921,0,1221
1222000,1,99,99,0,99,0,0,0,1222
1222000,1,99,99,0,99,8,0,0,1222
1222000,1,99,99,0,99,1,0.0,0,1222
1222000,1,99,99,0,99,5,0.0,0,1222
1222000,1,99,99,0,99,7,0.0,0,1222
1222000,1,99,99,0,99,3,0.0,0,1222
1222000,1,99,99,0,99,9,0.0,0,1222
1222000,1,99,99,0,99,11,0.0,0,1222
1222000,1,99,99,0,99,13,0.0,0,1222
1222000,1,99,99,0,99,15,0.0,0,1222
1222000,1,99,99,0,99,17,0.0,0,1222
1222000,1,99,99,0,99,19,0.9999999999996141,0,1222
1223000,1,99,99,0,99,0,0,0,1223
1223000,1,99,99,0,99,8,0,0,1223
1223000,1,99,99,0,99,1,0.0,0,1223
1223000,1,99,99,0,99,5,0.0,0,1223
1223000,1,99,99,0,99,7,0.0,0,1223
1223000,1,99,99,0,99,3,0.0,0,1223
1223000,1,99,99,0,99,9,0.0,0,1223
1223000,1,99,99,0,99,11,0.0,0,1223
1223000,1,99,99,0,99,13,0.0,0,1223
1223000,1,99,99,0,99,15,0.0,0,1223
1223000,1,99,99,0,99,17,0.0,0,1223
1223000,1,99,99,0,99,19,0.9999999999991928,0,1223
1224000,1,99,99,0,99,0,0,0,1224
1224000,1,99,99,0,99,8,0,0,1224
1224000,1,99,99,0,99,1,0.0,0,1224
1224000,1,99,99,0,99,5,0.0,0,1224
1224000,1,99,99,0,99,7,0.0,0,1224
1224000,1,99,99,0,99,3,0.0,0,1224
1224000,1,99,99,0,99,9,0.0,0,1224
1224000,1,99,99,0,99,11,0.0,0,1224
1224000,1,99,99,0,99,13,0.0,0,1224
1224000,1,99,99,0,99,15,0.0,0,1224
1224000,1,99,99,0,99,17,0.0,0,1224
1224000,1,99,99,0,99,19,0.999999999999856,0,1224
1225000,1,99,99,0,99,0,0,0,1225
1225000,1,99,99,0,99,8,0,0,1225
1225000,1,99,99,0,99,1,0.0,0,1225
1225000,1,99,99,0,99,5,0.0,0,1225
1225000,1,99,99,0,99,7,0.0,0,1225
1225000,1,99,99,0,99,3,0.0,0,1225
1225000,1,99,99,0,99,9,0.0,0,1225
1225000,1,99,99,0,99,11,0.0,0,1225
1225000,1,99,99,0,99,13,0.0,0,1225
1225000,1,99,99,0,99,15,0.0,0,1225
1225000,1,99,99,0,99,17,0.0,0,1225
1225000,1,99,99,0,99,19,0.9999999999998885,0,1225
1226000,1,99,99,0,99,0,0,0,1226
1226000,1,99,99,0,99,8,0,0,1226
1226000,1,99,99,0,99,1,0.0,0,1226
1226000,1,99,99,0,99,5,0.0,0,1226
1226000,1,99,99,0,99,7,0.0,0,1226
1226000,1,99,99,0,99,3,0.0,0,1226
1226000,1,99,99,0,99,9,0.0,0,1226
1226000,1,99,99,0,99,11,0.0,0,1226
1226000,1,99,99,0,99,13,0.0,0,1226
1226000,1,99,99,0,99,15,0.0,0,1226
1226000,1,99,99,0,99,17,0.0,0,1226
1226000,1,99,99,0,99,19,0.9999999999989592,0,1226
1227000,1,99,99,0,99,0,0,0,1227
1227000,1,99,99,0,99,8,0,0,1227
1227000,1,99,99,0,99,1,0.0,0,1227
1227000,1,99,99,0,99,5,0.0,0,1227
1227000,1,99,99,0,99,7,0.0,0,1227
1227000,1,99,99,0,99,3,0.0,0,1227
1227000,1,99,99,0,99,9,0.0,0,1227
1227000,1,99,99,0,99,11,0.0,0,1227
1227000,1,99,99,0,99,13,0.0,0,1227
1227000,1,99,99,0,99,15,0.0,0,1227
1227000,1,99,99,0,99,17,0.0,0,1227
1227000,1,99,99,0,99,19,0.9999999999997787,0,1227
1228000,1,99,99,0,99,0,0,0,1228
1228000,1,99,99,0,99,8,0,0,1228
1228000,1,99,99,0,99,1,0.0,0,1228
1228000,1,99,99,0,99,5,0.0,0,1228
1228000,1,99,99,0,99,7,0.0,0,1228
1228000,1,99,99,0,99,3,0.0,0,1228
1228000,1,99,99,0,99,9,0.0,0,1228
1228000,1,99,99,0,99,11,0.0,0,1228
1228000,1,99,99,0,99,13,0.0,0,1228
1228000,1,99,99,0,99,15,0.0,0,1228
1228000,1,99,99,0,99,17,0.0,0,1228
1228000,1,99,99,0,99,19,0.9999999999997309,0,1228
1229000,1,99,99,0,99,0,0,0,1229
1229000,1,99,99,0,99,8,0,0,1229
1229000,1,99,99,0,99,1,0.0,0,1229
1229000,1,99,99,0,99,5,0.0,0,1229
1229000,1,99,99,0,99,7,0.0,0,1229
1229000,1,99,99,0,99,3,0.0,0,1229
1229000,1,99,99,0,99,9,0.0,0,1229
1229000,1,99,99,0,99,11,0.0,0,1229
1229000,1,99,99,0,99,13,0.0,0,1229
1229000,1,99,99,0,99,15,0.0,0,1229
1229000,1,99,99,0,99,17,0.0,0,1229
1229000,1,99,99,0,99,19,0.9999999999980079,0,1229
1230000,1,99,99,0,99,0,0,0,1230
1230000,1,99,99,0,99,8,0,0,1230
1230000,1,99,99,0,99,1,0.0,0,1230
1230000,1,99,99,0,99,5,0.0,0,1230
1230000,1,99,99,0,99,7,0.0,0,1230
1230000,1,99,99,0,99,3,0.0,0,1230
1230000,1,99,99,0,99,9,0.0,0,1230
1230000,1,99,99,0,99,11,0.0,0,1230
1230000,1,99,99,0,99,13,0.0,0,1230
1230000,1,99,99,0,99,15,0.0,0,1230
1230000,1,99,99,0,99,17,0.0,0,1230
1230000,1,99,99,0,99,19,0.9999999999997506,0,1230
1231000,1,99,99,0,99,0,0,0,1231
1231000,1,99,99,0,99,8,0,0,1231
1231000,1,99,99,0,99,1,0.0,0,1231
1231000,1,99,99,0,99,5,0.0,0,1231
1231000,1,99,99,0,99,7,0.0,0,1231
1231000,1,99,99,0,99,3,0.0,0,1231
1231000,1,99,99,0,99,9,0.0,0,1231
1231000,1,99,99,0,99,11,0.0,0,1231
1231000,1,99,99,0,99,13,0.0,0,1231
1231000,1,99,99,0,99,15,0.0,0,1231
1231000,1,99,99,0,99,17,0.0,0,1231
1231000,1,99,99,0,99,19,0.9999999999998325,0,1231
1232000,1,99,99,0,99,0,0,0,1232
1232000,1,99,99,0,99,8,0,0,1232
1232000,1,99,99,0,99,1,0.0,0,1232
1232000,1,99,99,0,99,5,0.0,0,1232
1232000,1,99,99,0,99,7,0.0,0,1232
1232000,1,99,99,0,99,3,0.0,0,1232
1232000,1,99,99,0,99,9,0.0,0,1232
1232000,1,99,99,0,99,11,0.0,0,1232
1232000,1,99,99,0,99,13,0.0,0,1232
1232000,1,99,99,0,99,15,0.0,0,1232
1232000,1,99,99,0,99,17,0.0,0,1232
1232000,1,99,99,0,99,19,0.999999999999272,0,1232
1233000,1,99,99,0,99,0,0,0,1233
1233000,1,99,99,0,99,8,0,0,1233
1233000,1,99,99,0,99,1,0.0,0,1233
1233000,1,99,99,0,99,5,0.0,0,1233
1233000,1,99,99,0,99,7,0.0,0,1233
1233000,1,99,99,0,99,3,0.0,0,1233
1233000,1,99,99,0,99,9,0.0,0,1233
1233000,1,99,99,0,99,11,0.0,0,1233
1233000,1,99,99,0,99,13,0.0,0,1233
1233000,1,99,99,0,99,15,0.0,0,1233
1233000,1,99,99,0,99,17,0.0,0,1233
1233000,1,99,99,0,99,19,0.9999999999991135,0,1233
1234000,1,99,99,0,99,0,0,0,1234
1234000,1,99,99,0,99,8,0,0,1234
1234000,1,99,99,0,99,1,0.0,0,1234
1234000,1,99,99,0,99,5,0.0,0,1234
1234000,1,99,99,0,99,7,0.0,0,1234
1234000,1,99,99,0,99,3,0.0,0,1234
1234000,1,99,99,0,99,9,0.0,0,1234
1234000,1,99,99,0,99,11,0.0,0,1234
1234000,1,99,99,0,99,13,0.0,0,1234
1234000,1,99,99,0,99,15,0.0,0,1234
1234000,1,99,99,0,99,17,0.0,0,1234
1234000,1,99,99,0,99,19,0.9999999999984209,0,1234
1235000,1,99,99,0,99,0,0,0,1235
1235000,1,99,99,0,99,8,0,0,1235
1235000,1,99,99,0,99,1,0.0,0,1235
1235000,1,99,99,0,99,5,0.0,0,1235
1235000,1,99,99,0,99,7,0.0,0,1235
1235000,1,99,99,0,99,3,0.0,0,1235
1235000,1,99,99,0,99,9,0.0,0,1235
1235000,1,99,99,0,99,11,0.0,0,1235
1235000,1,99,99,0,99,13,0.0,0,1235
1235000,1,99,99,0,99,15,0.0,0,1235
1235000,1,99,99,0,99,17,0.0,0,1235
1235000,1,99,99,0,99,19,0.9999999999996727,0,1235
1236000,1,99,99,0,99,0,0,0,1236
1236000,1,99,99,0,99,8,0,0,1236
1236000,1,99,99,0,99,1,0.0,0,1236
1236000,1,99,99,0,99,5,0.0,0,1236
1236000,1,99,99,0,99,7,0.0,0,1236
1236000,1,99,99,0,99,3,0.0,0,1236
1236000,1,99,99,0,99,9,0.0,0,1236
1236000,1,99,99,0,99,11,0.0,0,1236
1236000,1,99,99,0,99,13,0.0,0,1236
1236000,1,99,99,0,99,15,0.0,0,1236
1236000,1,99,99,0,99,17,0.0,0,1236
1236000,1,99,99,0,99,19,0.9999999999967509,0,1236
1237000,1,99,99,0,99,0,0,0,1237
1237000,1,99,99,0,99,8,0,0,1237
1237000,1,99,99,0,99,1,0.0,0,1237
1237000,1,99,99,0,99,5,0.0,0,1237
1237000,1,99,99,0,99,7,0.0,0,1237
1237000,1,99,99,0,99,3,0.0,0,1237
1237000,1,99,99,0,99,9,0.0,0,1237
1237000,1,99,99,0,99,11,0.0,0,1237
1237000,1,99,99,0,99,13,0.0,0,1237
1237000,1,99,99,0,99,15,0.0,0,1237
1237000,1,99,99,0,99,17,0.0,0,1237
1237000,1,99,99,0,99,19,0.9999999999960332,0,1237
1238000,1,99,99,0,99,0,0,0,1238
1238000,1,99,99,0,99,8,0,0,1238
1238000,1,99,99,0,99,1,0.0,0,1238
1238000,1,99,99,0,99,5,0.0,0,1238
1238000,1,99,99,0,99,7,0.0,0,1238
1238000,1,99,99,0,99,3,0.0,0,1238
1238000,1,99,99,0,99,9,0.0,0,1238
1238000,1,99,99,0,99,11,0.0,0,1238
1238000,1,99,99,0,99,13,0.0,0,1238
1238000,1,99,99,0,99,15,0.0,0,1238
1238000,1,99,99,0,99,17,0.0,0,1238
1238000,1,99,99,0,99,19,0.9999999999994296,0,1238
1239000,1,99,99,0,99,0,0,0,1239
1239000,1,99,99,0,99,8,0,0,1239
1239000,1,99,99,0,99,1,0.0,0,1239
1239000,1,99,99,0,99,5,0.0,0,1239
1239000,1,99,99,0,99,7,0.0,0,1239
1239000,1,99,99,0,99,3,0.0,0,1239
1239000,1,99,99,0,99,9,0.0,0,1239
1239000,1,99,99,0,99,11,0.0,0,1239
1239000,1,99,99,0,99,13,0.0,0,1239
1239000,1,99,99,0,99,15,0.0,0,1239
1239000,1,99,99,0,99,17,0.0,0,1239
1239000,1,99,99,0,99,19,0.9999999999993403,0,1239
1240000,1,99,99,0,99,0,0,0,1240
1240000,1,99,99,0,99,8,0,0,1240
1240000,1,99,99,0,99,1,0.0,0,1240
1240000,1,99,99,0,99,5,0.0,0,1240
1240000,1,99,99,0,99,7,0.0,0,1240
1240000,1,99,99,0,99,3,0.0,0,1240
1240000,1,99,99,0,99,9,0.0,0,1240
1240000,1,99,99,0,99,11,0.0,0,1240
1240000,1,99,99,0,99,13,0.0,0,1240
1240000,1,99,99,0,99,15,0.0,0,1240
1240000,1,99,99,0,99,17,0.0,0,1240
1240000,1,99,99,0,99,19,0.9999999999996931,0,1240
1241000,1,99,99,0,99,0,0,0,1241
1241000,1,99,99,0,99,8,0,0,1241
1241000,1,99,99,0,99,1,0.0,0,1241
1241000,1,99,99,0,99,5,0.0,0,1241
1241000,1,99,99,0,99,7,0.0,0,1241
1241000,1,99,99,0,99,3,0.0,0,1241
1241000,1,99,99,0,99,9,0.0,0,1241
1241000,1,99,99,0,99,11,0.0,0,1241
1241000,1,99,99,0,99,13,0.0,0,1241
1241000,1,99,99,0,99,15,0.0,0,1241
1241000,1,99,99,0,99,17,0.0,0,1241
1241000,1,99,99,0,99,19,0.9999999999988542,0,1241
1242000,1,99,99,0,99,0,0,0,1242
1242000,1,99,99,0,99,8,0,0,1242
1242000,1,99,99,0,99,1,0.0,0,1242
1242000,1,99,99,0,99,5,0.0,0,1242
1242000,1,99,99,0,99,7,0.0,0,1242
1242000,1,99,99,0,99,3,0.0,0,1242
1242000,1,99,99,0,99,9,0.0,0,1242
1242000,1,99,99,0,99,11,0.0,0,1242
1242000,1,99,99,0,99,13,0.0,0,1242
1242000,1,99,99,0,99,15,0.0,0,1242
1242000,1,99,99,0,99,17,0.0,0,1242
1242000,1,99,99,0,99,19,0.9999999999985193,0,1242
1243000,1,99,99,0,99,0,0,0,1243
1243000,1,99,99,0,99,8,0,0,1243
1243000,1,99,99,0,99,1,0.0,0,1243
1243000,1,99,99,0,99,5,0.0,0,1243
1243000,1,99,99,0,99,7,0.0,0,1243
1243000,1,99,99,0,99,3,0.0,0,1243
1243000,1,99,99,0,99,9,0.0,0,1243
1243000,1,99,99,0,99,11,0.0,0,1243
1243000,1,99,99,0,99,13,0.0,0,1243
1243000,1,99,99,0,99,15,0.0,0,1243
1243000,1,99,99,0,99,17,0.0,0,1243
1243000,1,99,99,0,99,19,0.9999999999997717,0,1243
1244000,1,99,99,0,99,0,0,0,1244
1244000,1,99,99,0,99,8,0,0,1244
1244000,1,99,99,0,99,1,0.0,0,1244
1244000,1,99,99,0,99,5,0.0,0,1244
1244000,1,99,99,0,99,7,0.0,0,1244
1244000,1,99,99,0,99,3,0.0,0,1244
1244000,1,99,99,0,99,9,0.0,0,1244
1244000,1,99,99,0,99,11,0.0,0,1244
1244000,1,99,99,0,99,13,0.0,0,1244
1244000,1,99,99,0,99,15,0.0,0,1244
1244000,1,99,99,0,99,17,0.0,0,1244
1244000,1,99,99,0,99,19,0.9999999999997244,0,1244
1245000,1,99,99,0,99,0,0,0,1245
1245000,1,99,99,0,99,8,0,0,1245
1245000,1,99,99,0,99,1,0.0,0,1245
1245000,1,99,99,0,99,5,0.0,0,1245
1245000,1,99,99,0,99,7,0.0,0,1245
1245000,1,99,99,0,99,3,0.0,0,1245
1245000,1,99,99,0,99,9,0.0,0,1245
1245000,1,99,99,0,99,11,0.0,0,1245
1245000,1,99,99,0,99,13,0.0,0,1245
1245000,1,99,99,0,99,15,0.0,0,1245
1245000,1,99,99,0,99,17,0.0,0,1245
1245000,1,99,99,0,99,19,0.9999999999985435,0,1245
1246000,1,99,99,0,99,0,0,0,1246
1246000,1,99,99,0,99,8,0,0,1246
1246000,1,99,99,0,99,1,0.0,0,1246
1246000,1,99,99,0,99,5,0.0,0,1246
1246000,1,99,99,0,99,7,0.0,0,1246
1246000,1,99,99,0,99,3,0.0,0,1246
1246000,1,99,99,0,99,9,0.0,0,1246
1246000,1,99,99,0,99,11,0.0,0,1246
1246000,1,99,99,0,99,13,0.0,0,1246
1246000,1,99,99,0,99,15,0.0,0,1246
1246000,1,99,99,0,99,17,0.0,0,1246
1246000,1,99,99,0,99,19,0.9999999999984602,0,1246
1247000,1,99,99,0,99,0,0,0,1247
1247000,1,99,99,0,99,8,0,0,1247
1247000,1,99,99,0,99,1,0.0,0,1247
1247000,1,99,99,0,99,5,0.0,0,1247
1247000,1,99,99,0,99,7,0.0,0,1247
1247000,1,99,99,0,99,3,0.0,0,1247
1247000,1,99,99,0,99,9,0.0,0,1247
1247000,1,99,99,0,99,11,0.0,0,1247
1247000,1,99,99,0,99,13,0.0,0,1247
1247000,1,99,99,0,99,15,0.0,0,1247
1247000,1,99,99,0,99,17,0.0,0,1247
1247000,1,99,99,0,99,19,0.9999999999996358,0,1247
1248000,1,99,99,0,99,0,0,0,1248
1248000,1,99,99,0,99,8,0,0,1248
1248000,1,99,99,0,99,1,0.0,0,1248
1248000,1,99,99,0,99,5,0.0,0,1248
1248000,1,99,99,0,99,7,0.0,0,1248
1248000,1,99,99,0,99,3,0.0,0,1248
1248000,1,99,99,0,99,9,0.0,0,1248
1248000,1,99,99,0,99,11,0.0,0,1248
1248000,1,99,99,0,99,13,0.0,0,1248
1248000,1,99,99,0,99,15,0.0,0,1248
1248000,1,99,99,0,99,17,0.0,0,1248
1248000,1,99,99,0,99,19,0.9999999999998351,0,1248
1249000,1,99,99,0,99,0,0,0,1249
1249000,1,99,99,0,99,8,0,0,1249
1249000,1,99,99,0,99,1,0.0,0,1249
1249000,1,99,99,0,99,5,0.0,0,1249
1249000,1,99,99,0,99,7,0.0,0,1249
1249000,1,99,99,0,99,3,0.0,0,1249
1249000,1,99,99,0,99,9,0.0,0,1249
1249000,1,99,99,0,99,11,0.0,0,1249
1249000,1,99,99,0,99,13,0.0,0,1249
1249000,1,99,99,0,99,15,0.0,0,1249
1249000,1,99,99,0,99,17,0.0,0,1249
1249000,1,99,99,0,99,19,0.9999999999991566,0,1249
1250000,1,99,99,0,99,0,0,0,1250
1250000,1,99,99,0,99,8,0,0,1250
1250000,1,99,99,0,99,1,0.0,0,1250
1250000,1,99,99,0,99,5,0.0,0,1250
1250000,1,99,99,0,99,7,0.0,0,1250
1250000,1,99,99,0,99,3,0.0,0,1250
1250000,1,99,99,0,99,9,0.0,0,1250
1250000,1,99,99,0,99,11,0.0,0,1250
1250000,1,99,99,0,99,13,0.0,0,1250
1250000,1,99,99,0,99,15,0.0,0,1250
1250000,1,99,99,0,99,17,0.0,0,1250
1250000,1,99,99,0,99,19,0.9999999999987595,0,1250
1251000,1,99,99,0,99,0,0,0,1251
1251000,1,99,99,0,99,8,0,0,1251
1251000,1,99,99,0,99,1,0.0,0,1251
1251000,1,99,99,0,99,5,0.0,0,1251
1251000,1,99,99,0,99,7,0.0,0,1251
1251000,1,99,99,0,99,3,0.0,0,1251
1251000,1,99,99,0,99,9,0.0,0,1251
1251000,1,99,99,0,99,11,0.0,0,1251
1251000,1,99,99,0,99,13,0.0,0,1251
1251000,1,99,99,0,99,15,0.0,0,1251
1251000,1,99,99,0,99,17,0.0,0,1251
1251000,1,99,99,0,99,19,0.9999999999998288,0,1251
1252000,1,99,99,0,99,0,0,0,1252
1252000,1,99,99,0,99,8,0,0,1252
1252000,1,99,99,0,99,1,0.0,0,1252
1252000,1,99,99,0,99,5,0.0,0,1252
1252000,1,99,99,0,99,7,0.0,0,1252
1252000,1,99,99,0,99,3,0.0,0,1252
1252000,1,99,99,0,99,9,0.0,0,1252
1252000,1,99,99,0,99,11,0.0,0,1252
1252000,1,99,99,0,99,13,0.0,0,1252
1252000,1,99,99,0,99,15,0.0,0,1252
1252000,1,99,99,0,99,17,0.0,0,1252
1252000,1,99,99,0,99,19,0.9999999999986912,0,1252
1253000,1,99,99,0,99,0,0,0,1253
1253000,1,99,99,0,99,8,0,0,1253
1253000,1,99,99,0,99,1,0.0,0,1253
1253000,1,99,99,0,99,5,0.0,0,1253
1253000,1,99,99,0,99,7,0.0,0,1253
1253000,1,99,99,0,99,3,0.0,0,1253
1253000,1,99,99,0,99,9,0.0,0,1253
1253000,1,99,99,0,99,11,0.0,0,1253
1253000,1,99,99,0,99,13,0.0,0,1253
1253000,1,99,99,0,99,15,0.0,0,1253
1253000,1,99,99,0,99,17,0.0,0,1253
1253000,1,99,99,0,99,19,0.9999999999998721,0,1253
1254000,1,99,99,0,99,0,0,0,1254
1254000,1,99,99,0,99,8,0,0,1254
1254000,1,99,99,0,99,1,0.0,0,1254
1254000,1,99,99,0,99,5,0.0,0,1254
1254000,1,99,99,0,99,7,0.0,0,1254
1254000,1,99,99,0,99,3,0.0,0,1254
1254000,1,99,99,0,99,9,0.0,0,1254
1254000,1,99,99,0,99,11,0.0,0,1254
1254000,1,99,99,0,99,13,0.0,0,1254
1254000,1,99,99,0,99,15,0.0,0,1254
1254000,1,99,99,0,99,17,0.0,0,1254
1254000,1,99,99,0,99,19,0.9999999999991004,0,1254
1255000,1,99,99,0,99,0,0,0,1255
1255000,1,99,99,0,99,8,0,0,1255
1255000,1,99,99,0,99,1,0.0,0,1255
1255000,1,99,99,0,99,5,0.0,0,1255
1255000,1,99,99,0,99,7,0.0,0,1255
1255000,1,99,99,0,99,3,0.0,0,1255
1255000,1,99,99,0,99,9,0.0,0,1255
1255000,1,99,99,0,99,11,0.0,0,1255
1255000,1,99,99,0,99,13,0.0,0,1255
1255000,1,99,99,0,99,15,0.0,0,1255
1255000,1,99,99,0,99,17,0.0,0,1255
1255000,1,99,99,0,99,19,0.9999999999998715,0,1255
1256000,1,99,99,0,99,0,0,0,1256
1256000,1,99,99,0,99,8,0,0,1256
1256000,1,99,99,0,99,1,0.0,0,1256
1256000,1,99,99,0,99,5,0.0,0,1256
1256000,1,99,99,0,99,7,0.0,0,1256
1256000,1,99,99,0,99,3,0.0,0,1256
1256000,1,99,99,0,99,9,0.0,0,1256
1256000,1,99,99,0,99,11,0.0,0,1256
1256000,1,99,99,0,99,13,0.0,0,1256
1256000,1,99,99,0,99,15,0.0,0,1256
1256000,1,99,99,0,99,17,0.0,0,1256
1256000,1,99,99,0,99,19,0.9999999999999337,0,1256
1257000,1,99,99,0,99,0,0,0,1257
1257000,1,99,99,0,99,8,0,0,1257
1257000,1,99,99,0,99,1,0.0,0,1257
1257000,1,99,99,0,99,5,0.0,0,1257
1257000,1,99,99,0,99,7,0.0,0,1257
1257000,1,99,99,0,99,3,0.0,0,1257
1257000,1,99,99,0,99,9,0.0,0,1257
1257000,1,99,99,0,99,11,0.0,0,1257
1257000,1,99,99,0,99,13,0.0,0,1257
1257000,1,99,99,0,99,15,0.0,0,1257
1257000,1,99,99,0,99,17,0.0,0,1257
1257000,1,99,99,0,99,19,0.9999999999999205,0,1257
1258000,1,99,99,0,99,0,0,0,1258
1258000,1,99,99,0,99,8,0,0,1258
1258000,1,99,99,0,99,1,0.0,0,1258
1258000,1,99,99,0,99,5,0.0,0,1258
1258000,1,99,99,0,99,7,0.0,0,1258
1258000,1,99,99,0,99,3,0.0,0,1258
1258000,1,99,99,0,99,9,0.0,0,1258
1258000,1,99,99,0,99,11,0.0,0,1258
1258000,1,99,99,0,99,13,0.0,0,1258
1258000,1,99,99,0,99,15,0.0,0,1258
1258000,1,99,99,0,99,17,0.0,0,1258
1258000,1,99,99,0,99,19,0.9999999999998787,0,1258
1259000,1,99,99,0,99,0,0,0,1259
1259000,1,99,99,0,99,8,0,0,1259
1259000,1,99,99,0,99,1,0.0,0,1259
1259000,1,99,99,0,99,5,0.0,0,1259
1259000,1,99,99,0,99,7,0.0,0,1259
1259000,1,99,99,0,99,3,0.0,0,1259
1259000,1,99,99,0,99,9,0.0,0,1259
1259000,1,99,99,0,99,11,0.0,0,1259
1259000,1,99,99,0,99,13,0.0,0,1259
1259000,1,99,99,0,99,15,0.0,0,1259
1259000,1,99,99,0,99,17,0.0,0,1259
1259000,1,99,99,0,99,19,0.9999999999998587,0,1259
1260000,1,99,99,0,99,0,0,0,1260
1260000,1,99,99,0,99,8,0,0,1260
1260000,1,99,99,0,99,1,0.0,0,1260
1260000,1,99,99,0,99,5,0.0,0,1260
1260000,1,99,99,0,99,7,0.0,0,1260
1260000,1,99,99,0,99,3,0.0,0,1260
1260000,1,99,99,0,99,9,0.0,0,1260
1260000,1,99,99,0,99,11,0.0,0,1260
1260000,1,99,99,0,99,13,0.0,0,1260
1260000,1,99,99,0,99,15,0.0,0,1260
1260000,1,99,99,0,99,17,0.0,0,1260
1260000,1,99,99,0,99,19,0.9999999999998418,0,1260
1261000,1,99,99,0,99,0,0,0,1261
1261000,1,99,99,0,99,8,0,0,1261
1261000,1,99,99,0,99,1,0.0,0,1261
1261000,1,99,99,0,99,5,0.0,0,1261
1261000,1,99,99,0,99,7,0.0,0,1261
1261000,1,99,99,0,99,3,0.0,0,1261
1261000,1,99,99,0,99,9,0.0,0,1261
1261000,1,99,99,0,99,11,0.0,0,1261
1261000,1,99,99,0,99,13,0.0,0,1261
1261000,1,99,99,0,99,15,0.0,0,1261
1261000,1,99,99,0,99,17,0.0,0,1261
1261000,1,99,99,0,99,19,0.9999999999998718,0,1261
1262000,1,99,99,0,99,0,0,0,1262
1262000,1,99,99,0,99,8,0,0,1262
1262000,1,99,99,0,99,1,0.0,0,1262
1262000,1,99,99,0,99,5,0.0,0,1262
1262000,1,99,99,0,99,7,0.0,0,1262
1262000,1,99,99,0,99,3,0.0,0,1262
1262000,1,99,99,0,99,9,0.0,0,1262
1262000,1,99,99,0,99,11,0.0,0,1262
1262000,1,99,99,0,99,13,0.0,0,1262
1262000,1,99,99,0,99,15,0.0,0,1262
1262000,1,99,99,0,99,17,0.0,0,1262
1262000,1,99,99,0,99,19,0.9999999999999236,0,1262
1263000,1,99,99,0,99,0,0,0,1263
1263000,1,99,99,0,99,8,0,0,1263
1263000,1,99,99,0,99,1,0.0,0,1263
1263000,1,99,99,0,99,5,0.0,0,1263
1263000,1,99,99,0,99,7,0.0,0,1263
1263000,1,99,99,0,99,3,0.0,0,1263
1263000,1,99,99,0,99,9,0.0,0,1263
1263000,1,99,99,0,99,11,0.0,0,1263
1263000,1,99,99,0,99,13,0.0,0,1263
1263000,1,99,99,0,99,15,0.0,0,1263
1263000,1,99,99,0,99,17,0.0,0,1263
1263000,1,99,99,0,99,19,0.9999999999995894,0,1263
1264000,1,99,99,0,99,0,0,0,1264
1264000,1,99,99,0,99,8,0,0,1264
1264000,1,99,99,0,99,1,0.0,0,1264
1264000,1,99,99,0,99,5,0.0,0,1264
1264000,1,99,99,0,99,7,0.0,0,1264
1264000,1,99,99,0,99,3,0.0,0,1264
1264000,1,99,99,0,99,9,0.0,0,1264
1264000,1,99,99,0,99,11,0.0,0,1264
1264000,1,99,99,0,99,13,0.0,0,1264
1264000,1,99,99,0,99,15,0.0,0,1264
1264000,1,99,99,0,99,17,0.0,0,1264
1264000,1,99,99,0,99,19,0.9999999999996345,0,1264
1265000,1,99,99,0,99,0,0,0,1265
1265000,1,99,99,0,99,8,0,0,1265
1265000,1,99,99,0,99,1,0.0,0,1265
1265000,1,99,99,0,99,5,0.0,0,1265
1265000,1,99,99,0,99,7,0.0,0,1265
1265000,1,99,99,0,99,3,0.0,0,1265
1265000,1,99,99,0,99,9,0.0,0,1265
1265000,1,99,99,0,99,11,0.0,0,1265
1265000,1,99,99,0,99,13,0.0,0,1265
1265000,1,99,99,0,99,15,0.0,0,1265
1265000,1,99,99,0,99,17,0.0,0,1265
1265000,1,99,99,0,99,19,0.9999999999996847,0,1265
1266000,1,99,99,0,99,0,0,0,1266
1266000,1,99,99,0,99,8,0,0,1266
1266000,1,99,99,0,99,1,0.0,0,1266
1266000,1,99,99,0,99,5,0.0,0,1266
1266000,1,99,99,0,99,7,0.0,0,1266
1266000,1,99,99,0,99,3,0.0,0,1266
1266000,1,99,99,0,99,9,0.0,0,1266
1266000,1,99,99,0,99,11,0.0,0,1266
1266000,1,99,99,0,99,13,0.0,0,1266
1266000,1,99,99,0,99,15,0.0,0,1266
1266000,1,99,99,0,99,17,0.0,0,1266
1266000,1,99,99,0,99,19,0.9999999999996648,0,1266
1267000,1,99,99,0,99,0,0,0,1267
1267000,1,99,99,0,99,8,0,0,1267
1267000,1,99,99,0,99,1,0.0,0,1267
1267000,1,99,99,0,99,5,0.0,0,1267
1267000,1,99,99,0,99,7,0.0,0,1267
1267000,1,99,99,0,99,3,0.0,0,1267
1267000,1,99,99,0,99,9,0.0,0,1267
1267000,1,99,99,0,99,11,0.0,0,1267
1267000,1,99,99,0,99,13,0.0,0,1267
1267000,1,99,99,0,99,15,0.0,0,1267
1267000,1,99,99,0,99,17,0.0,0,1267
1267000,1,99,99,0,99,19,0.9999999999999559,0,1267
1268000,1,99,99,0,99,0,0,0,1268
1268000,1,99,99,0,99,8,0,0,1268
1268000,1,99,99,0,99,1,0.0,0,1268
1268000,1,99,99,0,99,5,0.0,0,1268
1268000,1,99,99,0,99,7,0.0,0,1268
1268000,1,99,99,0,99,3,0.0,0,1268
1268000,1,99,99,0,99,9,0.0,0,1268
1268000,1,99,99,0,99,11,0.0,0,1268
1268000,1,99,99,0,99,13,0.0,0,1268
1268000,1,99,99,0,99,15,0.0,0,1268
1268000,1,99,99,0,99,17,0.0,0,1268
1268000,1,99,99,0,99,19,0.9999999999997273,0,1268
1269000,1,99,99,0,99,0,0,0,1269
1269000,1,99,99,0,99,8,0,0,1269
1269000,1,99,99,0,99,1,0.0,0,1269
1269000,1,99,99,0,99,5,0.0,0,1269
1269000,1,99,99,0,99,7,0.0,0,1269
1269000,1,99,99,0,99,3,0.0,0,1269
1269000,1,99,99,0,99,9,0.0,0,1269
1269000,1,99,99,0,99,11,0.0,0,1269
1269000,1,99,99,0,99,13,0.0,0,1269
1269000,1,99,99,0,99,15,0.0,0,1269
1269000,1,99,99,0,99,17,0.0,0,1269
1269000,1,99,99,0,99,19,0.9999999999996321,0,1269
1270000,1,99,99,0,99,0,0,0,1270
1270000,1,99,99,0,99,8,0,0,1270
1270000,1,99,99,0,99,1,0.0,0,1270
1270000,1,99,99,0,99,5,0.0,0,1270
1270000,1,99,99,0,99,7,0.0,0,1270
1270000,1,99,99,0,99,3,0.0,0,1270
1270000,1,99,99,0,99,9,0.0,0,1270
1270000,1,99,99,0,99,11,0.0,0,1270
1270000,1,99,99,0,99,13,0.0,0,1270
1270000,1,99,99,0,99,15,0.0,0,1270
1270000,1,99,99,0,99,17,0.0,0,1270
1270000,1,99,99,0,99,19,0.9999999999999107,0,1270
1271000,1,99,99,0,99,0,0,0,1271
1271000,1,99,99,0,99,8,0,0,1271
1271000,1,99,99,0,99,1,0.0,0,1271
1271000,1,99,99,0,99,5,0.0,0,1271
1271000,1,99,99,0,99,7,0.0,0,1271
1271000,1,99,99,0,99,3,0.0,0,1271
1271000,1,99,99,0,99,9,0.0,0,1271
1271000,1,99,99,0,99,11,0.0,0,1271
1271000,1,99,99,0,99,13,0.0,0,1271
1271000,1,99,99,0,99,15,0.0,0,1271
1271000,1,99,99,0,99,17,0.0,0,1271
1271000,1,99,99,0,99,19,0.9999999999999399,0,1271
1272000,1,99,99,0,99,0,0,0,1272
1272000,1,99,99,0,99,8,0,0,1272
1272000,1,99,99,0,99,1,0.0,0,1272
1272000,1,99,99,0,99,5,0.0,0,1272
1272000,1,99,99,0,99,7,0.0,0,1272
1272000,1,99,99,0,99,3,0.0,0,1272
1272000,1,99,99,0,99,9,0.0,0,1272
1272000,1,99,99,0,99,11,0.0,0,1272
1272000,1,99,99,0,99,13,0.0,0,1272
1272000,1,99,99,0,99,15,0.0,0,1272
1272000,1,99,99,0,99,17,0.0,0,1272
1272000,1,99,99,0,99,19,0.9999999999999454,0,1272
1273000,1,99,99,0,99,0,0,0,1273
1273000,1,99,99,0,99,8,0,0,1273
1273000,1,99,99,0,99,1,0.0,0,1273
1273000,1,99,99,0,99,5,0.0,0,1273
1273000,1,99,99,0,99,7,0.0,0,1273
1273000,1,99,99,0,99,3,0.0,0,1273
1273000,1,99,99,0,99,9,0.0,0,1273
1273000,1,99,99,0,99,11,0.0,0,1273
1273000,1,99,99,0,99,13,0.0,0,1273
1273000,1,99,99,0,99,15,0.0,0,1273
1273000,1,99,99,0,99,17,0.0,0,1273
1273000,1,99,99,0,99,19,0.9999999999999643,0,1273
1274000,1,99,99,0,99,0,0,0,1274
1274000,1,99,99,0,99,8,0,0,1274
1274000,1,99,99,0,99,1,0.0,0,1274
1274000,1,99,99,0,99,5,0.0,0,1274
1274000,1,99,99,0,99,7,0.0,0,1274
1274000,1,99,99,0,99,3,0.0,0,1274
1274000,1,99,99,0,99,9,0.0,0,1274
1274000,1,99,99,0,99,11,0.0,0,1274
1274000,1,99,99,0,99,13,0.0,0,1274
1274000,1,99,99,0,99,15,0.0,0,1274
1274000,1,99,99,0,99,17,0.0,0,1274
1274000,1,99,99,0,99,19,0.999999999999799,0,1274
1275000,1,99,99,0,99,0,0,0,1275
1275000,1,99,99,0,99,8,0,0,1275
1275000,1,99,99,0,99,1,0.0,0,1275
1275000,1,99,99,0,99,5,0.0,0,1275
1275000,1,99,99,0,99,7,0.0,0,1275
1275000,1,99,99,0,99,3,0.0,0,1275
1275000,1,99,99,0,99,9,0.0,0,1275
1275000,1,99,99,0,99,11,0.0,0,1275
1275000,1,99,99,0,99,13,0.0,0,1275
1275000,1,99,99,0,99,15,0.0,0,1275
1275000,1,99,99,0,99,17,0.0,0,1275
1275000,1,99,99,0,99,19,0.9999999999998088,0,1275
1276000,1,99,99,0,99,0,0,0,1276
1276000,1,99,99,0,99,8,0,0,1276
1276000,1,99,99,0,99,1,0.0,0,1276
1276000,1,99,99,0,99,5,0.0,0,1276
1276000,1,99,99,0,99,7,0.0,0,1276
1276000,1,99,99,0,99,3,0.0,0,1276
1276000,1,99,99,0,99,9,0.0,0,1276
1276000,1,99,99,0,99,11,0.0,0,1276
1276000,1,99,99,0,99,13,0.0,0,1276
1276000,1,99,99,0,99,15,0.0,0,1276
1276000,1,99,99,0,99,17,0.0,0,1276
1276000,1,99,99,0,99,19,0.9999999999996724,0,1276
1277000,1,99,99,0,99,0,0,0,1277
1277000,1,99,99,0,99,8,0,0,1277
1277000,1,99,99,0,99,1,0.0,0,1277
1277000,1,99,99,0,99,5,0.0,0,1277
1277000,1,99,99,0,99,7,0.0,0,1277
1277000,1,99,99,0,99,3,0.0,0,1277
1277000,1,99,99,0,99,9,0.0,0,1277
1277000,1,99,99,0,99,11,0.0,0,1277
1277000,1,99,99,0,99,13,0.0,0,1277
1277000,1,99,99,0,99,15,0.0,0,1277
1277000,1,99,99,0,99,17,0.0,0,1277
1277000,1,99,99,0,99,19,0.9999999999999432,0,1277
1278000,1,99,99,0,99,0,0,0,1278
1278000,1,99,99,0,99,8,0,0,1278
1278000,1,99,99,0,99,1,0.0,0,1278
1278000,1,99,99,0,99,5,0.0,0,1278
1278000,1,99,99,0,99,7,0.0,0,1278
1278000,1,99,99,0,99,3,0.0,0,1278
1278000,1,99,99,0,99,9,0.0,0,1278
1278000,1,99,99,0,99,11,0.0,0,1278
1278000,1,99,99,0,99,13,0.0,0,1278
1278000,1,99,99,0,99,15,0.0,0,1278
1278000,1,99,99,0,99,17,0.0,0,1278
1278000,1,99,99,0,99,19,0.9999999999999676,0,1278
1279000,1,99,99,0,99,0,0,0,1279
1279000,1,99,99,0,99,8,0,0,1279
1279000,1,99,99,0,99,1,0.0,0,1279
1279000,1,99,99,0,99,5,0.0,0,1279
1279000,1,99,99,0,99,7,0.0,0,1279
1279000,1,99,99,0,99,3,0.0,0,1279
1279000,1,99,99,0,99,9,0.0,0,1279
1279000,1,99,99,0,99,11,0.0,0,1279
1279000,1,99,99,0,99,13,0.0,0,1279
1279000,1,99,99,0,99,15,0.0,0,1279
1279000,1,99,99,0,99,17,0.0,0,1279
1279000,1,99,99,0,99,19,0.9999999999999803,0,1279
1280000,1,99,99,0,99,0,0,0,1280
1280000,1,99,99,0,99,8,0,0,1280
1280000,1,99,99,0,99,1,0.0,0,1280
1280000,1,99,99,0,99,5,0.0,0,1280
1280000,1,99,99,0,99,7,0.0,0,1280
1280000,1,99,99,0,99,3,0.0,0,1280
1280000,1,99,99,0,99,9,0.0,0,1280
1280000,1,99,99,0,99,11,0.0,0,1280
1280000,1,99,99,0,99,13,0.0,0,1280
1280000,1,99,99,0,99,15,0.0,0,1280
1280000,1,99,99,0,99,17,0.0,0,1280
1280000,1,99,99,0,99,19,0.9999999999998654,0,1280
1281000,1,99,99,0,99,0,0,0,1281
1281000,1,99,99,0,99,8,0,0,1281
1281000,1,99,99,0,99,1,0.0,0,1281
1281000,1,99,99,0,99,5,0.0,0,1281
1281000,1,99,99,0,99,7,0.0,0,1281
1281000,1,99,99,0,99,3,0.0,0,1281
1281000,1,99,99,0,99,9,0.0,0,1281
1281000,1,99,99,0,99,11,0.0,0,1281
1281000,1,99,99,0,99,13,0.0,0,1281
1281000,1,99,99,0,99,15,0.0,0,1281
1281000,1,99,99,0,99,17,0.0,0,1281
1281000,1,99,99,0,99,19,0.9999999999998442,0,1281
1282000,1,99,99,0,99,0,0,0,1282
1282000,1,99,99,0,99,8,0,0,1282
1282000,1,99,99,0,99,1,0.0,0,1282
1282000,1,99,99,0,99,5,0.0,0,1282
1282000,1,99,99,0,99,7,0.0,0,1282
1282000,1,99,99,0,99,3,0.0,0,1282
1282000,1,99,99,0,99,9,0.0,0,1282
1282000,1,99,99,0,99,11,0.0,0,1282
1282000,1,99,99,0,99,13,0.0,0,1282
1282000,1,99,99,0,99,15,0.0,0,1282
1282000,1,99,99,0,99,17,0.0,0,1282
1282000,1,99,99,0,99,19,0.9999999999998138,0,1282
1283000,1,99,99,0,99,0,0,0,1283
1283000,1,99,99,0,99,8,0,0,1283
1283000,1,99,99,0,99,1,0.0,0,1283
1283000,1,99,99,0,99,5,0.0,0,1283
1283000,1,99,99,0,99,7,0.0,0,1283
1283000,1,99,99,0,99,3,0.0,0,1283
1283000,1,99,99,0,99,9,0.0,0,1283
1283000,1,99,99,0,99,11,0.0,0,1283
1283000,1,99,99,0,99,13,0.0,0,1283
1283000,1,99,99,0,99,15,0.0,0,1283
1283000,1,99,99,0,99,17,0.0,0,1283
1283000,1,99,99,0,99,19,0.9999999999998439,0,1283
1284000,1,99,99,0,99,0,0,0,1284
1284000,1,99,99,0,99,8,0,0,1284
1284000,1,99,99,0,99,1,0.0,0,1284
1284000,1,99,99,0,99,5,0.0,0,1284
1284000,1,99,99,0,99,7,0.0,0,1284
1284000,1,99,99,0,99,3,0.0,0,1284
1284000,1,99,99,0,99,9,0.0,0,1284
1284000,1,99,99,0,99,11,0.0,0,1284
1284000,1,99,99,0,99,13,0.0,0,1284
1284000,1,99,99,0,99,15,0.0,0,1284
1284000,1,99,99,0,99,17,0.0,0,1284
1284000,1,99,99,0,99,19,0.999999999999759,0,1284
1285000,1,99,99,0,99,0,0,0,1285
1285000,1,99,99,0,99,8,0,0,1285
1285000,1,99,99,0,99,1,0.0,0,1285
1285000,1,99,99,0,99,5,0.0,0,1285
1285000,1,99,99,0,99,7,0.0,0,1285
1285000,1,99,99,0,99,3,0.0,0,1285
1285000,1,99,99,0,99,9,0.0,0,1285
1285000,1,99,99,0,99,11,0.0,0,1285
1285000,1,99,99,0,99,13,0.0,0,1285
1285000,1,99,99,0,99,15,0.0,0,1285
1285000,1,99,99,0,99,17,0.0,0,1285
1285000,1,99,99,0,99,19,0.9999999999999502,0,1285
1286000,1,99,99,0,99,0,0,0,1286
1286000,1,99,99,0,99,8,0,0,1286
1286000,1,99,99,0,99,1,0.0,0,1286
1286000,1,99,99,0,99,5,0.0,0,1286
1286000,1,99,99,0,99,7,0.0,0,1286
1286000,1,99,99,0,99,3,0.0,0,1286
1286000,1,99,99,0,99,9,0.0,0,1286
1286000,1,99,99,0,99,11,0.0,0,1286
1286000,1,99,99,0,99,13,0.0,0,1286
1286000,1,99,99,0,99,15,0.0,0,1286
1286000,1,99,99,0,99,17,0.0,0,1286
1286000,1,99,99,0,99,19,0.9999999999999609,0,1286
1287000,1,99,99,0,99,0,0,0,1287
1287000,1,99,99,0,99,8,0,0,1287
1287000,1,99,99,0,99,1,0.0,0,1287
1287000,1,99,99,0,99,5,0.0,0,1287
1287000,1,99,99,0,99,7,0.0,0,1287
1287000,1,99,99,0,99,3,0.0,0,1287
1287000,1,99,99,0,99,9,0.0,0,1287
1287000,1,99,99,0,99,11,0.0,0,1287
1287000,1,99,99,0,99,13,0.0,0,1287
1287000,1,99,99,0,99,15,0.0,0,1287
1287000,1,99,99,0,99,17,0.0,0,1287
1287000,1,99,99,0,99,19,0.999999999999972,0,1287
1288000,1,99,99,0,99,0,0,0,1288
1288000,1,99,99,0,99,8,0,0,1288
1288000,1,99,99,0,99,1,0.0,0,1288
1288000,1,99,99,0,99,5,0.0,0,1288
1288000,1,99,99,0,99,7,0.0,0,1288
1288000,1,99,99,0,99,3,0.0,0,1288
1288000,1,99,99,0,99,9,0.0,0,1288
1288000,1,99,99,0,99,11,0.0,0,1288
1288000,1,99,99,0,99,13,0.0,0,1288
1288000,1,99,99,0,99,15,0.0,0,1288
1288000,1,99,99,0,99,17,0.0,0,1288
1288000,1,99,99,0,99,19,0.9999999999999515,0,1288
1289000,1,99,99,0,99,0,0,0,1289
1289000,1,99,99,0,99,8,0,0,1289
1289000,1,99,99,0,99,1,0.0,0,1289
1289000,1,99,99,0,99,5,0.0,0,1289
1289000,1,99,99,0,99,7,0.0,0,1289
1289000,1,99,99,0,99,3,0.0,0,1289
1289000,1,99,99,0,99,9,0.0,0,1289
1289000,1,99,99,0,99,11,0.0,0,1289
1289000,1,99,99,0,99,13,0.0,0,1289
1289000,1,99,99,0,99,15,0.0,0,1289
1289000,1,99,99,0,99,17,0.0,0,1289
1289000,1,99,99,0,99,19,0.9999999999999659,0,1289
1290000,1,99,99,0,99,0,0,0,1290
1290000,1,99,99,0,99,8,0,0,1290
1290000,1,99,99,0,99,1,0.0,0,1290
1290000,1,99,99,0,99,5,0.0,0,1290
1290000,1,99,99,0,99,7,0.0,0,1290
1290000,1,99,99,0,99,3,0.0,0,1290
1290000,1,99,99,0,99,9,0.0,0,1290
1290000,1,99,99,0,99,11,0.0,0,1290
1290000,1,99,99,0,99,13,0.0,0,1290
1290000,1,99,99,0,99,15,0.0,0,1290
1290000,1,99,99,0,99,17,0.0,0,1290
1290000,1,99,99,0,99,19,0.9999999999998107,0,1290
1291000,1,99,99,0,99,0,0,0,1291
1291000,1,99,99,0,99,8,0,0,1291
1291000,1,99,99,0,99,1,0.0,0,1291
1291000,1,99,99,0,99,5,0.0,0,1291
1291000,1,99,99,0,99,7,0.0,0,1291
1291000,1,99,99,0,99,3,0.0,0,1291
1291000,1,99,99,0,99,9,0.0,0,1291
1291000,1,99,99,0,99,11,0.0,0,1291
1291000,1,99,99,0,99,13,0.0,0,1291
1291000,1,99,99,0,99,15,0.0,0,1291
1291000,1,99,99,0,99,17,0.0,0,1291
1291000,1,99,99,0,99,19,0.9999999999999715,0,1291
1292000,1,99,99,0,99,0,0,0,1292
1292000,1,99,99,0,99,8,0,0,1292
1292000,1,99,99,0,99,1,0.0,0,1292
1292000,1,99,99,0,99,5,0.0,0,1292
1292000,1,99,99,0,99,7,0.0,0,1292
1292000,1,99,99,0,99,3,0.0,0,1292
1292000,1,99,99,0,99,9,0.0,0,1292
1292000,1,99,99,0,99,11,0.0,0,1292
1292000,1,99,99,0,99,13,0.0,0,1292
1292000,1,99,99,0,99,15,0.0,0,1292
1292000,1,99,99,0,99,17,0.0,0,1292
1292000,1,99,99,0,99,19,0.9999999999998131,0,1292
1293000,1,99,99,0,99,0,0,0,1293
1293000,1,99,99,0,99,8,0,0,1293
1293000,1,99,99,0,99,1,0.0,0,1293
1293000,1,99,99,0,99,5,0.0,0,1293
1293000,1,99,99,0,99,7,0.0,0,1293
1293000,1,99,99,0,99,3,0.0,0,1293
1293000,1,99,99,0,99,9,0.0,0,1293
1293000,1,99,99,0,99,11,0.0,0,1293
1293000,1,99,99,0,99,13,0.0,0,1293
1293000,1,99,99,0,99,15,0.0,0,1293
1293000,1,99,99,0,99,17,0.0,0,1293
1293000,1,99,99,0,99,19,0.999999999999799,0,1293
1294000,1,99,99,0,99,0,0,0,1294
1294000,1,99,99,0,99,8,0,0,1294
1294000,1,99,99,0,99,1,0.0,0,1294
1294000,1,99,99,0,99,5,0.0,0,1294
1294000,1,99,99,0,99,7,0.0,0,1294
1294000,1,99,99,0,99,3,0.0,0,1294
1294000,1,99,99,0,99,9,0.0,0,1294
1294000,1,99,99,0,99,11,0.0,0,1294
1294000,1,99,99,0,99,13,0.0,0,1294
1294000,1,99,99,0,99,15,0.0,0,1294
1294000,1,99,99,0,99,17,0.0,0,1294
1294000,1,99,99,0,99,19,0.9999999999996688,0,1294
1295000,1,99,99,0,99,0,0,0,1295
1295000,1,99,99,0,99,8,0,0,1295
1295000,1,99,99,0,99,1,0.0,0,1295
1295000,1,99,99,0,99,5,0.0,0,1295
1295000,1,99,99,0,99,7,0.0,0,1295
1295000,1,99,99,0,99,3,0.0,0,1295
1295000,1,99,99,0,99,9,0.0,0,1295
1295000,1,99,99,0,99,11,0.0,0,1295
1295000,1,99,99,0,99,13,0.0,0,1295
1295000,1,99,99,0,99,15,0.0,0,1295
1295000,1,99,99,0,99,17,0.0,0,1295
1295000,1,99,99,0,99,19,0.9999999999999317,0,1295
1296000,1,99,99,0,99,0,0,0,1296
1296000,1,99,99,0,99,8,0,0,1296
1296000,1,99,99,0,99,1,0.0,0,1296
1296000,1,99,99,0,99,5,0.0,0,1296
1296000,1,99,99,0,99,7,0.0,0,1296
1296000,1,99,99,0,99,3,0.0,0,1296
1296000,1,99,99,0,99,9,0.0,0,1296
1296000,1,99,99,0,99,11,0.0,0,1296
1296000,1,99,99,0,99,13,0.0,0,1296
1296000,1,99,99,0,99,15,0.0,0,1296
1296000,1,99,99,0,99,17,0.0,0,1296
1296000,1,99,99,0,99,19,0.9999999999999676,0,1296
1297000,1,99,99,0,99,0,0,0,1297
1297000,1,99,99,0,99,8,0,0,1297
1297000,1,99,99,0,99,1,0.0,0,1297
1297000,1,99,99,0,99,5,0.0,0,1297
1297000,1,99,99,0,99,7,0.0,0,1297
1297000,1,99,99,0,99,3,0.0,0,1297
1297000,1,99,99,0,99,9,0.0,0,1297
1297000,1,99,99,0,99,11,0.0,0,1297
1297000,1,99,99,0,99,13,0.0,0,1297
1297000,1,99,99,0,99,15,0.0,0,1297
1297000,1,99,99,0,99,17,0.0,0,1297
1297000,1,99,99,0,99,19,0.9999999999998002,0,1297
1298000,1,99,99,0,99,0,0,0,1298
1298000,1,99,99,0,99,8,0,0,1298
1298000,1,99,99,0,99,1,0.0,0,1298
1298000,1,99,99,0,99,5,0.0,0,1298
1298000,1,99,99,0,99,7,0.0,0,1298
1298000,1,99,99,0,99,3,0.0,0,1298
1298000,1,99,99,0,99,9,0.0,0,1298
1298000,1,99,99,0,99,11,0.0,0,1298
1298000,1,99,99,0,99,13,0.0,0,1298
1298000,1,99,99,0,99,15,0.0,0,1298
1298000,1,99,99,0,99,17,0.0,0,1298
1298000,1,99,99,0,99,19,0.9999999999997146,0,1298
1299000,1,99,99,0,99,0,0,0,1299
1299000,1,99,99,0,99,8,0,0,1299
1299000,1,99,99,0,99,1,0.0,0,1299
1299000,1,99,99,0,99,5,0.0,0,1299
1299000,1,99,99,0,99,7,0.0,0,1299
1299000,1,99,99,0,99,3,0.0,0,1299
1299000,1,99,99,0,99,9,0.0,0,1299
1299000,1,99,99,0,99,11,0.0,0,1299
1299000,1,99,99,0,99,13,0.0,0,1299
1299000,1,99,99,0,99,15,0.0,0,1299
1299000,1,99,99,0,99,17,0.0,0,1299
1299000,1,99,99,0,99,19,0.9999999999999524,0,1299
1300000,1,99,99,0,99,0,0,0,1300
1300000,1,99,99,0,99,8,0,0,1300
1300000,1,99,99,0,99,1,0.0,0,1300
1300000,1,99,99,0,99,5,0.0,0,1300
1300000,1,99,99,0,99,7,0.0,0,1300
1300000,1,99,99,0,99,3,0.0,0,1300
1300000,1,99,99,0,99,9,0.0,0,1300
1300000,1,99,99,0,99,11,0.0,0,1300
1300000,1,99,99,0,99,13,0.0,0,1300
1300000,1,99,99,0,99,15,0.0,0,1300
1300000,1,99,99,0,99,17,0.0,0,1300
1300000,1,99,99,0,99,19,0.9999999999999547,0,1300
1301000,1,99,99,0,99,0,0,0,1301
1301000,1,99,99,0,99,8,0,0,1301
1301000,1,99,99,0,99,1,0.0,0,1301
1301000,1,99,99,0,99,5,0.0,0,1301
1301000,1,99,99,0,99,7,0.0,0,1301
1301000,1,99,99,0,99,3,0.0,0,1301
1301000,1,99,99,0,99,9,0.0,0,1301
1301000,1,99,99,0,99,11,0.0,0,1301
1301000,1,99,99,0,99,13,0.0,0,1301
1301000,1,99,99,0,99,15,0.0,0,1301
1301000,1,99,99,0,99,17,0.0,0,1301
1301000,1,99,99,0,99,19,0.9999999999999565,0,1301
1302000,1,99,99,0,99,0,0,0,1302
1302000,1,99,99,0,99,8,0,0,1302
1302000,1,99,99,0,99,1,0.0,0,1302
1302000,1,99,99,0,99,5,0.0,0,1302
1302000,1,99,99,0,99,7,0.0,0,1302
1302000,1,99,99,0,99,3,0.0,0,1302
1302000,1,99,99,0,99,9,0.0,0,1302
1302000,1,99,99,0,99,11,0.0,0,1302
1302000,1,99,99,0,99,13,0.0,0,1302
1302000,1,99,99,0,99,15,0.0,0,1302
1302000,1,99,99,0,99,17,0.0,0,1302
1302000,1,99,99,0,99,19,0.9999999999999565,0,1302
1303000,1,99,99,0,99,0,0,0,1303
1303000,1,99,99,0,99,8,0,0,1303
1303000,1,99,99,0,99,1,0.0,0,1303
1303000,1,99,99,0,99,5,0.0,0,1303
1303000,1,99,99,0,99,7,0.0,0,1303
1303000,1,99,99,0,99,3,0.0,0,1303
1303000,1,99,99,0,99,9,0.0,0,1303
1303000,1,99,99,0,99,11,0.0,0,1303
1303000,1,99,99,0,99,13,0.0,0,1303
1303000,1,99,99,0,99,15,0.0,0,1303
1303000,1,99,99,0,99,17,0.0,0,1303
1303000,1,99,99,0,99,19,0.9999999999999627,0,1303
1304000,1,99,99,0,99,0,0,0,1304
1304000,1,99,99,0,99,8,0,0,1304
1304000,1,99,99,0,99,1,0.0,0,1304
1304000,1,99,99,0,99,5,0.0,0,1304
1304000,1,99,99,0,99,7,0.0,0,1304
1304000,1,99,99,0,99,3,0.0,0,1304
1304000,1,99,99,0,99,9,0.0,0,1304
1304000,1,99,99,0,99,11,0.0,0,1304
1304000,1,99,99,0,99,13,0.0,0,1304
1304000,1,99,99,0,99,15,0.0,0,1304
1304000,1,99,99,0,99,17,0.0,0,1304
1304000,1,99,99,0,99,19,0.9999999999999659,0,1304
1305000,1,99,99,0,99,0,0,0,1305
1305000,1,99,99,0,99,8,0,0,1305
1305000,1,99,99,0,99,1,0.0,0,1305
1305000,1,99,99,0,99,5,0.0,0,1305
1305000,1,99,99,0,99,7,0.0,0,1305
1305000,1,99,99,0,99,3,0.0,0,1305
1305000,1,99,99,0,99,9,0.0,0,1305
1305000,1,99,99,0,99,11,0.0,0,1305
1305000,1,99,99,0,99,13,0.0,0,1305
1305000,1,99,99,0,99,15,0.0,0,1305
1305000,1,99,99,0,99,17,0.0,0,1305
1305000,1,99,99,0,99,19,0.9999999999997642,0,1305
1306000,1,99,99,0,99,0,0,0,1306
1306000,1,99,99,0,99,8,0,0,1306
1306000,1,99,99,0,99,1,0.0,0,1306
1306000,1,99,99,0,99,5,0.0,0,1306
1306000,1,99,99,0,99,7,0.0,0,1306
1306000,1,99,99,0,99,3,0.0,0,1306
1306000,1,99,99,0,99,9,0.0,0,1306
1306000,1,99,99,0,99,11,0.0,0,1306
1306000,1,99,99,0,99,13,0.0,0,1306
1306000,1,99,99,0,99,15,0.0,0,1306
1306000,1,99,99,0,99,17,0.0,0,1306
1306000,1,99,99,0,99,19,0.9999999999997422,0,1306
1307000,1,99,99,0,99,0,0,0,1307
1307000,1,99,99,0,99,8,0,0,1307
1307000,1,99,99,0,99,1,0.0,0,1307
1307000,1,99,99,0,99,5,0.0,0,1307
1307000,1,99,99,0,99,7,0.0,0,1307
1307000,1,99,99,0,99,3,0.0,0,1307
1307000,1,99,99,0,99,9,0.0,0,1307
1307000,1,99,99,0,99,11,0.0,0,1307
1307000,1,99,99,0,99,13,0.0,0,1307
1307000,1,99,99,0,99,15,0.0,0,1307
1307000,1,99,99,0,99,17,0.0,0,1307
1307000,1,99,99,0,99,19,0.9999999999998127,0,1307
1308000,1,99,99,0,99,0,0,0,1308
1308000,1,99,99,0,99,8,0,0,1308
1308000,1,99,99,0,99,1,0.0,0,1308
1308000,1,99,99,0,99,5,0.0,0,1308
1308000,1,99,99,0,99,7,0.0,0,1308
1308000,1,99,99,0,99,3,0.0,0,1308
1308000,1,99,99,0,99,9,0.0,0,1308
1308000,1,99,99,0,99,11,0.0,0,1308
1308000,1,99,99,0,99,13,0.0,0,1308
1308000,1,99,99,0,99,15,0.0,0,1308
1308000,1,99,99,0,99,17,0.0,0,1308
1308000,1,99,99,0,99,19,0.9999999999997207,0,1308
1309000,1,99,99,0,99,0,0,0,1309
1309000,1,99,99,0,99,8,0,0,1309
1309000,1,99,99,0,99,1,0.0,0,1309
1309000,1,99,99,0,99,5,0.0,0,1309
1309000,1,99,99,0,99,7,0.0,0,1309
1309000,1,99,99,0,99,3,0.0,0,1309
1309000,1,99,99,0,99,9,0.0,0,1309
1309000,1,99,99,0,99,11,0.0,0,1309
1309000,1,99,99,0,99,13,0.0,0,1309
1309000,1,99,99,0,99,15,0.0,0,1309
1309000,1,99,99,0,99,17,0.0,0,1309
1309000,1,99,99,0,99,19,0.9999999999999513,0,1309
1310000,1,99,99,0,99,0,0,0,1310
1310000,1,99,99,0,99,8,0,0,1310
1310000,1,99,99,0,99,1,0.0,0,1310
1310000,1,99,99,0,99,5,0.0,0,1310
1310000,1,99,99,0,99,7,0.0,0,1310
1310000,1,99,99,0,99,3,0.0,0,1310
1310000,1,99,99,0,99,9,0.0,0,1310
1310000,1,99,99,0,99,11,0.0,0,1310
1310000,1,99,99,0,99,13,0.0,0,1310
1310000,1,99,99,0,99,15,0.0,0,1310
1310000,1,99,99,0,99,17,0.0,0,1310
1310000,1,99,99,0,99,19,0.9999999999999624,0,1310
1311000,1,99,99,0,99,0,0,0,1311
1311000,1,99,99,0,99,8,0,0,1311
1311000,1,99,99,0,99,1,0.0,0,1311
1311000,1,99,99,0,99,5,0.0,0,1311
1311000,1,99,99,0,99,7,0.0,0,1311
1311000,1,99,99,0,99,3,0.0,0,1311
1311000,1,99,99,0,99,9,0.0,0,1311
1311000,1,99,99,0,99,11,0.0,0,1311
1311000,1,99,99,0,99,13,0.0,0,1311
1311000,1,99,99,0,99,15,0.0,0,1311
1311000,1,99,99,0,99,17,0.0,0,1311
1311000,1,99,99,0,99,19,0.9999999999998036,0,1311
1312000,1,99,99,0,99,0,0,0,1312
1312000,1,99,99,0,99,8,0,0,1312
1312000,1,99,99,0,99,1,0.0,0,1312
1312000,1,99,99,0,99,5,0.0,0,1312
1312000,1,99,99,0,99,7,0.0,0,1312
1312000,1,99,99,0,99,3,0.0,0,1312
1312000,1,99,99,0,99,9,0.0,0,1312
1312000,1,99,99,0,99,11,0.0,0,1312
1312000,1,99,99,0,99,13,0.0,0,1312
1312000,1,99,99,0,99,15,0.0,0,1312
1312000,1,99,99,0,99,17,0.0,0,1312
1312000,1,99,99,0,99,19,0.9999999999997773,0,1312
1313000,1,99,99,0,99,0,0,0,1313
1313000,1,99,99,0,99,8,0,0,1313
1313000,1,99,99,0,99,1,0.0,0,1313
1313000,1,99,99,0,99,5,0.0,0,1313
1313000,1,99,99,0,99,7,0.0,0,1313
1313000,1,99,99,0,99,3,0.0,0,1313
1313000,1,99,99,0,99,9,0.0,0,1313
1313000,1,99,99,0,99,11,0.0,0,1313
1313000,1,99,99,0,99,13,0.0,0,1313
1313000,1,99,99,0,99,15,0.0,0,1313
1313000,1,99,99,0,99,17,0.0,0,1313
1313000,1,99,99,0,99,19,0.9999999999999809,0,1313
1314000,1,99,99,0,99,0,0,0,1314
1314000,1,99,99,0,99,8,0,0,1314
1314000,1,99,99,0,99,1,0.0,0,1314
1314000,1,99,99,0,99,5,0.0,0,1314
1314000,1,99,99,0,99,7,0.0,0,1314
1314000,1,99,99,0,99,3,0.0,0,1314
1314000,1,99,99,0,99,9,0.0,0,1314
1314000,1,99,99,0,99,11,0.0,0,1314
1314000,1,99,99,0,99,13,0.0,0,1314
1314000,1,99,99,0,99,15,0.0,0,1314
1314000,1,99,99,0,99,17,0.0,0,1314
1314000,1,99,99,0,99,19,0.99999999999981,0,1314
1315000,1,99,99,0,99,0,0,0,1315
1315000,1,99,99,0,99,8,0,0,1315
1315000,1,99,99,0,99,1,0.0,0,1315
1315000,1,99,99,0,99,5,0.0,0,1315
1315000,1,99,99,0,99,7,0.0,0,1315
1315000,1,99,99,0,99,3,0.0,0,1315
1315000,1,99,99,0,99,9,0.0,0,1315
1315000,1,99,99,0,99,11,0.0,0,1315
1315000,1,99,99,0,99,13,0.0,0,1315
1315000,1,99,99,0,99,15,0.0,0,1315
1315000,1,99,99,0,99,17,0.0,0,1315
1315000,1,99,99,0,99,19,0.9999999999999785,0,1315
1316000,1,99,99,0,99,0,0,0,1316
1316000,1,99,99,0,99,8,0,0,1316
1316000,1,99,99,0,99,1,0.0,0,1316
1316000,1,99,99,0,99,5,0.0,0,1316
1316000,1,99,99,0,99,7,0.0,0,1316
1316000,1,99,99,0,99,3,0.0,0,1316
1316000,1,99,99,0,99,9,0.0,0,1316
1316000,1,99,99,0,99,11,0.0,0,1316
1316000,1,99,99,0,99,13,0.0,0,1316
1316000,1,99,99,0,99,15,0.0,0,1316
1316000,1,99,99,0,99,17,0.0,0,1316
1316000,1,99,99,0,99,19,0.9999999999998856,0,1316
1317000,1,99,99,0,99,0,0,0,1317
1317000,1,99,99,0,99,8,0,0,1317
1317000,1,99,99,0,99,1,0.0,0,1317
1317000,1,99,99,0,99,5,0.0,0,1317
1317000,1,99,99,0,99,7,0.0,0,1317
1317000,1,99,99,0,99,3,0.0,0,1317
1317000,1,99,99,0,99,9,0.0,0,1317
1317000,1,99,99,0,99,11,0.0,0,1317
1317000,1,99,99,0,99,13,0.0,0,1317
1317000,1,99,99,0,99,15,0.0,0,1317
1317000,1,99,99,0,99,17,0.0,0,1317
1317000,1,99,99,0,99,19,0.9999999999998301,0,1317
1318000,1,99,99,0,99,0,0,0,1318
1318000,1,99,99,0,99,8,0,0,1318
1318000,1,99,99,0,99,1,0.0,0,1318
1318000,1,99,99,0,99,5,0.0,0,1318
1318000,1,99,99,0,99,7,0.0,0,1318
1318000,1,99,99,0,99,3,0.0,0,1318
1318000,1,99,99,0,99,9,0.0,0,1318
1318000,1,99,99,0,99,11,0.0,0,1318
1318000,1,99,99,0,99,13,0.0,0,1318
1318000,1,99,99,0,99,15,0.0,0,1318
1318000,1,99,99,0,99,17,0.0,0,1318
1318000,1,99,99,0,99,19,0.9999999999999811,0,1318
1319000,1,99,99,0,99,0,0,0,1319
1319000,1,99,99,0,99,8,0,0,1319
1319000,1,99,99,0,99,1,0.0,0,1319
1319000,1,99,99,0,99,5,0.0,0,1319
1319000,1,99,99,0,99,7,0.0,0,1319
1319000,1,99,99,0,99,3,0.0,0,1319
1319000,1,99,99,0,99,9,0.0,0,1319
1319000,1,99,99,0,99,11,0.0,0,1319
1319000,1,99,99,0,99,13,0.0,0,1319
1319000,1,99,99,0,99,15,0.0,0,1319
1319000,1,99,99,0,99,17,0.0,0,1319
1319000,1,99,99,0,99,19,0.9999999999998116,0,1319
1320000,1,99,99,0,99,0,0,0,1320
1320000,1,99,99,0,99,8,0,0,1320
1320000,1,99,99,0,99,1,0.0,0,1320
1320000,1,99,99,0,99,5,0.0,0,1320
1320000,1,99,99,0,99,7,0.0,0,1320
1320000,1,99,99,0,99,3,0.0,0,1320
1320000,1,99,99,0,99,9,0.0,0,1320
1320000,1,99,99,0,99,11,0.0,0,1320
1320000,1,99,99,0,99,13,0.0,0,1320
1320000,1,99,99,0,99,15,0.0,0,1320
1320000,1,99,99,0,99,17,0.0,0,1320
1320000,1,99,99,0,99,19,0.9999999999999822,0,1320
1321000,1,99,99,0,99,0,0,0,1321
1321000,1,99,99,0,99,8,0,0,1321
1321000,1,99,99,0,99,1,0.0,0,1321
1321000,1,99,99,0,99,5,0.0,0,1321
1321000,1,99,99,0,99,7,0.0,0,1321
1321000,1,99,99,0,99,3,0.0,0,1321
1321000,1,99,99,0,99,9,0.0,0,1321
1321000,1,99,99,0,99,11,0.0,0,1321
1321000,1,99,99,0,99,13,0.0,0,1321
1321000,1,99,99,0,99,15,0.0,0,1321
1321000,1,99,99,0,99,17,0.0,0,1321
1321000,1,99,99,0,99,19,0.9999999999998889,0,1321
1322000,1,99,99,0,99,0,0,0,1322
1322000,1,99,99,0,99,8,0,0,1322
1322000,1,99,99,0,99,1,0.0,0,1322
1322000,1,99,99,0,99,5,0.0,0,1322
1322000,1,99,99,0,99,7,0.0,0,1322
1322000,1,99,99,0,99,3,0.0,0,1322
1322000,1,99,99,0,99,9,0.0,0,1322
1322000,1,99,99,0,99,11,0.0,0,1322
1322000,1,99,99,0,99,13,0.0,0,1322
1322000,1,99,99,0,99,15,0.0,0,1322
1322000,1,99,99,0,99,17,0.0,0,1322
1322000,1,99,99,0,99,19,0.9999999999997681,0,1322
1323000,1,99,99,0,99,0,0,0,1323
1323000,1,99,99,0,99,8,0,0,1323
1323000,1,99,99,0,99,1,0.0,0,1323
1323000,1,99,99,0,99,5,0.0,0,1323
1323000,1,99,99,0,99,7,0.0,0,1323
1323000,1,99,99,0,99,3,0.0,0,1323
1323000,1,99,99,0,99,9,0.0,0,1323
1323000,1,99,99,0,99,11,0.0,0,1323
1323000,1,99,99,0,99,13,0.0,0,1323
1323000,1,99,99,0,99,15,0.0,0,1323
1323000,1,99,99,0,99,17,0.0,0,1323
1323000,1,99,99,0,99,19,0.9999999999999608,0,1323
1324000,1,99,99,0,99,0,0,0,1324
1324000,1,99,99,0,99,8,0,0,1324
1324000,1,99,99,0,99,1,0.0,0,1324
1324000,1,99,99,0,99,5,0.0,0,1324
1324000,1,99,99,0,99,7,0.0,0,1324
1324000,1,99,99,0,99,3,0.0,0,1324
1324000,1,99,99,0,99,9,0.0,0,1324
1324000,1,99,99,0,99,11,0.0,0,1324
1324000,1,99,99,0,99,13,0.0,0,1324
1324000,1,99,99,0,99,15,0.0,0,1324
1324000,1,99,99,0,99,17,0.0,0,1324
1324000,1,99,99,0,99,19,0.999999999999963,0,1324
1325000,1,99,99,0,99,0,0,0,1325
1325000,1,99,99,0,99,8,0,0,1325
1325000,1,99,99,0,99,1,0.0,0,1325
1325000,1,99,99,0,99,5,0.0,0,1325
1325000,1,99,99,0,99,7,0.0,0,1325
1325000,1,99,99,0,99,3,0.0,0,1325
1325000,1,99,99,0,99,9,0.0,0,1325
1325000,1,99,99,0,99,11,0.0,0,1325
1325000,1,99,99,0,99,13,0.0,0,1325
1325000,1,99,99,0,99,15,0.0,0,1325
1325000,1,99,99,0,99,17,0.0,0,1325
1325000,1,99,99,0,99,19,0.9999999999998292,0,1325
1326000,1,99,99,0,99,0,0,0,1326
1326000,1,99,99,0,99,8,0,0,1326
1326000,1,99,99,0,99,1,0.0,0,1326
1326000,1,99,99,0,99,5,0.0,0,1326
1326000,1,99,99,0,99,7,0.0,0,1326
1326000,1,99,99,0,99,3,0.0,0,1326
1326000,1,99,99,0,99,9,0.0,0,1326
1326000,1,99,99,0,99,11,0.0,0,1326
1326000,1,99,99,0,99,13,0.0,0,1326
1326000,1,99,99,0,99,15,0.0,0,1326
1326000,1,99,99,0,99,17,0.0,0,1326
1326000,1,99,99,0,99,19,0.9999999999997238,0,1326
