frame,t,intent_state
1,0.0,3807_3807
2,1000.0,3807_3807
3,2000.0,3807_3807
4,3000.0,3807_3807
5,4000.0,3807_3807
6,5000.0,3807_3807
7,6000.0,3807_3807
8,7000.0,3807_3807
9,8000.0,3807_3807
10,9000.0,3807_3807
11,10000.0,3807_3807
12,11000.0,3807_3807
13,12000.0,3807_3807
14,13000.0,3807_3807
15,14000.0,3807_3807
16,15000.0,3807_3807
17,16000.0,3807_3807
18,17000.0,3807_3807
19,18000.0,3807_3807
20,19000.0,3807_3807
21,20000.0,3807_3807
22,21000.0,3807_3807
23,22000.0,3807_3807
24,23000.0,3807_3807
25,24000.0,3807_3807
26,25000.0,3807_3807
27,26000.0,3807_3807
28,27000.0,3807_3807
29,28000.0,3807_3807
30,29000.0,3807_3807
31,30000.0,3807_3807
32,31000.0,3807_3807
33,32000.0,3807_3807
34,33000.0,3807_3807
35,34000.0,3807_3807
36,35000.0,3807_3807
37,36000.0,3807_3807
38,37000.0,3807_3807
39,38000.0,3807_3807
40,39000.0,3807_3807
41,40000.0,3807_3807
42,41000.0,3807_3807
43,42000.0,3807_3807
44,43000.0,3807_3807
45,44000.0,3807_3807
46,45000.0,3807_3807
47,46000.0,3807_3807
48,47000.0,3807_3807
49,48000.0,3807_3807
50,49000.0,3807_3807
51,50000.0,3807_3807
52,51000.0,3807_3807
53,52000.0,3807_3807
54,53000.0,3807_3807
55,54000.0,3807_3807
56,55000.0,3807_3807
57,56000.0,3807_3807
58,57000.0,3807_3807
59,58000.0,3807_3807
60,59000.0,3807_3807
61,60000.0,3807_3807
62,61000.0,3807_3807
63,62000.0,3807_3807
64,63000.0,3807_3807
65,64000.0,3807_3807
66,65000.0,3807_3807
67,66000.0,3807_3807
68,67000.0,3807_3807
69,68000.0,3807_3807
70,69000.0,3807_3807
71,70000.0,3807_3807
72,71000.0,3807_3807
73,72000.0,3807_3807
74,73000.0,3807_3807
75,74000.0,3807_3807
76,75000.0,3807_3807
77,76000.0,3807_3807
78,77000.0,3807_3807
79,78000.0,3807_3807
80,79000.0,3807_3807
81,80000.0,3807_3807
82,81000.0,3807_3807
83,82000.0,3807_3807
84,83000.0,3807_3807
85,84000.0,3807_3807
86,85000.0,3807_3807
87,86000.0,3807_3807
88,87000.0,3807_3807
89,88000.0,3807_3807
90,89000.0,3807_3807
91,90000.0,3807_3807
92,91000.0,3807_3807
93,92000.0,3807_3807
94,93000.0,3807_3807
95,94000.0,3807_3807
96,95000.0,3807_3807
97,96000.0,3807_3807
98,97000.0,3807_3807
99,98000.0,3807_3807
100,99000.0,3807_3807
101,100000.0,3807_3807
102,101000.0,3807_3807
103,102000.0,3807_3807
104,103000.0,3807_3807
105,104000.0,3807_3807
106,105000.0,3807_3807
107,106000.0,3807_3807
108,107000.0,3807_3807
109,108000.0,3807_3807
110,109000.0,3807_3807
111,110000.0,3807_3807
112,111000.0,3807_3807
113,112000.0,3807_3807
114,113000.0,3807_3807
115,114000.0,3807_3807
116,115000.0,3807_3807
117,116000.0,3807_3807
118,117000.0,3807_3807
119,118000.0,3807_3807
120,119000.0,3807_3807
121,120000.0,3807_3807
122,121000.0,3807_3807
123,122000.0,3807_3807
124,123000.0,3807_3807
125,124000.0,3807_3807
126,125000.0,3807_3807
127,126000.0,3807_3807
128,127000.0,3807_3807
129,128000.0,3807_3807
130,129000.0,3807_3807
131,130000.0,3807_3807
132,131000.0,3807_3807
133,132000.0,3807_3807
134,133000.0,3807_3807
135,134000.0,3807_3807
136,135000.0,3807_3807
137,136000.0,3807_3807
138,137000.0,3807_3807
139,138000.0,3807_3807
140,139000.0,3807_3807
141,140000.0,3807_3807
142,141000.0,3807_3807
143,142000.0,3807_3807
144,143000.0,3807_3807
145,144000.0,3807_3807
146,145000.0,3807_3807
147,146000.0,3807_3807
148,147000.0,3807_3807
149,148000.0,3807_3807
150,149000.0,3807_3807
151,150000.0,3807_3807
152,151000.0,3807_3807
153,152000.0,3807_3807
154,153000.0,3807_3807
155,154000.0,3807_3807
156,155000.0,3807_3807
157,156000.0,3807_3807
158,157000.0,3807_3807
159,158000.0,3807_3807
160,159000.0,3807_3807
161,160000.0,3807_3807
162,161000.0,3807_3807
163,162000.0,3807_3807
164,163000.0,3807_3807
165,164000.0,3807_3807
166,165000.0,3807_3807
167,166000.0,3807_3807
168,167000.0,3807_3807
169,168000.0,3807_3807
170,169000.0,3807_3807
171,170000.0,3807_3807
172,171000.0,3807_3807
173,172000.0,3807_3807
174,173000.0,3807_3807
175,174000.0,3807_3807
176,175000.0,3807_3807
177,176000.0,3807_3807
178,177000.0,3807_3807
179,178000.0,3807_3807
180,179000.0,3807_3807
181,180000.0,3807_3807
182,181000.0,3807_3807
183,182000.0,3807_3807
184,183000.0,3807_3807
185,184000.0,3807_3807
186,185000.0,3807_3807
187,186000.0,3807_3807
188,187000.0,3807_3807
189,188000.0,3807_3807
190,189000.0,3807_3807
191,190000.0,3807_3807
192,191000.0,3807_3807
193,192000.0,3807_3807
194,193000.0,3807_3807
195,194000.0,3807_3807
196,195000.0,3807_3807
197,196000.0,3807_3807
198,197000.0,3807_3807
199,198000.0,3807_3807
200,199000.0,3807_3807
201,200000.0,3807_3807
202,201000.0,3807_3807
203,202000.0,3807_3807
204,203000.0,3807_3807
205,204000.0,3807_3807
206,205000.0,3807_3807
207,206000.0,3807_3807
208,207000.0,3807_3807
209,208000.0,3807_3807
210,209000.0,3807_3807
211,210000.0,3807_3807
212,211000.0,3807_3807
213,212000.0,3807_3807
214,213000.0,3807_3807
215,214000.0,3807_3807
216,215000.0,3807_3807
217,216000.0,3807_3807
218,217000.0,3807_3807
219,218000.0,3807_3807
220,219000.0,3807_3807
221,220000.0,3807_3807
222,221000.0,3807_3807
223,222000.0,3807_3807
224,223000.0,3807_3807
225,224000.0,3807_3807
226,225000.0,3807_3807
227,226000.0,3807_3807
228,227000.0,3807_3807
229,228000.0,3807_3807
230,229000.0,3807_3807
231,230000.0,3807_3807
232,231000.0,3807_3807
233,232000.0,3807_3807
234,233000.0,3807_3807
235,234000.0,3807_3807
236,235000.0,3807_3807
237,236000.0,3807_3807
238,237000.0,3807_3807
239,238000.0,3807_3807
240,239000.0,3807_3807
241,240000.0,3807_3807
242,241000.0,3807_3807
243,242000.0,3807_3807
244,243000.0,3807_3807
245,244000.0,3807_3807
246,245000.0,3807_3807
247,246000.0,3807_3807
248,247000.0,3807_3807
249,248000.0,3807_3807
250,249000.0,3807_3807
251,250000.0,3807_3807
252,251000.0,3807_3807
253,252000.0,3807_3807
254,253000.0,3807_3807
255,254000.0,3807_3807
256,255000.0,3807_3807
257,256000.0,3807_3807
258,257000.0,3807_3807
259,258000.0,3807_3807
260,259000.0,3807_3807
261,260000.0,3807_3807
262,261000.0,3807_3807
263,262000.0,3807_3807
264,263000.0,3807_3807
265,264000.0,3807_3807
266,265000.0,3807_3807
267,266000.0,3807_3807
268,267000.0,3807_3807
269,268000.0,3807_3807
270,269000.0,3807_3807
271,270000.0,3807_3807
272,271000.0,3807_3807
273,272000.0,3807_3807
274,273000.0,3807_3807
275,274000.0,3807_3807
276,275000.0,3807_3807
277,276000.0,3807_3807
278,277000.0,3807_3807
279,278000.0,3807_3807
280,279000.0,3807_3807
281,280000.0,3807_3807
282,281000.0,3807_3807
283,282000.0,3807_3807
284,283000.0,3807_3807
285,284000.0,3807_3807
286,285000.0,3807_3807
287,286000.0,3807_3807
288,287000.0,3807_3807
289,288000.0,3807_3807
290,289000.0,3807_3807
291,290000.0,3807_3807
292,291000.0,3807_3807
293,292000.0,3807_3807
294,293000.0,3807_3807
295,294000.0,3807_3807
296,295000.0,3807_3807
297,296000.0,3807_3807
298,297000.0,3807_3807
299,298000.0,3807_3807
300,299000.0,3807_3807
301,300000.0,3807_3807
302,301000.0,3807_3807
303,302000.0,3807_3807
304,303000.0,3807_3807
305,304000.0,3807_3807
306,305000.0,3807_3807
307,306000.0,3807_3807
308,307000.0,3807_3807
309,308000.0,3807_3807
310,309000.0,3807_3807
311,310000.0,3807_3807
312,311000.0,3807_3807
313,312000.0,3807_3807
314,313000.0,3807_3807
315,314000.0,3807_3807
316,315000.0,3807_3807
317,316000.0,3807_3807
318,317000.0,3807_3807
319,318000.0,3807_3807
320,319000.0,3807_3807
321,320000.0,3807_3807
322,321000.0,3807_3807
323,322000.0,3807_3807
324,323000.0,3807_3807
325,324000.0,3807_3807
326,325000.0,3807_3807
327,326000.0,3807_3807
328,327000.0,3807_3807
329,328000.0,3807_3807
330,329000.0,3807_3807
331,330000.0,3807_3807
332,331000.0,3807_3807
333,332000.0,3807_3807
334,333000.0,3807_3807
335,334000.0,3807_3807
336,335000.0,3807_3807
337,336000.0,3807_3807
338,337000.0,3807_3807
339,338000.0,3807_3807
340,339000.0,3807_3807
341,340000.0,3807_3807
342,341000.0,3807_3807
343,342000.0,3807_3807
344,343000.0,3807_3807
345,344000.0,3807_3807
346,345000.0,3807_3807
347,346000.0,3807_3807
348,347000.0,3807_3807
349,348000.0,3807_3807
350,349000.0,3807_3807
351,350000.0,3807_3807
352,351000.0,3807_3807
353,352000.0,3807_3807
354,353000.0,3807_3807
355,354000.0,3807_3807
