9000.0,101,17.777428,-170.087092,-8.094178,9.148397,102,17.782685,-170.016693,178.485388,75.11244,7487.382501,3,-1,0,1,85.50529175898669,-94.47321092748983,93.59946975898669,87.04140107251015,173.42043399999994,0.037148394,-3.2734636475627203,84.14345735697538,7464.35562407225,586.7638653342484,4.485889766704172,7481.968221558584,1,1,1,1,1,0,2,0,0,1,0
10000.0,101,17.777511,-170.087124,-18.471519,9.660382,102,17.781366,-170.01666,178.532613,86.592495,7481.786292,3,-1,0,1,86.70105464679034,-93.27742891477088,105.17257364679034,88.18995808522914,162.99586800000003,0.011480054999999992,-5.278184889394982,95.72678947307446,7469.388044592143,430.5442584253947,0.2421963023899023,7481.764384989373,1,1,1,1,0,0,2,1,0,1,0
11000.0,101,17.77759,-170.087173,-28.76902,10.030436,102,17.781082,-170.016703,179.134379,78.041449,7476.283508,3,-1,0,1,87.0103489887661,-92.96813286072461,115.7793689887661,87.89748813927542,152.09660100000002,-0.008551046,-6.006446457419328,86.82489226921345,7466.108073747241,389.9298951337975,-1.8498855907977534,7475.297901849003,1,1,1,1,0,0,2,1,1,1,0
12000.0,101,17.777689,-170.087266,-40.33859,13.891176,102,17.781226,-170.016789,-179.685478,63.929407,7470.874353,3,-1,0,1,86.97232762330955,-93.00615194640034,127.31091762330956,86.67932605359965,139.34688799999998,-0.014112042000000002,-8.640868997016947,74.51674999456716,7460.44606858187,394.598601232287,-9.21846288245072,7459.609430695004,1,1,1,1,0,0,2,1,1,1,0
13000.0,101,17.777765,-170.087334,-40.181705,11.580288,102,17.781506,-170.016893,-177.81271,49.998648,7465.559033,3,-1,0,1,86.79704892703114,-93.18144142703743,126.97875392703114,84.63126857296258,137.631005,-0.013930758999999994,-5.5635058479123956,58.80958358611283,7453.896991546627,417.122661360005,-7.401223616339269,7461.567025482731,1,1,1,1,2,0,2,1,1,0,0
14000.0,101,17.777849,-170.087317,1.250255,9.177828,102,17.780045,-170.016929,-178.110831,66.284363,7460.337748,3,-1,0,1,88.11273110879686,-91.8657762346224,86.86247610879687,86.24505476537759,179.36108599999997,0.016285714999999996,2.3854006576789506,75.42397820460948,7456.290950021081,245.6920488486372,8.42521349140902,7446.401437423542,1,0,1,1,1,0,2,0,0,1,0
15000.0,101,17.777895,-170.087373,-40.2553,7.552189,102,17.781449,-170.017148,-171.303318,34.478584,7455.210695,3,-1,0,1,86.94703139514118,-93.03152487343333,127.20233139514119,78.27179312656666,131.048018,-0.031805779,0.3331016241982674,39.84579592689683,7444.629698262513,397.05813502583436,17.253961782720385,7444.55010190989,1,1,1,1,0,0,2,1,0,1,0
16000.0,101,17.77799,-170.087453,-39.131313,12.505869,102,17.782866,-170.017379,-128.608945,10.207409,7450.178068,3,-1,0,1,85.80989480265683,-94.16870669446381,124.94120780265683,34.4402383055362,89.47763200000003,-0.024271175,0.08385295378489044,16.070262357015782,7430.264564232269,544.3544345575613,-999,18220.111108395173,1,1,1,1,1,0,2,1,1,0,0
17000.0,101,17.778107,-170.087453,-6.151244,12.536738,102,17.78265,-170.017437,-139.122284,11.790908,7445.24006,3,-1,0,1,86.09120473688967,-93.88741452930338,92.24244873688967,45.23486947069662,132.97104,0.0015834989999999997,6.373168535722343,21.379758381870378,7427.921138421216,507.5304054183124,2037.429435329753,43409.369205344155,1,1,1,1,1,0,2,0,0,0,0
18000.0,101,17.778167,-170.087485,-22.138864,8.173577,102,17.782239,-170.017488,-152.620612,16.055673,7440.396859,3,-1,0,1,86.49334523211361,-93.48528004026463,108.63220923211361,59.13533195973537,130.48174799999998,0.0042647649999999985,4.303454659086798,21.828096203995237,7426.466211753477,455.0879311748766,244.56327265886253,8029.577899315313,1,1,1,1,0,0,2,1,0,1,0
19000.0,101,17.778221,-170.087521,-30.727864,7.250709,102,17.78086,-170.017529,-168.628403,35.226951,7435.648649,3,-1,0,1,87.72184652814958,-92.25678104171404,118.44971052814958,76.37162195828596,137.90053899999998,0.019171278,3.2409165377128386,40.76814967855364,7429.7716943747,295.57300425448483,32.010924303002135,7395.24622206003,1,1,1,1,0,0,2,0,0,1,0
20000.0,101,17.77826,-170.08757,-46.404139,6.719638,102,17.780742,-170.017596,-167.488495,32.142078,7430.995613,3,-1,0,1,87.85606985215156,-92.12256326004626,134.26020885215155,75.36593173995374,121.08435600000001,-0.003084873000000002,2.096612456073257,36.01242700037728,7425.793948549504,277.99286701425933,28.48010641652227,7403.927328972345,1,1,1,1,0,0,2,1,0,0,0
21000.0,101,17.778344,-170.087639,-38.811657,11.002328,102,17.782453,-170.017844,-83.204135,9.855108,7426.43793,3,-1,0,1,86.4515022362943,-93.52718449332279,125.2631592362943,-10.323049493322799,44.39247800000004,-0.022286969999999996,2.8900214799577943,7.406951451341596,7412.199715083229,459.6473777394812,2652.9908296374633,19192.620993642755,1,1,1,0,1,0,2,1,0,0,0
22000.0,101,17.778468,-170.0877,-26.964939,14.467137,102,17.78142,-170.017879,-150.770328,18.210015,7421.975776,3,-1,0,1,87.44706205262025,-92.5316172647928,114.41200105262025,58.238710735207206,123.80538899999999,0.008354906999999998,2.332109047333586,28.785651391543766,7414.609416046738,330.59284172809447,269.5324420556317,10061.137739983276,1,1,1,1,1,0,2,0,0,1,0
23000.0,101,17.778524,-170.087759,-41.112937,9.5879,102,17.782358,-170.018016,-79.480299,9.891394,7417.609322,3,-1,0,1,86.68528512094852,-93.29341743862972,127.79822212094852,-13.813118438629715,38.367362000000014,-0.008318620999999998,3.4206619765486366,5.4177596704842275,7405.199661000782,428.88930335835687,2425.660749767401,12744.024785400885,1,1,1,0,0,0,2,1,0,0,0
24000.0,101,17.778608,-170.087805,-29.664706,10.322423,102,17.783101,-170.018137,-36.58967,17.072911,7413.338738,3,-1,0,1,86.11482018475378,-93.86390479882607,115.77952618475378,-57.27423479882607,6.924963999999989,0.007181517000000001,5.068013169253861,-4.738735697274349,7396.301687321765,502.30727095340745,683.3696680234281,5427.752611157243,1,1,1,1,1,0,2,1,0,1,0
25000.0,101,17.778684,-170.087844,-26.816126,9.566399,102,17.782248,-170.018167,-104.122229,9.43775,7409.16419,3,-1,0,1,86.91460885602935,-93.06411382904408,113.73073485602934,11.05811517095593,77.30610300000001,-0.007635161000000002,4.836839360091993,10.840346409753689,7398.424061827034,398.7924218903143,1739.686862575723,18487.96280494176,1,1,1,0,1,0,2,0,0,0,0
26000.0,101,17.778787,-170.087914,-32.557117,12.930643,102,17.781478,-170.018204,-150.095827,16.810806,7405.08584,3,-1,0,1,87.66790742758674,-92.31080556663268,120.22502442758673,57.78502143336733,117.53871000000001,0.007373056,1.4225445397874505,25.471285020633758,7398.9526495731925,301.3237248248763,207.5358480184782,8678.244555940868,1,1,1,1,0,0,2,0,0,1,0
27000.0,101,17.778859,-170.08794,-21.890576,9.166039,102,17.780813,-170.018247,-161.454647,24.593406,7401.103848,3,-1,0,1,88.30285473656376,-91.67586379229525,110.19343073656376,69.77878320770475,139.56407099999998,0.007782600000000002,4.404639256764762,31.821469853863448,7397.857257479236,219.19435860030504,81.5955907210954,7429.093818266279,1,1,1,1,1,0,2,0,0,1,0
28000.0,101,17.778908,-170.087992,-41.366631,7.856214,102,17.779242,-170.018322,-170.251505,46.282983,7397.218368,3,-1,0,1,89.70091178287943,-90.27781465042796,131.06754278287943,79.97369034957205,128.88487400000002,0.021689577,2.644827482529287,51.51073808047345,7397.11758418344,38.61385296401626,11.008822945100347,7386.928288554058,1,1,1,1,0,0,2,1,0,1,0
29000.0,101,17.778989,-170.088034,-28.359557,9.554906,102,17.778572,-170.018375,-171.419912,50.419718,7393.429553,3,-1,0,1,90.34955211907725,-89.62917801400037,118.70910911907724,81.79073398599964,143.06035500000002,0.004136735000000002,2.9835933214861745,58.26360026586771,7393.291960991547,-45.10581682600377,8.22218290085171,7387.379238358443,1,1,1,1,1,0,2,0,0,0,0
30000.0,101,17.779065,-170.088097,-36.83089,10.606431,102,17.779644,-170.01848,-162.075357,26.160309,7389.737551,3,-1,0,1,89.48895811520622,-90.4897841781435,126.31984811520621,71.5855728218565,125.24446699999999,-0.024259409000000003,1.6931699603601773,33.3800185193316,7389.443607495777,65.9108814937867,29.60961099002906,7397.0530375639,1,1,1,1,0,0,2,1,0,0,0
31000.0,101,17.779158,-170.088127,-20.143149,10.628715,102,17.781439,-170.018665,-49.829052,12.750369,7386.142508,3,-1,0,1,88.01431459178558,-91.964473941381,108.15746359178559,-42.135421941381004,29.685902999999996,-0.013409940000000002,6.08267610929693,1.7537269367102137,7381.707240259788,255.928442305185,1310.72182792664,2126.4928961480923,1,1,1,1,1,0,2,1,0,1,0
32000.0,101,17.779232,-170.088135,-9.109348,8.54508,102,17.781871,-170.01873,-33.524671,16.889863,7382.644566,3,-1,0,1,87.70276556828566,-92.27604007902133,96.81211356828565,-58.75136907902133,24.415323,0.004139493999999999,7.975353796960474,-5.642892602799568,7376.711363739964,295.92269929661717,555.7173512594404,4521.964342087553,1,1,1,1,1,0,2,1,0,0,0
33000.0,101,17.779275,-170.088183,-39.483404,7.032017,102,17.781105,-170.01877,-93.807207,8.602234,7379.243862,3,-1,0,1,88.40349461422706,-91.57530900713762,127.88689861422705,2.231897992862386,54.323803,-0.008287629,4.111908955734207,5.998555816717656,7376.379359019438,205.59067755289973,1800.2545493495445,10593.36888221869,1,1,1,0,0,0,2,0,0,0,0
34000.0,101,17.779367,-170.088252,-36.322748,11.587114,102,17.779371,-170.018864,-163.112396,30.210868,7375.94053,3,-1,0,1,89.98593751847442,-89.99287468383064,126.30868551847442,73.11952131616935,126.789648,0.021608634,1.9126802673695886,38.24372693290914,7375.940307839894,1.8103257740275411,20.690812279362856,7378.722205841901,1,1,1,1,1,0,2,0,0,1,0
35000.0,101,17.779472,-170.0883,-25.297758,12.509877,102,17.779371,-170.018905,-161.722182,25.935693,7372.734703,3,-1,0,1,90.07697783787079,-89.90183216641759,115.37473583787079,71.82034983358241,136.42442400000002,-0.004275175000000001,2.7883264339878915,35.937329343265674,7372.728048970865,-9.905389379764502,43.35853774237832,7419.431642234193,1,1,1,1,1,0,2,0,0,0,0
36000.0,101,17.77954,-170.088367,-39.741088,10.615035,102,17.780941,-170.019036,-62.033387,10.169219,7369.626507,3,-1,0,1,88.77372095534547,-91.2051076478596,128.51480895534547,-29.17172064785961,22.292299000000014,-0.015766474,2.1952700099131395,3.3934124265197623,7367.938663197642,157.7171773598373,3022.3952353348536,10125.081267540343,1,1,1,1,0,0,2,1,0,0,0
37000.0,101,17.779626,-170.088454,-43.817819,12.76661,102,17.781008,-170.019077,-58.085734,9.77572,7366.616065,3,-1,0,1,88.79099034423037,-91.18782412388498,132.60880934423037,-33.10209012388498,14.267915000000016,-0.0003934990000000003,-0.5411642207268379,4.043751330596425,7364.976093882612,155.43289759154268,-502.07066590556684,7422.380530320516,1,1,1,1,0,0,2,1,1,1,0
38000.0,101,17.779653,-170.088471,-36.566008,5.000228,102,17.780927,-170.019119,-68.345024,8.319346,7363.703497,3,-1,0,1,88.88422541168708,-91.09459672175537,125.45023341168708,-22.74957272175537,31.779015999999956,-0.0014563740000000003,4.75331193501574,0.9460623431795314,7362.307256471842,143.39125856235617,1638.9375220240101,1470.8183826126592,1,1,1,1,1,0,2,0,0,1,0
39000.0,101,17.77975,-170.088481,-8.330101,9.793414,102,17.782227,-170.019239,-19.46227,25.39775,7360.888921,3,-1,0,1,87.83797089019802,-92.14088402988834,96.16807189019802,-72.67861402988834,11.132168999999976,0.017078404,7.043344849606917,-14.256458918545613,7355.648978218798,277.6937459311712,184.49043796338682,6718.148761446732,1,1,1,1,1,0,2,1,0,0,0
40000.0,101,17.779849,-170.088515,-16.932163,11.170772,102,17.780453,-170.019329,-135.305223,12.270333,7358.172447,3,-1,0,1,89.46416373175524,-90.51470925257871,106.39632673175524,44.7905137474213,118.37306000000001,-0.013127416999999997,5.3767248178312235,19.409054782839327,7357.850669445152,68.8134139212255,927.7840517088999,18094.402723448962,1,1,1,1,0,0,2,0,0,0,0
41000.0,101,17.779913,-170.088588,-42.123329,10.38469,102,17.78016,-170.019363,-147.171832,14.55704,7355.554185,3,-1,0,1,89.77474149671112,-90.20411971010124,131.8980704967111,56.967712289898756,105.04850299999998,0.002286707,0.9263733933622813,19.934637089268737,7355.497338730782,28.91830554158728,104.45882299791214,7543.588664166334,1,1,1,1,0,0,2,1,0,1,0
42000.0,101,17.779964,-170.088637,-42.278113,8.08451,102,17.781115,-170.019437,-56.303321,9.46753,7353.03424,3,-1,0,1,88.98873311313922,-90.99013514927428,131.26684611313922,-34.686814149274284,14.025207999999964,-0.00508951,2.438163266045401,0.7290832917600785,7351.88896013061,129.77385145717815,3346.144801194213,2446.61350372002,1,1,1,1,1,0,2,1,0,1,0
43000.0,101,17.780045,-170.088689,-33.251419,10.176445,102,17.781711,-170.019495,-28.126,16.163973,7350.612712,3,-1,0,1,88.5410161283437,-91.43785357703116,121.7924351283437,-63.31185357703116,5.125419000000022,0.006696442999999999,2.040006264678728,-5.744936635859824,7348.229702379478,187.15630602252386,403.36766128580564,6989.470347985575,1,1,1,1,1,0,2,1,0,0,0
44000.0,101,17.780143,-170.088726,-21.786091,11.238631,102,17.781874,-170.019539,-25.872926,16.477867,7348.2897,3,-1,0,1,88.48437839915427,-91.4944932938089,110.27046939915427,-65.62156729380891,4.086835000000008,0.00031389400000000125,3.0194239597712587,-4.390270372756467,7345.7189061212175,194.35860510767856,715.3442925530035,6165.555794069928,1,1,1,1,1,0,2,1,0,1,0
45000.0,101,17.780235,-170.088794,-33.208946,12.23843,102,17.780556,-170.01961,-141.248766,11.561553,7346.065296,3,-1,0,1,89.7102627317312,-90.26861058220784,122.9192087317312,50.98015541779215,108.03982000000002,-0.004916314,0.5339285408745393,19.2561549525748,7345.971369677092,37.14793372476585,-999,20822.42266597756,1,1,1,1,0,0,2,0,1,0,0
46000.0,101,17.780326,-170.088802,-10.230671,10.210865,102,17.77998,-170.019656,-158.093023,18.471469,7343.93959,3,-1,0,1,90.29052361606183,-89.68836158059747,100.52119461606183,68.40466141940252,147.86235200000002,0.0069099159999999995,5.078151486254107,27.186178617745927,7343.845180480584,-37.237973917430246,154.949769447274,7813.723913116587,1,1,1,1,1,0,2,0,0,1,0
47000.0,101,17.780394,-170.088888,-44.67949,11.231547,102,17.77997,-170.019698,-156.085918,16.132162,7341.912668,3,-1,0,1,90.35815437098096,-89.6207173562442,135.03764437098096,66.4652006437558,111.406428,-0.002339306999999998,-1.357917916062381,22.733491317862146,7341.769227083612,-45.893799003436726,-106.21125321602831,7577.27989975933,1,1,1,1,0,0,2,1,1,1,0
48000.0,101,17.78044,-170.088917,-35.473633,6.765697,102,17.779604,-170.019749,-161.077551,19.631999,7339.984611,3,-1,0,1,90.71664247190239,-89.26223615730402,126.1902754719024,71.81531484269598,125.603918,0.0034998369999999996,2.440098153513327,24.0809201851349,7339.410469006112,-91.80445065633039,52.4946781265163,7337.686500816533,1,1,1,1,1,0,2,0,0,1,0
49000.0,101,17.780528,-170.088979,-33.619642,10.932265,102,17.779334,-170.019801,-162.855828,21.202657,7338.155498,3,-1,0,1,91.02784235407157,-88.95103332612439,124.64748435407157,73.90479467387561,129.236186,0.0015706579999999982,0.19711350550170703,29.36418022184521,7336.974761409266,-131.63382267135668,-8.393249019498445,7339.5274748973225,1,1,1,1,1,0,2,0,1,0,0
50000.0,101,17.780617,-170.08901,-21.139587,10.443577,102,17.77875,-170.019869,-166.594658,27.582095,7336.425403,3,-1,0,1,91.61375575898606,-88.36513150399851,112.75334275898607,78.2295264960015,145.455071,0.006379438,2.6282088700864144,36.57137271939926,7333.515649859683,-206.6056800933178,19.004177700406604,7339.16083884457,1,1,1,1,1,0,2,0,0,1,0
51000.0,101,17.780727,-170.08907,-26.641498,13.19314,102,17.779072,-170.019918,-160.511474,18.629362,7334.794395,3,-1,0,1,91.42916685011784,-88.54971680569018,118.07066485011784,71.96175719430981,133.86997599999998,-0.008952733,0.29920112377869135,29.354474934012234,7332.5127081769515,-182.93769799287077,-21.100511502653436,7351.793088410518,1,1,1,1,0,0,2,1,1,0,0
52000.0,101,17.78078,-170.089104,-30.510121,7.9369,102,17.779596,-170.01997,-136.11924,8.821373,7333.26254,3,-1,0,1,91.0198106439363,-88.9590781768947,121.5299316439363,47.160161823105284,105.60911899999996,-0.009807989000000001,2.0851321994449687,13.19625658024222,7332.10095876272,-130.51824040356624,1063.1220968639684,15055.40900011802,1,1,1,1,0,0,2,1,0,0,0
53000.0,101,17.780825,-170.089152,-43.311047,7.194197,102,17.777432,-170.020205,-167.784318,41.903823,7331.829902,3,-1,0,1,92.94788204861875,-87.03106508973282,136.25892904861877,80.7532529102672,124.47327099999998,0.03308245,3.9316049652308696,46.18982657682494,7322.127896414325,-377.0580597367818,7.186266826477092,7328.2515172092135,1,1,1,1,0,0,2,0,0,1,0
54000.0,101,17.780958,-170.089202,-21.604593,14.126016,102,17.77584,-170.020383,-170.389301,61.885122,7330.496538,3,-1,0,1,94.45515033975842,-85.5238367175665,116.05974333975843,84.86546428243349,148.78470799999997,0.019981299,5.130712039458223,74.15017742112916,7308.347032661116,-569.4235188534522,-1.3433413726108163,7330.310507906357,1,1,1,1,1,0,2,0,1,0,0
55000.0,101,17.780977,-170.089231,-40.852516,5.236369,102,17.775831,-170.020416,-169.845388,52.94388,7329.262501,3,-1,0,1,94.47974246893892,-85.49924580401148,135.33225846893893,84.34614219598853,128.99287200000003,-0.008941242000000002,5.909089411354634,56.07531250923934,7306.8716881175515,-572.4639219644757,4.151023143794721,7326.726415146786,1,1,1,1,0,0,2,1,0,1,0
56000.0,101,17.781049,-170.089305,-44.429695,10.208443,102,17.775626,-170.020466,-169.615073,48.536621,7328.127843,3,-1,0,1,94.71872801004102,-85.26025301091491,139.14842301004103,84.35481998908509,125.18537800000001,-0.004407259000000004,1.60297761292422,55.03148992428317,7303.289525294035,-602.843091593703,-10.334861886253002,7319.935506709575,1,1,1,1,0,0,2,1,1,1,0
57000.0,101,17.781127,-170.08936,-35.69875,10.344179,102,17.774507,-170.02062,-170.517806,59.865982,7327.09261,3,-1,0,1,95.76443913458472,-84.21457270920861,131.46318913458472,86.3032332907914,134.819056,0.011329361000000007,3.826315451559374,67.44849294043303,7290.041248122933,-735.9243956975768,-6.570519200926375,7321.037750480493,1,1,1,1,1,0,2,0,1,0,0
58000.0,101,17.781228,-170.089416,-28.702965,12.292141,102,17.776582,-170.020623,-152.408508,18.266613,7326.156843,3,-1,0,1,94.0462978145166,-85.9326966030342,122.74926281451661,66.47581139696581,123.705543,-0.041599369000000004,2.556912603237259,26.97089314748829,7307.8953561658545,-516.9521753172753,31.757761347829945,7356.056484227185,1,1,1,1,1,2,2,1,0,0,0
59000.0,101,17.781304,-170.089453,-26.326247,9.744181,102,17.775428,-170.020769,-163.839216,34.10116,7325.320581,3,-1,0,1,95.12327692169484,-84.85575139370724,121.44952392169483,78.98346460629276,137.51296899999997,0.015834547,5.1701372610898,41.48718009271561,7296.054966496839,-654.143363704761,10.611671313160981,7323.424247188407,1,1,1,1,1,2,2,0,0,1,0
60000.0,101,17.781411,-170.089491,-19.780171,12.051727,102,17.77448,-170.020899,-166.890409,44.630595,7324.583857,3,-1,0,1,96.04674672185249,-83.93231016380605,115.82691772185248,82.95809883619395,147.110238,0.010529435,6.0444066644521115,54.80808335551708,7283.831932420511,-771.5705142605455,0.9789122654406861,7324.550449193246,1,1,1,1,1,2,2,0,0,0,0
61000.0,101,17.781453,-170.089549,-44.737008,8.166377,102,17.775981,-170.020858,-147.092557,14.699686,7323.946703,3,-1,0,1,94.77152902579633,-85.2074967515481,139.50853702579633,61.88506024845189,102.355549,-0.029930909,2.238162676602971,18.14205606809222,7298.564223694184,-609.2253942473823,50.54357071104354,7345.73315815334,1,1,1,1,0,2,2,1,0,0,0
62000.0,101,17.781529,-170.089578,-23.919914,8.682547,102,17.775928,-170.020884,-147.599258,13.496492,7323.409143,3,-1,0,1,94.88350878196368,-85.09551606622433,118.80342278196369,62.50374193377566,123.67934399999999,-0.0012031939999999999,3.7115099817343205,19.332201278385952,7296.823997060174,-623.4428856782065,162.74495088172907,7681.395859825397,1,1,1,1,1,2,2,0,0,0,0
63000.0,101,17.781588,-170.089633,-39.043592,8.726985,102,17.775217,-170.020986,-160.048204,22.735093,7322.9712,3,-1,0,1,95.55612779130414,-84.42291177988076,134.59971979130412,75.62529222011923,121.00461200000001,0.009238600999999999,2.260655050489694,28.148494226028063,7288.56662801131,-709.0160118567735,-9.26356651364729,7323.240399266442,1,1,1,1,0,2,2,1,1,1,0
64000.0,101,17.78166,-170.089693,-38.514268,9.890454,102,17.774894,-170.021049,-162.115193,24.705492,7322.632891,3,-1,0,1,95.89913680143879,-84.07990382892825,134.4134048014388,78.03528917107175,123.60092499999999,0.0019703990000000003,1.428282485865985,31.250437139608536,7283.854904666925,-752.6022748534643,-29.630500604853786,7328.226550285117,1,1,1,1,2,2,2,0,1,0,0
65000.0,101,17.781744,-170.0897,-10.867883,9.219432,102,17.774764,-170.021095,-162.011488,23.288513,7322.394231,3,-1,0,1,96.08810881021019,-83.89094375442045,106.9559918102102,78.12054424557957,151.143605,-0.0014169790000000014,5.453827645478728,31.20421191833986,7281.095757714832,-776.5963180244709,34.60048297267799,7331.287090922668,1,1,1,1,1,2,2,0,0,0,0
66000.0,101,17.781818,-170.089779,-40.690652,11.068216,102,17.775167,-170.021096,-153.337978,13.70427,7322.255229,3,-1,0,1,95.79610995565062,-84.18291852068116,136.48676195565062,69.15505947931884,112.64732599999999,-0.009584243,-1.0667244839028687,20.639453577976056,7284.820694567728,-739.4654059627151,-462.8876970910372,11126.990508335528,1,1,1,1,0,2,2,1,1,0,0
67000.0,101,17.781886,-170.089827,-35.510164,9.377368,102,17.775075,-170.021145,-153.268225,13.366188,7322.21589,3,-1,0,1,95.93489331404206,-84.04413548132445,131.44505731404206,69.22408951867556,117.75806099999997,-0.000338082,0.5654839768040567,19.570932162925935,7282.969044763201,-757.1046379394891,-152.75050962887053,7700.047392873084,1,1,1,1,1,2,2,0,1,1,0
68000.0,101,17.782001,-170.089869,-21.224347,12.761201,102,17.774225,-170.021298,-162.697035,25.282456,7322.276217,3,-1,0,1,96.78076440649842,-83.19829870016697,118.00511140649843,79.49873629983303,141.47268799999998,0.011916268,2.899797206287932,36.03391817772935,7271.058383134842,-864.5455378916444,-22.925364923891035,7337.638059248441,1,1,1,1,1,2,2,0,1,1,0
69000.0,101,17.78207,-170.089901,-23.119858,9.102543,102,17.774032,-170.021364,-162.588955,24.854892,7322.436207,3,-1,0,1,97.01078864444376,-82.96828491411722,120.13064664444377,79.62067008588278,139.46909699999998,-0.0004275640000000003,3.8630313876093716,32.08758354013551,7267.687716156279,-893.7489949732432,-1.212623601840319,7322.441237172646,1,1,1,1,0,2,2,1,1,1,0
70000.0,101,17.78216,-170.089943,-24.16642,10.595461,102,17.774894,-170.02133,-136.062839,8.376853,7322.695853,3,-1,0,1,96.33526842556789,-83.64378138507381,120.50168842556789,52.41905761492619,111.89641899999998,-0.016478039,1.474780086248515,15.699059168620664,7277.977761745046,-808.0310978470916,-999,17258.631711063805,1,1,1,1,2,2,2,1,1,0,0
71000.0,101,17.782254,-170.090011,-33.022696,12.24021,102,17.77656,-170.02127,-10.250244,22.592994,7323.055145,3,-1,0,1,94.96099190576288,-85.01801781619686,127.98368790576288,-74.76777381619686,22.772451999999987,0.014216141,-2.650189876021212,-11.969546121528182,7295.621549181054,-633.2794547717556,-91.14733291993981,7261.744211730464,1,1,1,1,0,2,2,1,1,1,0
72000.0,101,17.782278,-170.090037,-41.934751,5.240202,102,17.776569,-170.021303,-11.689584,19.485943,7323.514068,3,-1,0,1,94.9745292506311,-85.00448258995311,136.9092802506311,-73.31489858995312,30.24516699999998,-0.003107051000000002,0.4460903144719217,-15.183578339685644,7295.928914219904,-635.0429771628753,60.83022066969238,7274.519274945637,1,1,1,1,0,2,2,0,0,0,0
73000.0,101,17.782358,-170.090116,-43.053599,11.01724,102,17.776676,-170.021328,-11.798607,18.393131,7324.072604,3,-1,0,1,94.94718994073405,-85.0318053038728,138.00078894073405,-73.2331983038728,31.254992000000016,-0.0010928119999999986,-3.7603890074660975,-9.954060769522691,7296.7875565892455,-631.6097392121916,-245.92286413566293,7077.162945744088,1,1,1,1,0,2,2,0,1,1,0
74000.0,101,17.782469,-170.090129,-11.670285,11.837585,102,17.777496,-170.021304,-5.621965,28.941771,7324.730728,3,-1,0,1,94.32878204510313,-85.65020136891235,105.99906704510312,-80.02823636891235,6.04831999999999,0.01054864,0.44076412341753457,-17.20968202831562,7303.835782047106,-552.8680734097167,43.44042667280908,7287.290982101497,1,1,1,1,1,2,2,1,0,0,0
75000.0,101,17.782527,-170.090204,-44.225947,10.121432,102,17.77722,-170.021366,-9.623966,20.276244,7325.488416,3,-1,0,1,94.61811798777104,-85.36086158122723,138.84406498777105,-75.73689558122723,34.60198100000002,-0.008665527000000001,-3.669788493635947,-12.737914375293766,7301.705985154805,-589.8052554061311,-136.75957323699765,7188.5405153117,1,1,1,1,0,2,2,0,1,1,0
76000.0,101,17.782618,-170.090242,-25.115273,10.613652,102,17.777517,-170.021377,-7.941376,22.120305,7326.345635,3,-1,0,1,94.43744912291716,-85.54152197930375,119.55272212291716,-77.60014597930375,17.17389700000001,0.001844061,-1.4487299408228158,-12.297978563202495,7304.384143920632,-566.844459728068,-25.385103487581407,7320.575073911085,1,1,1,1,1,2,2,1,1,0,0
77000.0,101,17.782696,-170.090264,-16.99358,9.246695,102,17.777082,-170.021458,-18.589215,12.142359,7327.302351,3,-1,0,1,94.88688053426186,-85.09210878855988,111.88046053426186,-66.50289378855989,1.5956350000000157,-0.009977945999999998,1.1682710078849117,-2.66591181897617,7300.666351468559,-624.2039470436608,1174.105356804338,6436.791166834203,1,1,1,1,1,2,2,1,0,1,0
78000.0,101,17.782762,-170.090305,-28.500746,8.578787,102,17.774054,-170.022068,-162.234962,41.956671,7328.358525,3,-1,0,1,97.62253676250126,-82.35662799037361,126.12328276250125,79.87833400962639,133.734216,0.029814312000000003,8.708036960115825,47.49513019150116,7263.60105802976,-972.0793901370022,10.77414986969966,7321.707157781125,1,1,1,1,0,1,2,0,0,0,0
79000.0,101,17.782837,-170.09038,-41.974081,10.935272,102,17.772081,-170.022433,-165.967399,68.483892,7329.514113,3,-1,0,1,99.42803706011934,-80.55121731200397,141.40211806011934,85.41618168799603,123.99331799999999,0.026527220999999997,9.292111539131117,74.5699900371522,7230.50792855807,-1200.6382584796606,-5.258019864778134,7324.132670571236,1,1,1,1,0,1,2,1,1,0,0
80000.0,101,17.782909,-170.090425,-32.947916,9.549644,102,17.772039,-170.02243,-166.150601,58.969787,7330.76907,3,-1,0,1,99.51962899651754,-80.45961070325812,132.46754499651755,85.69099029674187,133.20268499999997,-0.009514105,8.92181037967353,65.26916281398317,7229.817048386973,-1212.4028227127126,-4.5554265338333835,7327.819906274986,1,1,1,1,1,1,2,0,1,0,0
81000.0,101,17.782976,-170.090489,-40.61162,9.970346,102,17.770626,-170.0227,-167.275377,73.794319,7332.123343,3,-1,0,1,100.82047256187784,-79.15883079224002,141.43209256187782,88.11654620775997,126.66375699999998,0.014824532000000005,9.76435757152974,79.55081022088119,7201.759906632679,-1376.4762853691177,-7.761502962288984,7317.022697531105,1,1,1,1,0,1,2,1,1,1,0
82000.0,101,17.783097,-170.090505,-11.541685,12.610816,102,17.770617,-170.022697,-167.320845,62.982731,7333.576878,3,-1,0,1,100.92875146792665,-79.05054602219062,112.47043646792665,88.27029897780938,155.77916000000002,-0.010811588,11.30097768162377,73.80268094704388,7200.57292401488,-1390.3594468625786,-5.65666618932544,7329.354853025654,1,1,1,1,1,1,2,0,1,0,0
83000.0,101,17.783176,-170.090578,-36.079481,11.625312,102,17.770887,-170.022656,-166.891808,49.172698,7335.129615,3,-1,0,1,100.74761273973424,-79.231649747971,136.82709373973424,87.66015825202899,130.812327,-0.013810033000000005,4.3056766605769,57.287019012492024,7206.45800726011,-1367.877720575452,-22.39585273409124,7303.38063330836,1,1,1,1,0,1,2,1,1,1,0
84000.0,101,17.783234,-170.090636,-42.462956,9.280455,102,17.772597,-170.022457,-153.179169,14.213667,7336.781493,3,-1,0,1,99.29423895251408,-80.68494406791493,141.75719495251408,72.49422493208507,110.71621299999998,-0.034959030999999995,0.14787596323975194,19.530908155234712,7240.463936202171,-1184.9239066636633,-256.6302541840054,8223.351596440927,1,1,1,1,0,1,2,1,1,0,0
85000.0,101,17.783302,-170.090676,-31.580257,8.742808,102,17.773803,-170.022309,-19.362377,9.537804,7338.532443,3,-1,0,1,98.2909731571197,-81.68815173780163,129.8712301571197,-62.32577473780164,12.217880000000036,-0.004675863,-1.4163622560870386,-1.550288038495804,7261.833916750746,-1058.2185891828158,-2728.0724537443994,6285.182854510386,1,1,1,1,1,1,2,1,1,1,0
86000.0,101,17.783396,-170.090681,-7.094536,10.04408,102,17.774511,-170.022218,-3.795118,19.333954,7340.382395,3,-1,0,1,97.7504003416901,-82.22869478442713,104.8449363416901,-78.43357678442713,3.299418000000003,0.009796149999999998,0.0391801630634494,-9.324377080645714,7273.327672395602,-989.908215336299,110.08702500027016,7269.106509078932,1,1,1,1,1,1,2,1,0,0,0
87000.0,101,17.783469,-170.090757,-39.414113,10.822108,102,17.774804,-170.022183,-1.482203,21.250435,7342.331273,3,-1,0,1,97.54836938889673,-82.43069163529528,136.96248238889672,-80.94848863529528,37.93190999999996,0.001916481000000001,-6.321508776125252,-12.882410825518837,7278.704959308191,-964.5116058483362,-192.74330625278864,6972.250451509494,1,1,1,1,0,1,2,0,1,1,0
88000.0,101,17.783541,-170.090775,-18.993823,8.443719,102,17.773302,-170.022485,-141.807543,8.365389,7344.379001,3,-1,0,1,98.93752518551554,-81.04162336917555,117.93134818551553,60.765919630824456,122.81371999999999,-0.012885045999999999,2.4242159933358107,14.558669091838155,7255.20596137379,-1141.003667117674,196.1009597982881,7869.795880400922,1,1,1,1,1,1,2,0,0,0,0
89000.0,101,17.783596,-170.090848,-47.275727,9.430417,102,17.772548,-170.02263,-159.639546,19.177208,7346.525493,3,-1,0,1,99.6416948975962,-80.33747603758476,146.9174218975962,79.30206996241523,112.36381899999998,0.010811819,-0.2556101741636718,24.377325166065297,7242.751531364577,-1230.441820735528,-142.9226094541465,7550.393185256354,1,1,1,1,0,1,2,1,1,1,0
90000.0,101,17.783683,-170.090895,-29.859454,10.551115,102,17.772126,-170.022716,-162.461601,23.332733,7348.770665,3,-1,0,1,100.08309411115911,-79.89608892171782,129.9425481111591,82.56551207828218,132.60214699999997,0.004155525000000001,1.7780727834776586,31.398562749732964,7235.268030688264,-1286.5950454066403,-71.35880265122952,7423.698333670666,1,1,1,1,1,1,2,0,1,1,0
91000.0,101,17.783776,-170.090926,-19.654537,10.761257,102,17.771578,-170.022834,-164.323274,29.020247,7351.114425,3,-1,0,1,100.64374717187512,-79.33546268200148,120.29828417187512,84.98781131799852,144.668737,0.005687514,4.2220141681139225,38.075021568736766,7224.635633424264,-1357.764064077212,-30.842723796846585,7357.140983533763,1,1,1,1,1,1,2,0,1,1,0
92000.0,101,17.783858,-170.090996,-36.383399,11.461585,102,17.772106,-170.022763,-159.753545,16.12841,7353.556679,3,-1,0,1,100.24186042466026,-79.7373060326025,136.62525942466027,80.0162389673975,123.370146,-0.012891837000000003,-1.2174661723445395,24.359208858120084,7236.384862750753,-1307.4899423770992,-375.9947706450658,10372.79781194988,1,1,1,1,0,1,2,1,1,0,0
93000.0,101,17.783914,-170.09104,-36.890968,8.346906,102,17.771118,-170.022992,-164.048173,30.26917,7356.09733,3,-1,0,1,101.1602700274171,-78.81895344280494,138.0512380274171,85.22921955719505,127.157205,0.01414076,3.308248373956136,35.77928089252894,7216.990625739728,-1423.8027378882257,-35.376944295894305,7335.728962404671,1,1,1,1,0,1,2,0,1,1,0
94000.0,101,17.783963,-170.091068,-30.705719,6.554912,102,17.770304,-170.023188,-165.096914,39.473324,7358.736275,3,-1,0,1,101.92142874376097,-78.0578464520164,132.62714774376096,87.03906754798359,134.391195,0.009204153999999999,6.804814153494754,43.781451254664766,7200.021548827679,-1520.0951488041649,-12.200590690400368,7349.47639380988,1,1,1,1,1,1,2,0,1,0,0
95000.0,101,17.784079,-170.09109,-12.157644,11.949495,102,17.769339,-170.023434,-165.507301,49.923702,7361.473408,3,-1,0,1,102.8766163806151,-77.10272768310999,115.03426038061511,88.40457331689002,153.349657,0.010450378,9.977147911434102,60.016596642350706,7176.34873918764,-1640.5211093585797,-11.646913124208739,7353.078081624971,1,1,1,1,1,1,2,0,1,0,0
96000.0,101,17.784165,-170.091151,-30.60083,11.429013,102,17.767114,-170.024099,-164.864993,80.475746,7364.308621,3,-1,0,1,104.94136534309493,-75.0381643186614,135.54219534309493,89.8268286813386,134.26416300000002,0.030552044000000004,15.19377925696613,87.52165432751323,7115.322727525586,-1898.742728358106,-9.576087210786616,7337.8766448406495,1,1,1,1,0,1,2,1,1,1,0
97000.0,101,17.784231,-170.091224,-43.911419,10.669909,102,17.766893,-170.02416,-164.867767,72.305023,7367.241799,3,-1,0,1,105.17888684880346,-74.80063923584115,149.09030584880347,90.06712776415884,120.95634799999996,-0.008170722999999996,11.474987308056335,77.48465336806662,7110.2211591916275,-1928.991133291295,-14.314547601801207,7320.532222118974,1,1,1,1,0,1,2,1,1,1,0
98000.0,101,17.784293,-170.091218,-5.814712,7.096433,102,17.767512,-170.02403,-164.055868,51.250257,7370.272826,3,-1,0,1,104.68645940909573,-75.29302843946866,110.50117140909573,88.76283956053135,158.24115600000002,-0.02105476600000001,13.359489300524057,56.33857991842204,7129.469030520352,-1868.5804431506858,-3.9010757941764265,7368.426452436698,1,1,1,1,1,1,2,0,1,0,0
99000.0,101,17.784384,-170.091291,-34.565549,11.576302,102,17.766964,-170.024191,-164.095776,53.000379,7373.401581,3,-1,0,1,105.23958165764924,-74.73993331167635,139.80513065764924,89.35584268832365,129.53022700000002,0.0017501220000000046,7.955900284539866,60.504409339384495,7114.1169171552165,-1938.1412135701698,-24.524796130602354,7323.337420137148,1,1,1,1,0,1,2,1,1,1,0
100000.0,101,17.784452,-170.091332,-31.017969,9.203009,102,17.765571,-170.024636,-163.754144,69.030062,7376.62794,3,-1,0,1,106.546078362603,-73.43356067867629,137.564047362603,90.32058332132371,132.736175,0.016029683,14.569447108919967,74.16072937599688,7071.1692587422385,-2100.762975541837,-11.800530799136217,7346.060713057213,1,1,1,1,1,1,2,0,1,0,0
101000.0,101,17.784544,-170.091394,-32.413067,11.6008,102,17.766197,-170.024492,-162.859934,48.317488,7379.951775,3,-1,0,1,106.05540090384488,-73.92417485056646,138.4684679038449,88.93575914943355,130.446867,-0.020712574000000004,8.021327225292577,55.96503281194801,7092.09472717171,-2041.04889264047,-28.274811730220147,7333.253052949145,1,1,1,1,0,1,2,1,1,1,0
102000.0,101,17.78462,-170.091447,-33.436126,10.404197,102,17.764799,-170.024965,-162.607187,65.254463,7383.372954,3,-1,0,1,107.37447186547506,-72.60523283941384,140.81059786547507,90.00195416058617,129.171061,0.016936975000000003,13.773149852963186,70.95319620059124,7046.4952769067595,-2204.7903506658918,-15.21290592294987,7342.77817033331,1,1,1,1,0,1,2,1,1,0,0
103000.0,101,17.784698,-170.091482,-25.230298,9.473719,102,17.766321,-170.02461,-158.384995,30.184141,7386.891341,3,-1,0,1,106.08717299526543,-73.89241176324288,131.31747099526544,84.49258323675713,133.154697,-0.035070322,7.08062702853302,36.631536639693635,7097.629639878313,-2046.9042915734055,-32.729983204597254,7378.266433528142,1,1,1,1,1,1,2,0,1,0,0
104000.0,101,17.784763,-170.091537,-36.668435,9.300385,102,17.766496,-170.02457,-157.112891,22.833159,7390.506799,3,-1,0,1,105.97421733509952,-74.00533828745316,142.6426523350995,83.10755271254683,120.444456,-0.0073509820000000016,3.326161399888891,28.4954544231519,7105.127059533605,-2033.9027051333073,-93.69821509768465,7444.007492333396,1,1,1,1,0,1,2,1,1,0,0
105000.0,101,17.784829,-170.091573,-29.511345,8.354815,102,17.7678,-170.024267,-39.602785,4.481845,7394.219184,3,-1,0,1,104.86910023023422,-75.11035113264553,134.38044523023422,-35.507566132645536,10.091439999999977,-0.018351313999999997,-1.2585441348000121,3.8176639995275807,7146.620879718047,-1897.4423160169233,-1251.392620958641,6271.988840176715,1,1,1,1,1,1,2,1,1,1,0
106000.0,101,17.784935,-170.091631,-27.569994,12.46737,102,17.767381,-170.024396,-131.359899,5.926162,7398.028351,3,-1,0,1,105.32199352590439,-74.65747968826781,132.8919875259044,56.7024193117322,103.789905,0.0014443169999999999,-1.322274549505149,14.967580417295032,7135.0732547252655,-1954.8793138974065,-999,14238.85808278894,1,1,1,1,1,1,2,0,1,0,0
107000.0,101,17.785015,-170.091646,-14.264352,9.475267,102,17.76772,-170.024315,-48.699765,3.368615,7401.93415,3,-1,0,1,105.08563202935305,-74.8938116416671,119.34998402935305,-26.1940466416671,34.43541300000004,-0.0025575469999999994,0.19604198173326548,6.959835233410137,7146.848153643186,-1926.4450757037414,-427.44312477374086,7306.268188575491,1,1,1,1,1,1,2,1,1,1,0
108000.0,101,17.785094,-170.091692,-26.67415,9.936323,102,17.768107,-170.024224,-5.179883,8.261055,7405.936428,3,-1,0,1,104.79994709178578,-75.17945449151263,131.47409709178578,-69.99957149151263,21.49426699999998,0.0048924400000000005,-3.714741209791716,0.651521877922745,7160.234300049765,-1891.8084321538074,-1869.5671340306187,707.3016047579694,1,1,1,1,0,1,2,1,1,1,0
109000.0,101,17.785136,-170.091774,-56.393436,9.50017,102,17.768772,-170.024068,5.674314,18.001755,7410.035029,3,-1,0,1,104.23122637934569,-75.74810214323162,160.6246623793457,-81.42241614323162,62.06774999999999,0.009740699999999998,-9.692190279049626,-12.655326032187167,7182.632262612291,-1821.6511496683625,-231.6490450703226,6853.591081269463,1,1,2,1,0,1,2,0,1,0,0
110000.0,101,17.785268,-170.091828,-25.06977,14.539007,102,17.768244,-170.024233,-9.021423,6.697448,7414.229794,3,-1,0,1,104.80411977414319,-75.17524286053167,129.87388977414318,-66.15381986053167,16.04834699999998,-0.011304307,-5.11030594843144,6.554724198388327,7168.114574112582,-1894.4489675449383,-638.0034058160734,4528.01166201001,1,1,1,1,1,1,2,1,1,1,0
111000.0,101,17.785306,-170.091867,-38.052702,7.190785,102,17.768198,-170.02426,-15.101399,5.043812,7418.520559,3,-1,0,1,104.87145333194374,-75.10790564351774,142.92415533194372,-60.00650664351774,22.951302999999996,-0.0016536359999999996,-3.1182448606989808,0.7927110126350172,7170.030324806417,-1903.9728006623548,-2099.7657540269684,666.9208142279466,1,1,1,1,0,1,2,0,1,1,0
112000.0,101,17.785354,-170.091919,-45.032572,7.548389,102,17.770066,-170.023874,8.001613,35.104695,7422.907157,3,-1,0,1,103.26526999991972,-76.71395416681933,148.29784199991974,-84.71556716681934,53.034185000000036,0.030060883,-10.22715841879791,-29.428439097834975,7224.850182167892,-1703.2587902812645,-26.183811687253897,7383.797512702984,1,1,1,1,0,1,2,0,1,0,0
113000.0,101,17.78547,-170.091965,-23.26192,12.600216,102,17.769844,-170.023934,7.075246,26.173981,7427.389419,3,-1,0,1,103.55074007087188,-76.4284884303358,126.81266007087189,-83.50373443033581,30.337165999999968,-0.008930713999999998,-8.200187195972756,-14.398739892281686,7220.631726080216,-1740.2847634214904,-130.7528149717013,7136.461711032674,1,1,1,1,1,1,2,1,1,1,0
114000.0,101,17.785553,-170.092049,-40.492246,12.589145,102,17.769534,-170.024021,4.700429,17.115071,7431.967171,3,-1,0,1,103.87933545935651,-76.09989408613416,144.37158145935652,-80.80032308613416,45.19267500000001,-0.009058910000000002,-9.57721116349769,-7.483541783105828,7214.976472271683,-1782.7648570094198,-444.3608099519912,5903.4201888812895,1,1,1,1,0,1,2,0,1,1,0
115000.0,101,17.785617,-170.092052,-12.933424,7.741991,102,17.769634,-170.024,5.403737,16.233912,7436.640238,3,-1,0,1,103.84462827340474,-76.13459385161269,116.77805227340474,-81.5383308516127,18.33716099999998,-0.0008811590000000003,-3.2616026642474747,-8.616182814532769,7220.592372555854,-1779.51224183171,-98.44297261213201,7382.962199236998,1,1,1,1,1,1,2,1,1,0,0
116000.0,101,17.785709,-170.092123,-33.999091,11.693017,102,17.769613,-170.024011,4.809324,13.486971,7441.40844,3,-1,0,1,103.92695582007798,-76.05224794533345,137.92604682007797,-80.86157194533345,38.808415000000025,-0.0027469409999999997,-7.669246060230958,-3.7454322963945668,7222.655994749031,-1791.0332080726816,-743.1238415049478,4821.371901144674,1,1,1,1,0,1,2,0,1,1,0
117000.0,101,17.785778,-170.092185,-39.062272,10.299039,102,17.769381,-170.024082,-0.94091,7.646035,7446.271594,3,-1,0,1,104.17894945243981,-75.80025715312995,143.24122145243982,-74.85934715312995,38.12136200000003,-0.005840936,-6.364533053237323,0.3518034994818615,7219.42398830828,-1823.9731162082019,-1124.2613526840219,1429.8881763135737,1,1,1,1,0,1,2,1,1,1,0
118000.0,101,17.785864,-170.092192,-10.93776,9.428472,102,17.769228,-170.024132,-12.425874,4.101889,7451.229514,3,-1,0,1,104.3859597033674,-75.59326006897167,115.3237197033674,-63.16738606897167,1.488113999999996,-0.0035441460000000006,-0.9063527713151163,5.2513901339121425,7217.58930794674,-1851.276816718013,-577.9849810843477,6797.629540277047,1,1,1,1,1,1,2,1,1,0,0
119000.0,101,17.785935,-170.092238,-27.842727,9.176406,102,17.768038,-170.024506,-157.748723,17.346487,7456.28201,3,-1,0,1,105.49802123240485,-74.48129931542532,133.34074823240485,83.2674236845747,129.905996,0.013244598,2.2827759022886873,24.16881031026488,7185.169224877666,-1992.356550048337,-168.91604073559847,7853.993053902541,1,1,1,1,0,1,2,0,1,0,0
120000.0,101,17.786033,-170.092281,-23.594709,11.36697,102,17.766143,-170.025165,-160.499067,47.406833,7461.428892,3,-1,0,1,107.2764563340097,-72.70305328878123,130.8711653340097,87.79601371121876,136.90435799999997,0.030060345999999998,11.275660188915824,55.104077905386646,7124.790967010363,-2215.913984517423,-20.8933377975257,7436.970980543677,1,1,1,1,1,1,2,0,1,1,0
121000.0,101,17.786062,-170.092293,-23.071403,4.714336,102,17.764598,-170.025704,-160.956627,67.030226,7466.669963,3,-1,0,1,108.69053428016377,-71.28913707351852,131.76193728016378,89.66748992648148,137.88522400000002,0.019623393,20.023433769999627,67.69905589487573,7072.901926229813,-2392.7429193920984,-4.639705223036201,7461.199566101026,1,1,1,1,0,1,2,0,1,0,0
122000.0,101,17.786097,-170.092382,-63.602075,9.064566,102,17.76605,-170.0253,-157.701376,32.681243,7472.005026,3,-1,0,1,107.41298308007333,-72.56653693901059,171.01505808007335,85.13483906098942,94.099301,-0.034348983,4.2809884635812505,34.26743232731604,7129.582030423329,-2236.049905532972,-60.099848698252664,7388.979080892731,1,1,2,1,0,1,2,1,1,1,0
123000.0,101,17.786264,-170.092409,-13.124822,16.47437,102,17.764644,-170.025786,-159.608314,52.041771,7477.433879,3,-1,0,1,108.80798200341944,-71.17167883325105,121.93280400341943,88.43663516674896,146.483492,0.019360527999999995,14.392339954590323,64.824467738527,7078.171476879075,-2410.706526873914,-22.970727133227577,7465.879375914108,1,1,1,1,1,1,2,0,1,0,0
124000.0,101,17.786361,-170.092487,-32.689165,13.873618,102,17.766016,-170.025376,-154.487954,21.187581,7482.956318,3,-1,0,1,107.6488277992797,-72.33068323789314,140.3379927992797,82.15727076210686,121.798789,-0.030854189999999997,1.632629203001077,30.79789696769251,7130.753321365186,-2268.6983772497133,-282.72582847052587,9954.89822397821,1,1,1,1,0,1,2,1,1,0,0
125000.0,101,17.786433,-170.092526,-29.040736,9.755794,102,17.766806,-170.025118,-131.722887,5.075006,7488.572137,3,-1,0,1,106.99157547553929,-72.98784440479125,136.0323114755393,58.73504259520874,102.682151,-0.016112575,-0.9479237020010065,11.906806201873815,7161.678999363005,-2188.393602882183,-999,11525.571171589041,1,1,1,1,1,1,2,1,1,0,0
126000.0,101,17.78651,-170.092544,-15.829094,8.853855,102,17.766361,-170.025238,-153.38113,11.366966,7494.281124,3,-1,0,1,107.44150866514018,-72.53794256229666,123.27060266514017,80.84318743770335,137.55203600000002,0.006291959999999999,2.6779539238697283,18.680257369584105,7149.719814541668,-2246.2760603035795,-464.263158175317,10570.687413863263,1,1,1,1,1,1,2,0,1,1,0
127000.0,101,17.786548,-170.092605,-49.552176,7.548663,102,17.765513,-170.025511,-159.157692,24.102424,7500.083068,3,-1,0,1,108.21305431582897,-71.76646208759908,157.76523031582897,87.39122991240092,109.60551599999997,0.012735458,2.831063467297245,27.42247392324144,7124.335388109563,-2344.1611089321605,-102.05369920968734,7427.169424881539,1,1,2,1,0,1,2,1,1,1,0
128000.0,101,17.786663,-170.092651,-23.960542,12.50748,102,17.765454,-170.02551,-160.068899,21.450713,7505.977752,3,-1,0,1,108.34172171720725,-71.63778030601176,132.30226371720724,88.43111869398822,136.108357,-0.002651710999999999,2.232951109027926,31.595536756564357,7124.648430526145,-2362.009050558511,-216.97702492195884,8836.890680654042,1,1,1,1,1,1,2,0,1,0,0
129000.0,101,17.786756,-170.092699,-25.557236,11.662589,102,17.766421,-170.025205,-132.535228,2.054046,7511.964959,3,-1,0,1,107.54667260631581,-72.4327210523765,133.1039086063158,60.102506947623496,106.977992,-0.019396667,-3.5178389108600925,11.910084544778433,7162.4458662296065,-2264.7266410263073,-999,10301.074283783903,1,1,1,1,0,1,2,1,1,0,0
130000.0,101,17.786806,-170.09274,-35.010692,7.762394,102,17.76619,-170.025266,-155.655371,5.442297,7518.044468,3,-1,0,1,107.77902666372111,-72.20037320257612,142.78971866372112,83.45499779742389,120.644679,0.003388251,-2.210066552453033,11.316131302393394,7158.991910418206,-2295.610474229476,-999,10280.054049559521,1,1,1,1,0,1,2,0,1,1,0
131000.0,101,17.786854,-170.092776,-35.511607,6.775104,102,17.766912,-170.025035,12.339621,7.748123,7524.216054,3,-1,0,1,107.16848962901322,-72.81082828746587,142.68009662901324,-85.15044928746586,47.85122800000005,0.0023058259999999995,-5.591260423042673,-2.05420589439313,7188.943345849303,-2221.017964231798,-1072.7997045019613,4582.162170503585,1,1,1,1,2,1,2,1,1,1,0
132000.0,101,17.786951,-170.09284,-32.815885,11.721811,102,17.766801,-170.025061,12.391147,4.750368,7530.479491,3,-1,0,1,107.32781931560898,-72.6514870069209,140.14370431560897,-85.0426340069209,45.20703199999997,-0.0029977549999999995,-7.3718876427564,5.211491728805292,7188.71846870816,-2242.8660553019727,-720.0611279690205,2411.5528999794456,1,1,1,1,1,1,2,1,1,1,0
133000.0,101,17.787043,-170.092883,-25.623008,11.272759,102,17.765493,-170.025537,-159.501075,18.576516,7536.83455,3,-1,0,1,108.56375910894621,-71.41568009377752,134.1867671089462,88.08539490622246,133.87806699999996,0.013826148000000002,1.6304260636624344,27.564411932813698,7144.692818193816,-2399.424841024076,-284.9380631001028,9362.420390168012,1,1,1,1,1,1,2,0,1,0,0
134000.0,101,17.787084,-170.092947,-49.873215,8.408609,102,17.765384,-170.025563,-160.273852,17.644212,7543.281,3,-1,0,1,108.6742706372884,-71.30515700206571,158.5474856372884,88.96869499793429,110.40063699999999,-0.0009323040000000021,-0.4740317254636004,22.02797977006667,7146.15861560803,-2415.2650549229825,-295.16290834218194,8110.952055171381,1,1,2,1,0,1,2,1,1,1,0
135000.0,101,17.787115,-170.09301,-60.467113,7.590131,102,17.763928,-170.026126,-160.009757,40.356042,7549.818607,3,-1,0,1,109.99406931444409,-69.98551176710582,170.4611823144441,90.02424523289419,99.54264400000002,0.022711830000000002,7.192153864959863,41.665975319808915,7094.776077728204,-2581.4556756797183,-42.35578622274259,7444.335755213397,1,1,2,1,0,1,2,1,1,1,0
136000.0,101,17.787232,-170.09303,-14.223982,11.807273,102,17.762854,-170.026538,-159.990689,53.058291,7556.447134,3,-1,0,1,111.04705309423002,-68.9326481891988,125.27103509423003,91.0580408108012,145.76670700000003,0.012702248999999995,15.253904310488902,61.300827405790216,7052.324874338447,-2713.7809704771703,-22.53234694155229,7515.112198890411,1,1,1,1,1,1,2,0,1,0,0
137000.0,101,17.78733,-170.093092,-28.477454,12.474065,102,17.765406,-170.025793,-102.433604,4.087277,7563.166341,3,-1,0,1,108.87573049316615,-71.10372294683988,137.35318449316614,31.329881053160122,73.95614999999998,-0.04897101399999999,-1.9563805040245343,11.844786985737596,7156.438010295503,-2446.810190111419,-999,10731.282428574157,1,1,1,1,0,1,2,1,1,0,0
138000.0,101,17.787401,-170.093115,-20.112372,8.911634,102,17.76409,-170.026277,-153.890842,24.732356,7569.975988,3,-1,0,1,110.10525926208467,-69.87433561390839,130.21763126208467,84.0165063860916,133.77847,0.020645079,7.819905613564797,30.5768010353999,7108.682113847843,-2602.1481631829392,-48.384348621772624,7570.75240246795,1,1,1,1,1,1,2,0,1,1,0
139000.0,101,17.787472,-170.093195,-43.699827,10.900492,102,17.764638,-170.026043,-150.366324,11.498983,7576.87583,3,-1,0,1,109.64051559504104,-70.33898307375273,153.34034259504102,80.02734092624726,106.66649699999996,-0.013233372999999998,-1.8452296783281374,17.875687655720142,7136.053264144832,-2546.721648419018,-4619.965777265115,80050.39244380075,1,1,1,1,0,1,2,1,1,0,0
140000.0,101,17.787556,-170.093207,-14.643768,9.433195,102,17.765752,-170.025641,8.042815,9.732977,7583.865622,3,-1,0,1,108.71054759749799,-71.26882400553562,123.35431559749799,-79.31163900553562,22.68658300000004,-0.001766006000000001,-3.7465625270005587,-0.5104711882242263,7183.067727515561,-2432.8082116101723,-1809.2381889114733,3380.676079421543,1,1,1,1,1,1,2,1,1,1,0
141000.0,101,17.78761,-170.093285,-48.350656,9.719832,102,17.764472,-170.026108,-154.385976,14.023312,7590.945115,3,-1,0,1,109.87490463601338,-70.10458641596375,158.22556063601337,84.28138958403625,106.03531999999998,0.004290335000000001,-1.2005429275796402,19.1047039851706,7138.806576771369,-2580.675957649123,-765.7420968299236,13559.164772571707,1,1,2,1,0,1,2,0,1,0,0
142000.0,101,17.787695,-170.093303,-17.11913,9.35395,102,17.763696,-170.02637,-158.51715,25.184783,7598.114057,3,-1,0,1,110.62256343488941,-69.35700249392461,127.74169343488941,89.16014750607538,141.39802,0.011161471,6.469816188330423,32.374647587435334,7111.233790037166,-2676.1336301864003,-78.32082945319657,7619.251139408571,1,1,1,1,1,1,2,0,1,1,0
143000.0,101,17.787778,-170.093359,-30.525611,10.650942,102,17.763889,-170.026258,-159.934341,17.933088,7605.372197,3,-1,0,1,110.48874085711527,-69.49077362883152,141.0143518571153,90.44356737116847,129.40872999999996,-0.007251694999999998,0.7429213578705811,26.019295584428733,7124.263881935399,-2662.0575492373123,-358.33279999731405,9949.616001785243,1,1,1,1,0,1,2,1,1,0,0
144000.0,101,17.787854,-170.093397,-26.373699,9.543723,102,17.761787,-170.02718,-158.146625,52.359125,7612.719279,3,-1,0,1,112.44980631314586,-67.52997916726416,138.82350531314586,90.61664583273584,131.772926,0.03442603699999999,15.250223976703728,57.14694242793699,7035.784977948028,-2907.098994691983,-23.500790211403285,7557.795233848737,1,1,1,1,1,1,2,0,1,1,0
145000.0,101,17.78789,-170.093445,-46.995995,6.817097,102,17.762855,-170.026745,-157.556498,26.032287,7620.155045,3,-1,0,1,111.5018923218365,-68.47774509792086,158.4978873218365,89.07875290207915,110.56050300000001,-0.026326837999999998,4.953020155324183,28.710106329157533,7089.833882380288,-2793.0303310367794,-84.3388209452278,7516.75929069257,1,1,2,1,0,1,2,1,1,1,0
146000.0,101,17.788007,-170.093459,-10.026035,11.84781,102,17.762001,-170.027061,-158.789231,36.926615,7627.679237,3,-1,0,1,112.34737171096182,-67.6323583118229,122.37340671096183,91.1568726881771,148.76319600000002,0.010894327999999998,11.297389636225882,46.091930677645635,7054.807504169521,-2900.203720719341,-44.78315810893031,7606.825393973945,1,1,1,1,1,1,2,0,1,0,0
147000.0,101,17.788084,-170.093566,-47.476493,13.315125,102,17.762106,-170.026974,-159.962844,29.432712,7635.291593,3,-1,0,1,112.26694754786293,-67.71272314988512,159.74344054786292,92.25012085011487,112.48635099999998,-0.007493903,0.27126570698496266,36.65076328508667,7065.916162418669,-2893.1827622545916,-187.5913872259173,8155.163047245137,1,1,2,1,0,1,2,1,1,0,0
148000.0,101,17.788206,-170.093594,-17.798749,13.404684,102,17.76237,-170.026831,-161.624731,20.327101,7642.991849,3,-1,0,1,112.1056958700993,-67.87392241036518,129.9044448700993,93.75080858963481,143.825982,-0.009105611,2.310433584940876,32.05374931725479,7081.164882411195,-2876.1829413281207,-351.2136043277215,11512.753929480788,1,1,1,1,1,1,2,0,1,0,0
149000.0,101,17.788237,-170.093643,-45.455495,7.032341,102,17.761367,-170.027246,-160.083701,34.847484,7650.779741,3,-1,0,1,113.01407400175623,-66.96565654918645,158.4695690017562,93.11804445081354,114.628206,0.014520383000000003,6.8587014314510295,37.69622746881276,7041.845363116845,-2991.127634730058,-62.40586049058381,7497.121122736609,1,1,2,1,0,1,2,1,1,1,0
150000.0,101,17.788315,-170.093689,-31.226701,9.443133,102,17.75989,-170.027921,-158.414017,55.886511,7658.655,3,-1,0,1,114.4016040553185,-65.57831927917026,145.6283050553185,92.83569772082974,127.18731600000001,0.021039027,15.664922516401592,60.042033253303025,6974.523394945244,-3164.0195673204144,-28.43839869137253,7561.612298887113,1,1,1,1,1,1,2,0,1,0,0
151000.0,101,17.788387,-170.093765,-43.27206,10.947996,102,17.760871,-170.027492,-158.904972,30.428826,7666.617357,3,-1,0,1,113.54730153208197,-66.43246706369119,156.81936153208198,92.4725049363088,115.63291199999998,-0.025457684999999997,3.4473663813870887,36.3609449534067,7028.222481589092,-3062.85984791001,-129.5263251412063,7654.013751545863,1,1,1,1,0,1,2,1,1,0,0
152000.0,101,17.788456,-170.093793,-26.417662,8.55864,102,17.760193,-170.027771,-158.811452,37.794528,7674.666542,3,-1,0,1,114.19588374568997,-65.78396180789339,140.61354574568998,93.02749019210661,132.39379,0.007365701999999999,9.852551326089094,42.90437014555162,7000.443736961793,-3145.5196735240183,-52.09474116341241,7568.66660154463,1,1,1,1,1,1,2,0,1,1,0
153000.0,101,17.788563,-170.093859,-29.925711,12.858274,102,17.760259,-170.027713,-159.608884,30.940725,7682.802282,3,-1,0,1,114.18673164836862,-65.79307595679686,144.1124426483686,93.81580804320313,129.683173,-0.0068538029999999995,4.365881775241078,40.14577472543329,7008.367639048453,-3147.7347315558222,-136.91187675188863,7960.482077717357,1,1,1,1,0,1,2,1,1,0,0
154000.0,101,17.788614,-170.093877,-22.111236,7.087379,102,17.759842,-170.027881,-159.446943,33.647005,7691.024301,3,-1,0,1,114.58913006342551,-65.39072353296804,136.70036606342552,94.05621946703197,137.33570699999999,0.0027062799999999997,9.144877428825799,38.071425171735406,6993.564284382224,-3200.298954595631,-56.175320742667346,7581.972702073354,1,1,1,1,1,1,2,0,1,1,0
155000.0,101,17.788676,-170.093909,-25.674315,7.625389,102,17.760809,-170.027456,-162.393524,11.732301,7699.332323,3,-1,0,1,113.75713187072411,-66.22258165039729,139.4314468707241,96.17094234960273,136.71920900000003,-0.021914704,0.24501988184548873,18.05526331183566,7046.901221249463,-3101.7577916312875,-767.2891314185836,12959.401198554295,1,1,1,1,0,1,2,1,1,0,0
156000.0,101,17.7888,-170.093964,-23.044234,13.617746,102,17.761764,-170.02704,29.495142,6.854566,7707.726071,3,-1,0,1,112.97804203053559,-67.00152710571076,136.02227603053558,-96.49666910571077,52.539376000000004,-0.004877734999999999,-8.705397155939755,6.564892950251279,7096.152917133456,-3008.9292052541623,-712.4766212981867,1892.7173704007778,1,1,1,1,1,1,2,1,1,1,0
157000.0,101,17.788874,-170.093989,-19.135904,9.498225,102,17.762754,-170.026616,23.949918,23.154585,7716.205264,3,-1,0,1,112.14239806023535,-67.83703340755152,131.27830206023535,-91.78695140755151,43.08582200000001,0.016300019,-12.512937985877906,-12.187601924418313,7147.134945459055,-2908.313213458841,-174.8930970545406,7070.274644188024,1,1,1,1,1,1,2,1,1,0,0
158000.0,101,17.788945,-170.094028,-26.291143,8.926967,102,17.761943,-170.026963,28.828735,5.599602,7724.769621,3,-1,0,1,112.90884366858081,-67.07068224196797,139.1999866685808,-95.89941724196797,55.11987799999997,-0.017554983,-6.654134174685746,3.0979010015621347,7115.4809884833185,-3006.9911872263524,-1062.934089385408,289.02633474026976,1,1,1,1,0,1,2,0,1,1,0
159000.0,101,17.789049,-170.094115,-37.335788,13.769151,102,17.76199,-170.026917,31.519037,5.788633,7733.418859,3,-1,0,1,112.91145328463351,-67.06803193837648,150.2472412846335,-98.58706893837648,68.854825,0.00018903099999999996,-11.376977769992134,6.013164768391085,7123.310902378008,-3010.6824868789254,-582.0311833755528,700.6009996062672,1,1,1,1,0,1,2,0,1,0,0
160000.0,101,17.7891,-170.094183,-48.617932,9.886867,102,17.760359,-170.027709,-156.642197,24.226923,7742.152694,3,-1,0,1,114.40972629966745,-65.5699808249892,163.02765829966745,91.07221617501081,108.02426500000001,0.01843829,2.186999338864873,28.77743181086084,7050.108922856761,-3199.5144183245925,-199.8137651673081,7909.634210941852,1,1,2,1,0,1,2,0,1,0,0
161000.0,101,17.789165,-170.094213,-28.996117,8.010114,102,17.760276,-170.027714,-157.832351,21.94786,7750.97084,3,-1,0,1,114.5125512359664,-65.4671482667437,143.5086682359664,92.36520273325628,128.83623399999996,-0.002279063000000001,4.3984160366621685,27.331623833834794,7052.378986474521,-3215.820205431721,-152.8346516603895,7784.20695705481,1,1,1,1,1,1,2,0,1,1,0
162000.0,101,17.78926,-170.09424,-16.865286,10.444834,102,17.759948,-170.027838,-158.380088,24.382481,7759.873008,3,-1,0,1,114.86044513743926,-65.11928410552797,131.72573113743925,93.26080389447203,141.51480199999997,0.002434621,5.953387319066376,32.66273363249392,7040.800228006038,-3262.3245162915778,-140.93265826441797,7993.105936973819,1,1,1,1,1,1,2,0,1,0,0
163000.0,101,17.789297,-170.094276,-36.675973,6.243792,102,17.759514,-170.028018,-158.376476,28.381128,7768.858912,3,-1,0,1,115.25871760921822,-64.7210558116809,151.93469060921822,93.6554201883191,121.700503,0.003998647000000002,6.7292759005436515,31.391498367563425,7026.080114825743,-3315.0214199326215,-82.13926987015911,7614.5244181110265,1,1,1,1,0,1,2,1,1,1,0
164000.0,101,17.789385,-170.094332,-31.556586,10.576517,102,17.758909,-170.028292,-157.863332,34.891184,7777.928259,3,-1,0,1,115.84519359543918,-64.13464665802911,147.4017795954392,93.7286853419709,126.30674600000003,0.006510056000000002,7.612477779351229,41.331774436385324,6999.942470973113,-3390.7187151425005,-87.83782080343896,7672.353525222649,1,1,1,1,1,1,2,0,1,0,0
165000.0,101,17.789473,-170.094385,-30.416078,11.100571,102,17.75877,-170.028335,-158.251713,32.134152,7787.080759,3,-1,0,1,116.0090139784845,-63.97082325030772,146.4250919784845,94.28088974969228,127.83563500000002,-0.0027570320000000026,6.286706465450639,39.419680907038014,6998.444692815999,-3414.7325852522636,-111.91424151843357,7766.263760042346,1,1,1,1,1,1,2,0,1,0,0
166000.0,101,17.789557,-170.094426,-25.697108,10.43221,102,17.758758,-170.028319,-158.849804,27.530229,7796.316118,3,-1,0,1,116.06007383875058,-63.91974595036288,141.75718183875057,94.93005804963713,133.152696,-0.004603923000000002,5.4097443541964205,35.076184951680126,7003.695268316076,-3425.025197039226,-139.73618923868685,7898.836187058062,1,1,1,1,1,1,2,0,1,0,0
167000.0,101,17.789627,-170.094511,-45.936536,11.49427,102,17.757284,-170.02911,-155.730861,50.218156,7805.634043,3,-1,0,1,117.43378838981259,-62.546247680031506,163.3703243898126,93.18461331996849,109.79432500000001,0.022687927000000004,12.381400249911328,53.77386064017853,6927.842430727393,-3596.237209675371,-52.45022852475481,7616.860040456454,1,1,2,1,0,1,2,1,1,1,0
168000.0,101,17.789708,-170.094522,-15.047329,9.096213,102,17.757057,-170.029201,-155.992813,46.81413,7815.034238,3,-1,0,1,117.68535546365624,-62.294705105766596,132.73268446365623,93.69810789423342,140.94548400000002,-0.003404026000000002,16.684856243336352,51.54876635408151,6920.3097891159605,-3630.987822036595,-34.90312720387138,7723.040675803851,1,1,1,1,1,1,2,0,1,0,0
169000.0,101,17.789799,-170.09457,-25.262123,10.974517,102,17.756961,-170.029226,-156.33627,41.551814,7824.516407,3,-1,0,1,117.81189722129648,-62.168156330009936,143.07402022129648,94.16811366999008,131.07414700000004,-0.005262315999999999,11.99408472209375,47.98297443826587,6920.660453687843,-3650.6870433075164,-61.95130892133252,7693.649165396199,1,1,1,1,0,1,2,1,1,1,0
170000.0,101,17.789856,-170.094615,-34.719372,8.350728,102,17.758664,-170.028427,-157.868722,5.340754,7834.080252,3,-1,0,1,116.32007025073486,-63.659724699063624,151.03944225073485,94.20899730093637,123.14934999999997,-0.03621106,-2.744197176465365,11.81115741087298,7021.930326849903,-3473.515205039699,-999,9361.727883775378,1,1,1,1,0,1,2,1,1,0,0
171000.0,101,17.789928,-170.094659,-31.004547,9.105842,102,17.75865,-170.028399,-163.909746,4.633745,7843.725474,3,-1,0,1,116.35803032037668,-63.6217426182105,147.3625773203767,100.28800338178951,132.905199,-0.0007070089999999993,-3.406226658977464,12.257081912113494,7028.269962027332,-3482.4489446854545,-999,9482.779943220085,1,1,1,1,1,1,2,0,1,0,0
172000.0,101,17.790041,-170.09474,-33.99939,14.171061,102,17.758794,-170.028292,160.319505,1.573443,7853.451774,3,-1,0,1,116.27091278770502,-63.70880261856401,150.27030278770502,135.97169238143601,165.68110500000006,-0.003060302,-8.454127519720855,13.229957092894253,7042.2785393978975,-3476.0635408576118,-999,9841.24201423464,1,1,1,1,0,1,2,0,1,0,0
173000.0,101,17.79013,-170.094761,-17.368092,10.598221,102,17.758252,-170.028546,-161.07675,10.59104,7863.25885,3,-1,0,1,116.80939848015132,-63.17038830331919,134.1774904801513,97.90636169668082,143.708658,0.009017597,0.27102022009958526,20.133648247540982,7018.051679704076,-3546.5180618609734,-999,18099.502549338686,1,1,1,1,1,1,2,1,1,0,0
174000.0,101,17.790207,-170.094773,-10.316694,8.910837,102,17.757592,-170.028871,-157.605165,20.795071,7873.146401,3,-1,0,1,117.45119610839167,-62.528686542736786,127.76789010839167,95.07647845726322,147.28847100000002,0.010204031,6.326820552601878,27.99348928924138,6986.660219625802,-3629.464592343833,-165.11758061112843,8092.453996343772,1,1,1,1,1,1,2,0,1,1,0
175000.0,101,17.790271,-170.094811,-25.916109,8.196103,102,17.757157,-170.029074,-157.129688,25.43003,7883.114124,3,-1,0,1,117.8680514825964,-62.11188173934718,143.7841604825964,95.0178062606528,131.21357899999998,0.004634958999999998,6.301149029553173,30.802758070064467,6968.88110655229,-3684.8588052660602,-131.59713488267477,7806.805418334013,1,1,1,1,0,1,2,1,1,1,0
176000.0,101,17.790322,-170.094867,-43.003809,8.121052,102,17.756644,-170.029327,-156.472563,30.875788,7893.161715,3,-1,0,1,118.34170441624543,-61.638289193235195,161.34551341624544,94.83427380676481,113.46875400000002,0.005445758000000001,6.786310392781476,34.248046771279014,6947.024532278855,-3747.1124892452185,-106.7437578840411,7671.96464435208,1,1,2,1,0,1,2,1,1,1,0
177000.0,101,17.790409,-170.094957,-44.529932,12.639986,102,17.757621,-170.028808,-162.763641,8.79974,7903.288869,3,-1,0,1,117.48751272374321,-62.49229440077026,162.0174447237432,100.27134659922974,118.23370899999998,-0.022076048,-6.256703996121817,17.415394397718323,7011.098028512001,-3647.804734556721,-999,13771.19755010948,1,1,2,1,0,1,2,0,1,0,0
178000.0,101,17.790508,-170.095028,-36.092511,13.213555,102,17.756715,-170.029289,-156.239928,23.810477,7913.495282,3,-1,0,1,118.35072326921478,-61.6292094541702,154.44323426921477,94.6107185458298,120.14741699999999,0.015010737,1.8094388887890869,32.46975312281162,6964.329322341906,-3757.8617148858716,-343.8683272215467,10603.112430054884,1,1,1,1,1,1,2,0,1,1,0
179000.0,101,17.79055,-170.09506,-36.422044,6.995734,102,17.757193,-170.029003,-160.609893,11.560484,7923.780646,3,-1,0,1,117.92621228225661,-62.053623084018405,154.3482562822566,98.5562699159816,124.18784899999997,-0.012249992999999999,-0.3155061484015227,16.533998584915835,7001.067991025465,-3710.9765171667204,-891.627880794541,12916.749327255304,1,1,1,1,2,1,2,0,1,0,0
180000.0,101,17.790654,-170.095108,-24.932914,11.623793,102,17.756744,-170.029218,-158.361909,17.811083,7934.144655,3,-1,0,1,118.37854942681793,-61.60133710695199,143.31146342681794,96.76057189304801,133.42899500000001,0.006250598999999999,1.6676160314107928,27.09644223215335,6980.671332397243,-3771.058094953243,-570.8048319644378,14132.067694591811,1,1,1,1,1,1,2,0,1,0,0
181000.0,101,17.790679,-170.095127,-31.590984,4.756066,102,17.757732,-170.028683,55.274426,3.10918,7944.587001,3,-1,0,1,117.49659591786963,-62.48312094350918,149.08757991786962,-117.75754694350917,86.86541,-0.014701903,-5.046877598538377,2.280128327804412,7047.152671296352,-3667.983348367173,-1591.071905672619,983.6116657362007,1,1,1,1,0,1,2,1,1,1,0
182000.0,101,17.790779,-170.095174,-24.819004,10.93761,102,17.756839,-170.029157,-158.603226,13.833009,7955.107375,3,-1,0,1,118.35359687053796,-61.62625077473062,143.17260087053796,96.97697522526938,133.784222,0.010723829,0.45552238771314,22.806981434559667,7000.760877799854,-3777.9730649710036,-1345.0032637327852,27954.23960515936,1,1,1,1,1,1,2,0,1,0,0
183000.0,101,17.790865,-170.095239,-34.286581,11.608085,102,17.755424,-170.029977,-153.50044,37.762325,7965.705468,3,-1,0,1,119.68506643202053,-60.295012405341474,153.97164743202052,93.20542759465852,119.21385899999999,0.023929315999999996,10.309995107551048,43.385882614975834,6920.291231035126,-3944.8742540901653,-88.96712313670804,7838.002279143648,1,1,1,1,0,1,2,1,1,1,0
184000.0,101,17.790962,-170.095261,-16.039778,10.967912,102,17.755208,-170.030053,-154.296893,35.91477,7976.380971,3,-1,0,1,119.92284997537098,-60.05724540991003,135.962627975371,94.23964759008999,138.257115,-0.0018475549999999999,12.546036054497005,42.90206164152538,6913.112473254342,-3978.88543774084,-74.85478603861368,7889.659130140397,1,1,1,1,1,1,2,0,1,0,0
185000.0,101,17.791047,-170.095294,-19.34665,10.140438,102,17.755972,-170.029592,-157.667112,16.600319,7987.133573,3,-1,0,1,119.26527461271885,-60.714669516484186,138.61192461271887,96.95244248351582,138.320462,-0.019314451,2.9485563496494342,24.92298126737022,6967.701477565627,-3904.540796620459,-487.0543460922961,11765.533896882527,1,1,1,1,0,1,2,0,1,0,0
186000.0,101,17.791059,-170.095368,-69.372732,7.625317,102,17.75707,-170.028972,41.714742,6.110169,7997.962962,3,-1,0,1,118.25113643882888,-61.72859523089395,-172.37613156117112,-103.44333723089395,111.08747399999999,-0.01049015,-11.202316609239421,-1.8747387281344805,7045.256410626031,-3785.7329079131605,-582.1920133595465,4905.190416873698,0,1,2,1,1,1,2,1,1,1,0
187000.0,101,17.791188,-170.095449,-33.916354,14.960192,102,17.756023,-170.029548,-157.712638,13.992879,8008.868829,3,-1,0,1,119.25397721423933,-60.72590606403551,153.17033121423933,96.98673193596449,123.79628399999999,0.007882710000000001,-3.04068945678688,25.362279517650357,6987.434413787521,-3913.7884757796587,-999,21784.197314138513,1,1,1,1,0,1,2,0,1,0,0
