30426,
13160,
13158,
12822,
12716,
3980,
3926,
13032,
3962,
3974,
3974,
4296,
3962,
4296,
13032,
13046,
12722,
13370,
13032,
13046,
13032,
12708,
13046,
13356,
12722,
13032,
11750,
12072,
12384,
12398,
11736,
11750,
11748,
11736,
11750,
12074,
11736,
12074,
12398,
11736,
12398,
12384,
12384,
12074,
12060,
12074,
11736,
12398,
12074,
11750,
12074,
11736,
11736,
12060,
12398,
12710,
12060,
12074,
11736,
12074,
12398,
12384,
12398,
11738,
12722,
13046,
12722,
12708,
13356,
13370,
12708,
13046,
13044,
12708,
12722,
13368,
13032,
13358,
13370,
13358,
12708,
13358,
12062,
12386,
11736,
11736,
12074,
12396,
12074,
11738,
12074,
12398,
13046,
12708,
11736,
12072,
12384,
12398,
11736,
12060,
11736,
12072,
12074,
12398,
11736,
12386,
12074,
12396,
12384,
11736,
11750,
12074,
12398,
12396,
13046,
13046,
12708,
12708,
12708,
13356,
12384,
12072,
12074,
12398,
12708,
13046,
12060,
11736,
12398,
11736,
12398,
12398,
11738,
12074,
12384,
12398,
12386,
11736,
12386,
12074,
12074,
12398,
12396,
11736,
12386,
11738,
12384,
12384,
12074,
11736,
11736,
12384,
12384,
12074,
12074,
12384,
12398,
12398,
12074,
11736,
11736,
11750,
12384,
12074,
11748,
12384,
12386,
12386,
12396,
12384,
11736,
12384,
11736,
12384,
12074,
12384,
12398,
11736,
12398,
12074,
12074,
12074,
12398,
12398,
12398,
12386,
12060,
11738,
12398,
12074,
12074,
12398,
12074,
11738,
11736,
12396,
12398,
12398,
12384,
12074,
11736,
12398,
12396,
12398,
12398,
11736,
11736,
12060,
12386,
12398,
12074,
11736,
12072,
12074,
11736,
11736,
12398,
12074,
12074,
12074,
12074,
12398,
12398,
11750,
12398,
12074,
12398,
12386,
12384,
11738,
12384,
11736,
12074,
12386,
11748,
11736,
12074,
11736,
12074,
12398,
12074,
12062,
12398,
12072,
12074,
12384,
12386,
12074,
11736,
12398,
11736,
12074,
12384,
11736,
12398,
12384,
12384,
11736,
12398,
11736,
12074,
12074,
12074,
12398,
12074,
12384,
12074,
11736,
12384,
11736,
12386,
12398,
11736,
12398,
11738,
12396,
12074,
12398,
11736,
12074,
11750,
11738,
12386,
12396,
11736,
11738,
12396,
12060,
12384,
12386,
12386,
12398,
12072,
12386,
12384,
12074,
12398,
12398,
12384,
12386,
12074,
11738,
12384,
12074,
11738,
12074,
11738,
12384,
12398,
12074,
12384,
12398,
12398,
12386,
11736,
11736,
12060,
12074,
12074,
12398,
11738,
12386,
12074,
12386,
11736,
11736,
12074,
12398,
12398,
12386,
11736,
12060,
12074,
12398,
12074,
11736,
11736,
11736,
12074,
12074,
11736,
11750,
11736,
12074,
11736,
12384,
12074,
12074,
12074,
12398,
12072,
12074,
11738,
12074,
12386,
12384,
11736,
12386,
12398,
12398,
12398,
11736,
12398,
12074,
12074,
12062,
11736,
12074,
11736,
12386,
12398,
11738,
12074,
11736,
12398,
12398,
12386,
11736,
12386,
12074,
12074,
12398,
11738,
11738,
12386,
11750,
12074,
12386,
12074,
12074,
12075,
12075,
12075,
12075,
12075,
12073,
12073,
12073,
14989,
14976,
14976,
14976,
15948,
14976,
14976,
15192,
14976,
15314,
15314,
15312,
14976,
15192,
15300,
15314,
15312,
15314,
15314,
15516,
15314,
15314,
15314,
15314,
15314,
15530,
15312,
15314,
15530,
15314,
15312,
15530,
15530,
15314,
15530,
15314,
15300,
15516,
15516,
15314,
15528,
15312,
15528,
15314,
15314,
15530,
15314,
15314,
15531,
15207,
15315,
15531,
15301,
15531,
15313,
15315,
15531,
15301,
15301,
15207,
15517,
15301,
32365,
32811,
33027,
32797,
32797,
15193,
15301,
15315,
32379,
33027,
32811,
33027,
32797,
33027,
32797,
32797,
32365,
14991,
32149,
32703,
32689,
32797,
33013,
32485,
33025,
32799,
32149,
33013,
32796,
32811,
33027,
33015,
32797,
33015,
32811,
33027,
32809,
32797,
32364,
32796,
32810,
33027,
33027,
32799,
33015,
32811,
32703,
32797,
32797,
33013,
32149,
32811,
32689,
32811,
32797,
33027,
32811,
33027,
32797,
32797,
15193,
14653,
15315,
15531,
15315,
32163,
33013,
32487,
33027,
32797,
32797,
33013,
14991,
15315,
15531,
15315,
15301,
15531,
15313,
15315,
32365,
32689,
32797,
33013,
32797,
32689,
32811,
32811,
33027,
32797,
32797,
33013,
32703,
32797,
32379,
32797,
32703,
32797,
32811,
33027,
32811,
32811,
33013,
33027,
32797,
32811,
32379,
32797,
32797,
33027,
32797,
32797,
33013,
32799,
32487,
33027,
33013,
32797,
32811,
33027,
33025,
32799,
33027,
32809,
32797,
33013,
32811,
32811,
33013,
33027,
32811,
33015,
32797,
32703,
32811,
32797,
33013,
32149,
32797,
33027,
33027,
32811,
33027,
32799,
33013,
32797,
32797,
33013,
32797,
32797,
33027,
33027,
32811,
33013,
32811,
33013,
32797,
32797,
33013,
32161,
32811,
33027,
33027,
32797,
33013,
32811,
33027,
32797,
32797,
33013,
32797,
32811,
33027,
33025,
32797,
33013,
32811,
33027,
32811,
32149,
33013,
32797,
32811,
33027,
32811,
32797,
33027,
32811,
33013,
32473,
32797,
33013,
32149,
32811,
33027,
32811,
32797,
33027,
32811,
32811,
33013,
32703,
32797,
33013,
32797,
33013,
32809,
32811,
32379,
32811,
32797,
33013,
33027,
32811,
32365,
32797,
32797,
33013,
32703,
32797,
32161,
33027,
33027,
32811,
33027,
32811,
32811,
32689,
32797,
32811,
33027,
33027,
32473,
33027,
32811,
32799,
33013,
33013,
32797,
32811,
33027,
32811,
32149,
33025,
33027,
32811,
33025,
32811,
32811,
32703,
33013,
32811,
32797,
33013,
33013,
32811,
33027,
32149,
32797,
33013,
32797,
32163,
33027,
33027,
32473,
33027,
32811,
32811,
33027,
33013,
32797,
32811,
32365,
33013,
32811,
33013,
32797,
32797,
33013,
32797,
32811,
33025,
32801,
32473,
33027,
32163,
32811,
33013,
33015,
32811,
32487,
33013,
33013,
32163,
33025,
32797,
32797,
33013,
32811,
32163,
32811,
32797,
32473,
33013,
33015,
32811,
32811,
32811,
32811,
32473,
32799,
32475,
30426,
13160,
13158,
12822,
12716,
3980,
3926,
13032,
3962,
3974,
3974,
4296,
3962,
4296,
13032,
13046,
12722,
13370,
13032,
13046,
13032,
12708,
13046,
13356,
12722,
13032,
11750,
12072,
12384,
12398,
11736,
11750,
11748,
11736,
11750,
12074,
11736,
12074,
12398,
11736,
12398,
12384,
12384,
12074,
12060,
12074,
11736,
12398,
12074,
11750,
12074,
11736,
11736,
12060,
12398,
12710,
12060,
12074,
11736,
12074,
12398,
12384,
12398,
11738,
12722,
13046,
12722,
12708,
13356,
13370,
12708,
13046,
13044,
12708,
12722,
13368,
13032,
13358,
13370,
13358,
12708,
13358,
12062,
12386,
11736,
11736,
12074,
12396,
12074,
11738,
12074,
12398,
13046,
12708,
11736,
12072,
12384,
12398,
11736,
12060,
11736,
12072,
12074,
12398,
11736,
12386,
12074,
12396,
12384,
11736,
11750,
12074,
12398,
12396,
13046,
13046,
12708,
12708,
12708,
13356,
12384,
12072,
12074,
12398,
12708,
13046,
12060,
11736,
12398,
11736,
12398,
12398,
11738,
12074,
12384,
12398,
12386,
11736,
12386,
12074,
12074,
12398,
12396,
11736,
12386,
11738,
12384,
12384,
12074,
11736,
11736,
12384,
12384,
12074,
12074,
12384,
12398,
12398,
12074,
11736,
11736,
11750,
12384,
12074,
11748,
12384,
12386,
12386,
12396,
12384,
11736,
12384,
11736,
12384,
12074,
12384,
12398,
11736,
12398,
12074,
12074,
12074,
12398,
12398,
12398,
12386,
12060,
11738,
12398,
12074,
12074,
12398,
12074,
11738,
11736,
12396,
12398,
12398,
12384,
12074,
11736,
12398,
12396,
12398,
12398,
11736,
11736,
12060,
12386,
12398,
12074,
11736,
12072,
12074,
11736,
11736,
12398,
12074,
12074,
12074,
12074,
12398,
12398,
11750,
12398,
12074,
12398,
12386,
12384,
11738,
12384,
11736,
12074,
12386,
11748,
11736,
12074,
11736,
12074,
12398,
12074,
12062,
12398,
12072,
12074,
12384,
12386,
12074,
11736,
12398,
11736,
12074,
12384,
11736,
12398,
12384,
12384,
11736,
12398,
11736,
12074,
12074,
12074,
12398,
12074,
12384,
12074,
11736,
12384,
11736,
12386,
12398,
11736,
12398,
11738,
12396,
12074,
12398,
11736,
12074,
11750,
11738,
12386,
12396,
11736,
11738,
12396,
12060,
12384,
12386,
12386,
12398,
12072,
12386,
12384,
12074,
12398,
12398,
12384,
12386,
12074,
11738,
12384,
12074,
11738,
12074,
11738,
12384,
12398,
12074,
12384,
12398,
12398,
12386,
11736,
11736,
12060,
12074,
12074,
12398,
11738,
12386,
12074,
12386,
11736,
11736,
12074,
12398,
12398,
12386,
11736,
12060,
12074,
12398,
12074,
11736,
11736,
11736,
12074,
12074,
11736,
11750,
11736,
12074,
11736,
12384,
12074,
12074,
12074,
12398,
12072,
12074,
11738,
12074,
12386,
12384,
11736,
12386,
12398,
12398,
12398,
11736,
12398,
12074,
12074,
12062,
11736,
12074,
11736,
12386,
12398,
11738,
12074,
11736,
12398,
12398,
12386,
11736,
12386,
12074,
12074,
12398,
11738,
11738,
12386,
11750,
12074,
12386,
12074,
12074,
12075,
12075,
12075,
12075,
12075,
12073,
12073,
12073,
14989,
14976,
14976,
14976,
15948,
14976,
14976,
15192,
14976,
15314,
15314,
15312,
14976,
15192,
15300,
15314,
15312,
15314,
15314,
15516,
15314,
15314,
15314,
15314,
15314,
15530,
15312,
15314,
15530,
15314,
15312,
15530,
15530,
15314,
15530,
15314,
15300,
15516,
15516,
15314,
15528,
15312,
15528,
15314,
15314,
15530,
15314,
15314,
15531,
15207,
15315,
15531,
15301,
15531,
15313,
15315,
15531,
15301,
15301,
15207,
15517,
15301,
32365,
32811,
33027,
32797,
32797,
15193,
15301,
15315,
32379,
33027,
32811,
33027,
32797,
33027,
32797,
32797,
32365,
14991,
32149,
32703,
32689,
32797,
33013,
32485,
33025,
32799,
32149,
33013,
32796,
32811,
33027,
33015,
32797,
33015,
32811,
33027,
32809,
32797,
32364,
32796,
32810,
33027,
33027,
32799,
33015,
32811,
32703,
32797,
32797,
33013,
32149,
32811,
32689,
32811,
32797,
33027,
32811,
33027,
32797,
32797,
15193,
14653,
15315,
15531,
15315,
32163,
33013,
32487,
33027,
32797,
32797,
33013,
14991,
15315,
15531,
15315,
15301,
15531,
15313,
15315,
32365,
32689,
32797,
33013,
32797,
32689,
32811,
32811,
33027,
32797,
32797,
33013,
32703,
32797,
32379,
32797,
32703,
32797,
32811,
33027,
32811,
32811,
33013,
33027,
32797,
32811,
32379,
32797,
32797,
33027,
32797,
32797,
33013,
32799,
32487,
33027,
33013,
32797,
32811,
33027,
33025,
32799,
33027,
32809,
32797,
33013,
32811,
32811,
33013,
33027,
32811,
33015,
32797,
32703,
32811,
32797,
33013,
32149,
32797,
33027,
33027,
32811,
33027,
32799,
33013,
32797,
32797,
33013,
32797,
32797,
33027,
33027,
32811,
33013,
32811,
33013,
32797,
32797,
33013,
32161,
32811,
33027,
33027,
32797,
33013,
32811,
33027,
32797,
32797,
33013,
32797,
32811,
33027,
33025,
32797,
33013,
32811,
33027,
32811,
32149,
33013,
32797,
32811,
33027,
32811,
32797,
33027,
32811,
33013,
32473,
32797,
33013,
32149,
32811,
33027,
32811,
32797,
33027,
32811,
32811,
33013,
32703,
32797,
33013,
32797,
33013,
32809,
32811,
32379,
32811,
32797,
33013,
33027,
32811,
32365,
32797,
32797,
33013,
32703,
32797,
32161,
33027,
33027,
32811,
33027,
32811,
32811,
32689,
32797,
32811,
33027,
33027,
32473,
33027,
32811,
32799,
33013,
33013,
32797,
32811,
33027,
32811,
32149,
33025,
33027,
32811,
33025,
32811,
32811,
32703,
33013,
32811,
32797,
33013,
33013,
32811,
33027,
32149,
32797,
33013,
32797,
32163,
33027,
33027,
32473,
33027,
32811,
32811,
33027,
33013,
32797,
32811,
32365,
33013,
32811,
33013,
32797,
32797,
33013,
32797,
32811,
33025,
32801,
32473,
33027,
32163,
32811,
33013,
33015,
32811,
32487,
33013,
33013,
32163,
33025,
32797,
32797,
33013,
32811,
32163,
32811,
32797,
32473,
33013,
33015,
32811,
32811,
32811,
32811,
32473,
32799,
32475,
