time (ms),BID,b_lat (deg),b_lon (deg),b_head (deg),b_sp (mps),RID,r_lat (deg),r_lon (deg),r_head (deg),r_speed (mps),dist (m),beh_phase,colregs,avoidance,beh_label,abs_b_r,abs_r_b,rel_b_r,rel_r_b,abs_dheading,r_accel,dvx,dvy,xr,yr,cpa_time (s),cpa_dist (m),S_side,S_beam,S_reg_b_r,S_reg_r_b,S_drel_bear,S_ddist,S_accel,S_dabs_heading,S_cpa_t,S_cpa_ddist,S_cpa_tdist
0.0,101,39.223817,-3.860687,-28.5318,1.71083,102,39.251075,-3.812679,-34.387214,153.684693,5132.136585,3,-1,0,6,53.74104647248036,-126.22858675472443,82.27284647248037,-91.84137275472443,5.855413999999996,0.0,85.98130840928059,-125.32363421860208,4138.309581513532,3035.3286040639427,-1.0636475719319334,5129.587442084699,1,0,1,1,0,2,2,0,1,0,0
1000.0,101,39.223739,-3.860729,-157.4385,9.460067,102,39.246407,-3.808858,147.647583,603.067622,5139.927259,3,-1,0,6,60.551801038316746,-119.41539036763373,-142.00969896168326,92.93702663236627,54.913917,0.449382929,-326.346400276402,500.71894834650027,4475.851430926457,2526.9757015224423,-0.546355012040128,5129.522173260416,0,1,1,1,1,1,0,0,1,1,0
2000.0,101,39.22365,-3.860778,-156.941208,10.491295,102,39.244882,-3.807756,148.602665,358.773555,5141.270764,3,-1,0,6,62.645043703251844,-117.32142026952079,-140.41374829674817,94.07591473047921,54.45612700000001,-0.24429406700000003,-191.01941670432245,296.5870714439142,4566.357938653008,2362.4225373251475,-1.376544104436635,5118.208588526934,0,1,1,1,0,1,1,1,1,1,0
3000.0,101,39.223554,-3.860826,-158.599741,11.250012,102,39.245111,-3.808042,149.580263,190.382401,5136.738825,3,-1,0,6,62.18225879879611,-117.78435565977917,-139.2180002012039,92.63538134022082,51.819996,-0.168391154,-100.50139829036115,153.6998561954845,4543.119409220206,2397.113220068888,-2.6047901502847037,5114.26018048025,0,1,1,1,0,0,1,1,1,1,0
4000.0,101,39.223482,-3.860929,-136.529348,11.528854,102,39.247037,-3.809767,159.057931,40.279762,5127.205293,3,-1,0,6,59.25632212397359,-120.71131759801597,-164.2143298760264,80.23075140198404,64.41272099999995,-0.15010263899999998,-22.32860184727256,29.252174112797793,4406.642336808819,2621.0183959696533,-16.918266511309362,5093.211749422837,0,1,2,1,1,0,1,0,1,1,0
5000.0,101,39.223409,-3.860944,-162.101995,8.536469,102,39.247502,-3.810368,-163.403191,13.506456,5113.883175,3,-1,0,6,58.391312887737286,-121.57669734882809,-139.50669211226273,41.8264936511719,1.3011960000000045,-0.026773305999999997,1.2344590955488397,4.820409085384664,4355.225710235954,2680.263072992614,747.3019384900396,3554.3868605326934,0,1,1,1,0,0,2,1,0,1,0
6000.0,101,39.223349,-3.861025,-138.355458,9.222101,102,39.249399,-3.812353,-47.209662,59.071683,5098.253442,3,-1,0,6,55.33983320089681,-124.6293807279941,-166.3047087991032,-77.41971872799411,91.14579600000002,0.045565227,37.22127165605375,-47.019939284837285,4193.5154341319785,2899.416572788694,6.635201297251656,5088.057317954021,0,1,2,1,1,0,2,0,0,0,0
7000.0,101,39.223255,-3.861024,-173.386055,9.963475,102,39.249436,-3.812661,-50.778257,51.467057,5082.406847,3,-1,0,6,55.03425155215886,-124.93515784441702,-131.57969344784115,-74.15690084441701,122.607798,-0.007604626000000003,38.72418279543572,-42.44098700620769,4165.005897450851,2912.6594776307293,14.414455013220508,5042.885496605484,0,1,1,1,0,0,2,0,0,1,0
8000.0,101,39.223201,-3.861136,-129.67928,10.364077,102,39.249239,-3.812799,-57.410269,41.06585,5066.560246,3,-1,0,6,55.167075122710436,-124.80235080141675,-175.15364487728957,-67.39208180141675,72.26901100000003,-0.010401206999999999,26.623478840282708,-28.736234030476787,4158.739627492718,2893.9449609606113,23.276041954689717,5021.802295358865,0,1,2,1,1,0,2,1,0,1,0
9000.0,101,39.223145,-3.861171,-147.198958,7.454882,102,39.24908,-3.812989,-64.45834,34.823532,5050.713636,3,-1,0,6,55.18735387061544,-124.78217016400971,-157.61368812938457,-60.323830164009706,82.74061799999998,-0.006242317999999998,27.38181379255609,-21.28101815104729,4146.753188776008,2883.4261260265293,52.13699614850847,4830.884968799776,0,1,2,1,0,0,2,0,0,1,0
10000.0,101,39.22304,-3.861235,-154.394289,11.965792,102,39.24979,-3.813991,-57.429469,48.041149,5034.867019,3,-1,0,6,53.817350428618255,-126.15276671436087,-151.78836057138176,-68.72329771436087,96.96482,0.013217616999999997,35.31436450798705,-36.65297296117991,4063.8381531256773,2972.3905134107185,17.644780813194384,4993.6600864807215,0,1,1,1,0,0,2,0,0,0,0
11000.0,101,39.22291,-3.861282,-162.616507,14.549594,102,39.248954,-3.813632,-77.819057,29.866932,5019.020395,3,-1,0,6,54.77578338126698,-125.19407726903306,-142.607709618733,-47.37502026903306,84.79745000000003,-0.018174217,24.847589738220442,-20.186975653211107,4100.043736456871,2894.858733093333,63.63145260276735,4879.794922189179,0,1,1,1,0,0,2,1,0,1,0
12000.0,101,39.22285,-3.861409,-129.243404,12.3992,102,39.247607,-3.812922,-141.107491,24.304747,5003.173763,3,-1,0,6,56.59162524083829,-123.3777064553892,-174.16497075916172,17.72978454461081,11.864087000000012,-0.005562185,5.6572577692442945,11.07306365006885,4176.486314664445,2754.761290237718,402.1273009582235,2549.3446948601786,0,1,2,0,1,0,2,1,0,1,0
13000.0,101,39.222779,-3.861393,-173.929728,7.920733,102,39.247364,-3.813047,-144.190056,24.921977,4987.327124,3,-1,0,6,56.69852486659324,-123.27089611557243,-129.37174713340676,20.91915988442757,29.739672000000013,0.0006172299999999993,13.744206826385577,12.334462374064085,4168.374226013232,2738.2637114957897,253.69191531830117,785.7137712175381,0,1,1,0,0,0,2,0,0,1,0
14000.0,101,39.22272,-3.861446,-150.273501,7.700458,102,39.246491,-3.812703,-166.341918,33.438525,4971.480477,3,-1,0,6,57.78923905340252,-122.17993113193232,-151.93725994659746,44.16198686806767,16.068416999999982,0.008516548,4.077396484393336,25.805859577006068,4206.335177272235,2649.97405829459,129.20103436298194,3742.5978951470875,0,1,1,1,1,0,2,1,0,0,0
15000.0,101,39.222605,-3.861519,-153.86465,13.121165,102,39.245606,-3.812361,-176.988495,43.127739,4955.633823,3,-1,0,6,58.849212922941284,-121.11969510832562,-147.2861370770587,55.868799891674385,23.12384499999999,0.009689214,-3.51400364259978,31.288575569050714,4241.075492434851,2563.51033840905,68.74873927490037,4501.594546293741,0,1,1,1,0,0,2,0,0,0,0
16000.0,101,39.222533,-3.861625,-135.673682,12.097519,102,39.245535,-3.812617,-171.995172,37.759988,4939.787161,3,-1,0,6,58.77063250784604,-121.19837044437357,-165.55568549215394,50.79680155562643,36.32148999999998,-0.005367750999999999,-3.1947428071900736,28.737842874292028,4224.005224889352,2561.1085599966086,81.16914601259926,4489.1380428422435,0,1,2,1,1,0,2,0,0,1,0
17000.0,101,39.222473,-3.861668,-146.016047,8.376087,102,39.245087,-3.812595,-173.965157,39.616948,4923.940492,3,-1,0,6,59.23437790640411,-120.73458410252623,-154.7495750935959,53.23057289747378,27.94911000000002,0.0018569600000000008,-0.5168453662283792,32.45199424149264,4230.9794365489015,2518.7304294540027,78.8823866404122,4271.947727576969,0,1,1,1,0,0,2,1,0,1,0
18000.0,101,39.222384,-3.861725,-152.595106,10.625165,102,39.245159,-3.812963,-165.191282,32.772655,4908.093816,3,-1,0,6,58.89472829099973,-121.0744304267172,-148.5101657090003,44.1168515732828,12.596176000000014,-0.006844293,3.4859523980592044,22.251327922495708,4202.405905127592,2535.5807057173683,145.45702508394746,3761.256942108955,0,1,1,1,0,0,2,1,0,1,0
19000.0,101,39.222356,-3.861827,-117.242631,8.979042,102,39.24485,-3.813049,-165.621326,33.139781,4892.247132,3,-1,0,6,59.216681311184715,-120.7524673978787,176.4593123111847,44.86885860212131,48.37869499999999,0.000367125999999999,0.24652947919199786,27.99145676499932,4202.973241093861,2503.8166736426983,108.55437439075455,4210.312280102959,1,1,2,1,0,0,2,0,0,0,0
20000.0,101,39.222223,-3.861853,-165.189339,13.473995,102,39.244803,-3.81333,-158.896817,29.69642,4876.40044,3,-1,0,6,58.98819428122745,-120.98111577023268,-135.82246671877255,37.91570122976732,6.292521999999991,-0.0034433609999999994,7.24785680734856,14.678453212900923,4179.373415780787,2512.3931027403014,244.53596393942667,2636.9813042782384,0,1,1,1,1,0,2,1,0,1,0
21000.0,101,39.222108,-3.861866,-172.869496,12.910954,102,39.243762,-3.812936,-174.836227,42.283839,4860.553741,3,-1,0,6,60.24339215361716,-119.72566085983499,-126.88711184638285,55.11056614016502,1.96673100000001,0.012587419,2.20303367651658,29.301129656514277,4219.64880790151,2412.373645836081,92.7836776985554,4026.908695557653,0,1,1,1,0,0,2,1,0,0,0
22000.0,101,39.222103,-3.86188,-153.295447,2.887223,102,39.243201,-3.812851,-177.371141,45.489565,4844.707035,3,-1,0,6,60.93033328309206,-119.03865730296032,-145.77421971690794,58.33248369703968,24.075694,0.0032057259999999986,0.7889420279298756,42.86243220539354,4234.4172266360765,2353.9110020869803,57.12321810608928,4190.416666585097,0,1,1,1,1,0,2,0,0,0,0
23000.0,101,39.222048,-3.861978,-128.434205,8.95489,102,39.243752,-3.813577,-157.687085,30.161042,4828.860321,3,-1,0,6,59.91729819667733,-120.05208941880622,-171.64849680332267,37.63499558119378,29.252880000000005,-0.015328523,4.436516173913407,22.336210040471027,4178.426320300065,2420.4638988325946,158.55984283378308,3651.3616356353887,0,1,2,1,1,0,2,0,0,1,0
24000.0,101,39.221941,-3.86203,-155.174157,11.893075,102,39.242213,-3.812923,-178.947559,51.440167,4813.0136,3,-1,0,6,61.9293863150576,-118.03955532003889,-142.8964566849424,60.908003679961126,23.773402000000004,0.021279125000000003,-4.048615481280531,40.637474721098286,4246.8507547058225,2264.8087294602933,46.1074362045446,4450.740575492044,0,1,1,1,0,0,2,1,0,0,0
25000.0,101,39.221863,-3.862085,-152.080437,10.272546,102,39.243019,-3.813818,-155.671181,30.968287,4797.166871,3,-1,0,6,60.48070763857775,-119.4887650279883,-147.43885536142227,36.1824159720117,3.590744000000001,-0.02047188,7.9481597181503645,19.141303346408918,4174.445872374169,2363.6437224840365,184.898428372146,2949.254882245561,0,1,1,1,1,0,2,1,0,1,0
26000.0,101,39.22177,-3.862191,-140.730605,12.968934,102,39.242885,-3.814005,-152.965303,29.213379,4781.320135,3,-1,0,6,60.487164801904825,-119.48235916851795,-158.7822301980952,33.48294383148206,12.234698000000009,-0.0017549080000000003,5.0694440326671355,15.98100609308663,4160.921677056785,2355.3668569365946,228.59708442567,3270.592303347516,0,1,2,1,1,0,2,0,0,0,0
27000.0,101,39.221719,-3.862248,-138.523296,8.497799,102,39.243626,-3.814868,-109.69273,24.186755,4765.473391,3,-1,0,6,59.15100891726192,-120.81902460014784,-162.3256950827381,-11.126294600147844,28.830566000000005,-0.005026623999999999,17.143927977573075,1.7835869467595904,4091.2625924541776,2443.625797849205,245.59179120796162,2009.1273795947907,0,1,2,0,1,0,2,0,0,1,0
28000.0,101,39.221653,-3.862264,-162.835482,7.582573,102,39.245013,-3.816355,-64.582528,43.337345,4749.62664,3,-1,0,6,56.68388535140414,-123.28707812110272,-140.48063264859584,-58.70455012110273,98.25295399999999,0.01915059,36.904741114055355,-25.84570207485899,3969.0393403561725,2608.7698124025296,44.95111987540372,4421.973085923737,0,1,1,1,0,0,2,0,0,0,0
29000.0,101,39.221538,-3.862306,-164.13143,12.279864,102,39.244223,-3.816076,-87.965591,29.351995,4733.779882,3,-1,0,6,57.63106003664231,-122.33970069258778,-138.2375099633577,-34.37410969258778,76.16583899999998,-0.01398535,25.97579112777279,-12.853882432415977,3998.2369890768896,2534.319030904613,104.43692306527744,4084.2835032098073,0,1,1,1,0,0,2,1,0,1,0
30000.0,101,39.221456,-3.862388,-146.532579,11.476168,102,39.24369,-3.815975,-110.810811,25.053924,4717.933116,3,-1,0,6,58.25035413108852,-121.72029104837094,-155.21706686891147,-10.909480048370938,35.721768,-0.0042980710000000005,17.0906932675458,-0.6721719393085479,4011.9202670929917,2482.6172998547254,231.60090560936,2638.8393845794635,0,1,1,0,1,0,2,1,0,1,0
31000.0,101,39.221415,-3.86242,-147.349402,6.420049,102,39.243102,-3.815841,-135.393147,25.609581,4702.086342,3,-1,0,6,58.97568872802837,-120.99485165950449,-153.67490927197161,14.398295340495508,11.956254999999999,0.0005556570000000001,14.520316539096106,12.8270088373202,4029.446716203535,2423.463457306399,232.0623001819131,861.0493611301157,0,1,1,0,0,0,2,1,0,1,0
32000.0,101,39.221332,-3.862448,-162.676951,8.953516,102,39.242821,-3.815922,-141.393855,26.088001,4686.239562,3,-1,0,6,59.17862248221069,-120.79195154048772,-138.1444265177893,20.601903459512286,21.283096,0.00047841999999999985,13.611968742481462,11.839166854917085,4024.3962774728593,2401.057232619944,242.01308046138533,865.1804413363955,0,1,1,0,0,0,2,0,0,0,0
33000.0,101,39.221246,-3.862532,-146.15368,11.325671,102,39.24271,-3.816131,-139.016445,25.236156,4670.392773,3,-1,0,6,59.14021773906954,-120.83043540330655,-154.70610226093044,18.186009596693452,7.137235000000004,-0.0008518449999999973,10.242913131108658,9.644359787156326,4009.1826882999617,2395.625769173165,311.21375192721484,1020.6897483646607,0,1,1,0,1,0,2,1,0,0,0
34000.0,101,39.221174,-3.862615,-139.430384,10.780168,102,39.242376,-3.816187,-146.250124,26.501353,4654.545978,3,-1,0,6,59.46371932819261,-120.50691686514982,-161.1058966718074,25.74320713485018,6.819739999999996,0.0012651970000000007,7.712201317761264,13.846310167311586,4008.9958519876773,2364.8996849891064,264.74211413721304,2358.423864754724,0,1,2,1,1,0,2,1,0,0,0
35000.0,101,39.221091,-3.862702,-140.864138,11.679851,102,39.241738,-3.816044,-160.78692,31.920808,4638.699175,3,-1,0,6,60.24646853842727,-119.72402241675245,-158.88939346157272,41.06289758324756,19.922782000000012,0.005419454999999999,3.1326993156076615,21.0833654502443,4027.171244015994,2302.0473078362984,148.13954870196287,3656.510156982697,0,1,2,1,0,0,2,0,0,0,0
36000.0,101,39.220979,-3.862749,-158.281889,12.810814,102,39.241524,-3.816188,-159.6213,31.025892,4622.852365,3,-1,0,6,60.317363342911605,-119.65318906293285,-141.4007476570884,39.96811093706714,1.3394109999999841,-0.000894916000000002,6.063428126619118,17.18258152403901,4016.2491762159248,2289.21526797525,192.89805978806712,3025.6336529330647,0,1,1,1,0,0,2,1,0,1,0
37000.0,101,39.220926,-3.862782,-154.674241,7.604492,102,39.242623,-3.817393,-98.86747,25.672632,4607.005547,3,-1,0,6,58.305764472985324,-121.66552884558163,-147.0199945270147,-22.798058845581636,55.80677099999997,-0.005353259999999999,22.112850978653174,-2.9162048724417833,3919.9350401872425,2420.4564426572542,165.58469757077503,2914.8103000314877,0,1,1,1,1,0,2,0,0,1,0
38000.0,101,39.220857,-3.862847,-145.718765,9.051337,102,39.243034,-3.81802,-81.806641,30.170917,4591.158722,3,-1,0,6,57.41986116778972,-122.55178748910575,-156.8613738322103,-40.74514648910575,63.91212399999998,0.0044982849999999994,24.764740080967833,-11.77874859591279,3868.689887375024,2472.2412839200983,102.79422891872413,3913.4480335131107,0,1,1,1,1,0,2,0,0,0,0
39000.0,101,39.220767,-3.862935,-143.63669,11.978468,102,39.243446,-3.818664,-71.708394,35.699471,4575.311889,3,-1,0,6,56.50727079774541,-123.46472941127466,-159.8560392022546,-51.75633541127466,71.92829599999999,0.005528554000000003,26.79355543604896,-20.850343352658314,3815.608141956202,2524.7996729765086,56.79695725996909,4361.024721689636,0,1,2,1,1,0,2,0,0,0,0
40000.0,101,39.220666,-3.862998,-152.016941,12.383943,102,39.242962,-3.818616,-89.231356,27.940596,4559.465049,3,-1,0,6,57.02037163628636,-122.95155854480494,-150.96268736371363,-33.720202544804934,62.785585,-0.007758875000000004,22.12740598814424,-11.310913369075838,3824.7718297663187,2481.902895618316,114.96278790552537,3993.2609891000448,0,1,1,1,0,0,2,1,0,1,0
41000.0,101,39.220585,-3.863014,-166.518091,9.606159,102,39.242913,-3.818897,-91.23298,27.36478,4543.618202,3,-1,0,6,56.82602281951746,-123.14607500212182,-136.65588618048253,-31.91309500212182,75.285111,-0.0005758159999999996,25.11888019034572,-8.752615072381808,3803.0671455972274,2486.1911936986394,117.53748291395718,3616.421156120956,0,1,1,1,0,0,2,0,0,1,0
42000.0,101,39.220508,-3.863112,-140.107477,11.263465,102,39.243502,-3.819725,-73.097095,35.83035,4527.771347,3,-1,0,6,55.60639585979732,-124.36616350649847,-164.2861271402027,-51.26906850649847,67.01038200000002,0.008465570000000004,27.05861966382836,-19.059580143560066,3736.2107833736914,2557.624357273042,60.289016390561656,4262.648615411392,0,1,2,1,1,0,2,1,0,0,0
43000.0,101,39.220437,-3.863179,-142.93765,10.026708,102,39.242609,-3.819388,-107.961936,25.573541,4511.924485,3,-1,0,6,56.81556797387259,-123.1567361631029,-160.24678202612742,-15.194800163102911,34.97571400000001,-0.010256809000000004,18.284193516462622,-0.11461481713900401,3776.088537551924,2469.537996247776,206.0139925710275,2493.167556158838,0,1,2,0,0,0,2,1,0,1,0
44000.0,101,39.220397,-3.863164,-177.128665,5.04645,102,39.242335,-3.819493,-117.975285,24.826926,4496.077616,3,-1,0,6,57.021738725070136,-122.95064139929293,-125.84959627492987,-4.975356399292934,59.15338000000003,-0.0007466149999999984,21.673107008405115,6.605964514053548,3771.6567782157626,2447.3085372374553,184.3819367087835,1249.6147328081147,0,1,1,0,0,0,2,0,0,1,0
45000.0,101,39.2203,-3.86322,-158.540504,10.557982,102,39.241962,-3.819524,-131.346545,25.176526,4480.230739,3,-1,0,6,57.36700891244132,-122.60535553941595,-144.09248708755868,8.741189460584039,27.193959000000007,0.0003495999999999988,15.038148073947156,6.80584394325051,3772.9906160314645,2415.9903323521376,250.73269338623535,709.5469287275725,0,1,1,0,1,0,2,1,0,1,0
46000.0,101,39.220214,-3.863299,-146.972685,11.432411,102,39.241994,-3.819868,-122.758983,24.507311,4464.383855,3,-1,0,6,57.066817493634325,-122.9057145734084,-155.96049750636567,-0.14673157340840248,24.213702000000012,-0.0006692149999999976,14.378418247989401,3.6760038794752266,3746.9803500343764,2427.1096928735883,269.81185980649263,1441.3820835100587,0,1,1,0,1,0,2,1,0,0,0
47000.0,101,39.220151,-3.863387,-135.530669,10.425502,102,39.241884,-3.820104,-122.445829,24.370737,4448.536963,3,-1,0,6,57.03413037819969,-122.93849534206056,-167.43520062180033,-0.49266634206055926,13.084839999999986,-0.00013657400000000307,13.263092587039843,5.635044145585661,3732.2996188031716,2420.62402422577,289.55124140405604,796.3535662238579,0,1,2,0,1,0,2,1,0,1,0
48000.0,101,39.220105,-3.863418,-146.381245,6.543667,102,39.242295,-3.820778,-96.921017,26.694319,4432.690065,3,-1,0,6,56.09193781764312,-123.88109446196547,-157.52681718235687,-26.96007746196547,49.460228,0.002323582000000002,22.876809098003477,-2.2324817267997354,3678.8392906158792,2472.8288833177594,151.83505906799007,2819.285521186862,0,1,2,1,0,0,2,0,0,0,0
49000.0,101,39.220027,-3.863505,-140.397258,10.522532,102,39.242084,-3.820938,-105.103666,25.37362,4416.843158,3,-1,0,6,56.20592161162584,-123.76715692008253,-163.39682038837418,-18.663490920082523,35.29359199999999,-0.0013206990000000011,17.789410343108955,-1.4959194110378764,3670.5819901303457,2456.6911356746004,198.3506940356731,2757.069067604694,0,1,2,0,1,0,2,1,0,1,0
50000.0,101,39.219943,-3.863552,-153.170818,10.296378,102,39.241686,-3.820955,-121.799391,24.542656,4400.996245,3,-1,0,6,56.603161860212346,-123.36989783682525,-150.22602013978766,-1.5705068368252455,31.371426999999983,-0.0008309639999999981,16.211675602610775,3.744637794815258,3674.296000156443,2422.4609081961403,235.92562938569293,1546.3416040373295,0,1,1,0,0,0,2,1,0,1,0
51000.0,101,39.219873,-3.863626,-142.932304,9.985259,102,39.24121,-3.820914,-139.155303,25.991658,4385.149324,3,-1,0,6,57.16796111762146,-122.80502600577968,-159.89973488237854,16.350276994220323,3.7770009999999843,0.001449002,10.980132001479308,11.6948248471231,3684.681171320027,2377.532178435726,260.37599589989327,1061.787684687429,0,1,2,0,1,0,2,1,0,1,0
52000.0,101,39.21976,-3.86369,-154.7276,13.093032,102,39.240808,-3.820928,-148.701419,27.919815,4369.302396,3,-1,0,6,57.553268227862276,-122.41968742230192,-147.71913177213773,26.281731577698068,6.026181000000008,0.0019281569999999987,8.914579224320558,12.016815936334936,3687.213272521964,2344.1974555547176,263.42985927362344,1570.7303149281806,0,1,1,1,0,0,2,0,0,0,0
53000.0,101,39.219709,-3.863759,-138.409474,8.909003,102,39.240616,-3.8211,-148.13455,27.584822,4353.45546,3,-1,0,6,57.665023249887575,-122.30799761155977,-163.92550275011243,25.82655238844022,9.725076000000001,-0.00033499300000000077,8.648934053625844,16.764405261687976,3678.388958302333,2328.525094054881,207.95106417303768,2207.6981181040974,0,1,2,1,1,0,2,0,0,0,0
54000.0,101,39.219608,-3.863794,-160.950653,11.082542,102,39.240359,-3.821223,-150.156002,28.012708,4337.608517,3,-1,0,6,57.80538450787332,-122.1676921110769,-141.24396249212668,27.988309888923098,10.794650999999988,0.00042788600000000086,10.323102642348818,13.822124686170657,3670.671888370182,2311.0637236302723,225.6112789577829,1565.8533685363204,0,1,1,1,0,0,2,0,0,1,0
55000.0,101,39.219542,-3.863862,-145.243123,9.475187,102,39.240072,-3.821326,-152.815317,28.738795,4321.761567,3,-1,0,6,58.06020871086795,-121.9128901448077,-156.69666828913205,30.90242685519229,7.572193999999996,0.0007260869999999997,7.727849629756131,17.779655613278486,3667.466263150563,2286.332051704375,189.33673547961436,2454.661243986973,0,1,1,1,1,0,2,1,0,0,0
56000.0,101,39.21948,-3.863904,-150.634659,8.107084,102,39.239812,-3.821448,-154.02555,29.059774,4305.91461,3,-1,0,6,58.26075602732717,-121.71239351536417,-151.10458497267282,32.31315648463584,3.3908910000000105,0.00032097900000000124,8.751793278940703,19.059020278394765,3661.969365090332,2265.1448072366943,172.68416883251547,2382.890310249276,0,1,1,1,0,0,2,1,0,1,0
57000.0,101,39.219382,-3.863942,-161.435939,10.776473,102,39.239856,-3.821806,-143.229714,26.075242,4290.067645,3,-1,0,6,57.88741773341999,-122.08593420232366,-140.67664326658002,21.143779797676345,18.20622499999999,-0.0029845320000000015,12.178005871277515,10.671607242840766,3633.709624160567,2280.5338773977287,245.76229496779433,726.4343568806012,0,1,1,0,0,0,2,0,0,1,0
58000.0,101,39.219344,-3.864013,-132.837206,7.670117,102,39.24008,-3.822314,-123.167368,24.013421,4274.220673,3,-1,0,6,57.28770204737144,-122.68592620778998,-169.87509195262857,0.4814417922100205,9.669837999999999,-0.0020618209999999984,14.47665061587601,7.922372363402158,3596.307071851434,2309.8783098795348,250.92707717367608,323.97795915265004,0,1,2,0,1,0,2,1,0,1,0
59000.0,101,39.219256,-3.864039,-162.324123,9.477636,102,39.23868,-3.821687,-167.461645,38.157712,4258.373693,3,-1,0,6,59.358091132207726,-120.615124571483,-138.31778586779228,46.84652042851701,5.137522000000018,0.014144290999999996,5.406063696651113,28.217493736073152,3663.774672997747,2170.369013493951,98.93615618678957,3190.0199430364364,0,1,1,1,0,0,2,1,0,0,0
60000.0,101,39.219141,-3.86407,-167.244236,12.525507,102,39.238717,-3.822014,-159.236471,32.344502,4242.526707,3,-1,0,6,58.98492112780732,-120.98848179469162,-133.77084287219267,38.24798920530837,8.007765000000006,-0.005813209999999998,8.700932577812708,18.027397061273625,3635.97998365294,2186.0197661694256,173.37015172616455,2325.662592376369,0,1,1,1,0,0,2,0,0,1,0
61000.0,101,39.219052,-3.864171,-143.852499,12.700435,102,39.238252,-3.821978,-164.9052,35.082249,4226.679713,3,-1,0,6,59.55475295105002,-120.41856348785517,-156.59274804895,44.48663651214484,21.052701000000013,0.0027377469999999987,1.6444549514327136,23.616164875437743,3643.8788258499717,2141.7209199165045,110.26728235639115,3493.283949702283,0,1,1,1,1,0,2,0,0,0,0
62000.0,101,39.218988,-3.864229,-144.082658,9.41874,102,39.238228,-3.82226,-157.958136,30.815897,4210.832711,3,-1,0,6,59.369230561580686,-120.60422756365352,-156.5481114384193,37.35390843634647,13.875477999999987,-0.0042663519999999976,6.039513867687374,20.935660251181506,3623.2890472280737,2145.4343616770675,147.88430336127507,2890.9070623147627,0,1,1,1,2,0,2,1,0,1,0
63000.0,101,39.218936,-3.864319,-129.757887,9.461867,102,39.23826,-3.822588,-148.351268,27.144152,4194.985703,3,-1,0,6,59.11648483938461,-120.85712380654759,-171.12562816061538,27.494144193452414,18.593380999999994,-0.0036717450000000014,6.968965524144061,17.056011605219318,3600.1896860772285,2153.262471840708,202.47272776878134,2546.1222090871684,0,1,2,1,1,0,2,0,0,1,0
64000.0,101,39.218853,-3.864357,-154.613229,9.562014,102,39.238302,-3.822929,-137.75394,24.812243,4179.138687,3,-1,0,6,58.768883688226666,-121.2049165912629,-146.61788731177336,16.5490234087371,16.85928899999999,-0.0023319089999999996,12.582176298306731,9.728967749815839,3573.5096219489233,2166.847744309356,246.2999712528173,527.0598208561696,0,1,1,0,0,0,2,1,0,1,0
65000.0,101,39.218793,-3.864394,-154.241003,7.814186,102,39.238415,-3.823331,-123.820122,23.546341,4163.291664,3,-1,0,6,58.31751520612327,-121.6565158904115,-147.44148179387673,2.1636061095884997,30.42088100000001,-0.001265901999999997,16.166101064145316,6.06790675852856,3542.8434070089234,2186.60880656447,224.31679301268616,829.6862906729266,0,1,1,0,1,0,2,0,0,0,0
66000.0,101,39.218711,-3.864411,-168.051722,8.957468,102,39.237721,-3.823157,-149.705949,27.801589,4147.444634,3,-1,0,6,59.23993335478225,-120.73397716669595,-132.70834464521772,28.971971833304053,18.34577300000001,0.004255247999999998,12.169725076818278,15.241821044166347,3563.9678807062337,2121.1859742582014,191.12125273454544,1469.64468931233,0,1,1,1,0,0,2,1,0,0,0
67000.0,101,39.218612,-3.864525,-142.160328,13.40473,102,39.237861,-3.823578,-134.435784,24.651024,4131.597596,3,-1,0,6,58.73506984595486,-121.23903481432015,-159.10460215404515,13.196749185679863,7.72454399999998,-0.003150565,9.378522441658223,6.672290940679803,3531.5931916486156,2144.282682850869,337.58823044470677,381.19407756542444,0,1,2,0,1,0,2,1,0,1,0
68000.0,101,39.218527,-3.864569,-154.126754,10.727449,102,39.237643,-3.823734,-137.442888,25.035314,4115.750551,3,-1,0,6,58.84164536444665,-121.13253020952541,-147.03160063555333,16.310357790474598,16.683865999999995,0.00038429,12.2507409491859,8.788953961080407,3522.014687308029,2129.5105401108804,254.8869440987491,414.51026511836466,0,1,1,0,0,0,2,0,0,0,0
69000.0,101,39.218431,-3.864623,-155.94945,11.538041,102,39.23762,-3.824036,-130.488099,24.20173,4099.903499,3,-1,0,6,58.58999770526163,-121.38433473883032,-145.46055229473836,9.103764261169687,25.461351000000008,-0.0008335839999999983,13.704162474382123,5.1775630008604505,3499.102943550003,2136.700093965493,256.16882025982824,810.4511451437485,0,1,1,0,0,0,2,0,0,0,0
70000.0,101,39.218392,-3.864691,-133.617216,7.751401,102,39.23758,-3.824328,-125.274425,23.886567,4084.05644,3,-1,0,6,58.45022996137312,-121.52424416373954,-167.93255403862688,3.750180836260455,8.342791000000005,-0.0003151630000000019,13.889144478410042,8.44712761099801,3480.375614401091,2136.937665863865,244.42549834953505,111.94630992970693,0,1,2,0,1,0,2,1,0,1,1
71000.0,101,39.218284,-3.864733,-159.629211,11.592606,102,39.238013,-3.825006,-97.062461,25.986362,4068.209373,3,-1,0,6,57.323684905781036,-122.6511913433916,-143.04710409421898,-25.588730343391603,62.56675000000001,0.0020997950000000002,21.75387750770324,-7.672542684225293,3424.350288159403,2196.3953666286193,125.4010705157159,3234.3991339113154,0,1,1,1,0,0,2,0,0,0,0
72000.0,101,39.218229,-3.864811,-138.040166,9.306877,102,39.237523,-3.824972,-119.511296,24.312179,4052.362299,3,-1,0,6,57.97397705799757,-122.0008285080448,-163.98585694200244,-2.489532508044803,18.528869999999984,-0.0016741829999999992,14.935216621756386,5.055339843764353,3435.6224478345853,2148.9854811728387,238.7444972412695,950.9891134109849,0,1,2,0,1,0,2,1,0,1,0
73000.0,101,39.218166,-3.864889,-136.176536,9.571614,102,39.236869,-3.824827,-144.923559,27.363256,4036.515218,3,-1,0,6,58.9113015868033,-121.06336314683091,-164.9121624131967,23.860195853169103,8.747023000000013,0.0030510769999999993,9.097053452729511,15.488011159940939,3456.7463154059506,2084.312840260063,206.72907861332823,1932.0932258371188,0,1,2,1,1,0,2,1,0,0,0
74000.0,101,39.218071,-3.864959,-148.463999,11.770616,102,39.236003,-3.824549,-165.135676,36.288173,4020.66813,3,-1,0,6,60.18123611164112,-119.79320880882813,-151.3547648883589,45.34246719117186,16.67167699999999,0.008924917000000001,3.1526070971630684,25.041591918545667,3488.342332495794,1999.3098766613202,101.20670384371878,3214.1275308410995,0,1,1,1,0,0,2,0,0,0,0
75000.0,101,39.217992,-3.865043,-141.9177,11.372487,102,39.235458,-3.824476,-170.24262,40.031126,4004.821035,3,-1,0,6,60.92205236794583,-119.05229343764624,-157.16024763205417,51.19032656235375,28.32491999999999,0.003742953,-0.23013443787005006,30.50046958296683,3500.050757374251,1946.3391837453207,67.97222611682533,3517.9810477519445,0,1,1,1,1,0,2,0,0,0,0
76000.0,101,39.217922,-3.865016,176.976309,7.990858,102,39.235366,-3.824709,-165.433499,35.555989,3988.973932,3,-1,0,6,60.79622398277528,-119.17828628855858,-116.18008501722471,46.25521271144143,17.590191999999973,-0.004475137000000004,9.363965368945822,26.433357668198035,3481.935150361975,1946.2889402268281,106.00515745122331,2632.301662905861,0,1,1,1,0,0,2,1,0,1,0
77000.0,101,39.217845,-3.86509,-149.520628,9.817324,102,39.235098,-3.824823,-164.8697,34.814021,3973.126822,3,-1,0,6,61.040018289483584,-118.93451737135392,-149.43935371051643,45.935182628646075,15.349072000000007,-0.000741968,4.107360548222764,25.14649765282887,3476.319532977094,1923.7825366547388,100.4632311573469,3122.365376599766,0,1,1,1,1,0,2,1,0,0,0
78000.0,101,39.217736,-3.865156,-154.099105,12.787094,102,39.23555,-3.825469,-138.974955,25.36911,3957.279705,3,-1,0,6,59.89779716560077,-120.07710518784036,-146.00309783439923,18.897849812159635,15.124150000000014,-0.009444910999999997,11.06639606678245,7.6363906744505545,3423.569853793082,1984.7498884756492,272.08333162639764,422.9361301557873,0,1,1,0,0,0,2,1,0,1,0
79000.0,101,39.217692,-3.865191,-148.869529,6.880454,102,39.235631,-3.825835,-126.820777,23.840746,3941.432581,3,-1,0,6,59.514487183826205,-120.46062448074296,-151.6159838161738,6.360152519257042,22.04875199999998,-0.001528364,15.52773671289694,8.398475706543204,3396.5589435334505,1999.5694870824702,212.98332515425093,229.0091710895069,0,1,1,0,1,0,2,0,0,1,0
80000.0,101,39.217617,-3.86528,-139.388527,10.50231,102,39.235448,-3.826016,-129.622487,24.036303,3925.58545,3,-1,0,6,59.60709341927533,-120.36807649364349,-161.00437958072467,9.254410506356521,9.766040000000004,0.00019555700000000088,11.678045972184389,7.355849769596267,3386.117017386053,1986.05958365309,270.94484733429476,222.12001883155924,0,1,2,0,1,0,2,1,0,1,0
81000.0,101,39.217539,-3.865326,-152.0428,9.700176,102,39.235343,-3.826254,-127.915396,23.901376,3909.738311,3,-1,0,6,59.52245896894926,-120.45283241083935,-148.43474103105075,7.462563589160652,24.127404000000013,-0.00013492700000000113,14.308691800691252,6.119182479102138,3369.5221079399707,1983.0215391177455,233.78135950079863,553.0100299709131,0,1,1,0,0,0,2,0,0,0,0
82000.0,101,39.217461,-3.865373,-154.097097,9.537199,102,39.234883,-3.826251,-143.123188,26.239361,3893.891166,3,-1,0,6,60.09440745833396,-119.88085244440475,-145.80849554166605,23.242335555595247,10.973908999999992,0.002337985,11.579849442868671,12.410538267768002,3375.4121132265977,1941.3864835565307,210.66868623784336,1152.8257990470267,0,1,1,1,0,0,2,1,0,0,0
83000.0,101,39.21736,-3.865433,-155.463451,11.877837,102,39.234407,-3.826239,-153.87285,29.536383,3878.044013,3,-1,0,6,60.67519414631541,-119.3000203777164,-143.8613548536846,34.57282962228361,1.5906009999999924,0.003297022000000002,8.074226765817809,15.713098674404705,3381.101042952359,1899.3106918331232,181.80642503174502,2139.354186489893,0,1,1,1,0,0,2,1,0,0,0
84000.0,101,39.217338,-3.865508,-121.606508,7.253027,102,39.233631,-3.826048,-167.473007,37.771324,3862.196853,3,-1,0,6,61.92970100299048,-118.0453455210255,-176.4637909970095,49.4276614789745,45.866498999999976,0.008234940999999999,2.015416045317038,33.070951646142596,3407.8901547242913,1817.3742665329974,67.69465503118343,3298.4800213734534,0,1,2,1,1,0,2,0,0,0,0
85000.0,101,39.217235,-3.865531,-164.356314,10.623692,102,39.233396,-3.82619,-165.789587,36.106095,3846.349686,3,-1,0,6,62.051254396252205,-117.92386747016761,-133.5924316037478,47.865719529832404,1.433273000000014,-0.0016652289999999966,5.998730782674407,24.77111444435876,3397.739187148819,1802.7130451365747,100.38218004518136,2878.003333877882,0,1,1,1,0,0,2,1,0,1,0
86000.0,101,39.217181,-3.86564,-129.893416,10.46687,102,39.233147,-3.826327,-164.51547,34.992193,3830.502512,3,-1,0,6,62.32144055324951,-117.65369910010378,-167.78514344675048,46.861770899896214,34.62205399999999,-0.001113902000000003,1.3115627548340232,27.009019297759334,3392.1685772930405,1779.309370981904,82.03086804847892,3313.4259665624922,0,1,2,1,1,0,2,0,0,0,0
87000.0,101,39.217092,-3.865697,-148.983449,10.887744,102,39.232734,-3.826363,-166.930586,36.795604,3814.655331,3,-1,0,6,62.81418420344874,-117.1609423036344,-148.20236679655125,49.769643696365605,17.947136999999998,0.001803410999999997,2.7103408942030756,26.511483000510765,3393.2484709210053,1742.831061497063,81.90579240005349,3200.089491160781,0,1,1,1,0,0,2,1,0,1,0
88000.0,101,39.216995,-3.865776,-148.209204,12.415357,102,39.233289,-3.827065,-138.147421,25.300681,3798.808142,3,-1,0,6,61.47039606521182,-118.50512428617859,-150.32039993478818,19.642296713821423,10.061782999999991,-0.011494922999999997,10.340377438386806,8.29279505239275,3337.5205941713757,1814.3592762205174,265.7000064539596,706.7859581184462,0,1,1,0,1,0,2,1,0,1,0
89000.0,101,39.21692,-3.865792,-164.030505,8.988116,102,39.23361,-3.8276,-113.261751,23.610389,3782.960947,3,-1,0,6,60.559818142534986,-119.41603034502081,-135.409676857465,-6.154279345020811,50.768754,-0.0016902919999999995,19.218245773080334,0.6832554722971214,3294.4646399743397,1859.3806125927745,173.015201391087,1741.435616640115,0,1,1,0,0,0,2,0,0,0,0
90000.0,101,39.216811,-3.865845,-160.332595,12.280766,102,39.234116,-3.82829,-85.665193,27.994706,3767.113744,3,-1,0,6,59.24279886055081,-120.73345234652302,-140.4246061394492,-35.06825934652302,74.66740200000001,0.0043843169999999996,23.78141452571533,-13.680298516755013,3237.2395998093007,1926.5060948930882,87.02405371547688,3328.559420232741,0,1,1,1,1,0,2,0,0,0,0
91000.0,101,39.216747,-3.865897,-150.685467,8.995083,102,39.233718,-3.82833,-104.067532,24.627015,3751.266534,3,-1,0,6,59.73917334983799,-120.23707038609193,-149.57535965016203,-16.16953838609193,46.61793499999999,-0.0033676910000000008,19.484423260901103,-1.8572441037976581,3240.120067590134,1890.4027498678895,160.01924789600014,2191.0100458232105,0,1,1,0,1,0,2,1,0,1,0
92000.0,101,39.216706,-3.865963,-132.893182,7.388079,102,39.233975,-3.828836,-89.890831,27.152115,3735.419318,3,-1,0,6,59.00633040760208,-120.97019151715496,-168.10048759239794,-31.079360517154953,43.002351000000004,0.0025250999999999984,21.739382485039105,-5.080309983363714,3202.0918372901083,1923.5293984880097,126.56594367140804,2605.78350096761,0,1,2,1,1,0,2,1,0,0,0
93000.0,101,39.216599,-3.866018,-155.365459,11.863721,102,39.233977,-3.829158,-89.807567,27.256947,3719.572094,3,-1,0,6,58.66375091941397,-121.31293987483531,-145.97079008058603,-31.505372874835302,65.55789199999998,0.00010483200000000182,22.311652048176146,-10.875489003862079,3176.9980277345817,1934.399155870919,100.01872182482026,3166.577081707363,0,1,1,1,0,0,2,0,0,0,0
94000.0,101,39.216536,-3.866082,-145.086209,9.351441,102,39.234471,-3.829876,-73.638764,34.376574,3703.724863,3,-1,0,6,57.391588603525555,-122.58551565605067,-157.52220239647446,-48.94675165605068,71.44744500000002,0.007119626999999997,27.632252642311233,-17.35193206308906,3119.918908625396,1995.9167979668105,58.222816414340826,3364.6108724286737,0,1,2,1,1,0,2,0,0,0,0
95000.0,101,39.216446,-3.866108,-163.000048,10.034336,102,39.234636,-3.830338,-71.799533,35.906001,3687.877625,3,-1,0,6,56.705825587838724,-123.27155436876117,-140.2941264121613,-51.472021368761176,91.200515,0.0015294270000000055,31.1758581403327,-20.810861611056104,3082.5611165793266,2024.415555050113,47.339278555951616,3411.6208128712774,0,1,1,1,0,0,2,0,0,0,0
96000.0,101,39.216364,-3.866207,-141.252539,11.725018,102,39.234667,-3.830697,-73.681201,35.020123,3672.03038,3,-1,0,6,56.35043773564429,-123.62710665062156,-162.3970232643557,-49.945905650621555,67.57133800000003,-0.0008858780000000053,26.270713881618693,-18.984495361040167,3056.753164721102,2034.7155087654078,51.17185362950411,3459.7089085137795,0,1,2,1,1,0,2,1,0,0,0
97000.0,101,39.216305,-3.866241,-150.805497,7.997823,102,39.234525,-3.830926,-80.324108,31.765838,3656.183128,3,-1,0,6,56.32512679653818,-123.6525409507264,-152.86937620346183,-43.32843295072641,70.48138899999998,-0.0032542849999999996,27.4128005823055,-12.320881606317919,3042.665970759721,2027.2786823356753,72.97553961932867,3106.4468185843416,0,1,1,1,0,0,2,0,0,1,0
98000.0,101,39.216232,-3.866279,-156.689697,8.607233,102,39.233516,-3.83055,-126.459723,25.812476,3640.335869,3,-1,0,6,58.00545547669215,-121.9719507295113,-145.30484752330784,4.487772270488691,30.229974,-0.0059533619999999985,17.354350246721946,7.4345892276198,3087.3635688118798,1928.7901475020965,180.06691719449037,591.2621156308123,0,1,1,0,0,0,2,1,0,1,0
99000.0,101,39.216162,-3.866374,-137.621849,10.644893,102,39.233257,-3.830675,-132.813285,26.055489,3624.488603,3,-1,0,6,58.26634653538578,-121.71107872119197,-164.11180446461424,11.10220627880804,4.80856399999999,0.00024301300000000126,11.938706479428054,9.844093010229903,3082.6359644783734,1906.376967910958,226.22960547460977,498.54407329781145,0,1,2,0,1,0,2,1,0,1,0
100000.0,101,39.216047,-3.866421,-158.331516,12.790486,102,39.232175,-3.830261,-164.376823,37.171023,3608.64133,3,-1,0,6,60.05757201930407,-119.9195620103466,-141.61091198069593,44.457260989653406,6.045307000000008,0.011115533999999996,5.287803270602554,23.911034745615062,3126.986506755439,1801.179512195712,101.12713455384333,2664.634041835181,0,1,1,1,0,0,2,0,0,0,0
101000.0,101,39.215982,-3.866422,-172.536872,8.109043,102,39.23301,-3.831261,-119.963089,26.178642,3592.79405,3,-1,0,6,57.97737440435081,-122.00039116527766,-129.48575359564921,-2.0373021652776657,52.57378299999999,-0.010992380999999999,21.626528230369974,5.034364474027548,3046.110086842809,1905.0938099080315,147.070309075847,1172.4298427096892,0,1,1,0,0,0,2,0,0,1,0
102000.0,101,39.215911,-3.86653,-136.207398,10.973842,102,39.233191,-3.8317,-105.969573,26.230504,3576.946763,3,-1,0,6,57.3522799632734,-122.62569489181308,-166.44032203672657,-16.656121891813086,30.237825000000015,5.186199999999985e-05,17.623767682892012,-0.7047477459348155,3011.8012569888283,1929.6635286330857,168.11704697222154,2048.7283919228744,0,1,2,0,1,0,2,1,0,0,0
103000.0,101,39.215841,-3.86659,-143.611415,9.584639,102,39.233101,-3.831932,-107.541378,25.531501,3561.099469,3,-1,0,6,57.25360210901776,-122.72448154970525,-159.13498289098226,-15.183103549705251,36.070036999999985,-0.0006990030000000011,18.658105685791845,-0.020696054834747457,2995.1446907655136,1926.2756057976849,160.4591332590132,1929.5969021754663,0,1,2,0,0,0,2,0,0,1,0
104000.0,101,39.215791,-3.86665,-138.34085,7.909544,102,39.23339,-3.832477,-91.325394,28.144335,3545.252168,3,-1,0,6,56.3735180232376,-123.6048722749922,-165.2856319767624,-32.2794782749922,47.01545599999997,0.002612834000000003,22.879348200761946,-5.258326987164455,2952.008727561244,1963.2772109691862,109.81977146039111,2578.4614421621677,0,1,2,1,1,0,2,0,0,0,0
105000.0,101,39.215722,-3.866747,-133.504147,10.727489,102,39.233606,-3.832973,-83.057411,30.803558,3529.404861,3,-1,0,6,55.63514290210871,-124.34349967493904,-170.86071009789129,-41.28608867493904,50.44673599999999,0.002659222999999997,22.79678806166098,-11.10825140334312,2913.3820807137186,1992.2107129083086,81.01306250385271,3082.5151024472652,0,1,2,1,1,0,2,0,0,0,0
106000.0,101,39.2156,-3.866738,-175.698327,12.616171,102,39.233077,-3.832883,-106.928819,25.283837,3513.557546,3,-1,0,6,56.31047707514158,-123.66811442952333,-127.9911959248584,-16.739295429523324,68.769508,-0.005519721000000001,23.241906868934496,-5.218396381682006,2923.4751153212537,1948.9432724301973,110.90921388397744,2551.246193925803,0,1,1,0,0,0,2,0,0,1,0
107000.0,101,39.215523,-3.866817,-148.390511,10.768797,102,39.232606,-3.832838,-128.239488,24.814778,3497.710224,3,-1,0,6,57.00646450524156,-122.9720487128576,-154.60302449475844,5.267439287142395,20.15102300000001,-0.0004690589999999979,13.846066745469624,6.1879634927183975,2933.64153546308,1904.6585396022965,213.4548769067836,584.217006326741,0,1,1,0,1,0,2,1,0,1,0
108000.0,101,39.215495,-3.866904,-120.009204,8.249674,102,39.232557,-3.833116,-123.880408,24.384854,3481.862895,3,-1,0,6,56.89113252725098,-123.08750148820413,176.90033652725097,0.7929065117958771,3.8712039999999774,-0.00042992399999999977,13.10061328938314,9.467626756331489,2916.5273996389246,1901.9035587361402,218.9179083529941,177.503411542909,1,1,2,0,0,0,2,1,0,1,1
109000.0,101,39.215407,-3.866925,-161.849324,9.348155,102,39.233052,-3.833873,-92.849142,27.843235,3466.01556,3,-1,0,6,55.41753384045061,-124.56156549677118,-142.7331421595494,-31.71242349677118,69.00018199999997,0.003458380999999999,24.896707959332026,-7.49900874862673,2853.6056290014853,1967.2820784760759,91.8387020852981,2715.8546843301524,0,1,1,1,1,0,2,0,0,0,0
110000.0,101,39.215315,-3.866946,-168.498262,10.180288,102,39.232376,-3.833678,-125.555432,24.96732,3450.168218,3,-1,0,6,56.48512460534547,-123.49383831551076,-135.0166133946545,2.061593684489239,42.942830000000015,-0.0028759149999999993,18.28232058582021,4.5424006784339515,2876.5518670010724,1905.022332926819,164.05901256551658,1166.2863988227627,0,1,1,0,0,0,2,1,0,1,0
111000.0,101,39.215231,-3.867062,-138.422882,12.587843,102,39.232185,-3.833843,-129.177269,24.88698,3434.320868,3,-1,0,6,56.612117113201464,-123.36687685464972,-164.96500088679855,5.810392145350278,9.245612999999992,-8.033999999999963e-05,10.938627809671827,6.3051461448914825,2867.5351897022024,1889.9210989350397,256.6564951020284,278.2254156394377,0,1,2,0,1,0,2,1,0,1,0
112000.0,101,39.215129,-3.867116,-153.834185,12.291956,102,39.23175,-3.833824,-143.791291,26.706761,3418.473512,3,-1,0,6,57.18957414886083,-122.78937377831392,-148.97624085113918,21.001917221686085,10.04289399999999,0.001819780999999999,10.35605087755297,10.516602022068176,2873.1176552087964,1852.3380068370682,214.4683387451307,766.6294402403875,0,1,1,0,0,0,2,0,0,0,0
113000.0,101,39.215044,-3.867176,-151.689767,11.00053,102,39.231082,-3.833643,-161.286987,32.698673,3402.626149,3,-1,0,6,58.299206496337,-121.67958920609573,-150.011026503663,39.60739779390428,9.597220000000021,0.005991911999999999,5.273702189575888,21.285351348069664,2894.9673662739788,1788.0236737994474,114.61779373600717,2381.402837205976,0,1,1,1,1,0,2,1,0,0,0
114000.0,101,39.214997,-3.867219,-145.667815,7.205421,102,39.230343,-3.83342,-172.213429,40.505667,3386.778779,3,-1,0,6,59.61536700991095,-120.36326066937171,-154.71681799008906,51.85016833062828,26.545614,0.007806994000000003,1.424058296186483,34.18208528091691,2921.602542536789,1713.0408872316225,55.51034922519728,2848.52862547356,0,1,1,1,1,0,2,0,0,0,0
115000.0,101,39.214921,-3.867308,-139.157302,10.572644,102,39.230026,-3.833487,-171.984908,39.631368,3370.931403,3,-1,0,6,60.02566664281157,-119.95294721494497,-160.81703135718845,52.03196078505502,32.827606,-0.0008742990000000006,-1.3883881380348635,31.24593530595171,2920.066970201471,1684.1577756463168,53.904049544703525,2994.9067157761865,0,1,2,1,1,0,2,0,0,0,0
116000.0,101,39.21481,-3.86734,-162.603962,12.156955,102,39.229915,-3.833703,-167.298717,35.27395,3355.084019,3,-1,0,6,59.89033500596649,-120.088395251596,-137.50570299403353,47.21032174840401,4.694755000000015,-0.004357418000000003,4.1209913068369755,22.809874972178754,2902.3718310644394,1683.100272946578,94.75781923641225,2557.0106513263827,0,1,1,1,0,0,2,1,0,1,0
117000.0,101,39.214765,-3.867418,-135.186925,8.662921,102,39.229022,-3.833413,-177.249229,46.101614,3339.236629,3,-1,0,6,61.567418131466596,-118.41107964366573,-163.2456568685334,58.838149356334284,42.06230400000001,0.010827663999999999,-3.8931042693543927,39.90293090286227,2936.451100679514,1589.8918824163336,34.50392315849485,3078.162650761857,0,1,2,1,1,0,2,0,0,0,0
118000.0,101,39.21467,-3.867476,-151.974645,11.085242,102,39.229302,-3.833915,-164.087114,33.448916,3323.389232,3,-1,0,6,60.619703652231735,-119.35907483340212,-147.40565134776824,44.728039166597895,12.112469000000004,-0.012652698,3.9623369122662258,22.3817587583937,2895.94347755115,1630.4684486988704,96.50279547782982,2568.7192713535132,0,1,1,1,0,0,2,1,0,1,0
119000.0,101,39.214607,-3.867503,-158.497426,8.042133,102,39.230299,-3.83506,-104.702661,25.188188,3307.541828,3,-1,0,6,58.01130050940072,-121.96818471255983,-143.4912734905993,-17.265523712559826,53.794764999999984,-0.008260727999999997,21.41563736726235,-1.0895750688037351,2805.300188519642,1752.1768735664912,128.15532299401886,1892.7875861155246,0,1,1,0,0,0,2,0,0,1,0
120000.0,101,39.214511,-3.867577,-150.945133,11.621792,102,39.230302,-3.835358,-101.895156,25.134428,3291.694417,3,-1,0,6,57.670201215823546,-122.3094256689779,-151.38466578417646,-20.414269668977894,49.04997700000001,-5.3760000000000475e-05,18.950613972827213,-4.978503199276819,2781.4284874014957,1760.3714677250366,127.28331131159253,2422.372811337237,0,1,1,0,1,0,2,1,0,0,0
121000.0,101,39.214438,-3.867672,-137.474918,11.413886,102,39.230724,-3.836014,-82.001831,30.325583,3275.847,3,-1,0,6,56.40388957476723,-123.57609197377072,-166.12119242523278,-41.57426097377072,55.47308700000002,0.005191155000000002,22.315798629650864,-12.631368764030062,2728.6456066318437,1812.640814065969,71.52373188008659,2942.7449782916365,0,1,2,1,1,0,2,0,0,0,0
122000.0,101,39.21436,-3.867691,-161.592206,9.077236,102,39.2303,-3.836003,-101.555072,25.28733,3259.999576,3,-1,0,6,56.99337892498275,-122.9865837610619,-141.41441507501725,-21.4315117610619,60.03713400000001,-0.005038253000000001,21.90842969052961,-3.547483313846284,2733.860498993159,1775.838958792451,114.40630443721471,2193.512255846542,0,1,1,0,0,0,2,0,0,1,0
123000.0,101,39.214302,-3.867738,-150.647878,7.831054,102,39.22996,-3.836058,-117.189684,24.017614,3244.152145,3,-1,0,6,57.45230585770136,-122.52766197224476,-151.89981614229865,-5.337977972244758,33.45819399999999,-0.0012697160000000025,17.525044067753768,4.148822846389617,2734.638244496016,1745.358648429557,163.3029376089196,1075.3992074319362,0,1,1,0,1,0,2,1,0,1,0
124000.0,101,39.214215,-3.867773,-160.764687,9.7309,102,39.230036,-3.836437,-107.77067,24.456831,3228.304708,3,-1,0,6,56.897269525012234,-123.08291582830316,-142.33804347498776,-15.312245828303162,52.994017000000014,0.00043921700000000287,20.084060099577947,-1.7232407462372503,2704.327257421547,1763.1124106142015,129.6067732590918,1989.0371690600193,0,1,1,0,0,0,2,0,0,0,0
125000.0,101,39.214142,-3.8678,-163.100602,8.603913,102,39.229448,-3.836321,-135.567164,25.155836,3212.457264,3,-1,0,6,57.8763571191582,-122.10373795186402,-139.0230408808418,13.463426048135972,27.533438000000018,0.0006990049999999996,15.109823822310148,9.730700642486202,2720.638311952983,1708.2180330859376,168.15543244957217,193.69741141035507,0,1,1,0,0,0,2,1,0,1,1
126000.0,101,39.214045,-3.867885,-148.681698,12.142987,102,39.229531,-3.836707,-122.666154,24.105946,3196.609813,3,-1,0,6,57.32445021673885,-122.65583518677454,-153.99385178326114,0.010318813225467238,26.015544000000006,-0.0010498900000000012,13.981275125202814,2.6373518300852172,2690.718326121413,1725.7894385011964,198.44775486579363,1205.3318841850257,0,1,1,0,1,0,2,1,0,0,0
127000.0,101,39.213983,-3.867975,-134.55573,10.553109,102,39.22964,-3.837119,-110.216179,24.419579,3180.762355,3,-1,0,6,56.765934852245195,-123.21455414977969,-168.6783351477548,-12.99837514977969,24.339551,0.00031363299999999936,15.395411042963474,1.0344180363653939,2660.5124506673237,1743.2506012703095,176.72433774049918,1561.6057576972737,0,1,2,0,1,0,2,1,0,0,0
128000.0,101,39.213912,-3.868071,-134.159977,11.333397,102,39.229195,-3.837106,-130.25408,24.630096,3164.914891,3,-1,0,6,57.48943974586512,-122.49098044084027,-168.35058325413488,7.763099559159713,3.90589700000001,0.00021051700000000294,10.666805888311078,8.019862882330155,2668.948677867378,1700.9994774201182,230.50777569004902,256.8425697675303,0,1,2,0,2,0,2,1,0,1,0
129000.0,101,39.213818,-3.868117,-154.368873,11.042233,102,39.228633,-3.837013,-149.810765,28.230014,3149.067421,3,-1,0,6,58.40624678941959,-121.57408564264824,-147.2248802105804,28.23667935735176,4.558108000000004,0.003599917999999999,9.419074970240914,14.445505964451327,2682.325425876444,1649.7745093497913,161.85956641939842,1346.9429475829024,0,1,1,1,0,0,2,0,0,0,0
130000.0,101,39.21375,-3.868153,-156.394576,8.702049,102,39.228654,-3.837349,-139.394243,25.708243,3133.219943,3,-1,0,6,58.00407257516296,-121.97644956160632,-145.60135142483705,17.417793438393673,17.000333000000012,-0.002521771000000001,13.247611149591762,11.543946606400933,2657.2392184661157,1660.1647349159389,167.5171432069217,516.4859994681658,0,1,1,0,0,0,2,0,0,1,0
131000.0,101,39.213675,-3.868199,-154.871345,9.106226,102,39.228245,-3.837364,-149.875137,28.051208,3117.37246,3,-1,0,6,58.61029885242402,-121.37020378344906,-146.518356147576,28.50493321655094,4.996207999999996,0.0023429649999999994,10.211532288413812,16.01805428413701,2661.127650386317,1623.7027692024958,145.01102928241426,1371.837646617512,0,1,1,1,1,0,2,1,0,0,0
132000.0,101,39.213631,-3.868264,-136.034814,7.579358,102,39.227946,-3.837459,-153.219964,29.004987,3101.524969,3,-1,0,6,59.03367189473951,-120.94684978195576,-164.93151410526048,32.27311421804424,17.185149999999993,0.0009537790000000008,7.806924874051357,20.438663232857017,2659.4640973215924,1595.8407966924206,118.12402702050561,1920.4187441219467,0,1,2,1,1,0,2,0,0,0,0
133000.0,101,39.213518,-3.868309,-160.126991,12.13521,102,39.228086,-3.837889,-136.711732,25.111322,3085.677472,3,-1,0,6,58.26781010099544,-121.71295500966855,-141.60519889900456,14.998776990331464,23.415258999999992,-0.0038936649999999984,13.092861497890441,6.866323593556823,2624.4173042484654,1622.9107413439372,192.58845710949555,317.6584759768653,0,1,1,0,0,0,2,0,0,1,0
134000.0,101,39.21345,-3.868316,-170.517466,8.249523,102,39.228147,-3.83826,-124.657809,24.047079,3069.829969,3,-1,0,6,57.73105927984082,-122.24993599331563,-131.75147472015917,2.407873006684369,45.85965700000003,-0.0010642430000000012,18.421154244742606,5.538147336744135,2595.6989491984414,1638.9640031741542,146.21896986517913,834.9322445703795,0,1,1,0,0,0,2,0,0,0,0
135000.0,101,39.213366,-3.868443,-135.447415,12.80938,102,39.227816,-3.838336,-135.702344,25.043583,3053.982459,3,-1,0,6,58.2113341933662,-121.76962891642931,-166.3412508066338,13.932715083570699,0.2549290000000042,0.0009965040000000016,8.503493442499632,8.796173767750735,2595.8756784524694,1608.8002740858221,242.58365661915252,748.1936181037117,0,1,2,0,1,0,2,1,0,1,0
136000.0,101,39.213289,-3.868547,-134.103503,12.502017,102,39.227745,-3.838605,-131.025115,24.50957,3038.134942,3,-1,0,6,58.05960019458149,-121.92146727595804,-167.83689680541852,9.103647724041963,3.0783879999999897,-0.0005340130000000016,9.513061893202243,7.386968877160411,2578.157877655857,1607.285252742148,244.74990071623097,320.4509357922444,0,1,2,0,1,0,2,0,0,1,0
137000.0,101,39.213212,-3.868589,-150.872873,9.776037,102,39.227553,-3.838786,-133.440987,24.776631,3022.287419,3,-1,0,6,58.14537139263292,-121.8357840227552,-150.9817556073671,11.6052029772448,17.43188599999999,0.00026706099999999823,13.231413448958591,8.496809678856234,2567.100351924616,1595.0601951632411,180.8806266897197,183.26483680789167,0,1,1,0,0,0,2,0,0,1,1
138000.0,101,39.213144,-3.868619,-158.289845,8.242768,102,39.227915,-3.839417,-104.92923,25.174375,3006.43989,3,-1,0,6,56.84982599229118,-123.131709380335,-144.8603290077088,-18.202479380334992,53.360614999999996,0.000397744000000003,21.275514210157354,-1.1725162938126479,2517.1122539141147,1644.02758899558,115.35509592300043,1780.3938260645232,0,1,1,0,0,0,2,0,0,0,0
139000.0,101,39.21307,-3.86865,-161.448026,8.644414,102,39.227362,-3.839336,-131.356402,25.15446,2990.592354,3,-1,0,6,57.8076563975973,-122.17380828091474,-140.7443176024027,9.182593719085261,30.091623999999996,-1.9915000000001015e-05,16.130943474196012,8.425369596266085,2530.8317438606055,1593.277537678463,154.06361882145384,298.7415321859777,0,1,1,0,0,0,2,1,0,1,0
140000.0,101,39.212997,-3.868698,-154.950628,8.966465,102,39.226688,-3.839175,-154.303565,30.403907,2974.744812,3,-1,0,6,59.08650414247262,-120.89482853388198,-145.96286785752739,33.408736466118015,0.6470630000000028,0.005249447,9.386832853712926,19.273973581397748,2552.1642212678425,1528.255372704844,116.00397782959087,1625.3657986478697,0,1,1,1,1,0,2,1,0,0,0
141000.0,101,39.212882,-3.868802,-146.409904,14.395787,102,39.226599,-3.839421,-148.888606,28.222145,2958.897263,3,-1,0,6,58.91667459588684,-121.0647479072567,-154.67342140411316,27.823858092743308,2.4787019999999984,-0.002181761999999999,6.6180497793045605,12.170860724688534,2534.051021769388,1527.6316414824648,188.22879183722537,1497.4703220061813,0,1,1,1,1,0,2,0,0,1,0
142000.0,101,39.212818,-3.868838,-152.731411,8.918566,102,39.226411,-3.839595,-148.100549,27.740826,2943.049708,3,-1,0,6,59.02741529227114,-120.95409451758705,-148.24117370772885,27.14645448241295,4.630862000000008,-0.00048131900000000273,10.572939313540191,15.623883566881265,2523.410967697278,1514.5754097647211,139.28129582599516,1241.6969523287592,0,1,1,1,0,0,2,0,0,1,0
143000.0,101,39.212735,-3.868884,-156.132576,9.829243,102,39.226431,-3.839927,-137.64525,25.392984,2927.202147,3,-1,0,6,58.586485926153536,-121.39520473228534,-145.28093807384647,16.25004526771467,18.487325999999996,-0.002347842,13.13060996641715,9.77641455969354,2498.1559389015424,1525.689783125116,167.51682236101837,318.88275544146404,0,1,1,0,0,0,2,0,0,1,0
144000.0,101,39.212676,-3.868928,-150.493116,7.902935,102,39.226686,-3.840455,-114.355453,24.242471,2911.354579,3,-1,0,6,57.57053806851147,-122.41145858257063,-151.93634593148855,-8.056005582570634,36.137662999999975,-0.0011505130000000001,18.192584104601934,3.119607401568121,2457.3354924825258,1561.2455803139778,140.8437507060765,1126.7691279390756,0,1,1,0,1,0,2,0,0,0,0
145000.0,101,39.212625,-3.868981,-143.301124,7.36182,102,39.226738,-3.840821,-106.561905,24.789832,2895.507005,3,-1,0,6,57.09223006862979,-122.88996449075172,-159.60664593137022,-16.328059490751727,36.73921899999999,0.0005473610000000022,19.361866219051226,1.163755385880748,2430.9118928313715,1573.095097346333,128.45392405601606,1424.7148634780156,0,1,2,0,1,0,2,0,0,0,0
146000.0,101,39.21258,-3.869026,-141.955707,6.495969,102,39.226751,-3.841162,-102.452071,25.350669,2879.659425,3,-1,0,6,56.707906899938614,-123.27447482492963,-161.3363861000614,-20.822403824929623,39.503636,0.0005608369999999994,20.751064280813253,0.350383265286335,2407.058702827256,1580.6665698795862,116.89635941152495,1539.821172179247,0,1,2,0,1,0,2,0,0,0,0
147000.0,101,39.212458,-3.869106,-152.707332,13.745633,102,39.226562,-3.841346,-109.839995,24.660014,2863.811839,3,-1,0,6,56.73427209135812,-123.2481754505885,-150.55839590864187,-13.408180450588503,42.86733700000002,-0.0006906549999999995,16.893430993699788,-3.8459370808527495,2394.535075457182,1570.8660100727338,126.90957207513839,2074.1463710167004,0,1,1,0,0,0,2,0,0,0,0
148000.0,101,39.212395,-3.869202,-134.953096,11.108865,102,39.226333,-3.8415,-118.33264,24.376526,2847.964246,3,-1,0,6,56.98996947592627,-122.99251479372325,-168.05693452407374,-4.659874793723247,16.62045599999999,-0.000283488000000002,13.594810494471485,3.720127927972684,2388.2322085309984,1551.5306199458323,183.62867398228826,875.1187824057262,0,1,2,0,1,0,2,1,0,1,0
149000.0,101,39.212297,-3.869244,-156.470446,11.287391,102,39.226113,-3.841662,-124.723454,24.507576,2832.116647,3,-1,0,6,57.10643416543367,-122.87612603845432,-146.4231198345663,1.8473279615456875,31.746992000000006,0.00013105000000000188,15.636869413610427,3.6110152450295416,2378.0741313033614,1538.0663601549463,157.3020179127037,973.4755092647518,0,1,1,0,0,0,2,0,0,0,0
150000.0,101,39.212201,-3.869262,-168.263156,10.866614,102,39.225321,-3.841423,-155.057204,30.72378,2816.269043,3,-1,0,6,58.67859258487558,-121.30380528787276,-133.0582514151244,33.75339871212725,13.205951999999996,0.006216204000000001,10.746170046823021,17.218733739541335,2405.839123904625,1464.0045875781814,120.00303759108041,1268.3887969067496,0,1,1,1,0,0,2,1,0,0,0
151000.0,101,39.212143,-3.869308,-153.360277,7.985043,102,39.225664,-3.842031,-127.781503,25.216824,2800.421431,3,-1,0,6,57.379408911230804,-122.60334425202551,-149.2603140887692,5.178158747974493,25.57877400000001,-0.005506956000000002,16.34986366282817,8.311756455575132,2358.6793641267363,1509.6330178049177,143.95012437571407,313.1964042302099,0,1,1,0,1,0,2,0,0,1,0
152000.0,101,39.212048,-3.869376,-151.510436,11.319597,102,39.225998,-3.84264,-102.235949,26.303668,2784.573814,3,-1,0,6,56.03206281826068,-123.95103236795599,-152.45750118173933,-21.715083367955984,49.27448699999999,0.0010868439999999994,20.3066976328361,-4.374092044571433,2309.3873175190197,1555.8218224773725,100.61134440667409,2013.5924513517966,0,1,1,0,1,0,2,0,0,0,0
153000.0,101,39.212005,-3.869498,-120.817399,11.063472,102,39.226331,-3.843261,-85.422556,30.739595,2768.726191,3,-1,0,6,54.81597069129666,-125.16743995447521,175.63336969129665,-39.74488395447521,35.39484300000001,0.004435927000000003,21.140189128015756,-8.121077223138435,2262.895260166281,1595.3525510827849,75.88664179419338,2307.6237319598076,1,1,2,1,0,0,2,1,0,0,0
154000.0,101,39.211916,-3.869514,-161.548023,9.608439,102,39.225994,-3.843317,-101.019899,26.55581,2752.878562,3,-1,0,6,55.24487713873387,-124.738558874041,-143.20709986126613,-23.71865987404101,60.52812399999999,-0.004183785000000001,23.024979455501224,-4.038321589916322,2261.753934623292,1569.3340996534944,88.45915620658596,1939.652927432691,0,1,1,1,1,0,2,0,0,1,0
155000.0,101,39.21181,-3.869589,-153.218203,12.782152,102,39.2258,-3.843487,-108.815022,25.407355,2737.030926,3,-1,0,6,55.31570386262507,-124.66779227023184,-151.46609313737494,-15.852770270231844,44.40318099999999,-0.001148455000000002,18.290146000428138,-3.2167733683919444,2250.6606416242294,1557.5188493639582,112.48039133076324,1929.0597947808885,0,1,1,0,1,0,2,1,0,1,0
156000.0,101,39.211746,-3.869655,-143.699919,9.678696,102,39.225575,-3.843634,-117.294904,24.789505,2721.183285,3,-1,0,6,55.542422135371446,-124.44112526329904,-160.75765886462855,-7.14622126329904,26.40501499999999,-0.0006178500000000006,16.29946587501387,3.5674093901450092,2243.7389785141613,1539.6343289429537,144.8531002793848,1029.5865525481697,0,1,2,0,1,0,2,1,0,1,0
157000.0,101,39.211704,-3.86969,-145.369205,6.262068,102,39.225635,-3.844021,-108.296713,25.344897,2705.335638,3,-1,0,6,54.98001926412995,-125.00375069456943,-159.65077573587007,-16.707037694569436,37.07249199999998,0.0005553920000000012,20.504901387872874,2.804101990246642,2215.5399540017665,1552.4894931865776,113.85427677212984,1238.9615659720478,0,1,2,0,0,0,2,0,0,0,0
158000.0,101,39.211616,-3.869726,-160.279568,9.53197,102,39.225103,-3.843932,-133.80799,25.500354,2689.487985,3,-1,0,6,55.976421660137625,-124.00726937145723,-143.74401033986237,9.800720628542763,26.471578000000022,0.00015545700000000196,15.186297940822088,8.679539831411871,2229.067499771288,1504.8600276845484,143.65418703715216,262.3423904881384,0,1,1,0,0,0,2,1,0,1,0
159000.0,101,39.211522,-3.869835,-141.383099,13.067125,102,39.224509,-3.8438,-154.012623,29.848927,2673.640325,3,-1,0,6,57.21586728133725,-122.76767149246764,-161.40103371866275,31.24495150753235,12.629524000000004,0.004348572999999998,4.923672775435891,16.621099493946488,2247.773776732169,1447.7104807596386,127.75793259106169,1754.128130036807,0,1,2,1,1,0,2,1,0,0,0
160000.0,101,39.211476,-3.869892,-136.96134,8.123258,102,39.224792,-3.844371,-128.834556,25.100672,2657.792661,3,-1,0,6,56.03288564668907,-123.95097807452487,-167.00577435331093,4.883577925475123,8.126784000000015,-0.004748255000000001,14.008361151239153,9.802736640947112,2204.2626473627492,1484.953874807842,151.14928310364957,86.97067123922177,0,1,2,0,1,0,2,1,0,1,1
161000.0,101,39.211338,-3.869952,-159.089214,14.790025,102,39.223868,-3.844015,-161.916958,33.980373,2641.94499,3,-1,0,6,58.04629904998753,-121.93730183124654,-142.86448695001246,39.97965616875345,2.8277439999999956,0.008879701,5.268576020390728,18.48608820406085,2241.6270006841705,1398.20660847737,103.17414827250646,1772.7162749472236,0,1,1,1,0,0,2,1,0,0,0
162000.0,101,39.211294,-3.869954,-169.422715,6.499966,102,39.223819,-3.84428,-154.832219,30.017912,2626.097313,3,-1,0,6,57.79394831173579,-122.1898188719691,-132.7833366882642,32.642400128030914,14.590496000000002,-0.003962461000000001,11.572585410798368,20.77868177812705,2222.037781773808,1399.6196603776166,95.09974972824314,1260.9535595304005,0,1,1,1,0,0,2,0,0,1,0
163000.0,101,39.211207,-3.870023,-151.351479,10.383765,102,39.224072,-3.844806,-131.708998,24.956417,2610.249631,3,-1,0,6,56.627180397084366,-123.35687570421878,-152.02134060291561,8.352122295781228,19.642481000000004,-0.005061495000000001,13.652463851933197,7.492135962902072,2179.842725356761,1435.858220314543,156.41995222479295,267.63468765199605,0,1,1,0,1,0,2,0,0,1,0
164000.0,101,39.211124,-3.870089,-148.711697,10.727446,102,39.223725,-3.844846,-142.59979,26.1825,2594.401943,3,-1,0,6,57.19755187909114,-122.7864878566423,-154.09075112090886,19.813302143357717,6.111906999999974,0.0012260830000000026,10.331452338438528,11.632403989894323,2180.707577353587,1405.5020113521089,155.79246765313945,701.1727984940035,0,1,1,0,1,0,2,1,0,0,0
165000.0,101,39.211072,-3.870158,-136.857054,8.633994,102,39.223525,-3.845001,-143.76733,26.12529,2578.554249,3,-1,0,6,57.41642329428949,-122.567670859084,-165.72652270571052,21.199659140915983,6.910275999999982,-5.721000000000132e-05,9.53765748648846,14.773477652091255,2172.7073339462845,1388.6269679262252,137.73146378869234,1074.9458962982683,0,1,2,0,1,0,2,0,0,0,0
166000.0,101,39.211001,-3.870256,-133.952028,11.044148,102,39.223393,-3.845212,-141.204476,25.453963,2562.70655,3,-1,0,6,57.42711608809468,-122.55704954541477,-168.62085591190532,18.64742645458523,7.252447999999987,-0.000671326999999998,7.997084590879825,12.173230174993892,2159.6114764817507,1379.6895056719156,169.76174075115557,1055.9354267403621,0,1,2,0,1,0,2,0,0,1,0
167000.0,101,39.210911,-3.870289,-158.134698,10.309527,102,39.222949,-3.845195,-153.336279,28.524906,2546.858845,3,-1,0,6,58.227008358746204,-121.75712575225927,-143.63829364125382,31.57915324774072,4.7984189999999955,0.0030709429999999996,8.96110982386343,15.923565333194212,2165.189118974332,1341.0615405080753,120.04657891015468,1229.778726258656,0,1,1,1,0,0,2,1,0,0,0
168000.0,101,39.210815,-3.870309,-168.049426,10.717457,102,39.223058,-3.845604,-137.278081,24.864369,2531.011134,3,-1,0,6,57.387491902602,-122.59688815470378,-134.563082097398,14.68119284529621,30.771345000000025,-0.0036605370000000015,14.649761170000984,7.781562459039824,2131.958654190031,1364.1003105549814,141.6207223875653,268.24992679653343,0,1,1,0,0,0,2,0,0,1,0
169000.0,101,39.21076,-3.870369,-146.631872,8.228624,102,39.223212,-3.846058,-118.680759,23.849405,2515.163418,3,-1,0,6,56.52340721251681,-123.46122193830759,-156.8447207874832,-4.780462938307593,27.951112999999992,-0.001014963999999999,16.397382130661768,4.5738510600486695,2097.9260696078995,1387.354758417974,134.4028058951701,779.8440704399922,0,1,1,0,1,0,2,1,0,0,0
170000.0,101,39.210723,-3.870444,-126.918396,7.613438,102,39.222865,-3.846116,-132.753728,24.549943,2499.315697,3,-1,0,6,57.20289404568632,-122.78172441990937,-175.87870995431368,9.972003580090629,5.835331999999994,0.0007005379999999981,11.939609866064483,12.092475841004678,2100.909690138765,1353.793716616986,147.21915626861502,547.3808952403244,0,1,2,0,1,0,2,1,0,1,0
171000.0,101,39.210572,-3.87053,-153.993175,16.357108,102,39.222817,-3.846406,-126.859806,24.12746,2483.46797,3,-1,0,6,56.76147901636555,-123.22326846199282,-149.24534598363445,3.6365375380071896,27.133369000000016,-0.0004224829999999997,12.132282092205205,-0.22774096924831078,2077.1626458491965,1361.2525484658192,170.33178588973993,1400.0845758618632,0,1,1,0,0,0,2,0,0,0,0
172000.0,101,39.2105,-3.870565,-157.116356,9.869421,102,39.222669,-3.846619,-127.802754,24.22291,2467.620237,3,-1,0,6,56.73057886441728,-123.25428119096327,-146.15306513558272,4.548472809036724,29.313602000000003,9.54499999999996e-05,15.301307521512868,5.754649837122349,2063.177913894547,1353.6788872068892,138.2196496733071,560.6678372896199,0,1,1,0,0,0,2,0,0,1,0
173000.0,101,39.210403,-3.870632,-152.833267,11.878508,102,39.222535,-3.846844,-127.746773,24.282094,2451.7725,3,-1,0,6,56.63666931829216,-123.34829067031835,-150.53006368170784,4.398482329681656,25.086493999999988,5.91840000000019e-05,13.776929531652083,4.296745887470038,2047.7203923001416,1348.3432748059388,152.87890072444713,693.9301605756377,0,1,1,0,1,0,2,1,0,0,0
174000.0,101,39.210365,-3.870676,-141.750571,6.627425,102,39.223196,-3.84781,-85.771367,31.004008,2435.924757,3,-1,0,6,54.07789810432211,-125.90764472434878,-164.17153089567788,-40.13627772434879,55.97920400000001,0.006721913999999998,26.81666057226946,-7.490799653117222,1972.6493486905192,1429.119998067475,57.59589831565938,1909.1797987709645,0,1,2,1,1,0,2,0,0,0,0
175000.0,101,39.210312,-3.870726,-143.13097,7.201285,102,39.222517,-3.847611,-120.095306,25.577172,2420.077009,3,-1,0,6,55.71771448350216,-124.26767102777697,-161.15131551649785,-4.172365027776976,23.035663999999997,-0.005426835999999998,17.808493737238212,7.0643200476710755,1999.643041152137,1363.1582584066384,118.35730929127803,538.020619472735,0,1,2,0,0,0,2,1,0,1,0
176000.0,101,39.210183,-3.870803,-154.703278,14.362117,102,39.22196,-3.847499,-143.966013,27.692391,2404.229255,3,-1,0,6,56.8770918488006,-123.10817427506156,-148.41963015119939,20.857838724938446,10.737265000000008,0.0021152189999999998,10.15344490081586,9.409065125863734,2013.5427361010557,1313.7594758906712,160.40311823585722,431.69529127109206,0,1,1,0,0,0,2,1,0,1,0
177000.0,101,39.21012,-3.870849,-150.768984,9.075454,102,39.221656,-3.847572,-149.546034,28.53571,2388.381497,3,-1,0,6,57.38681975561327,-122.59846349667494,-151.84419624438675,26.947570503325053,1.2229499999999973,0.000843319000000001,10.031372645739836,16.679061951922794,2011.8016523915805,1287.253000247607,109.48558970081942,1060.6019554898846,0,1,1,1,1,0,2,1,0,0,0
178000.0,101,39.210044,-3.870879,-160.289702,8.857239,102,39.221019,-3.847413,-164.565634,34.883151,2372.533733,3,-1,0,6,58.87496857908049,-121.1101952921844,-140.8353294209195,43.45543870781559,4.275931999999983,0.006347440999999996,6.296372165289361,25.286830454364036,2030.9869546726254,1226.3801629888392,64.9816440036262,1674.5392055775856,0,1,1,1,0,0,2,0,0,0,0
179000.0,101,39.21,-3.870941,-138.724943,7.311851,102,39.220585,-3.847396,-168.676583,37.196795,2356.685964,3,-1,0,6,59.868050490460185,-120.1170635099992,-161.40700650953983,48.559519490000795,29.951639999999998,0.0023136440000000036,2.480033681145545,30.977508764740897,2038.2308348196796,1183.0400656380493,45.63181244696907,1938.815266015474,0,1,2,1,1,0,2,0,0,0,0
180000.0,101,39.209916,-3.871001,-149.454625,10.123648,102,39.220884,-3.847943,-147.247139,27.113592,2340.838191,3,-1,0,6,58.445017534975996,-121.54040433094283,-152.10035746502402,25.70673466905717,2.2074859999999887,-0.010083203,9.523853645385799,14.084097729746519,1994.718038481548,1224.9993401632826,124.16740731899597,966.419000680207,0,1,1,1,0,0,2,1,0,1,0
181000.0,101,39.209817,-3.871059,-154.68865,11.742679,102,39.220696,-3.848104,-147.06558,26.727441,2324.990412,3,-1,0,6,58.53879767636749,-121.44668935456914,-146.7725523236325,25.618890645430866,7.623069999999984,-0.0003861510000000017,9.510712481941724,11.816808111025706,1983.2023536823108,1213.4615116438067,138.87580841547748,788.4252711036373,0,1,1,1,0,0,2,0,0,1,0
182000.0,101,39.209744,-3.871118,-149.053673,9.839362,102,39.221112,-3.848774,-111.576343,24.246342,2309.142629,3,-1,0,6,56.701185083607605,-123.28468819148878,-154.24514191639238,-11.708345191488789,37.477329999999995,-0.0024810990000000005,17.487618946015278,0.47764203906834446,1930.024629457215,1267.7320737259788,111.42321853823834,1214.6525853753253,0,1,1,0,1,0,2,0,0,0,0
183000.0,101,39.209644,-3.871162,-159.07081,11.423884,102,39.221134,-3.849111,-105.661221,24.677979,2293.29484,3,-1,0,6,56.07073054599621,-123.9153279864545,-144.8584594540038,-18.254106986454502,53.40958899999998,0.000431637000000002,19.6810308937467,-4.0083747771799745,1902.8092293816496,1280.0461943815303,86.644046601744,1639.2966443109524,0,1,1,0,0,0,2,0,0,0,0
184000.0,101,39.209569,-3.871246,-143.023134,10.928192,102,39.220209,-3.84878,-151.303072,29.23553,2277.447047,3,-1,0,6,58.556454663228365,-121.42934164258718,-158.42041133677162,29.87373035741281,8.279937999999987,0.004557551,7.464987839400403,16.914288761991017,1943.0143755116558,1188.0488998539038,105.69687699170761,1300.529040540561,0,1,2,1,1,0,2,1,0,1,0
185000.0,101,39.209518,-3.87131,-137.107917,8.459036,102,39.219926,-3.848869,-154.365826,29.717794,2261.59925,3,-1,0,6,59.087655279759296,-120.89815688251001,-163.8044277202407,33.46766911748999,17.257909000000012,0.0004822640000000007,7.099232050319537,20.59540733976492,1940.348666300354,1161.8425972510227,84.70093399916684,1460.2917403664635,0,1,2,1,1,0,2,0,0,0,0
186000.0,101,39.209493,-3.871383,-118.367507,7.034669,102,39.219493,-3.848861,-161.561178,32.677369,2245.751447,3,-1,0,6,60.17690254546422,-119.8088584760605,178.54440954546422,41.75231952393952,43.19367100000002,0.0029595749999999973,4.145653976357172,27.657426537891425,1948.3354426558906,1116.8655087312302,56.47453322105964,1771.0485124744741,1,1,2,1,0,0,2,0,0,0,0
187000.0,101,39.209345,-3.871459,-155.598396,15.662291,102,39.219734,-3.849356,-139.990062,25.495906,2229.90364,3,-1,0,6,58.74970646568419,-121.23631944433309,-145.6518975343158,18.753742555666904,15.608334000000013,-0.007181462999999997,9.921278799879456,5.26494286306596,1906.365165745467,1156.824143298154,181.07598906538897,231.23359180465218,0,1,1,0,1,0,2,1,0,1,0
188000.0,101,39.209299,-3.871504,-145.901417,7.956436,102,39.219866,-3.849771,-122.462609,23.72129,2214.055829,3,-1,0,6,57.882609372132166,-122.10365044885289,-156.2159736278678,0.3589585511471114,23.438808000000023,-0.0017746160000000016,15.554121094753699,6.143861685998631,1875.2180318697528,1177.1153498614347,123.84176409724773,419.3652402551862,0,1,1,0,1,0,2,0,0,0,0
189000.0,101,39.209206,-3.87157,-150.797515,11.131875,102,39.220179,-3.850354,-97.239712,25.910061,2198.208013,3,-1,0,6,56.26830353402168,-123.71828311652375,-152.93418146597833,-26.478571116523753,53.55780300000001,0.002188770999999999,20.27228128241922,-6.451816163514367,1828.1332106949903,1220.67499047512,73.15421877105166,1727.4801375438174,0,1,1,1,0,0,2,0,0,0,0
190000.0,101,39.209137,-3.871599,-158.695906,8.581911,102,39.219854,-3.850423,-114.080551,24.098617,2182.360193,3,-1,0,6,56.84060598784812,-123.14600600822325,-144.46348801215186,-9.065455008223253,44.615354999999994,-0.001811443999999998,18.883419155944075,1.837263167465026,1826.967562179224,1193.685695120747,99.64955559981047,1012.0855724018714,0,1,1,0,0,0,2,1,0,1,0
191000.0,101,39.209079,-3.871654,-146.737736,8.018523,102,39.219468,-3.850453,-131.854034,24.624037,2166.512369,3,-1,0,6,57.681462952007756,-122.30513330208564,-155.58080104799222,9.548900697914377,14.883702,0.0005254200000000004,13.943204950013453,9.72518595305435,1830.8955734385374,1158.2733892277595,121.76414952966249,135.61044510472732,0,1,1,0,1,0,2,1,0,1,1
192000.0,101,39.208966,-3.871714,-156.533169,12.654504,102,39.218605,-3.850181,-162.04848,33.982771,2150.66454,3,-1,0,6,59.97589739788366,-120.01048910048097,-143.49093360211634,42.037990899519045,5.515311000000025,0.009358733999999999,5.434650641837327,20.720550126152638,1862.077602098648,1076.115684940965,72.04606395491753,1528.4370455392404,0,1,1,1,0,0,2,1,0,0,0
193000.0,101,39.208898,-3.87176,-153.004534,9.180818,102,39.218752,-3.850601,-145.804998,27.280807,2134.816707,3,-1,0,6,58.984075320165594,-121.00254761559461,-148.0113906798344,24.802450384405404,7.199535999999995,-0.006701964,11.164763032407826,14.384264513357348,1829.5894073177806,1100.0204421359158,106.61762751689517,772.4110174160652,0,1,1,1,1,0,2,0,0,1,0
194000.0,101,39.208805,-3.871808,-157.576539,10.843537,102,39.218618,-3.850806,-143.103974,26.285132,2118.968871,3,-1,0,6,58.90116606565978,-121.08555616030296,-143.5222949343402,22.018417839697037,14.472565000000003,-0.0009956749999999986,11.644411442907202,10.997255110113928,1814.4255724407983,1094.4811183112738,122.1976947753876,464.17226706128633,0,1,1,0,0,0,2,0,0,1,0
195000.0,101,39.20875,-3.871842,-154.54278,7.442378,102,39.218462,-3.850999,-141.805653,25.790855,2103.12103,3,-1,0,6,58.97079454860636,-121.01602822922408,-146.48642545139364,20.78962477077593,12.737126999999987,-0.0004942770000000003,12.748271596412122,13.549723412397931,1802.1742076511355,1084.1061719708368,105.23276633850774,573.5795599113949,0,1,1,0,1,0,2,1,0,0,0
196000.0,101,39.208662,-3.871951,-138.541946,12.337169,102,39.218851,-3.851644,-107.650672,24.647529,2087.273186,3,-1,0,6,57.066883238640024,-122.9202783641965,-164.39117076135997,-15.269606364196505,30.89127400000001,-0.0011433260000000018,15.319105581277702,-1.7725301148107953,1751.8604314109577,1134.7662234360007,108.85584520394275,1330.3891316704594,0,1,2,0,1,0,2,0,0,0,0
197000.0,101,39.208586,-3.871977,-158.170268,9.214845,102,39.218956,-3.852053,-97.923714,25.997249,2071.425337,3,-1,0,6,56.101914210457274,-123.88548952695788,-145.72781778954274,-25.96177552695788,60.246553999999975,0.0013497200000000013,22.322503657072733,-4.970238432133638,1719.3470750575023,1155.2699088337652,67.04698968407796,1505.0751973580043,0,1,1,1,0,0,2,0,0,0,0
198000.0,101,39.208519,-3.872075,-135.967601,10.688039,102,39.218898,-3.852333,-99.316105,25.788686,2055.577485,3,-1,0,6,55.83510922081706,-124.1524095965075,-168.19728977918294,-24.836304596507503,36.65149600000001,-0.00020856300000000161,18.01965767242533,-3.5094286913460824,1700.835887355587,1154.3639292364683,84.13433615760836,1461.3545995828017,0,1,2,1,1,0,2,1,0,1,0
199000.0,101,39.208421,-3.872188,-138.008866,13.861558,102,39.218205,-3.852155,-137.018708,25.906833,2039.72963,3,-1,0,6,57.76836145171711,-122.21897349827644,-164.22277254828288,14.799734501723563,0.9901580000000081,0.00011814700000000044,8.388631567098896,8.650245997187938,1725.4048148002942,1087.8764583186362,162.92583548940476,481.65927582847615,0,1,2,0,0,0,2,1,0,1,0
200000.0,101,39.208336,-3.872174,-174.190628,9.629456,102,39.217795,-3.852166,-149.304927,28.326577,2023.881771,3,-1,0,6,58.60333408026062,-121.38401674194813,-127.20603791973937,27.92091025805186,24.88570100000001,0.0024197440000000014,13.485154531969469,14.77791439812522,1727.5472561560036,1054.3613710364962,92.68851057565935,572.358585734805,0,1,1,1,0,0,2,0,0,0,0
201000.0,101,39.208267,-3.872186,-172.539943,8.03082,102,39.217698,-3.852406,-144.018755,26.654988,2008.033908,3,-1,0,6,58.38656909974001,-121.60092588762332,-129.07348790026,22.41782911237668,28.521187999999995,-0.0016715890000000009,14.617667795436914,13.606621588081445,1710.0498716606337,1052.5823540755387,93.89852976660443,405.63447704183847,0,1,1,0,1,0,2,0,0,1,0
202000.0,101,39.208219,-3.872271,-133.911122,8.366203,102,39.217219,-3.852376,-156.547108,30.561084,1992.186043,3,-1,0,6,59.71488576909919,-120.27253658561517,-166.3739922309008,36.27457141438484,22.635986000000003,0.0039060960000000017,6.136006030414439,22.234049334920872,1720.3056414940065,1004.6659792029847,67.07983720213474,1396.3056244976667,0,1,2,1,1,0,2,1,0,0,0
203000.0,101,39.208117,-3.872351,-147.07724,12.372258,102,39.217206,-3.852678,-146.711623,27.032983,1976.338174,3,-1,0,6,59.186831042609484,-120.80073167608045,-153.7359289573905,25.910891323919557,0.3656169999999861,-0.0035281009999999996,8.112720317458365,12.212053295563328,1697.362596563423,1012.3600119508517,121.28075571529428,853.6450494279716,0,1,1,1,0,0,2,1,0,1,0
204000.0,101,39.208059,-3.872415,-140.899465,9.119531,102,39.217285,-3.853057,-131.449553,24.404552,1960.490302,3,-1,0,6,58.397325371927295,-121.59043648720574,-160.70320962807273,9.859116512794273,9.449911999999983,-0.0026284310000000027,12.540626058965572,9.077720495580694,1669.7544384947767,1027.3472340757255,121.49235756404352,164.52421980747826,0,1,2,0,1,0,2,0,0,1,1
205000.0,101,39.207973,-3.872481,-148.018434,10.879408,102,39.217549,-3.853602,-105.986958,24.795491,1944.642427,3,-1,0,6,56.78300963379244,-123.20505502672506,-155.19855636620755,-17.21809702672506,42.031476,0.0003909389999999995,18.07427165362951,-2.398977680953962,1626.8915559775983,1065.2971575937108,84.5686817028514,1271.9853312668213,0,1,1,0,0,0,2,0,0,0,0
206000.0,101,39.207923,-3.872474,-173.95777,6.184185,102,39.217652,-3.854018,-96.695191,26.347163,1928.79455,3,-1,0,6,55.764342007195154,-124.22399006812446,-130.27788799280484,-27.52879906812447,77.26257899999999,0.001551672,25.516530624610112,-3.078082643134505,1594.5934792321455,1085.1359601911752,58.00717251416174,1268.859170802752,0,1,1,1,0,0,2,0,0,1,0
207000.0,101,39.20782,-3.872537,-156.973447,11.394901,102,39.217811,-3.854495,-87.617661,29.113378,1912.946669,3,-1,0,6,54.44033390132196,-125.54825989889352,-148.58621909867804,-37.93059889889352,69.355786,0.0027662150000000024,24.63101196001155,-11.69717273394265,1556.201915124212,1112.4749695170358,41.14730656281946,1683.6469457196881,0,1,1,1,1,0,2,1,0,0,0
208000.0,101,39.207731,-3.872643,-140.639198,12.94049,102,39.217829,-3.854855,-87.34103,29.501435,1897.098786,3,-1,0,6,53.76474262646125,-126.22401176176554,-165.59605937353876,-38.882981761765535,53.298168000000004,0.00038805699999999987,21.262791441418763,-11.373772789891278,1530.193669499069,1121.3791230746394,42.92527148015216,1723.9783704710205,0,1,2,1,1,0,2,1,0,0,0
209000.0,101,39.207634,-3.872678,-158.985263,11.405971,102,39.217185,-3.854694,-123.121893,25.120019,1881.250901,3,-1,0,6,55.56606333135186,-124.42256723535132,-145.44867366864813,-1.3006742353513232,35.86337,-0.004381416000000002,16.947993623075963,3.0787918967585277,1551.6157098885847,1063.7639030067974,95.29912507465178,772.9715156593379,0,1,1,0,0,0,2,1,0,1,0
210000.0,101,39.207586,-3.872774,-129.924353,9.714804,102,39.217018,-3.854888,-126.083257,24.999609,1865.403013,3,-1,0,6,55.75489212094496,-124.23380042707777,-174.32075487905504,1.8494565729222359,3.841095999999993,-0.00012040999999999968,12.75352487358975,8.489050594784407,1542.0126435910613,1049.7263490618807,119.53416671526506,39.140232487910936,0,1,2,0,1,0,2,1,0,1,1
211000.0,101,39.207512,-3.87281,-153.090591,8.868584,102,39.216756,-3.855007,-134.13336,25.436591,1849.555124,3,-1,0,6,56.16640771573354,-123.82233734498722,-150.74300128426648,10.311022655012792,18.95723099999998,0.0004369820000000004,14.242621218851783,9.8039595275506,1536.3480794183108,1029.8003377268446,101.20861775518613,102.03479365221452,0,1,1,0,0,0,2,0,0,0,1
212000.0,101,39.207468,-3.872855,-144.161444,6.584488,102,39.2163,-3.854982,-149.861772,28.404822,1833.707232,3,-1,0,6,57.465817507137544,-122.52288336047562,-158.37273849286248,27.338888639524384,5.700328000000013,0.0029682309999999996,10.406476588866834,19.227115202936325,1545.9449210551882,986.1726591995795,74.39498950625627,890.4745613023493,0,1,2,1,1,0,2,1,0,0,0
213000.0,101,39.207374,-3.872935,-146.770403,11.470969,102,39.216116,-3.855158,-148.61749,27.75976,1817.859338,3,-1,0,6,57.59192880710776,-122.39683278416302,-155.63766819289225,26.22065721583698,1.8470870000000161,-0.0006450619999999993,8.169830594451572,14.103527522687553,1534.7321740459083,974.2739484878563,99.970947712743,839.8286134510959,0,1,1,1,0,0,2,1,0,1,0
214000.0,101,39.207287,-3.873003,-148.063901,11.366288,102,39.21573,-3.855187,-156.400816,30.225483,1802.011443,3,-1,0,6,58.54325748030761,-121.44547951261411,-153.3928415196924,34.95533648738588,8.336915000000005,0.0024657230000000004,6.087887569960824,18.051807947971263,1537.1777503083456,940.3881138444468,75.44804132314518,1157.3734709897842,0,1,1,1,0,0,2,0,0,0,0
215000.0,101,39.207204,-3.873033,-160.458618,9.865989,102,39.215928,-3.855679,-133.677089,25.021815,1786.163546,3,-1,0,6,57.018637453380265,-122.97039159547883,-142.52274454661972,10.706697404521165,26.781529000000006,-0.005203668000000001,14.796810424034435,7.982187284869685,1498.3191581661708,972.3270608861563,98.95043583905883,185.65739659693244,0,1,1,0,0,0,2,0,0,1,1
216000.0,101,39.207129,-3.873085,-153.527598,9.464202,102,39.216012,-3.856079,-118.730076,24.32391,1770.315647,3,-1,0,6,56.008629273934424,-123.98061977452403,-150.46377272606557,-5.250543774524033,34.797522000000015,-0.0006979049999999987,17.110663770321853,3.2202384645309703,1467.8072653090562,989.7268925915762,89.62770112031143,704.1836175251461,0,1,1,0,1,0,2,0,0,0,0
217000.0,101,39.207054,-3.873165,-142.618232,10.494141,102,39.215622,-3.856102,-136.327529,25.358713,1754.467748,3,-1,0,6,57.04844474831201,-122.94076831920353,-160.333323251688,13.38676068079647,6.290703000000008,0.0010348030000000002,11.139843450250646,10.003205212571787,1472.2278749521445,954.3071638555818,112.00941263218125,279.2615717656511,0,1,2,0,1,0,2,1,0,1,0
218000.0,101,39.206985,-3.873227,-144.668005,9.564382,102,39.215394,-3.856246,-140.229791,25.799199,1738.619847,3,-1,0,6,57.41133621940311,-122.5779287211922,-157.9206587805969,17.651862278807812,4.438213999999988,0.0004404859999999999,10.972800157650848,12.026919304884805,1464.8897625702152,936.4277633108073,101.06642790058025,452.28505503259146,0,1,2,0,0,0,2,1,0,0,0
219000.0,101,39.206949,-3.87323,-163.337467,4.770241,102,39.215213,-3.856429,-140.536935,25.736634,1722.771946,3,-1,0,6,57.58634340132366,-122.40303535644642,-139.07618959867634,18.133899643553576,22.800532000000004,-6.256500000000287e-05,14.989916244338794,15.299628863015332,1454.3643969099999,923.4540480853607,76.06511940388498,395.5299887738157,0,1,1,0,0,0,2,0,0,1,0
220000.0,101,39.206784,-3.873351,-151.972982,18.289757,102,39.214917,-3.856526,-146.864802,27.024131,1706.924044,3,-1,0,6,58.0359930464702,-121.95337059145334,-149.9910249535298,24.91143140854666,5.108180000000004,0.0012874970000000018,6.177700619311777,6.484703839445729,1448.1216245348382,903.6224059527823,172.9784874829421,437.71412484893995,0,1,1,1,1,0,2,1,0,0,0
221000.0,101,39.206741,-3.873381,-150.198456,7.585709,102,39.21484,-3.856791,-140.137799,25.580125,1691.076141,3,-1,0,6,57.781413503317495,-122.20809870944399,-152.0201304966825,17.929700290556013,10.060656999999992,-0.0014440060000000016,12.625334546314985,13.05248646677326,1430.6846746406593,901.5985117599754,87.81979808672006,404.35341159882336,0,1,1,0,1,0,2,0,0,1,0
222000.0,101,39.206681,-3.873363,176.370611,6.649647,102,39.214688,-3.857,-138.717175,25.342197,1675.228238,3,-1,0,6,57.72068931957263,-122.26896642041373,-118.64992168042737,16.448208579586264,44.91221399999995,-0.00023792800000000015,17.141123336588855,12.407386173856679,1416.3296393308149,894.6507710529446,75.57712051636271,128.29617589526464,0,1,1,0,0,0,2,0,0,1,1
223000.0,101,39.206562,-3.873432,-159.14634,13.025698,102,39.214424,-3.857125,-143.816717,26.316001,1659.380335,3,-1,0,6,58.103596155101656,-121.88609502885926,-142.75006384489834,21.930621971140752,15.329622999999998,0.0009738040000000012,10.89926464548598,9.06808261997392,1408.8219578113137,876.7917582718312,107.8641161661122,254.24711250965882,0,1,1,0,1,0,2,1,0,0,0
224000.0,101,39.206522,-3.873564,-119.664509,11.545071,102,39.21403,-3.857162,-153.401566,29.147913,1643.532433,3,-1,0,6,59.42138244008581,-120.56824873573524,179.0858914400858,32.833317264264764,33.73705699999999,0.002831911999999999,3.0185767743376886,20.349194149063987,1414.969563124191,836.0980766363695,64.61676061744294,1310.5161115712929,1,1,2,1,0,0,2,0,0,0,0
225000.0,101,39.206436,-3.873568,-165.171689,9.202314,102,39.213622,-3.857191,-160.111269,32.113112,1627.68453,3,-1,0,6,60.47207511390834,-119.51757192084438,-134.35623588609167,40.59369707915562,5.0604199999999935,0.002965199000000002,8.569619525444754,21.301877409040337,1416.2736926237862,802.2005714178384,54.896388130614746,1014.6091655821587,0,1,1,1,1,0,2,1,0,1,0
226000.0,101,39.206376,-3.87366,-136.231432,9.796835,102,39.21397,-3.857802,-128.445993,24.750478,1611.836629,3,-1,0,6,58.27738786446728,-121.71258723299046,-165.49118013553272,6.733405767009529,7.785439000000025,-0.007362634,12.607508127357297,8.31458518633151,1371.0341400074483,847.5156078327527,102.98988897325131,73.12006418129192,0,1,2,0,1,0,2,0,0,1,1
227000.0,101,39.2063,-3.873672,-164.962082,8.427508,102,39.213895,-3.858063,-124.719556,24.358133,1595.988728,3,-1,0,6,57.86714304918185,-122.1229894737718,-137.17077495081816,2.5965665262282016,40.242526,-0.0003923450000000024,17.83457350636536,5.734518366579195,1351.510458863436,848.8813223801089,78.27947939428383,402.4618154644699,0,1,1,0,0,0,2,0,0,0,0
228000.0,101,39.206208,-3.873742,-151.980458,11.177243,102,39.213698,-3.858235,-129.404574,24.550018,1580.140829,3,-1,0,6,58.056977596798866,-121.93321943739177,-149.96256440320113,7.4713545626082265,22.575884000000002,0.00019188500000000275,13.718615646157046,5.717030439310543,1340.8674559544856,836.014057917062,97.89285931081267,276.36548206563555,0,1,1,0,1,0,2,1,0,1,0
229000.0,101,39.206109,-3.873825,-147.897779,12.826651,102,39.213852,-3.858692,-110.181953,24.663759,1564.29293,3,-1,0,6,56.55636877304399,-123.43406468481548,-155.545852226956,-13.252111684815489,37.71582600000002,0.00011374099999999743,16.332961751900296,-2.356412632991832,1305.290486510231,862.1073695740396,75.00814939977062,1041.94751413337,0,1,1,0,1,0,2,0,0,0,0
230000.0,101,39.206067,-3.873897,-131.65053,8.474281,102,39.213874,-3.859042,-104.005917,25.350143,1548.445034,3,-1,0,6,55.84743921947121,-124.14316998206633,-172.5020307805288,-20.13725298206633,27.644612999999993,0.0006863840000000003,18.264415174562558,0.5034109493786953,1281.4089973996854,869.2945442727654,71.03279134112212,833.6887061643678,0,1,2,0,1,0,2,1,0,1,0
231000.0,101,39.206008,-3.87397,-135.626493,8.962407,102,39.213555,-3.859126,-120.699444,24.476282,1532.59714,3,-1,0,6,56.723810682370804,-123.26680551090942,-167.64969631762918,-2.5673615109094214,14.927049000000011,-0.000873860999999998,14.778401856264718,6.089694445315654,1281.3055384422955,840.8983949879313,90.22285681313835,296.07875459623165,0,1,2,0,0,0,2,1,0,1,0
232000.0,101,39.205917,-3.873955,-178.378857,9.494226,102,39.21379,-3.859677,-98.792174,26.796725,1516.749248,3,-1,0,6,54.558133176080524,-125.43284080675649,-127.06300982391946,-26.640666806756485,79.58668300000002,0.0023204429999999976,26.213247403258837,-5.394523593057867,1235.702118185825,879.5274620042464,41.08852995282012,1112.5487058872964,0,1,1,1,0,0,2,0,0,0,0
233000.0,101,39.205807,-3.87405,-150.845281,13.488274,102,39.213616,-3.859869,-106.869401,25.552419,1500.901358,3,-1,0,6,54.59462650254128,-125.39640882729833,-154.56009249745873,-18.527007827298334,43.97588000000002,-0.0012443059999999982,17.881787630670566,-4.364322796312309,1223.3448691823432,869.5586337283299,59.381910148003364,1140.2144292686926,0,1,1,0,1,0,2,1,0,0,0
234000.0,101,39.205745,-3.87414,-135.489917,10.787718,102,39.213321,-3.859965,-121.540697,24.784913,1485.053472,3,-1,0,6,55.3987144340997,-124.59232472293937,-169.1113685659003,-3.0516277229393722,13.949219999999997,-0.0007675060000000009,13.560843131779773,5.272074668673674,1222.3826007764146,843.3057523925373,94.48380830470929,350.16880157990624,0,1,2,0,1,0,2,1,0,1,0
235000.0,101,39.205667,-3.874181,-152.660995,9.545218,102,39.213123,-3.860137,-127.060512,24.840374,1469.205589,3,-1,0,6,55.577528247089695,-124.41359374886495,-151.76147675291028,2.646918251135048,25.600482999999997,5.5461000000001094e-05,15.438921975240728,6.491191011057214,1211.935718294811,830.5280714521797,80.82676942215188,307.97064020712736,0,1,1,0,0,0,2,0,0,1,0
236000.0,101,39.205553,-3.874244,-156.737197,13.071641,102,39.212848,-3.860248,-136.090487,25.542374,1453.35771,3,-1,0,6,56.06769617791987,-123.9234561983588,-147.1951068220801,12.16703080164119,20.646710000000013,0.0007019999999999982,12.551550796070448,6.392689552969653,1205.8475376436318,811.283149815916,94.529473227266,207.8886350090318,0,1,1,0,0,0,2,1,0,1,0
237000.0,101,39.205497,-3.874275,-155.787882,7.89247,102,39.212427,-3.860253,-150.194965,28.400333,1437.509834,3,-1,0,6,57.46442735339986,-122.52670863211581,-146.74769064660015,27.668256367884183,5.592917,0.002857959000000001,10.879563922044493,17.445391197490764,1211.903727987586,773.126042076257,62.20146817556566,619.4854672384391,0,1,1,1,2,0,2,1,0,0,0
238000.0,101,39.205412,-3.874339,-150.910661,10.350896,102,39.212128,-3.860345,-154.218788,29.494486,1421.661963,3,-1,0,6,58.22261037131497,-121.7685433507576,-150.86672862868502,32.45024464924239,3.3081269999999847,0.0010941529999999985,7.795885362481845,17.513385428973955,1208.5556549875562,748.6761421593536,62.132096711906605,799.7974999316855,0,1,1,1,1,0,2,1,0,0,0
239000.0,101,39.205337,-3.874415,-143.33022,10.507695,102,39.211611,-3.860293,-164.580517,34.654226,1405.814097,3,-1,0,6,60.167147417678834,-119.82392544600089,-156.50263258232116,44.7565915539991,21.25029699999999,0.005159740000000003,2.938783667616465,24.978723911049727,1219.5161090607533,699.3523683131746,35.6781779099689,1131.0540530918304,0,1,1,1,1,0,2,0,0,0,0
240000.0,101,39.205239,-3.874475,-152.797037,11.785115,102,39.211556,-3.860564,-155.974469,29.917105,1389.966237,3,-1,0,6,59.62321515107366,-120.36799110935486,-147.57974784892636,35.60647789064514,3.1774320000000102,-0.004737121000000002,6.7930664910066065,16.843614787111527,1199.1497727047072,702.8840321291909,61.47443274118774,849.3653037936466,0,1,1,1,0,0,2,1,0,1,0
241000.0,101,39.205199,-3.874492,-157.405763,5.860932,102,39.211517,-3.86085,-146.263166,26.677253,1374.118382,3,-1,0,6,59.1289620258489,-120.86241428829122,-143.4652749741511,25.400751711708793,11.142596999999995,-0.0032398519999999992,12.56420572735329,16.77363153846938,1179.4393114546122,705.0703782926702,59.44639025534143,521.912858498996,0,1,1,1,0,0,2,0,0,1,0
242000.0,101,39.205146,-3.874553,-141.343564,7.440412,102,39.211681,-3.86131,-123.187063,23.977582,1358.270533,3,-1,0,6,57.504583662302984,-122.48704486670937,-161.15185233769702,0.7000181332906266,18.15650099999999,-0.0026996709999999985,15.418902361190984,7.314452318366792,1145.6121288233678,729.7065787759454,75.67444890084707,177.4608672724613,0,1,2,0,1,0,2,0,0,1,1
243000.0,101,39.205036,-3.874635,-149.232606,12.98189,102,39.211635,-3.8616,-118.215419,23.961649,1342.422691,3,-1,0,6,56.83715766216816,-123.15460236634266,-153.93023633783184,-4.939183366342661,31.017187000000007,-1.5933000000000418e-05,14.473498750866597,0.17407418678675768,1123.767869713481,734.332660523353,77.91724085890651,720.7801981742172,0,1,1,0,0,0,2,0,0,0,0
244000.0,101,39.204937,-3.874637,-172.341087,11.113925,102,39.21109,-3.861534,-145.442764,27.205443,1326.574856,3,-1,0,6,58.778679781086225,-121.21303731883346,-128.8802332189138,24.229726681166554,26.898322999999976,0.0032437939999999978,13.95050816435269,11.390535636080541,1134.4489284709307,687.6237905007197,68.46280621063897,201.67030422103042,0,1,1,1,0,0,2,1,0,1,0
245000.0,101,39.204902,-3.874733,-126.393631,8.581999,102,39.210715,-3.861582,-154.037231,29.755368,1310.727029,3,-1,0,6,60.29315325590922,-119.69853353785302,-173.31321574409077,34.33869746214697,27.643599999999992,0.002549925000000002,6.118349900769607,21.6604655146862,1138.461192614905,649.5471171986022,46.76790395674203,926.582923002196,0,1,2,1,1,0,2,0,0,0,0
246000.0,101,39.204829,-3.874789,-145.477295,9.267516,102,39.210704,-3.861888,-142.866626,26.30953,1294.879211,3,-1,0,6,59.552809657125465,-120.43903517770227,-154.96989534287454,22.42759082229773,2.6106690000000015,-0.003445838000000002,10.630133823623241,13.339288708211605,1116.3109570653037,656.1722473679667,70.07842989827421,464.2687986904764,0,1,1,0,0,0,2,1,0,1,0
247000.0,101,39.204745,-3.874846,-151.322382,10.313751,102,39.210781,-3.86227,-126.082529,24.187643,1279.031401,3,-1,0,6,58.22118899323987,-121.77086128585832,-150.45642900676012,4.311667714141677,25.23985300000001,-0.002121886999999997,14.598344327754203,5.196709961176374,1087.2886220130958,673.5909568758223,75.8021607650766,280.3340921456574,0,1,1,0,0,0,2,0,0,1,0
248000.0,101,39.204633,-3.874888,-161.730827,12.508269,102,39.210666,-3.862504,-125.256095,24.105291,1263.183601,3,-1,0,6,57.83817649842326,-122.15399516945388,-140.43099650157674,3.1020998305461234,36.47473199999999,-8.23520000000002e-05,15.762790226130864,2.0365660892176987,1069.3455974255899,672.4082116555651,69.53592444157188,531.4665527859726,0,1,1,0,0,0,2,0,0,0,0
249000.0,101,39.204585,-3.874948,-142.543947,8.073962,102,39.210585,-3.862767,-122.137718,24.030332,1247.335811,3,-1,0,6,57.55248381508779,-122.4398161863784,-159.90356918491221,-0.30209818637838737,20.406228999999996,-7.495899999999978e-05,15.43800822956031,6.373809523269104,1052.6058187454807,669.2291205156749,70.15499959741557,224.15206796515434,0,1,2,0,1,0,2,1,0,1,0
250000.0,101,39.204502,-3.875029,-142.830171,10.931304,102,39.21069,-3.863192,-106.734575,24.916591,1231.488032,3,-1,0,6,55.99028985995755,-124.00222759312685,-161.17953914004244,-17.26765259312684,36.095596,0.000886258999999999,17.256875510361894,-1.5361447705402425,1020.833127609409,688.8123826808177,56.78151014405633,777.1172937280401,0,1,2,0,1,0,2,0,0,0,0
251000.0,101,39.204407,-3.875116,-144.476444,12.573853,102,39.210521,-3.863391,-113.729039,24.487302,1215.640265,3,-1,0,6,56.057386008205256,-123.93520226459432,-159.46616999179474,-10.206163264594323,30.747404999999986,-0.0004292890000000007,15.11123353537535,-0.37958661176609,1008.4917967024154,678.7676700265005,66.13662880687805,703.9308869807827,0,1,2,0,0,0,2,1,0,1,0
252000.0,101,39.204345,-3.875158,-149.516853,8.617617,102,39.210326,-3.863571,-120.997147,24.418061,1199.792511,3,-1,0,6,56.3264332807345,-123.66624224616963,-154.1567137192655,-2.6690952461696327,28.519706000000014,-6.924099999999811e-05,16.55940264602165,5.148712621230985,998.4793373726312,665.2376134071169,63.14054619782497,343.38926103452104,0,1,1,0,0,0,2,1,0,1,0
253000.0,101,39.204282,-3.875205,-149.642282,8.222619,102,39.210036,-3.86368,-132.867665,25.143831,1183.944769,3,-1,0,6,57.20180550329207,-122.79090924308723,-153.15591249670794,10.07675575691276,16.774617000000006,0.0007257699999999971,14.272903318594155,10.010343047648426,995.2046429992029,641.3212413411023,64.66291031563338,72.52386339173931,0,1,1,0,0,0,2,1,0,1,1
254000.0,101,39.204192,-3.875273,-149.952554,10.984366,102,39.209855,-3.86387,-134.706287,25.303539,1168.097042,3,-1,0,6,57.33998663150123,-122.65280525516252,-152.70745936849877,12.053481744837484,15.246266999999989,0.00015970800000000195,12.483730594213634,8.292160019092735,983.4064267309941,630.3669561400947,73.1234568324151,74.52823081400182,0,1,1,0,2,0,2,1,0,0,1
255000.0,101,39.204077,-3.875344,-153.990638,13.668862,102,39.209924,-3.864269,-118.787523,24.651852,1152.249329,3,-1,0,6,55.728442928881904,-124.26455629798726,-150.2809190711181,-5.477033297987262,35.203115,-0.000651686999999999,15.611126219307659,-0.4130968241708821,952.1934266921528,648.8499012446608,60.436524188746155,673.8723452318303,0,1,1,0,0,0,2,0,0,0,0
256000.0,101,39.204013,-3.875339,-173.616975,7.937893,102,39.209586,-3.864338,-134.547919,25.491818,1136.401633,3,-1,0,6,56.82086654479064,-123.17217948916492,-129.56215845520936,11.37573951083509,39.06905599999999,0.0008399659999999969,17.28460962200421,9.99396639351016,951.1268869906316,621.9053917828473,53.70745795411041,88.15809260414093,0,1,1,0,0,0,2,0,0,1,1
257000.0,101,39.20398,-3.875442,-121.0071,8.472092,102,39.209608,-3.864694,-122.055656,24.691234,1120.553954,3,-1,0,6,55.94702064395653,-124.04618531749243,176.95412064395651,-1.990529317492431,1.0485560000000191,-0.0008005839999999971,13.665174752902805,8.740344641168683,928.4015329149265,627.4645468122072,69.36152650191283,28.776358242217142,1,1,2,0,0,0,2,1,0,1,1
258000.0,101,39.203877,-3.875505,-150.567895,11.849571,102,39.209148,-3.864677,-144.068966,27.235604,1104.706292,3,-1,0,6,57.858558494573124,-122.13459693839208,-151.5735465054269,21.93436906160791,6.498929000000004,0.002544369999999997,10.159370105927055,11.733071112054084,935.3960717765736,587.7160713213011,65.75582288475722,324.4434195111311,0,1,1,0,1,0,2,0,0,0,0
259000.0,101,39.203812,-3.875555,-149.107338,8.980739,102,39.209311,-3.865155,-120.179636,24.973151,1088.85865,3,-1,0,6,55.68823197637778,-124.30519399591725,-155.20443002362222,-4.125557995917248,28.927701999999982,-0.002262452999999997,16.9771355599489,4.847673481661658,899.3782269266497,613.7849498074206,55.759455623305364,346.7170254645458,0,1,1,0,1,0,2,0,0,0,0
260000.0,101,39.203746,-3.875617,-144.598286,9.002026,102,39.209242,-3.865426,-117.371206,24.785011,1073.011028,3,-1,0,6,55.15946608769911,-124.83409200659086,-160.24224791230088,-7.462886006590864,27.22708,-0.00018814000000000065,16.79531974031965,4.057351307724986,880.6687068287621,613.0051345805941,55.46374139479092,391.2890747904378,0,1,2,0,1,0,2,1,0,0,0
261000.0,101,39.203668,-3.875693,-143.468021,10.538438,102,39.209112,-3.86565,-119.498044,24.595333,1057.163428,3,-1,0,6,55.02181563265677,-124.9718360291011,-161.51016336734324,-5.473792029101105,23.969977,-0.0001896780000000007,15.133871324142582,3.642694963372925,866.2083963214392,606.0342627632135,60.24330524359628,389.25537831501333,0,1,2,0,1,0,2,1,0,1,0
262000.0,101,39.203588,-3.875733,-155.537115,9.716502,102,39.208726,-3.865677,-138.646527,25.914301,1041.31585,3,-1,0,6,56.596729704923234,-123.39691377099255,-147.86615529507677,15.249613229007437,16.890588000000008,0.001318967999999998,13.098004530542864,10.608265280989203,869.307592775448,573.2739385356517,58.12046083542893,116.39279960837023,0,1,1,0,0,0,2,1,0,1,1
263000.0,101,39.203507,-3.875783,-154.214444,9.886936,102,39.208665,-3.865957,-131.270261,24.899801,1025.468298,3,-1,0,6,55.88156326892362,-124.11222560232785,-149.90399273107639,7.158035397672151,22.94418299999998,-0.0010144999999999983,14.413996928328226,7.521719999975716,848.9645801150439,575.190726553466,58.68376773425814,133.82369633286817,0,1,1,0,1,0,2,0,0,0,1
264000.0,101,39.203435,-3.875848,-146.821887,9.741789,102,39.208415,-3.866085,-138.442958,25.604723,1009.62077,3,-1,0,6,56.64071720301868,-123.3531115125604,-156.53739579698131,15.089846487439601,8.378929,0.0007049219999999999,11.654155149245508,11.006284742101922,843.274492031811,555.1776565243634,59.81292310255129,178.92446521747576,0,1,1,0,1,0,2,1,0,0,1
265000.0,101,39.203337,-3.875893,-158.445627,11.294819,102,39.208304,-3.866326,-134.433852,24.999189,993.773271,3,-1,0,6,56.1743436077897,-123.81960901474595,-145.3800293922103,10.614242985254052,24.011775,-0.0006055339999999987,13.701364269094906,6.9966010706547515,825.5625197019311,553.2014463262349,59.57073618679962,136.72966966456684,0,1,1,0,0,0,2,0,0,1,1
266000.0,101,39.203266,-3.875924,-160.195291,8.820317,102,39.208249,-3.866617,-127.04309,24.456857,977.925801,3,-1,0,6,55.35455199391884,-124.63956498462066,-144.45015700608116,2.403525015379344,33.15220099999999,-0.0005423320000000018,16.53258181874386,6.434568110944232,804.5255585681493,555.947387683492,50.54282496497773,232.8097555348356,0,1,1,0,0,0,2,0,0,0,0
267000.0,101,39.203176,-3.876002,-148.486075,11.419021,102,39.207666,-3.866521,-153.965688,29.959277,962.078361,3,-1,0,6,58.56538714907416,-121.42861988595286,-152.94853785092585,32.537068114047145,5.4796130000000005,0.005502420000000001,7.1806176309081255,17.184484415157158,820.8797917417911,501.74808441527694,42.96947743697935,564.351448629053,0,1,1,1,1,0,2,1,0,0,0
268000.0,101,39.203088,-3.876074,-147.546584,11.526068,102,39.207469,-3.866685,-152.46847,28.951359,946.230955,3,-1,0,6,58.942127435889034,-121.05193777067674,-153.51128856411097,31.416532229323252,4.921886000000001,-0.001007918,7.19733351694107,15.946789516433917,810.5855689076013,488.16396392908,45.66796777534658,538.3962747652777,0,1,1,1,1,0,2,1,0,1,0
269000.0,101,39.203019,-3.876109,-155.381493,8.812295,102,39.207206,-3.866803,-154.512751,29.409836,930.383584,3,-1,0,6,59.856239606999175,-120.13787808484322,-144.76226739300083,34.374872915156786,0.8687419999999975,0.0004584769999999985,8.984375915891102,18.536430775863472,804.5660748685374,467.2119910140581,37.35354304882748,520.2317308248556,0,1,1,1,0,0,2,1,0,1,0
270000.0,101,39.202932,-3.876184,-147.716659,11.111486,102,39.207011,-3.866973,-152.61248,28.526903,914.53625,3,-1,0,6,60.24964370096744,-119.7445340577701,-152.03369729903255,32.86794594222991,4.895821000000012,-0.0008829329999999977,7.187840138737903,15.935641323410307,793.9964659956617,453.81291800747874,43.40687484322383,537.5100348768073,0,1,1,1,1,0,2,0,0,0,0
271000.0,101,39.202907,-3.876228,-131.977712,5.67637,102,39.206956,-3.86725,-142.776715,25.831637,898.688956,3,-1,0,6,59.79746567980394,-120.19685936229642,-168.22482232019607,22.579855637703574,10.799002999999999,-0.002695266,11.406303344416635,16.77273126361594,776.6942231500444,452.09282604540283,41.177712227253934,388.8058072490164,0,1,2,1,1,0,2,0,0,1,0
272000.0,101,39.202801,-3.876294,-152.693139,11.810216,102,39.206894,-3.867525,-134.410712,24.535238,882.841704,3,-1,0,6,58.93444646760428,-121.06001069254067,-148.3724145323957,13.350701307459317,18.282427000000013,-0.001296399000000001,12.10854052269613,6.675570893035037,756.2223148824713,455.5626024987346,59.195164951089424,72.14574411822414,0,1,1,0,0,0,2,0,0,1,1
273000.0,101,39.202723,-3.876367,-145.687337,10.80776,102,39.20666,-3.867677,-139.579458,25.445545,866.994497,3,-1,0,6,59.684096914699026,-120.31041019925281,-154.62856608530097,19.269047800747174,6.107879000000025,0.0009103069999999995,10.406283079976888,10.444917482194091,748.4377507153072,437.63042756702237,55.007461511645275,222.99696549143232,0,1,1,0,1,0,2,1,0,0,0
274000.0,101,39.202654,-3.876396,-157.929261,8.55697,102,39.206731,-3.868065,-121.460665,24.04782,851.147338,3,-1,0,6,57.723250584013236,-122.27148345111479,-144.34748841598676,-0.810818451114784,36.46859599999999,-0.0013977249999999977,17.297468185471196,4.620951082585148,719.6268626193812,454.5205931320082,43.225409677434925,256.31898663326115,0,1,1,0,0,0,2,0,0,0,0
275000.0,101,39.202565,-3.876472,-148.136849,11.234403,102,39.206708,-3.868381,-114.407095,24.272262,835.30023,3,-1,0,6,56.540668268330435,-123.45421747519414,-155.32248273166954,-9.047122475194143,33.729754000000014,0.0002244419999999998,16.172556642663665,0.4882098812537663,696.8720825433238,460.5385703823121,43.51186405212585,439.3486781894008,0,1,1,0,1,0,2,1,0,0,0
276000.0,101,39.202513,-3.87655,-134.040173,9.119509,102,39.206763,-3.868771,-103.465501,25.555393,819.453176,3,-1,0,6,54.81158488887795,-125.18349806721804,-171.14824211112204,-21.717997067218036,30.574671999999993,0.0012831309999999973,18.297300660895456,-0.388716622460489,669.7074769339021,472.2238907502606,36.21407527840492,486.3525509814379,0,1,2,0,1,0,2,1,0,0,0
277000.0,101,39.202455,-3.876612,-139.197404,8.573105,102,39.206738,-3.869096,-101.301349,26.131312,803.606181,3,-1,0,6,53.66714448349111,-126.32810471701352,-167.13545151650888,-25.026755717013515,37.89605499999999,0.0005759190000000025,20.022489545546797,-1.3686111267787284,647.376032574243,476.1167573083699,31.072046002037037,519.2559218767288,0,1,2,1,0,0,2,0,0,0,0
278000.0,101,39.202385,-3.876671,-145.413424,9.127409,102,39.206541,-3.869275,-112.070558,25.015764,787.759248,3,-1,0,6,54.04942974828222,-125.94589531656224,-160.5371462517178,-13.875337316562238,33.34286599999999,-0.0011155480000000005,18.001473020236066,1.8853095648621636,637.70984618264,462.4832806613003,36.836661463677174,393.8549356511083,0,1,2,0,0,0,2,1,0,1,0
279000.0,101,39.202281,-3.876676,-172.606987,10.986821,102,39.206212,-3.86935,-130.491626,25.201939,771.912381,3,-1,0,6,55.29681161955081,-124.69855771303975,-132.0962013804492,5.793068286960249,42.11536100000001,0.00018617499999999866,17.752371194111795,5.469063041873527,634.5987097517723,439.469227048351,37.385278360343385,236.79897518271574,0,1,1,0,0,0,2,0,0,1,0
280000.0,101,39.202212,-3.876767,-141.606573,10.506168,102,39.205745,-3.869334,-150.968849,29.203562,756.105087,3,-1,0,6,58.47330167676215,-121.52200004946222,-159.92012532323787,29.446848950537785,9.362276000000008,0.004001623000000002,7.647114257123227,17.29994572863002,644.5014063349669,395.3641863137423,34.48087270411696,430.68331610115143,0,1,2,1,1,0,2,1,0,0,0
281000.0,101,39.202128,-3.876789,-162.73841,9.589414,102,39.20571,-3.869632,-139.510956,26.192156,740.297788,3,-1,0,6,57.14034811340856,-122.85512807352043,-140.12124188659146,16.65582792647956,23.227453999999994,-0.0030114060000000008,14.161123450502512,10.762417805668802,621.8517437740601,401.6730308134386,39.02436164545187,71.60701440142178,0,1,1,0,0,0,2,0,0,1,1
282000.0,101,39.202033,-3.876863,-150.894138,11.744977,102,39.205633,-3.869898,-132.54929,25.053815,724.490482,3,-1,0,6,56.29398445990192,-123.70161309491758,-152.81187754009807,8.847676905082437,18.344847999999985,-0.0011383410000000004,12.74399430368657,6.680146227925839,602.7006353994818,402.0427870235372,46.58500102341573,91.29501511821475,0,1,1,0,1,0,2,1,0,0,1
283000.0,101,39.201923,-3.876901,-162.470202,12.500598,102,39.205458,-3.870084,-134.560288,25.085091,708.68317,3,-1,0,6,56.207870125508826,-123.78782099046879,-141.32192787449117,10.772467009531226,27.909913999999986,3.12759999999983e-05,14.108239788417757,5.681113645908287,588.9588546347172,394.15644481425244,42.32797609225449,153.9057708475683,0,1,1,0,0,0,2,0,0,0,1
284000.0,101,39.201898,-3.876963,-130.216833,6.601936,102,39.205381,-3.870353,-128.364377,24.502316,692.875852,3,-1,0,6,55.78251504882589,-124.21330691212717,-174.0006519511741,4.151070087872824,1.8524560000000179,-0.000582774999999998,14.170483258076255,10.944865826216763,572.9452812262871,389.6288631573087,38.40980460070648,42.04331938447391,0,1,2,0,1,0,2,1,0,1,1
285000.0,101,39.201831,-3.876996,-154.651953,7.614993,102,39.205204,-3.870542,-131.557042,24.696899,677.068528,3,-1,0,6,56.00095133915558,-123.99496923666445,-149.34709566084445,7.56207276333555,23.094910999999996,0.00019458299999999796,15.220483196290647,9.501216390400902,561.3215353016284,378.60259589008314,35.77901458539009,42.13025390324007,0,1,1,0,0,0,2,0,0,0,1
286000.0,101,39.201704,-3.877111,-146.597957,15.538999,102,39.205048,-3.870748,-132.280236,24.75683,661.261199,3,-1,0,6,55.853062494743725,-124.14291561224843,-157.54898050525628,8.137320387751572,14.317721000000006,5.99310000000024e-05,9.76228534504331,3.6829440022573348,547.2602797745502,371.1772615395489,56.79237755263332,162.17238903072774,0,1,2,0,1,0,2,1,0,0,1
287000.0,101,39.201669,-3.877165,-133.912373,7.656846,102,39.204677,-3.870799,-147.466625,27.54836,645.561703,3,-1,1,6,58.62474443427022,-121.37123179396627,-167.46288256572979,26.09539320603372,13.554251999999991,0.0027915299999999982,9.299252212230922,17.91496285391303,551.1649123424593,336.10586395180513,28.8095196198114,335.61983091380756,0,1,2,1,1,0,2,1,0,0,0
288000.0,101,39.201643,-3.877266,-112.474435,8.697537,102,39.204468,-3.870964,-147.710313,27.456897,630.69245,3,-1,1,6,59.94948546340551,-120.04653122749203,172.42392046340552,27.66378177250799,35.235878000000014,-9.146299999999741e-05,6.630519061229101,19.88608994928451,545.917448015308,315.8276530632745,27.55248627241064,431.04400381336234,1,1,2,1,0,0,2,0,0,0,0
289000.0,101,39.201579,-3.877299,-148.924277,7.59611,102,39.204417,-3.871251,-136.951818,25.26076,615.648612,3,-1,1,6,58.80117247572386,-121.19500476580005,-152.27455052427615,15.756813234199953,11.972458999999986,-0.0021961370000000003,13.322439015300088,11.954095470295478,526.6103457044815,318.9118330425088,32.63398556730423,116.2103559626892,0,1,1,0,1,0,2,1,0,1,1
290000.0,101,39.201485,-3.877407,-139.950029,12.758967,102,39.204294,-3.871486,-133.52522,24.87156,600.985403,3,-1,1,6,58.52253650229634,-121.47372102080017,-161.52743449770367,12.05149897919982,6.42480900000001,-0.0003892000000000024,9.823827298605062,7.361612484771911,512.5477662129623,313.81243118967575,46.514440022391746,62.526773141867054,0,1,2,0,1,0,2,1,0,1,1
291000.0,101,39.201407,-3.877527,-131.663298,13.257741,102,39.204158,-3.871715,-131.907801,24.813919,587.755136,3,-1,1,6,58.580840491975714,-121.41548593497983,-169.75586150802428,10.492315065020179,0.2445030000000088,-5.764100000000028e-05,8.562646887304743,7.760948336763727,501.5764359571345,306.39382955098336,50.086594796634984,109.83251551834505,0,1,2,0,1,0,2,1,0,0,1
292000.0,101,39.201389,-3.877712,-102.003108,15.070906,102,39.204006,-3.871934,-131.865406,24.954166,576.469204,3,-1,1,6,59.69259203939824,-120.30375588446039,161.69570003939825,11.56165011553962,29.86229800000001,0.00014024700000000222,3.8423320466976048,13.519769816442782,497.6833373714198,290.9089872507193,56.23775857685246,547.3995449268646,1,1,2,0,0,0,2,0,0,0,0
293000.0,101,39.20131,-3.877841,-123.3464,14.264121,102,39.204181,-3.872436,-104.890287,25.917196,564.900311,3,-1,1,6,55.56910547316102,-124.4274782077391,178.91550547316103,-19.5371912077391,18.456113000000016,0.0009630299999999998,13.131176271158395,-1.1810651617670747,465.93471475766995,319.40131958335036,33.99253459451895,360.0810647161117,1,1,2,0,0,0,2,1,0,1,0
294000.0,101,39.201281,-3.878004,-106.251628,14.207693,102,39.204169,-3.872765,-101.26459,26.448969,552.208941,3,-1,1,6,54.571470060957175,-125.42521854446265,160.82309806095716,-24.160628544462654,4.987037999999984,0.0005317730000000011,12.299464066956546,1.1904310672906635,449.961517464165,320.10833685127193,38.38062777769808,275.30727639614463,1,1,2,1,1,0,2,1,0,1,0
295000.0,101,39.201257,-3.878149,-103.003056,13.070359,102,39.203958,-3.872929,-114.272068,25.053281,541.671098,3,-1,1,6,56.26620306135717,-123.73049756157427,159.26925906135716,-9.458429561574263,11.269011999999975,-0.0013956880000000034,10.103456050038476,7.357781810680921,450.46814366322513,300.8089592301625,48.90419647200998,73.39564160599106,1,1,2,0,1,0,2,0,0,1,1
296000.0,101,39.201221,-3.878295,-106.84231,13.162997,102,39.203695,-3.87306,-128.228435,25.206516,530.893931,3,-1,1,6,58.62114983567645,-121.37554131690455,165.46345983567645,6.852893683095445,21.386124999999993,0.00015323500000000224,7.202595078928203,11.783920973098667,453.2470100516592,276.4335613702936,46.68689058725342,297.6702872140858,1,1,2,0,0,0,2,0,0,0,0
297000.0,101,39.201143,-3.878438,-122.348822,14.724034,102,39.203736,-3.873429,-113.287974,25.043007,519.415553,3,-1,1,6,56.2543047216525,-123.74252927832502,178.6031267216525,-10.454555278325017,9.060847999999964,-0.00016350900000000124,10.56378253375067,2.0223965763043843,431.899928110668,288.5393713105643,42.939421014019885,202.86308164775906,1,1,2,0,0,0,2,1,0,1,0
298000.0,101,39.201009,-3.878488,-156.573797,14.977618,102,39.203443,-3.873536,-130.18743,25.293086,506.858209,3,-1,1,6,57.61217136813748,-122.38469867369045,-145.81403163186252,7.802731326309555,26.386367000000007,0.0002500789999999995,13.367724705345495,2.578321687911311,428.0122240772886,271.49729293512405,32.78670167534495,187.24456152550425,0,1,1,0,1,0,2,0,0,1,1
299000.0,101,39.200909,-3.878579,-146.885533,13.666014,102,39.203223,-3.873689,-136.52171,25.699757,496.334109,3,-1,1,6,58.58787583763217,-121.40903340239808,-154.52659116236782,15.112676597601933,10.363822999999996,0.00040667100000000287,10.217552958198464,7.202255920882591,423.59164460245614,258.6844919584674,37.008843847629926,46.12688811166304,0,1,1,0,1,0,2,1,0,1,1
300000.0,101,39.200855,-3.878735,-119.474116,14.120997,102,39.203199,-3.873997,-124.955205,24.515932,485.512888,3,-1,1,6,57.44364708613294,-122.55335822915048,176.91776308613294,2.401846770849531,5.481089000000026,-0.0011838250000000023,7.7998332034562665,7.098097253235293,409.220645509848,261.2684973405784,48.941042400845745,90.40046541607609,1,1,2,0,0,0,2,1,0,0,1
301000.0,101,39.200844,-3.878853,-101.336052,10.829234,102,39.203031,-3.874196,-128.538979,24.675747,473.945359,3,-1,1,6,58.78200415759782,-121.21505235990026,160.1180561575978,7.3239266400997565,27.202927000000017,0.00015981500000000182,8.683017815421858,13.245519753393324,405.3187878958566,245.64381428457045,35.71084170015298,246.50680361717352,1,1,2,0,1,0,2,0,0,0,0
302000.0,101,39.200796,-3.879,-111.306772,13.16617,102,39.203087,-3.87458,-111.516615,24.821545,461.260947,3,-1,1,6,56.22107330530591,-123.77613300907592,167.5278453053059,-12.259518009075919,0.20984300000000644,0.0001457979999999992,10.825522790143038,4.319746093985584,383.3950334822914,256.4564476250294,38.76122033431409,96.10270531898306,1,1,2,0,0,0,2,1,0,1,1
303000.0,101,39.200802,-3.879206,-90.956635,16.616649,102,39.202859,-3.874736,-124.110305,24.707111,450.725404,3,-1,1,6,59.29516574148591,-120.70200897689435,150.2518007414859,3.408296023105649,33.15366999999998,-0.00011443399999999926,3.8421540093041777,13.578023484388838,387.53784548437494,230.14736176696,60.418521004645356,610.3319881706726,1,1,1,0,1,0,2,0,0,0,0
304000.0,101,39.200734,-3.879354,-114.876774,14.960362,102,39.202923,-3.875121,-107.734033,25.204982,439.949007,3,-1,1,6,56.28243980038663,-123.71488471490707,171.15921380038662,-15.980851714907075,7.142741000000001,0.000497871,10.43500038038042,1.3840622921096548,365.94255914042077,244.21542164663902,36.71659948688047,194.16027671194382,1,1,2,0,0,0,2,1,0,1,1
305000.0,101,39.200633,-3.879482,-132.023665,15.645312,102,39.202918,-3.875457,-102.330427,25.998641,428.475098,3,-1,1,6,53.77261366699837,-126.22484231839402,-174.20372133300162,-23.894415318394024,29.693238000000008,0.0007936589999999981,13.776504589847278,-4.921568983424134,345.6414013762064,253.22506049125903,19.649269676319996,357.8654605976478,0,1,2,1,1,0,2,0,0,0,0
306000.0,101,39.200544,-3.879487,-164.561964,10.325423,102,39.202767,-3.875671,-110.787979,25.087997,415.930076,3,-1,1,6,53.06495008190029,-126.93263800880896,-142.37308591809972,-16.144659008808958,53.77398499999998,-0.0009106439999999978,20.706185298737516,-1.0488687444309601,332.460067873963,249.93625465427314,15.645171809947087,266.48184670744683,0,1,1,0,0,0,2,0,0,1,0
307000.0,101,39.200433,-3.879631,-139.059,15.854047,102,39.202608,-3.875876,-117.805015,24.694031,405.408198,3,-1,1,6,53.22215860580967,-126.77546804695336,-167.71884139419035,-8.970453046953367,21.253985,-0.0003939660000000025,11.453997809465616,-0.45702731050868195,324.7169575044361,242.7235145482808,27.904957540907102,255.5276150234402,0,1,2,0,1,0,2,1,0,1,0
308000.0,101,39.200386,-3.879803,-114.177047,15.336578,102,39.202356,-3.876009,-131.153898,25.095201,394.586069,3,-1,1,6,56.1747648720719,-123.82283713843583,170.3518118720719,7.331060861564168,16.976850999999982,0.0004011700000000005,4.90397906011656,10.23353390205098,327.79818475081913,219.6508955659881,42.94727483088321,249.13281012686085,1,1,2,0,0,0,2,1,0,1,0
309000.0,101,39.200289,-3.87994,-129.340825,15.852672,102,39.202203,-3.876221,-131.623283,25.046606,383.020986,3,-1,1,6,56.409509495780036,-123.58813992459528,-174.24966550421996,8.035143075404704,2.282457999999991,-4.859499999999883e-05,6.462767561724814,6.587190426293221,319.0614900062117,211.9076244768655,42.1722457512717,80.65191476204654,0,1,2,0,1,0,2,1,0,1,1
310000.0,101,39.200296,-3.880104,-93.872968,13.774732,102,39.202086,-3.87646,-128.832791,24.758469,370.347461,3,-1,1,6,57.6287941147602,-122.36890271171384,151.5017621147602,6.463888288286142,34.95982299999997,-0.00028813699999999897,5.543058941304501,14.594382896130393,312.7943914621341,198.28492262141302,35.260661557846,337.3859629838095,1,1,1,0,0,0,2,0,0,0,0
311000.0,101,39.200299,-3.880258,-89.841151,13.389735,102,39.201789,-3.876579,-141.415151,26.74235,359.815316,3,-1,1,6,62.40602695887762,-117.59164775336377,152.24717795887761,23.823503246636236,51.57400000000004,0.001983880999999997,3.2887958021516663,20.941227270756563,318.8871544624579,166.6674663724639,19.787056542893765,354.6470105380679,1,1,1,1,0,0,2,0,0,0,0
312000.0,101,39.200248,-3.880389,-111.731133,12.667056,102,39.201823,-3.876929,-122.680285,24.515316,349.03997,3,-1,1,6,59.568566017609086,-120.42924711251716,171.2996990176091,2.2510378874828376,10.949151999999998,-0.0022270339999999997,8.867631088524915,8.547065458139055,300.95479821483775,176.79114822034265,31.352933181896898,94.0229638487388,1,1,2,0,0,0,2,1,0,1,1
313000.0,101,39.200179,-3.880515,-122.914847,13.199572,102,39.201689,-3.877153,-124.227217,24.494558,337.572704,3,-1,1,6,59.90315560637518,-120.09471946867984,-177.18199739362484,4.132497531320155,1.3123699999999872,-2.0757999999997168e-05,9.171666045078439,6.6050640408802614,292.0608280859783,169.2802504239766,30.113548800747566,33.60478453284635,0,1,2,0,1,0,2,1,0,1,1
314000.0,101,39.200021,-3.880634,-146.720475,18.985192,102,39.201548,-3.877373,-125.870134,24.525266,325.046348,3,-1,1,6,58.856158546890285,-121.1417803709272,-154.42336645310974,4.728353629072799,20.850340999999986,3.070799999999707e-05,9.45634777976313,-1.5011065839306923,278.1979360453349,168.11019222002227,28.130053844715558,210.68936058124,0,1,1,0,0,0,2,0,0,0,0
315000.0,101,39.199973,-3.880688,-140.101143,9.165631,102,39.201533,-3.877693,-114.929727,24.487607,314.527816,3,-1,1,6,56.09229944064789,-123.90580760111466,-163.8065575593521,-8.97608060111466,25.171415999999994,-3.7658999999997886e-05,16.326834749167983,3.2900121572264984,261.03837160471477,175.46143618381987,16.813670702200028,120.89762293824583,0,1,2,0,1,0,2,0,0,1,1
316000.0,101,39.199867,-3.880844,-132.730212,16.160353,102,39.201471,-3.87798,-111.821339,24.752537,303.704631,3,-1,1,6,54.14302716694174,-125.85516267528527,-173.12676083305826,-14.033823675285277,20.908873,0.00026492999999999965,11.10825584448113,-1.7647056721509369,246.1470631054906,177.89920240233735,20.553523150872707,214.91129880028848,0,1,2,0,1,0,2,1,0,0,0
317000.0,101,39.199799,-3.880991,-122.921612,14.974045,102,39.201398,-3.878263,-110.675092,25.047801,292.144309,3,-1,1,6,52.89618551034885,-127.10209029163352,175.81779751034884,-16.42699829163351,12.246519999999975,0.0002952639999999995,10.865225912712225,0.7053202761845121,232.9978730704327,176.23929308114583,22.029204110617243,160.82723149762734,1,1,2,0,0,0,2,1,0,1,1
318000.0,101,39.1998,-3.881133,-95.721892,12.40362,102,39.201169,-3.87842,-124.953693,24.892553,279.489596,3,-1,1,6,56.92867718775256,-123.06960809900467,152.65056918775255,1.884084900995333,29.23180099999996,-0.00015524800000000027,8.06049889233614,13.02465697178965,234.21002929504647,152.51261078958913,24.495266224082414,170.54008342526555,1,1,1,0,1,0,2,0,0,0,1
319000.0,101,39.199799,-3.881267,-91.308401,11.675438,102,39.201005,-3.87862,-128.721927,24.90058,268.962958,3,-1,1,6,59.54663666724177,-120.45169033680507,150.8550376672418,8.270236663194922,37.41352599999999,8.027000000002005e-06,7.754816288433084,15.309744659725029,231.8573642539053,136.32034117233437,20.798672006668426,195.29698970315957,1,1,1,0,1,0,2,0,0,0,1
320000.0,101,39.199728,-3.881443,-114.677748,15.939472,102,39.200957,-3.878911,-119.809087,24.445779,258.18929,3,-1,1,6,57.938072733219634,-122.06032695683636,172.61582073321964,-2.2512399568363577,5.131338999999997,-0.0004548009999999998,6.727549096175842,5.497323870010552,218.80892872775783,137.05605488162536,32.486139474397994,41.53156922053955,1,1,2,0,0,0,2,1,0,1,1
321000.0,101,39.199642,-3.881601,-123.378465,16.560898,102,39.200867,-3.879173,-117.763122,24.493087,246.733323,3,-1,1,6,56.93284945941234,-123.06561596510291,-179.68868554058764,-5.3024939651029115,5.615342999999996,4.730799999999746e-05,7.844210971823605,2.298042743554568,206.77034025461182,134.6230257779641,27.58129741733573,71.88169775042768,0,1,2,0,1,0,2,0,0,0,1
322000.0,101,39.199557,-3.88168,-138.448253,12.442671,102,39.20074,-3.879408,-120.118658,24.555845,234.239142,3,-1,1,6,56.1020002849567,-123.89656373994958,-165.44974671504332,-3.7779057399495883,18.329595000000012,6.275800000000232e-05,12.98733634281826,3.0103778921905047,194.42592643795925,130.63894814961353,15.608733709597729,84.06053235796821,0,1,2,0,0,0,2,0,0,0,1
323000.0,101,39.19948,-3.881732,-148.724913,10.166869,102,39.200625,-3.87965,-120.600005,24.535544,223.726217,3,-1,1,6,54.63728458759051,-125.3613995259068,-156.6378024124095,-4.761394525906809,28.124907999999976,-2.0300999999999903e-05,15.840667834485904,3.8001430904412743,182.44975549258183,129.48168555370367,12.134583503315516,83.93907292343641,0,1,1,0,0,0,2,0,0,1,1
324000.0,101,39.199366,-3.881876,-137.740695,16.300539,102,39.200393,-3.879803,-132.735643,25.242485,212.902004,3,-1,1,6,57.40885714504713,-122.58983266154976,-164.85044785495288,10.145810338450246,5.005051999999978,0.000706940999999997,7.5785171191524,5.065798003737267,179.377533339515,114.67765187798015,22.005923616903555,13.005124207216282,0,1,2,0,1,0,2,1,0,1,1
325000.0,101,39.199318,-3.882047,-114.698863,15.403894,102,39.200244,-3.88002,-132.282611,25.148688,201.35258,3,-1,1,6,59.479924351150075,-120.51879453147383,174.17878735115008,11.763816468526173,17.583747999999986,-9.379699999999857e-05,4.611196163852133,10.483233306153814,173.45543638896262,102.25494149316665,20.799366230992256,139.35762739461282,1,1,2,0,0,0,2,0,0,0,1
326000.0,101,39.199323,-3.882177,-92.644863,11.822135,102,39.200124,-3.880261,-128.947351,24.854355,188.736393,3,-1,1,6,61.65400720948666,-118.3447818294529,154.29887020948667,10.602569170547099,36.30248800000001,-0.0002943329999999982,7.520284869781889,15.078062369806451,166.10624024562438,89.61106513212174,14.440154081580758,140.43501721895916,1,1,1,0,1,0,2,0,0,0,1
327000.0,101,39.199306,-3.882333,-97.156508,13.250152,102,39.20017,-3.880634,-108.879052,25.09066,178.220129,3,-1,1,6,56.72585600718612,-123.27307018115103,153.8823640071861,-14.394018181151026,11.72254399999997,0.000236304999999998,10.593948521853195,6.467917091252663,149.00183621215155,97.77968698141656,16.136903058011743,22.920231614085,1,1,1,0,2,0,2,1,0,1,1
328000.0,101,39.199238,-3.882493,-115.899205,15.193765,102,39.200075,-3.880888,-111.249085,24.81476,167.450171,3,-1,1,6,56.06122215349596,-123.93776344698483,171.96042715349597,-12.688678446984838,4.650120000000015,-0.00027590000000000004,9.45993363827304,2.3569695127623804,138.92245773470407,93.48855814953296,15.705310144789255,57.289982026238164,1,1,2,0,0,0,2,1,0,0,1
329000.0,101,39.199133,-3.882664,-126.484201,18.118309,102,39.199921,-3.881102,-119.27024,24.633761,156.018901,3,-1,1,6,56.935941120848945,-123.06307165931044,-176.57985787915106,-3.792831659310437,7.213960999999983,-0.0001809989999999999,6.921106605014554,1.2710040315341704,130.75337437771634,85.12022414261229,19.502099249314266,60.48057239605251,0,1,2,0,1,0,2,0,0,0,1
330000.0,101,39.199045,-3.882722,-145.227312,12.153142,102,39.199827,-3.881367,-117.508257,24.766428,143.595092,3,-1,1,6,53.32375650803609,-126.67538710244916,-161.4489314919639,-9.167130102449164,27.719054999999997,0.00013266700000000143,15.035236513825776,1.456181454098557,115.1666193433803,85.76829388244471,7.915229265537825,74.34156222044774,0,1,2,0,0,0,2,0,0,0,1
331000.0,101,39.198933,-3.882788,-153.597518,13.446448,102,39.199631,-3.881541,-128.319706,24.813616,133.093417,3,-1,1,6,54.15925472131961,-125.83995715009993,-152.24322727868037,2.479748849900062,25.27781200000001,4.718799999999845e-05,13.488563445521649,3.341772874944823,107.89186273578294,77.93076160373938,8.349276525034966,50.25227679461689,0,1,1,0,0,0,2,1,0,1,1
332000.0,101,39.198846,-3.882919,-134.514025,14.28203,102,39.199501,-3.881772,-127.408066,24.71519,122.270356,3,-1,1,6,53.61353773375626,-126.38573734141879,-171.87243726624374,1.0223286585812161,7.105958999999984,-9.84259999999999e-05,9.447781175305163,5.001272830461838,98.43179214969568,72.53428327739817,10.68733042918037,19.252286630837684,0,1,2,0,1,0,2,1,0,1,1
333000.0,101,39.198788,-3.883081,-117.970155,14.985813,102,39.199331,-3.881972,-131.454732,25.029708,110.756686,3,-1,1,6,57.714222270935636,-122.28507682274105,175.68437727093564,9.16965517725896,13.484577000000002,0.00031451799999999963,5.523890274679516,9.541850481537846,93.63308731637079,59.1598550818668,11.51244168759894,58.92257158736868,1,1,2,0,0,0,2,0,0,0,1
334000.0,101,39.198803,-3.883225,-88.901913,12.591254,102,39.199221,-3.882219,-126.815222,24.67879,98.253066,3,-1,1,6,61.800857850247155,-118.19850634160949,150.70277085024713,8.616715658390518,37.91330900000003,-0.0003509180000000001,7.168211498429532,15.029726629012503,86.59146138991218,46.4282650199176,8.227937950039976,82.02268507588752,1,1,1,0,1,0,2,0,0,0,1
335000.0,101,39.198842,-3.883397,-75.86944,14.85327,102,39.199122,-3.882474,-122.553398,24.52094,87.763072,3,-1,1,6,68.62170842582088,-111.37770822381293,144.49114842582088,11.17568977618707,46.68395800000002,-0.00015784999999999983,6.264624396179633,16.820522267017687,81.72444561394644,31.99174574746264,8.284974666246487,111.4306507693688,1,1,1,0,1,0,2,0,0,0,1
336000.0,101,39.198753,-3.883573,-116.943027,16.842422,102,39.199074,-3.882764,-113.431277,24.48788,77.011582,3,-1,1,6,62.886803454555505,-117.11268524586548,179.82983045455552,-3.6814082458654838,3.5117500000000064,-3.305999999999898e-05,7.454249189814204,2.106202984732799,68.5486143301406,35.09802324291738,9.438603755968444,15.325558524258533,1,1,2,0,0,0,2,1,0,1,1
337000.0,101,39.198647,-3.883655,-141.778219,14.178961,102,39.199016,-3.883059,-109.169994,25.12382,65.681013,3,-1,1,6,51.37781927504087,-128.6218040447661,-166.84396172495912,-19.45181004476609,32.608225000000004,0.0006359399999999979,14.95804196449708,-2.8893403945405307,51.31518915568182,40.99691245231478,3.0423905808329947,50.12492086337951,0,1,2,0,1,0,2,0,0,0,1
338000.0,101,39.198526,-3.883702,-158.959566,13.977087,102,39.198876,-3.883284,-118.050033,24.745836,53.538681,3,-1,1,6,42.784814369705344,-137.2149214496405,-158.25561963029466,-19.164888449640515,40.90953300000001,-0.0003779839999999979,16.820975820294525,-1.4086552101653282,36.36597845157053,39.29256894731711,2.017177462592732,42.204384147045914,0,1,2,0,0,0,2,0,0,1,1
339000.0,101,39.198414,-3.8838,-148.258606,14.697003,102,39.198705,-3.883476,-128.151208,24.683077,42.171191,3,-1,1,6,40.7889177434079,-139.21087748543192,-170.95247625659212,-11.059669485431925,20.10739799999999,-6.275899999999978e-05,11.678467547001224,2.748907381663395,27.54934989846008,31.928712321838137,2.6704871851037524,24.855449590384293,0,1,2,0,1,0,2,1,0,1,1
340000.0,101,39.198325,-3.883845,-155.497188,11.309131,102,39.198519,-3.883651,-136.240167,25.044146,26.684112,3,-1,1,6,37.774258985970825,-142.22561840425163,-166.7285530140292,-5.98545140425162,19.25702099999998,0.00036106900000000054,12.631133155690804,7.797375084604003,16.34540623960549,21.091930402189597,1.5657625879558468,9.523003968476383,0,1,2,0,0,0,2,1,0,1,1
341000.0,101,39.198256,-3.883899,-150.038113,9.414743,102,39.198339,-3.883832,-139.411305,25.221278,11.197162,3,-1,1,6,32.02895447182854,-147.97100318471868,-177.93293252817145,-8.559698184718684,10.626808000000011,0.00017713200000000028,11.707631859381575,10.996494722855367,5.938389767029745,9.492732158292492,0.6463544997304917,2.8882484469565823,0,1,2,0,1,0,2,1,0,1,1
