time (ms),BID,b_lat (deg),b_lon (deg),b_head (deg),b_sp (mps),RID,r_lat (deg),r_lon (deg),r_head (deg),r_speed (mps),dist (m),beh_phase,colregs,avoidance,beh_label,abs_b_r,abs_r_b,rel_b_r,rel_r_b,abs_dheading,r_accel,dvx,dvy,xr,yr,cpa_time (s),cpa_dist (m),S_side,S_beam,S_reg_b_r,S_reg_r_b,S_drel_bear,S_ddist,S_accel,S_dabs_heading,S_cpa_t,S_cpa_ddist,S_cpa_tdist
0.0,101,79.222549,-122.702832,95.68761,2.044314,102,79.257385,-122.714172,85.896082,40.22115,3896.025674,0,0,0,8,-3.4722628952138694,176.51659648731794,-99.15987289521388,90.62051448731793,9.791528000000028,0.0,-38.08376871412404,-3.081053650818574,-235.96408666478217,3888.873487563154,-2.0533616232070555,3895.236821020137,0,1,1,1,1,2,2,0,1,0,0
1000.0,101,79.222614,-122.703081,-35.502086,8.982052,102,79.257371,-122.720444,-90.704848,121.809129,3895.091688,2,0,0,8,-5.319723629540288,174.66321864934437,30.18236237045971,-94.63193335065563,55.20276199999995,0.08158797899999999,116.58374162130616,8.810686177158152,-361.12700870105766,3878.3149100496357,-0.5829846869347955,3894.5009794611838,1,0,1,1,0,2,2,0,1,1,0
2000.0,101,79.222748,-122.703225,-18.096191,12.51129,102,79.257413,-122.723277,-88.496207,84.814948,3895.060837,2,0,0,8,-6.153828003206403,173.8264725483349,11.942362996793598,-97.67732045166508,70.40001600000005,-0.036994181,80.89956456051806,9.666626986495924,-417.54343592702486,3872.616222019088,0.5601948701136826,3894.8024213682825,1,0,0,1,1,2,2,0,0,0,0
3000.0,101,79.222844,-122.703261,-12.592526,11.665636,102,79.257482,-122.724483,-85.624902,59.640205,3895.157688,2,0,0,8,-6.5148703111392035,173.46428080547878,6.077655688860796,-100.9108171945212,73.032376,-0.025174743,56.92311900932821,6.835327979967485,-441.9487883456353,3870.004480987758,0.40297215332022523,3895.0921624718067,1,0,0,1,1,2,2,0,0,0,0
4000.0,101,79.222905,-122.703192,-7.01841,9.91928,102,79.257661,-122.718067,24.682207,10.668617,3894.919621,2,0,0,8,-4.560952598402082,175.4244339220122,2.4574574015979183,150.7422269220122,31.700617000000022,-0.048971588,-5.6670731088358295,0.15104450326204777,-309.7224317845515,3882.5855907243367,73.14753433057528,3872.955502463133,1,0,0,1,1,2,2,1,0,1,0
5000.0,101,79.222992,-122.703229,-6.370346,9.875714,102,79.257813,-122.708546,78.43804,58.214342,3894.682468,2,0,0,8,-1.6302456665991558,178.3645308105939,4.740100333400844,99.92649081059389,84.80838599999998,0.047545725000000004,-58.128843385726334,-1.8530196660173583,-110.80105014984697,3893.106041945462,-0.22763746461374734,3894.659773338639,1,0,0,1,0,2,2,0,1,0,0
6000.0,101,79.223079,-122.703155,-2.838719,9.796192,102,79.257923,-122.708501,75.020085,45.68754,3894.446229,2,0,0,8,-1.6380345543096713,178.3567134310109,1.200684445690329,103.3366284310109,77.85880400000002,-0.012526802000000004,-44.62007101535281,-2.0251636619064275,-111.32353177717458,3892.854801022635,-1.45113607276558,3893.8988692958487,1,0,0,1,1,2,2,1,1,1,0
7000.0,101,79.223178,-122.703017,1.104875,10.064632,102,79.258002,-122.710548,67.329293,29.089802,3894.210905,2,0,0,8,-2.3082119946580675,177.68438940185817,-3.4130869946580678,110.35509640185816,66.22441800000001,-0.016597738,-26.64811483163673,-1.149447776277185,-156.83935588307583,3891.051270423856,-0.40788631134171,3894.195403920581,0,0,0,1,1,2,2,1,1,0,0
8000.0,101,79.223272,-122.703082,-0.464188,10.125153,102,79.258085,-122.711813,58.130565,20.58623,3893.976495,2,0,0,8,-2.67632927861502,177.31509321162835,-2.21214127861502,119.18452821162836,58.59475299999997,-0.008503572,-17.564956342421176,-0.7444074918747106,-181.82445571282827,3889.72914364448,0.9537992682347406,3893.939558983076,0,0,0,1,0,2,2,1,0,1,0
9000.0,101,79.223359,-122.703099,-0.709647,10.064378,102,79.258196,-122.70934,64.056408,25.398784,3893.743001,2,0,0,8,-1.9124119604655017,178.08145675377472,-1.2027649604655015,114.02504875377471,64.76605500000005,0.004812553999999998,-22.963877297193587,-1.0480080707977386,-129.94077691694753,3891.5742254684938,-2.0481248804459384,3893.4519501195878,0,0,0,1,0,2,2,0,1,1,0
10000.0,101,79.22345,-122.703151,-1.507966,10.088466,102,79.258297,-122.708142,64.282982,25.680504,3893.510421,2,0,0,8,-1.5291307773981033,178.46596596078956,-0.021164777398103407,114.18298396078956,65.79094800000001,0.00028171999999999995,-23.402290638843112,-1.0584843235352057,-103.89909905480074,3892.1238900696876,-3.04287648282832,3892.843465940547,0,0,0,1,0,2,2,0,1,1,0
11000.0,101,79.223528,-122.703134,-1.053814,9.873727,102,79.258394,-122.707388,63.40199,24.793393,3893.278757,2,0,0,8,-1.3026938419031788,178.693126939142,-0.2488798419031788,115.29113693914199,64.455804,-0.0008871110000000009,-22.351095482046194,-1.228640067961324,-88.51111463250088,3892.27250617091,-5.5218571284481275,3891.2636285954445,0,0,0,1,2,2,2,1,1,1,0
12000.0,101,79.223617,-122.703139,-1.004072,9.884322,102,79.258435,-122.711036,45.286928,14.655687,3893.048008,2,0,0,8,-2.4205783978413042,177.57166342181114,-1.4165063978413042,132.28473542181115,46.291,-0.010137705999999998,-10.58810998051132,-0.4283047393223587,-164.42092352966273,3889.5743407856885,0.660382483243921,3893.0415779499995,0,0,0,1,1,2,2,1,0,0,0
13000.0,101,79.223708,-122.703123,-0.658981,9.932375,102,79.258487,-122.713781,16.560788,10.243881,3892.818174,2,0,0,8,-3.2689122759119167,176.72061707627952,-2.609931275911917,160.15982907627952,17.219768999999985,-0.004411806000000001,-3.034072031220429,0.11277508395302327,-221.97758229564883,3886.4841809510654,121.21720684476608,3875.5575544263147,0,0,0,2,1,2,2,1,0,1,0
14000.0,101,79.223795,-122.703103,-0.320487,9.89909,102,79.258552,-122.715715,-9.159441,9.671231,3892.589256,2,0,0,8,-3.8689542514487707,176.1186554461075,-3.5484672514487707,-174.7219035538925,8.838954000000001,-0.0005726499999999994,1.4841186302768024,0.35102011343819406,-262.6512336913382,3883.717992512723,426.661011609127,3839.918011033238,0,0,0,2,1,2,2,1,0,1,0
15000.0,101,79.223892,-122.703075,0.055238,10.017601,102,79.258647,-122.71555,-6.26159,9.713429,3892.361253,2,0,0,8,-3.827239476510376,176.16050480891658,-3.8824774765103762,-177.5779051910834,6.316827999999987,4.219799999999907e-05,1.0690816442252205,0.36211478778232653,-259.8083651446764,3883.680694554662,901.1182904463323,3761.7896768737687,0,0,0,2,2,2,2,1,0,1,0
16000.0,101,79.223992,-122.703058,0.249884,10.166616,102,79.258745,-122.71506,-0.2099,9.770125,3892.134167,2,0,0,8,-3.682713830228573,176.3054951369382,-3.9325978302285733,176.5153951369382,0.4597840000000133,5.669600000000052e-05,0.08013175330272618,0.39645987248873205,-249.99657889151226,3884.097074542721,9289.345535958224,1014.5280897879461,0,0,0,2,2,2,2,1,0,1,0
17000.0,101,79.224075,-122.703061,0.200396,10.046284,102,79.258805,-122.716947,-19.662243,10.093635,3891.907996,2,0,0,8,-4.261597181307453,175.72476089895036,-4.461993181307452,-164.61299610104965,19.862639,0.00032351000000000065,3.431391037991133,0.5411223691049489,-289.2090106597191,3881.1475103997223,94.2771709709826,3878.830482178327,0,0,0,2,1,2,2,0,0,0,0
18000.0,101,79.224156,-122.703054,0.263301,9.914118,102,79.258894,-122.717132,-19.792433,10.139297,3891.682742,2,0,0,8,-4.319272703259973,175.6668967479664,-4.582573703259973,-164.5406702520336,20.05573400000003,4.566199999999832e-05,3.478864292210445,0.373690240812941,-293.09876946782384,3880.6298040030933,35.80563638507415,3889.737867888721,0,0,0,2,2,2,2,0,0,0,0
19000.0,101,79.224241,-122.703014,0.676635,9.864471,102,79.258936,-122.719547,-37.485149,11.55639,3891.458403,2,0,0,8,-5.075069163911398,174.90868843581768,-5.751704163911398,-147.6061625641823,38.161783999999955,0.0014170930000000012,7.149199688500718,0.693659350274995,-344.24185785740804,3876.202528968035,4.537890520020551,3891.329369671556,0,0,0,1,1,2,2,0,0,0,0
20000.0,101,79.224327,-122.70302,0.556631,9.83945,102,79.259046,-122.717781,-22.186475,10.145226,3891.234981,2,0,0,8,-4.530373049629126,175.4551253990298,-5.087004049629126,-162.3583996009702,22.743105999999955,-0.0014111640000000012,3.9266519390532233,0.44491473392237957,-307.3591574989136,3879.0772131603194,33.93571802847383,3889.019314076192,0,0,0,2,0,2,2,1,0,1,0
21000.0,101,79.224416,-122.703041,0.28095,9.846706,102,79.25915,-122.716637,-11.270353,9.736724,3891.012476,2,0,0,8,-4.172304945408139,175.81433802220042,-4.453254945408139,-172.91530897779958,11.551303000000019,-0.0004085019999999986,1.951215942036552,0.2976274132858361,-283.0949581825981,3880.700366304933,156.95991060340307,3879.018152451219,0,0,0,2,0,2,2,1,0,1,0
22000.0,101,79.224504,-122.703056,0.103604,9.845212,102,79.259255,-122.714207,9.337708,9.827478,3890.790887,2,0,0,8,-3.422275129804841,176.5667698602024,-3.525879129804841,167.22906186020242,9.234104000000002,9.075399999999866e-05,-1.5767379771414616,0.14794037510026747,-232.25865759081051,3883.8524228317897,378.0258203449195,3845.1747218680744,0,0,0,2,0,2,2,1,0,1,0
23000.0,101,79.224581,-122.703054,0.117437,9.684972,102,79.259356,-122.711596,26.844931,10.982505,3890.570215,2,0,0,8,-2.621027904401645,177.3705802273374,-2.7384649044016447,150.5256492273374,26.72749399999998,0.0011550270000000005,-4.9395997313878945,-0.11399040042277342,-177.9142719360974,3886.500110599072,17.764897868595355,3889.570295074227,0,0,0,1,0,2,2,0,0,0,0
24000.0,101,79.224663,-122.703024,0.418683,9.608799,102,79.259447,-122.711857,23.770974,10.727263,3889.928347,2,0,0,8,-2.7094639574291177,177.28185828635299,-3.128146957429118,153.510884286353,23.352291000000037,-0.00025524199999999906,-4.253749009833151,-0.2086623123446394,-183.88252969371226,3885.579719947539,-1.5612835184703115,3889.922557416048,0,0,0,1,2,2,2,1,1,0,0
25000.0,101,79.224757,-122.703022,0.407786,9.734756,102,79.259493,-122.714319,6.307586,9.598488,3889.289005,2,0,0,8,-3.468391558949215,176.52050998811976,-3.876177558949215,170.21292398811977,5.8998000000000275,-0.001128775000000001,-0.9852629288740355,0.194126681350566,-235.2937701711701,3882.1650925910562,988.3874806587947,3763.4669609639236,0,0,0,2,1,2,2,1,0,1,0
26000.0,101,79.224849,-122.703015,0.442754,9.802855,102,79.25958,-122.714712,3.189925,9.567872,3888.65219,2,0,0,8,-3.5913686375484826,176.39713993619105,-4.034122637548482,173.20721493619106,2.747171000000037,-3.0616000000000196e-05,-0.45666224078614936,0.24951511568997375,-243.5858357633961,3881.0155623763276,4042.245684338548,3289.1191990172147,0,0,0,2,2,2,2,1,0,1,0
27000.0,101,79.224936,-122.702977,0.791104,9.794567,102,79.259671,-122.714751,2.742522,9.597491,3888.017905,2,0,0,8,-3.6145020494686566,176.3739308741251,-4.405606049468656,173.6314088741251,1.9514179999999897,2.9619000000000283e-05,-0.3239855628985874,0.20713496326096248,-245.1128049107722,3880.2838739542453,6059.750759447264,3137.3886798102426,0,0,0,2,2,2,2,1,0,1,0
28000.0,101,79.225027,-122.702949,1.008769,9.836612,102,79.25977,-122.713716,9.222925,9.789813,3887.386149,2,0,0,8,-3.3052944731340634,176.68412774948362,-4.3140634731340635,167.46120274948362,8.214156000000003,0.00019232200000000077,-1.395895691869155,0.17183504547547557,-224.1322222376552,3880.9194552827116,500.77277729333423,3824.468125335335,0,0,0,2,2,2,2,0,0,0,0
29000.0,101,79.225117,-122.702976,0.640152,9.862978,102,79.259867,-122.71291,13.552518,9.998801,3886.756925,2,0,0,8,-3.0494419974117926,176.940798582778,-3.6895939974117926,163.388280582778,12.91236600000002,0.00020898799999999974,-2.2328901520858353,0.14197268910994332,-206.76644990669277,3881.2532807365765,203.88727429871938,3860.31295467696,0,0,0,2,0,2,2,0,0,0,0
30000.0,101,79.225216,-122.702963,0.713894,10.01633,102,79.259963,-122.711894,18.495041,10.303124,3886.130233,2,0,0,8,-2.7422616842196623,177.24896426640439,-3.456155684219662,158.7539232664044,17.781147000000033,0.0003043230000000001,-3.143585298636798,0.24457337950460278,-185.9250012945802,3881.680059166423,156.2640374748381,3855.5688492679155,0,0,0,2,2,2,2,0,0,1,0
31000.0,101,79.225313,-122.702958,0.692984,10.129645,102,79.260051,-122.712002,17.092179,10.22476,3885.506074,2,0,0,8,-2.777599942189025,177.21351499153693,-3.470583942189025,160.1213359915369,16.399194999999963,-7.836400000000054e-05,-2.882644150621675,0.3557396114801019,-188.28881923281298,3880.94122238959,232.36746486698655,3828.6821761021793,0,0,0,2,2,2,2,1,0,1,0
32000.0,101,79.225409,-122.702969,0.522637,10.204281,102,79.260136,-122.712267,14.978657,10.105746,3884.88445,2,0,0,8,-2.8563613363284257,177.13450405829713,-3.3789983363284257,162.15584705829713,14.456020000000024,-0.00011901399999999996,-2.5188437005495135,0.44148178517782277,-193.59258169615683,3880.0578735585914,344.56602816454347,3788.4330303657066,0,0,0,2,2,2,2,1,0,1,0
33000.0,101,79.225494,-122.702986,0.311729,10.108069,102,79.260219,-122.712659,12.324529,9.970711,3884.265362,2,0,0,8,-2.9715067240382957,177.01899025785036,-3.283235724038296,164.69446125785035,12.01279999999997,-0.00013503500000000023,-2.0732401437121375,0.36699056819763065,-201.35771331021726,3879.042726462738,423.46278771735444,3784.6040488879576,0,0,0,2,2,2,2,1,0,1,0
34000.0,101,79.22558,-122.703007,0.077002,10.03412,102,79.260297,-122.713363,8.20354,9.794735,3883.648811,2,0,0,8,-3.1816115780298166,176.80821440332866,-3.2586135780298164,168.60467440332866,8.126537999999982,-0.00017597600000000035,-1.3841263481527546,0.33960137974151827,-215.5466413487835,3877.662663588076,809.1109384628074,3714.656703232924,0,0,0,2,2,2,2,1,0,1,0
35000.0,101,79.225663,-122.703018,-0.049545,9.93482,102,79.260381,-122.713647,6.410459,9.740663,3883.034798,2,0,0,8,-3.265184668900938,176.72437310687337,-3.2156396689009377,170.31391410687337,6.460004000000026,-5.4071999999999675e-05,-1.0961391737253823,0.2550562490078363,-221.1674955091712,3876.7311205974943,984.3950927011662,3725.762896922851,0,0,0,2,2,2,2,1,0,0,0
36000.0,101,79.22576,-122.702999,0.154276,10.064378,102,79.260474,-122.712146,13.495711,9.983911,3882.423324,2,0,0,8,-2.811012552322247,177.1800011785015,-2.9652885523222468,163.6842901785015,13.341435000000047,0.00024324800000000125,-2.3028714574707414,0.35611232895256784,-190.40081356009432,3877.7517193516737,341.2785881988897,3803.13281039194,0,0,0,2,2,2,2,0,0,0,0
37000.0,101,79.225848,-122.70297,0.43602,10.022303,102,79.260541,-122.713351,7.288086,9.698527,3881.814391,2,0,0,8,-3.1914064705805867,176.79839494143542,-3.6274264705805868,169.51030894143543,6.852066000000036,-0.0002853840000000005,-1.154070324292264,0.40184172076721225,-216.10741136863697,3875.7941835095226,1236.783537279384,3589.3428557419925,0,0,0,2,1,2,2,1,0,1,0
38000.0,101,79.225943,-122.702957,0.528424,10.097328,102,79.260634,-122.712524,10.882617,9.827164,3881.207999,2,0,0,8,-2.9417648750383956,177.04883623066917,-3.470188875038396,166.16621923066916,10.35419300000001,0.00012863699999999945,-1.7622204679587656,0.4464659202176957,-199.18719490097465,3876.0933932103685,645.6695978028805,3708.570797478772,0,0,0,2,2,2,2,0,0,0,0
39000.0,101,79.22603,-122.702953,0.52307,10.059963,102,79.260722,-122.712503,10.567973,9.821287,3880.604149,2,0,0,8,-2.936438496762541,177.0541793075089,-3.4595084967625414,166.4862063075089,10.044902999999977,-5.87699999999991e-06,-1.7094034582326278,0.4048452569655385,-198.7959273177535,3875.5088363359314,632.6726610453105,3725.45624432727,0,0,0,2,2,2,2,1,0,0,0
40000.0,101,79.226114,-122.703008,-0.084231,9.967853,102,79.260798,-122.713219,6.996881,9.68508,3880.002844,2,0,0,8,-3.139988517841526,176.84997989828466,-3.055757517841526,169.85309889828466,7.081111999999962,-0.00013620700000000063,-1.1944448615551955,0.35488910799488416,-212.52990962309926,3874.1777330117015,1067.1258730049367,3653.262515381341,0,0,0,2,2,2,2,1,0,1,0
41000.0,101,79.226208,-122.70306,-0.60126,10.026714,102,79.260878,-122.713747,4.401559,9.61384,3879.404083,2,0,0,8,-3.28734817198889,176.70215260484164,-2.68608817198889,172.30059360484165,5.002819000000045,-7.123999999999953e-05,-0.8430433509087939,0.44067635844204567,-222.45890153479104,3873.0205365224965,2123.336950636464,3329.446695994353,0,0,0,2,2,2,2,1,0,1,0
42000.0,101,79.226303,-122.703045,-0.400201,10.109637,102,79.26097,-122.712783,8.425774,9.71595,3878.807869,2,0,0,8,-2.996227171361485,176.99420592801937,-2.596026171361485,168.56843192801938,8.825974999999971,0.0001021099999999997,-1.4942724774192857,0.4983093121317328,-202.74605566743878,3873.505456499012,920.166406365508,3610.5685675872305,0,0,0,2,2,2,2,0,0,0,0
43000.0,101,79.226386,-122.703069,-0.610327,9.997063,102,79.261061,-122.712072,11.089056,9.814764,3878.214201,2,0,0,8,-2.769786494138122,177.22136868853605,-2.159459494138122,166.13231268853605,11.699383000000012,9.881400000000085e-05,-1.9942068531324593,0.3649791649756544,-187.40720632779397,3873.683508994311,442.2252300843026,3776.6825386333367,0,0,0,2,2,2,2,0,0,0,0
44000.0,101,79.226476,-122.703062,-0.486198,10.012679,102,79.26115,-122.7118,11.809578,9.850081,3877.623082,2,0,0,8,-2.6884362764038663,177.30297924767382,-2.2022382764038664,165.49340124767383,12.29577599999999,3.5316999999999154e-05,-2.100878594526017,0.370732298775831,-181.87932417889417,3873.355222219543,406.4851638699835,3782.84242594947,0,0,0,2,2,2,2,0,0,0,0
45000.0,101,79.226564,-122.703041,-0.231734,9.987196,102,79.261239,-122.711443,12.814883,9.898724,3877.034512,2,0,0,8,-2.585106683551269,177.40663893468368,-2.353372683551269,164.59175593468368,13.046617000000026,4.864300000000021e-05,-2.235948041956856,0.33494998286693445,-174.86711575589865,3873.0889609026917,335.75263676364807,3804.4632271654095,0,0,0,2,2,2,2,0,0,0,0
46000.0,101,79.226654,-122.703035,-0.146909,9.995027,102,79.26132,-122.711866,10.803402,9.805211,3876.448493,2,0,0,8,-2.717590518054021,177.27373363500132,-2.570681518054021,166.47033163500132,10.950311,-9.351299999999974e-05,-1.8635128850816596,0.3635694981872941,-183.79451803657633,3872.0889057486365,494.3630782728279,3765.2779937010127,0,0,0,2,2,2,2,1,0,1,0
47000.0,101,79.226738,-122.703017,0.050091,9.915434,102,79.261405,-122.711917,10.275785,9.785578,3875.865025,2,0,0,8,-2.738691465869759,177.2525648970065,-2.788782465869759,166.97677989700648,10.225693999999976,-1.9633000000000678e-05,-1.736945224113591,0.28680781774892594,-185.19264369634345,3871.4381535469493,468.96006528489494,3789.5642080180783,0,0,0,2,2,2,2,1,0,0,0
48000.0,101,79.226833,-122.703022,-0.011037,9.997001,102,79.261489,-122.712115,9.22487,9.745124,3875.284109,2,0,0,8,-2.798852322260008,177.1922144287562,-2.787815322260008,167.96734442875618,9.235906999999997,-4.045399999999866e-05,-1.56416318248747,0.37791271036616614,-189.2292043849442,3870.661343191337,692.2707853635482,3718.0245930063325,0,0,0,2,2,2,2,1,0,1,0
49000.0,101,79.226924,-122.703016,0.052873,10.025668,102,79.261567,-122.712667,6.911167,9.660423,3874.705748,2,0,0,8,-2.971397575979135,177.0191209756436,-3.024270575979135,170.1079539756436,6.858294000000001,-8.47010000000008e-05,-1.1531900829425652,0.4354342506369857,-200.85477796375997,3869.4963485902617,1288.2260015418926,3549.2325877877943,0,0,0,2,2,2,2,1,0,1,0
50000.0,101,79.227017,-122.703037,-0.168461,10.067602,102,79.261657,-122.711715,10.168757,9.75672,3874.129941,2,0,0,8,-2.672495250586349,177.31897920449848,-2.504034250586349,167.15022220449848,10.337218000000007,9.629699999999985e-05,-1.7521304931992938,0.4640968002591741,-180.638784705542,3869.9163336192128,657.7009442924116,3694.755243137972,0,0,0,2,0,2,2,0,0,0,0
51000.0,101,79.227103,-122.703065,-0.440955,10.011092,102,79.261734,-122.712336,7.681172,9.659016,3873.556689,2,0,0,8,-2.8555434041663887,177.1353484662801,-2.4145884041663885,169.4541764662801,8.122126999999978,-9.770400000000023e-05,-1.3680749745517153,0.43844817744465736,-192.97286503636877,3868.7469413566323,968.208850238552,3625.3706170042424,0,0,0,2,2,2,2,1,0,1,0
52000.0,101,79.227188,-122.703082,-0.579603,9.933533,102,79.261816,-122.712656,6.331086,9.617517,3872.985995,2,0,0,8,-2.9489397827333157,177.04165440813233,-2.3693367827333156,170.71056840813233,6.910689000000048,-4.149899999999995e-05,-1.1610436624945115,0.37416235549684096,-199.24959097078124,3867.8573032060162,1145.339702059258,3620.3595313684455,0,0,0,2,2,2,2,1,0,1,0
53000.0,101,79.227279,-122.703055,-0.250836,9.970464,102,79.261905,-122.712019,8.3655,9.675021,3872.417859,2,0,0,8,-2.761489147986056,177.2297043241012,-2.510653147986056,168.8642043241012,8.61633599999999,5.750399999999978e-05,-1.4512426012200328,0.39828855516572226,-186.56697437680947,3867.9209969664616,814.9752641005267,3680.6916866796846,0,0,0,2,2,2,2,0,0,0,0
54000.0,101,79.227361,-122.703033,-0.004122,9.863161,102,79.261987,-122.712344,7.033342,9.630953,3871.852282,2,0,0,8,-2.8681898587543757,177.12266270665307,-2.8640678587543755,170.08932070665307,7.037464,-4.406799999999933e-05,-1.179990042508757,0.30468027514985074,-193.74149305342831,3867.001981832701,961.8615416939845,3695.8088103006316,0,0,0,2,2,2,2,1,0,0,0
55000.0,101,79.227458,-122.703021,0.125856,9.98664,102,79.262074,-122.712181,7.386139,9.643434,3871.289265,2,0,0,8,-2.8225427717467477,177.16845813831424,-2.948398771746748,169.78231913831422,7.260283000000015,1.2480999999999298e-05,-1.2177816374514798,0.42320031019867876,-190.63289799607924,3866.5927729081914,1148.4056431748804,3589.8927631093215,0,0,0,2,2,2,2,0,0,1,0
56000.0,101,79.227549,-122.703034,-0.017141,10.015102,102,79.262163,-122.711405,9.736167,9.71413,3870.728809,2,0,0,8,-2.579895294868666,177.41188075269088,-2.562754294868666,167.67571375269088,9.753308000000004,7.069600000000164e-05,-1.6457678141017211,0.4408849761633995,-174.2309996136659,3866.805538373527,701.4179623879744,3690.110318626354,0,0,0,2,2,2,2,0,0,0,0
57000.0,101,79.227628,-122.703027,0.055795,9.859103,102,79.262251,-122.711127,10.370188,9.739696,3870.170915,2,0,0,8,-2.495814252475042,177.49622803241218,-2.551609252475042,167.12604003241216,10.314392999999995,2.5565999999999535e-05,-1.7436160231147884,0.2784976789546807,-168.53201733267542,3866.4996922857395,446.048571877741,3791.5382633999056,0,0,0,2,2,2,2,0,0,0,0
58000.0,101,79.227718,-122.703025,0.064002,9.878634,102,79.262335,-122.711203,9.866147,9.721017,3869.615585,2,0,0,8,-2.520233765417482,177.47173188730326,-2.584235765417482,167.60558488730325,9.802144999999996,-1.8679000000000558e-05,-1.6546324320233563,0.3013775053185306,-170.15548855608682,3865.8727197605886,519.5100251768218,3772.832881950377,0,0,0,2,2,2,2,1,0,1,0
59000.0,101,79.227809,-122.703048,-0.179776,9.920356,102,79.26241,-122.711916,7.407054,9.622224,3869.062819,2,0,0,8,-2.733804259664455,177.2574835110284,-2.554028259664455,169.8504295110284,7.58683000000002,-9.879300000000057e-05,-1.2716017319862745,0.3783777574196332,-184.53798117050803,3864.6594715283445,981.5620785189805,3651.5936684225226,0,0,0,2,2,2,2,1,0,1,0
60000.0,101,79.227897,-122.703054,-0.227345,9.906367,102,79.262495,-122.710639,11.166478,9.725576,3868.512618,2,0,0,8,-2.3389471490047904,177.6536010830381,-2.1116021490047903,166.48712308303809,11.393822999999998,0.000103352000000001,-1.922766410278975,0.3648315124746482,-157.87783587296076,3865.2896999533273,455.5715112632023,3768.136479168972,0,0,0,2,2,2,2,0,0,0,0
61000.0,101,79.227989,-122.703052,-0.178224,9.949551,102,79.262581,-122.709518,14.224917,9.845228,3867.964984,2,0,0,8,-1.9945208774969054,177.9991266972129,-1.8162968774969055,163.77420969721288,14.403141000000005,0.00011965200000000031,-2.4502066037222416,0.40614355503407573,-134.62036734336033,3865.621615490381,314.3053700700349,3791.6038327916394,0,0,0,2,2,2,2,0,0,0,0
62000.0,101,79.228084,-122.703077,-0.415243,10.033215,102,79.26266,-122.710085,12.258114,9.74486,3867.419916,2,0,0,8,-2.162538150730999,177.8305769421748,-1.7472951507309988,165.57246294217478,12.673356999999953,-0.00010036800000000134,-2.1417039559791435,0.5102640944485852,-145.93496439447532,3864.6655473456726,482.922179926379,3725.703532633663,0,0,0,2,2,2,2,1,0,1,0
63000.0,101,79.228176,-122.70304,-0.001635,10.075499,102,79.262749,-122.709572,13.440673,9.80107,3866.877418,2,0,0,8,-2.0159378806824577,177.9776448495359,-2.014302880682458,164.5369718495359,13.442308000000025,5.6210000000000094e-05,-2.2784325155855805,0.5428693217327236,-136.02705867720812,3864.484131827426,451.23109346899713,3727.834739278492,0,0,0,2,2,2,2,0,0,0,0
64000.0,101,79.228266,-122.703011,0.284333,10.058996,102,79.262837,-122.709077,14.514653,9.856142,3866.337489,2,0,0,8,-1.8723185435000425,178.1217219999811,-2.1566515435000424,163.6070689999811,14.230320000000006,5.50720000000009e-05,-2.4203031093584064,0.5173029488783012,-126.32216772109145,3864.273319628034,386.7363638555197,3752.6083715017317,0,0,0,2,2,2,2,0,0,0,0
65000.0,101,79.228345,-122.703017,0.202231,9.908124,102,79.262925,-122.708585,15.531428,9.911464,3865.80013,2,0,0,8,-1.7182427427124585,178.27628705236137,-1.9204737427124585,162.74485905236136,15.329197000000022,5.5322000000000315e-05,-2.618990463116635,0.35852805591486003,-115.9140776665531,3864.0619264844513,246.27631858974712,3812.653666404346,0,0,0,2,2,2,2,0,0,0,0
66000.0,101,79.228438,-122.703007,0.293596,9.970407,102,79.263012,-122.707774,17.353745,10.008833,3865.265342,2,0,0,8,-1.4714219255223269,178.52389479957424,-1.7650179255223268,161.17014979957423,17.060149000000024,9.736899999999871e-05,-2.9342476649224527,0.4170308285429467,-99.25357637850568,3863.990798597022,221.37818006754216,3811.606816444615,0,0,0,2,2,2,2,0,0,1,0
67000.0,101,79.228525,-122.703048,-0.155895,9.931647,102,79.26309,-122.708388,15.383287,9.885973,3864.733127,2,0,0,8,-1.648613199099317,178.34614058843508,-1.492718199099317,162.96285358843508,15.539181999999983,-0.0001228599999999993,-2.6495231233516763,0.39982372072473993,-111.1874373931301,3863.1333780620553,261.3350084762943,3803.3194567196333,0,0,0,2,2,2,2,1,0,1,0
68000.0,101,79.22861,-122.703032,0.017522,9.873877,102,79.263176,-122.70841,14.987654,9.869622,3864.203486,2,0,0,8,-1.660277186748993,178.33443926668983,-1.677799186748993,163.34678526668984,14.970132000000035,-1.6351000000000227e-05,-2.5493722622551758,0.3400035462544313,-111.9585269961709,3862.581244381456,245.92984779949836,3813.896178181269,0,0,0,2,2,2,2,1,0,0,0
69000.0,101,79.228699,-122.70308,-0.481568,9.882661,102,79.263263,-122.707768,16.330106,9.940571,3863.676419,2,0,0,8,-1.4474326852816375,178.5479616483918,-0.9658646852816375,162.2178556483918,16.811673999999982,7.09490000000006e-05,-2.8780625415179255,0.34276659253735,-97.59561283255009,3862.443600506356,194.1874409384944,3823.8085165059,0,0,0,2,0,2,2,0,0,0,0
70000.0,101,79.228787,-122.703054,-0.164505,9.87166,102,79.263349,-122.707871,15.723264,9.9101,3863.151927,2,0,0,8,-1.4873183064080717,178.50794929148174,-1.3228133064080718,162.78468529148174,15.887768999999992,-3.047100000000036e-05,-2.7138939839741245,0.3323374721456869,-100.27075918846165,3861.8504095751277,211.55691448587802,3821.039986617234,0,0,0,2,2,2,2,1,0,1,0
71000.0,101,79.228861,-122.703018,0.227039,9.666321,102,79.263429,-122.708378,14.117228,9.819696,3862.630012,2,0,0,8,-1.6545892053312603,178.340144927576,-1.8816282053312603,164.222916927576,13.89018900000002,-9.040399999999948e-05,-2.3567854785389986,0.1431164982665365,-111.52964002786075,3861.0195219654584,147.37120728506298,3847.1609420039167,0,0,0,2,1,2,2,1,0,0,0
72000.0,101,79.228955,-122.702979,0.610532,9.783337,102,79.263516,-122.707991,14.799074,9.857048,3862.110674,2,0,0,8,-1.5475195046306658,178.44755651518543,-2.1580515046306656,163.64848251518544,14.18854200000004,3.7352000000000275e-05,-2.413539828330265,0.2527163340883085,-104.30026444204887,3860.702049247268,211.35879972870993,3828.855657881685,0,0,0,2,2,2,2,0,0,1,0
73000.0,101,79.22904,-122.702998,0.364241,9.730855,102,79.263602,-122.708006,14.455167,9.843449,3861.593915,2,0,0,8,-1.5462281039464312,178.44885184422802,-1.9104691039464312,163.99368484422803,14.090926000000024,-1.3599000000001026e-05,-2.395284427620314,0.1988208532406901,-104.19930333914928,3860.1878282732127,177.9433848944761,3838.3413395347256,0,0,0,2,2,2,2,1,0,0,0
74000.0,101,79.229135,-122.702987,0.446468,9.848108,102,79.263688,-122.708025,14.112275,9.829923,3861.079735,2,0,0,8,-1.5558787401263936,178.4391717334094,-2.0023467401263937,164.3268967334094,13.66580700000003,-1.3525999999998816e-05,-2.3200202630196918,0.31455504125942646,-104.83553309898305,3859.656232234617,270.4683822622837,3810.5927147724888,0,0,0,2,2,2,2,1,0,1,0
75000.0,101,79.229232,-122.702968,0.594545,9.980896,102,79.263773,-122.708122,13.588887,9.806994,3860.568135,2,0,0,8,-1.5922247907957923,178.40271171831694,-2.1867697907957924,164.81382471831694,12.994342000000017,-2.2929000000001308e-05,-2.200620852515503,0.44789584980175867,-107.26970131925886,3859.0775499018227,399.42015669315555,3760.218320691535,0,0,0,2,2,2,2,1,0,1,0
76000.0,101,79.22933,-122.702956,0.662426,10.104891,102,79.263856,-122.708427,12.574444,9.758531,3860.059117,2,0,0,8,-1.6908210920802293,178.30380398224003,-2.3532470920802293,165.72935998224003,11.91201799999999,-4.8462999999999925e-05,-2.0076842949747133,0.5797531234158342,-113.8953368317395,3858.3784468326594,583.3213601211502,3675.5292392773536,0,0,0,2,2,2,2,1,0,1,0
77000.0,101,79.229424,-122.702945,0.712889,10.157204,102,79.263938,-122.708735,11.575562,9.713824,3859.55268,2,0,0,8,-1.789954137548327,178.20435753696043,-2.502843137548327,166.62879553696044,10.862672999999972,-4.470699999999894e-05,-1.8228014924010496,0.6401639877944714,-120.55510303442622,3857.6694203660763,746.8861027615942,3600.1455315713056,0,0,0,2,2,2,2,1,0,1,0
78000.0,101,79.229519,-122.702955,0.541302,10.212956,102,79.264024,-122.708764,11.273177,9.704458,3859.048827,2,0,0,8,-1.7962779389203931,178.19801506752344,-2.337579938920393,166.92483806752344,10.731875000000002,-9.365999999999986e-06,-1.800610361960383,0.6952772874587545,-120.96508403961809,3857.1524856574392,807.9306963769204,3555.1092752135255,0,0,0,2,2,2,2,1,0,1,0
79000.0,101,79.2296,-122.702967,0.37867,10.064866,102,79.26411,-122.70862,11.394938,9.712846,3858.547558,2,0,0,8,-1.7478026559195472,178.2466436096163,-2.1264726559195473,166.85170560961632,11.016268000000025,8.388000000000063e-06,-1.8524555135675826,0.5432536541000008,-117.68639577361859,3856.7524122761083,639.1728506052802,3667.946980741802,0,0,0,2,2,2,2,0,0,0,0
80000.0,101,79.229685,-122.702944,0.591683,9.989395,102,79.264197,-122.708035,12.56934,9.75936,3858.048875,2,0,0,8,-1.5740315984246582,178.4209667970792,-2.165714598424658,165.85162679707918,11.977657000000022,4.651399999999839e-05,-2.0206846682207718,0.4634014752640798,-105.97511826953048,3856.5931074196205,477.9538403446424,3735.412023516385,0,0,0,2,2,2,2,0,0,0,0
81000.0,101,79.229767,-122.702955,0.427289,9.884246,102,79.264284,-122.707695,13.122615,9.786104,3857.552777,2,0,0,8,-1.465335060961968,178.5300081698469,-1.892624060961968,165.4073931698469,12.695326000000023,2.6744000000000766e-05,-2.148083139303706,0.353417245821241,-98.64585481622225,3856.291278244939,338.8049955575185,3789.1463927547466,0,0,0,2,2,2,2,0,0,0,0
82000.0,101,79.229859,-122.702966,0.283091,9.926874,102,79.264371,-122.707447,13.444525,9.803653,3857.059266,2,0,0,8,-1.385488957275199,178.61010872438393,-1.668579957275199,165.16558372438394,13.161433999999986,1.7549000000000702e-05,-2.230339236707055,0.3917641249470236,-93.25978778193797,3855.9316375448525,342.26093314244645,3781.6887577875223,0,0,0,2,2,2,2,0,0,1,0
83000.0,101,79.229947,-122.70296,0.3152,9.918514,102,79.264458,-122.707047,14.105969,9.835643,3856.568343,2,0,0,8,-1.2637354363272928,178.73224932594076,-1.5789354363272927,164.62628032594077,13.790769000000012,3.198999999999863e-05,-2.342539840141239,0.3792986905359168,-85.05490227492135,3855.6303048695904,301.1393006157146,3792.4931505774475,0,0,0,2,2,2,2,0,0,0,0
84000.0,101,79.230042,-122.703015,-0.274445,10.010222,102,79.264544,-122.707061,13.81041,9.823689,3856.080009,2,0,0,8,-1.2513782909195703,178.744646750251,-0.9769332909195703,164.93423675025102,14.084855000000005,-1.1953999999999354e-05,-2.392960265949728,0.47041192573620627,-84.21268074166643,3855.160341699388,346.7334731082486,3766.5679392796515,0,0,0,2,0,2,2,0,0,1,0
85000.0,101,79.230128,-122.703017,-0.278497,9.958627,102,79.264631,-122.706688,14.391773,9.852404,3855.594264,2,0,0,8,-1.1353854543920539,178.8610080013552,-0.8568884543920539,164.4692350013552,14.670270000000016,2.8715000000000046e-05,-2.497228573699301,0.41528502587130944,-76.39828252797602,3854.8372768531326,285.3439531549172,3790.1103497915947,0,0,0,2,2,2,2,0,0,0,0
86000.0,101,79.230211,-122.703013,-0.211554,9.869131,102,79.264713,-122.707029,13.377812,9.799488,3855.11111,2,0,0,8,-1.242083271586525,178.75397124062275,-1.030529271586525,165.37615924062274,13.589365999999984,-5.291599999999974e-05,-2.303758900301222,0.33547943862537366,-83.56625944259135,3854.205281342472,278.70795698791693,3801.950991064636,0,0,0,2,2,2,2,1,0,0,0
87000.0,101,79.230303,-122.703033,-0.401243,9.916245,102,79.264799,-122.706556,14.182557,9.836036,3854.630548,2,0,0,8,-1.0898267907644414,178.90671206441823,-0.6885837907644414,164.72415506441823,14.583799999999997,3.65479999999998e-05,-2.4793922102023145,0.37976836081218046,-73.31476011474874,3853.933264539501,266.3752263206922,3798.4242476204936,0,0,0,2,2,2,2,0,0,1,0
88000.0,101,79.230396,-122.703039,-0.428802,9.977973,102,79.264882,-122.706857,13.274638,9.790159,3854.152578,2,0,0,8,-1.1813923147967014,178.81485671876382,-0.7525903147967014,165.5402187187638,13.70344,-4.5877000000000835e-05,-2.3226804192173955,0.44912165226133105,-79.4638565663517,3853.3333089681782,349.6813768396763,3768.2109300621914,0,0,0,2,2,2,2,1,0,1,0
89000.0,101,79.230491,-122.703061,-0.607437,10.059959,102,79.264953,-122.707666,11.283785,9.678648,3853.677202,2,0,0,8,-1.4258016669812945,178.56967418288653,-0.8183646669812945,167.28588918288654,11.891222000000027,-0.00011151099999999836,-2.0004591030105785,0.5678332063292117,-95.88860379254328,3852.484049659033,564.616112419498,3680.0115256408226,0,0,0,2,2,2,2,1,0,1,0
90000.0,101,79.230583,-122.703046,-0.402906,10.081463,102,79.265037,-122.707873,10.621972,9.653841,3853.20442,2,0,0,8,-1.4948420830819826,178.50041566305111,-1.0919360830819826,167.87844366305112,11.024878000000001,-2.4807000000000913e-05,-1.8503685053360772,0.5927938676040174,-100.51837577290917,3851.893087618024,672.3024232399573,3637.7516035324074,0,0,0,2,2,2,2,1,0,1,0
91000.0,101,79.230676,-122.703049,-0.391971,10.1209,102,79.265123,-122.707284,11.732602,9.69377,3852.734232,2,0,0,8,-1.3118343615851473,178.6840049897545,-0.9198633615851473,166.9514029897545,12.124572999999998,3.992900000000077e-05,-2.0404127553848834,0.629422543570179,-88.20383675663277,3851.7244379116787,588.349043805287,3654.7671209294963,0,0,0,2,2,2,2,0,0,0,0
92000.0,101,79.230764,-122.703025,-0.121735,10.088943,102,79.26521,-122.706911,12.33399,9.720941,3852.266641,2,0,0,8,-1.2037867514885112,178.7923954715617,-1.0820517514885113,166.4584054715617,12.455724999999973,2.7170999999999168e-05,-2.0979256277989013,0.592348024962492,-80.9303307225397,3851.4164348886716,531.2167566067928,3684.668091053703,0,0,0,2,2,2,2,0,0,0,0
93000.0,101,79.230855,-122.703007,0.076404,10.093097,102,79.265292,-122.707256,11.377265,9.678431,3851.801647,2,0,0,8,-1.3165310591191273,178.67929453560293,-1.3929350591191272,167.30202953560294,11.300860999999998,-4.2510000000000045e-05,-1.895788984838844,0.6048427634695841,-88.4981463677837,3850.7848558341166,650.2503559548243,3641.9075384201974,0,0,0,2,2,2,2,1,0,1,0
94000.0,101,79.230938,-122.703025,-0.113215,9.985232,102,79.265374,-122.706343,13.158125,9.734403,3851.339251,2,0,0,8,-1.0281584690988117,178.96858178025417,-0.9149434690988117,165.81045678025416,13.27134000000001,5.5972000000000575e-05,-2.235662871833577,0.5063810533585844,-69.10761294288297,3850.719174923897,410.87201399066856,3740.3970960127754,0,0,0,2,2,2,2,0,0,0,0
95000.0,101,79.231018,-122.702987,0.286565,9.845935,102,79.265461,-122.706121,13.397157,9.750343,3850.879453,2,0,0,8,-0.9709480297193075,179.02597298855827,-1.2575130297193076,165.62881598855827,13.110591999999997,1.5940000000000508e-05,-2.2099066420227254,0.36080126731844686,-65.25480399811465,3850.3265279834054,311.84367154270143,3789.5230599924594,0,0,0,2,2,2,2,1,0,0,0
96000.0,101,79.231109,-122.702989,0.243414,9.887872,102,79.265548,-122.705962,13.495084,9.760115,3850.422255,2,0,0,8,-0.921176893465074,179.07590229754945,-1.164590893465074,165.58081829754946,13.251670000000047,9.771999999999892e-06,-2.2356320362406743,0.39714506564674146,-61.90276556693964,3849.9246212639605,330.34322781645903,3779.785039314955,0,0,0,2,2,2,2,0,0,1,0
97000.0,101,79.23119,-122.703025,-0.153026,9.786189,102,79.265635,-122.705607,14.000604,9.786311,3849.967657,2,0,0,8,-0.7998977562123835,179.19756557009092,-0.6468717562123835,165.1969615700909,14.153630000000021,2.6195999999998775e-05,-2.393760004997757,0.2905633156818741,-53.74707316489899,3849.5924735057706,217.66082124309153,3815.0732782699947,0,0,0,2,0,2,2,0,0,0,0
98000.0,101,79.231283,-122.703008,0.03609,9.85541,102,79.265721,-122.705487,14.006638,9.791625,3849.515661,2,0,0,8,-0.7681425142729154,179.22942200317127,-0.8042325142729153,165.22278400317126,13.970548000000008,5.314000000000263e-06,-2.363701359445949,0.35491065604641214,-51.60743225136953,3849.1697153049367,265.30271050680267,3798.8544072897466,0,0,0,2,2,2,2,1,0,1,0
99000.0,101,79.231372,-122.703025,-0.147723,9.869334,102,79.265807,-122.70559,13.557693,9.773966,3849.066266,2,0,0,8,-0.7948500232702204,179.20263000312457,-0.6471270232702204,165.64493700312457,13.705415999999957,-1.765900000000009e-05,-2.316701299301343,0.36769297921174804,-53.395421184323446,3848.695889396268,284.90732305540377,3792.768338425019,0,0,0,2,2,2,2,1,0,1,0
100000.0,101,79.231467,-122.703021,-0.089213,9.962553,102,79.265883,-122.706238,12.015185,9.689198,3848.619475,2,0,0,8,-0.997400201783597,178.9994392690217,-0.908187201783597,166.9842542690217,12.104397999999946,-8.476800000000039e-05,-2.0325215565495003,0.4856093780666235,-66.99306657038058,3848.0363553870916,470.503876876141,3727.2058698674186,0,0,0,2,2,2,2,1,0,1,0
101000.0,101,79.231549,-122.703046,-0.346767,9.865275,102,79.26597,-122.705829,12.655342,9.717848,3848.175287,2,0,0,8,-0.8627324404036788,179.13453341125566,-0.5159654404036789,166.47919141125567,13.002109000000019,2.865000000000073e-05,-2.188748793937898,0.38333558644138677,-57.94179312076839,3847.7390488555075,330.5559016963945,3780.079553162597,0,0,0,2,2,2,2,0,0,0,0
102000.0,101,79.231634,-122.703035,-0.196516,9.817819,102,79.266056,-122.705756,12.588908,9.72062,3847.733704,2,0,0,8,-0.8434840287738171,179.153842733805,-0.6469680287738171,166.564934733805,12.785423999999978,2.772000000000219e-06,-2.152324595187367,0.33083492631095623,-56.642648464919944,3847.3167620138115,299.0511454689628,3794.066126383295,0,0,0,2,2,2,2,1,0,0,0
103000.0,101,79.231721,-122.703019,-0.012635,9.796833,102,79.266141,-122.70512,13.682241,9.762124,3847.294726,2,0,0,8,-0.6513417803405828,179.34659409859267,-0.6387067803405828,165.66435309859267,13.694875999999965,4.1503999999999764e-05,-2.311263946272027,0.3117336110565887,-43.735329963731594,3847.0461304253135,242.94230014818706,3806.689477639559,0,0,0,2,2,2,2,0,0,0,0
104000.0,101,79.231813,-122.702979,0.398975,9.858393,102,79.266226,-122.705223,13.244742,9.746509,3846.858355,2,0,0,8,-0.6958057536220761,179.30198963474913,-1.0947807536220762,166.05724763474913,12.845766999999967,-1.5615000000000378e-05,-2.1643853935627653,0.370899320498534,-46.71548948130525,3846.574692694245,323.3472681390482,3783.4466071542497,0,0,0,2,2,2,2,1,0,1,0
105000.0,101,79.231902,-122.703004,0.106034,9.87699,102,79.266312,-122.70534,12.788473,9.730324,3846.424591,2,0,0,8,-0.7243869635107894,179.27331803904792,-0.8304209635107893,166.4848450390479,12.682438999999988,-1.6185000000000117e-05,-2.1355509144878435,0.38802041215913974,-48.62881045156134,3846.1171813978294,345.7961867433982,3775.497577772931,0,0,0,2,2,2,2,1,0,1,0
106000.0,101,79.232001,-122.703003,0.10186,10.030747,102,79.266398,-122.704908,13.44704,9.759728,3845.993434,2,0,0,8,-0.5909642526091935,179.40716418426342,-0.6928242526091934,165.96012418426344,13.345180000000028,2.9404000000001316e-05,-2.251757787683565,0.5385633133407204,-39.66791892289971,3845.788859334251,414.4990243198137,3731.1625690158153,0,0,0,2,2,2,2,0,0,1,0
107000.0,101,79.232087,-122.703019,-0.070364,9.962985,102,79.266484,-122.704963,13.113265,9.749547,3845.564887,2,0,0,8,-0.6030570697437873,179.39503305111896,-0.5326930697437873,166.28176805111895,13.183628999999996,-1.0181000000001106e-05,-2.2241813429690094,0.4676648677710329,-40.47509769441308,3845.3518781242833,374.3628286396768,3754.792255092338,0,0,0,2,2,2,2,1,0,0,0
108000.0,101,79.232184,-122.703011,0.025074,10.076687,102,79.266571,-122.704557,13.706856,9.776896,3845.138949,2,0,0,8,-0.47973384385590606,179.51874729089394,-0.504807843855906,165.81189129089395,13.681781999999998,2.7349000000000957e-05,-2.3122687242932725,0.5782284752000031,-32.19472272609754,3845.004166050463,416.6336849187969,3722.4433179292755,0,0,0,2,2,2,2,0,0,1,0
109000.0,101,79.232279,-122.703013,-0.003383,10.158124,102,79.266657,-122.704486,13.620131,9.7783,3844.715621,2,0,0,8,-0.4571984959741424,179.54135435707605,-0.4538154959741424,165.92122335707603,13.623514,1.4039999999990727e-06,-2.3032290597659997,0.6548061776704621,-30.67904058436126,3844.5932168215454,466.61614294780156,3689.8380833213305,0,0,0,2,2,2,2,1,0,1,0
110000.0,101,79.232359,-122.703029,-0.162005,9.999245,102,79.266739,-122.703739,14.887932,9.822743,3844.294905,2,0,0,8,-0.2203631445104081,179.77893931671827,-0.05835814451040808,164.89100731671826,15.049937,4.4442999999999344e-05,-2.5520229592491326,0.5062093813963031,-14.785361720872146,3844.2664722528984,300.6039695623361,3767.9751803699855,0,0,0,2,2,2,2,0,0,0,0
111000.0,101,79.232447,-122.703029,-0.156009,9.971736,102,79.266824,-122.703287,15.527824,9.853962,3843.8768,2,0,0,8,-0.08008232712015813,179.91966420097197,0.07592667287984188,164.39184020097196,15.683832999999993,3.121900000000011e-05,-2.6651194529136917,0.4774010981331962,-5.372585933843701,3843.8730453669546,258.401392774071,3782.737793954386,1,0,0,2,2,2,2,0,0,0,0
112000.0,101,79.232549,-122.703045,-0.292758,10.15111,102,79.266907,-122.703674,14.539268,9.801384,3843.461308,2,0,0,8,-0.1953453138842054,179.80403672534482,0.09741268611579462,165.26476872534482,14.832025999999985,-5.257799999999868e-05,-2.512441253580832,0.6634748362454204,-13.103944259476451,3843.438969560713,395.1295492133853,3712.8501288637603,1,0,0,2,2,2,2,1,0,1,0
113000.0,101,79.232628,-122.703052,-0.342971,9.982997,102,79.266994,-122.703524,14.59294,9.809948,3843.076758,2,0,0,8,-0.14655157843166186,179.85298470525018,0.19641942156833817,165.26004470525018,14.935910999999976,8.563999999999795e-06,-2.5313751219492544,0.4893368788446768,-9.82984009615231,3843.064186573453,293.60440007590137,3771.388588058295,1,0,0,2,2,2,2,0,0,0,0
114000.0,101,79.232713,-122.703047,-0.268808,9.91427,102,79.267081,-122.703452,14.493003,9.811292,3842.694681,2,0,0,8,-0.1257404536961693,179.87386165401068,0.1430675463038307,165.3808586540107,14.761810999999966,1.3439999999995678e-06,-2.50190478134533,0.4150817650992611,-8.433113029625437,3842.685427404944,256.4910590560644,3789.5108313985684,1,0,0,2,2,2,2,1,0,0,0
115000.0,101,79.232796,-122.703057,-0.3503,9.837884,102,79.267168,-122.7034,14.35815,9.810824,3842.315077,2,0,0,8,-0.10647810062997523,179.89318491888858,0.24382189937002477,165.53503491888858,14.708450000000028,-4.679999999996909e-07,-2.4930585220985373,0.33332162625006667,-7.140529012871859,3842.3084420419627,208.62947089543817,3807.4834058913198,1,0,0,2,2,2,2,1,0,0,0
116000.0,101,79.232881,-122.703076,-0.521616,9.785059,102,79.267255,-122.703127,14.652332,9.828349,3841.937948,2,0,0,8,-0.01583099071533588,179.98411890430086,0.5057850092846641,165.33178690430086,15.173947999999996,1.7524999999999125e-05,-2.5751927273626434,0.2759368081000986,-1.0615386286159034,3841.937801346892,160.5522606700274,3819.9610331226863,1,0,0,2,2,2,2,0,0,0,0
117000.0,101,79.232966,-122.703065,-0.368412,9.7534,102,79.26734,-122.703324,14.040444,9.801995,3841.563293,2,0,0,8,-0.0803959196983565,179.9193496255082,0.2880160803016435,165.8789056255082,14.408855999999957,-2.6353999999999545e-05,-2.440744089577499,0.2440407533998279,-5.390378057463477,3841.5595111815464,159.88854438122473,3821.9663177271864,1,0,0,2,2,2,2,1,0,0,0
118000.0,101,79.233067,-122.703035,-0.02011,9.944656,102,79.267427,-122.703186,14.079364,9.80911,3841.191113,2,0,0,8,-0.04689049508600607,179.95296115477586,-0.026780495086006068,165.87359715477587,14.099473999999987,7.1150000000006485e-06,-2.389710255552404,0.43021405092430776,-3.143605592476425,3841.1898266466937,287.83880214931037,3779.8904323587676,0,0,0,2,2,2,2,1,0,1,0
119000.0,101,79.233154,-122.703056,-0.237321,9.92157,102,79.267508,-122.702466,15.256795,9.848558,3840.821409,2,0,0,8,0.1832445626123343,-179.8161757909912,0.4205655626123343,164.9270292090088,15.49411600000002,3.944800000000015e-05,-2.632700367234699,0.4200282592344937,12.283774569660396,3840.8017658706453,227.1188745274907,3794.789831898075,1,0,0,2,2,2,2,0,0,0,0
120000.0,101,79.233246,-122.703042,-0.066143,9.969358,102,79.267587,-122.703013,13.993085,9.776551,3840.454182,2,0,0,8,0.009010311005463578,-179.9909611978924,0.07515331100546357,166.0159538021076,14.059228000000019,-7.200700000000105e-05,-2.3755256099679665,0.4829203229079013,0.6039482616956798,3840.4541345116704,323.224659408801,3763.6437782862986,1,0,0,2,2,2,2,1,0,1,0
121000.0,101,79.233333,-122.703033,0.032202,9.934945,102,79.267669,-122.702338,15.081422,9.815001,3840.089432,2,0,0,8,0.21596555182103572,-179.78335164398837,0.1837635518210357,165.13522635601163,15.049219999999991,3.845000000000098e-05,-2.548195528084083,0.4580000392041086,14.4744530307235,3840.062152617786,263.0269996009578,3782.0936539635677,1,0,0,2,2,2,2,0,0,0,0
122000.0,101,79.233416,-122.70304,-0.039294,9.842431,102,79.267756,-122.70239,14.738725,9.805793,3839.727161,2,0,0,8,0.20195714610532922,-179.7974042598675,0.24125114610532922,165.4638707401325,14.778018999999972,-9.208000000000993e-06,-2.5014579350489785,0.35928528001456783,13.534308112857138,3839.7033079946455,214.62338420036133,3802.636863168853,1,0,0,2,2,2,2,1,0,0,0
123000.0,101,79.233499,-122.703059,-0.245376,9.762529,102,79.26784,-122.701881,15.480483,9.83818,3839.367368,2,0,0,8,0.36599152162732546,-179.63285114918477,0.6113675216273254,164.88666585081523,15.725859000000014,3.2386999999999946e-05,-2.667718805291786,0.2811745923582283,24.52477933034047,3839.289038567173,142.90491546374216,3820.714223489866,1,0,0,2,2,2,2,0,0,0,0
124000.0,101,79.233577,-122.703058,-0.210711,9.625549,102,79.267926,-122.701544,15.872269,9.861084,3839.010054,2,0,0,8,0.470265529496785,-179.52824703683044,0.680976529496785,164.59948396316958,16.08298000000002,2.290400000000048e-05,-2.7323432591026315,0.1403656441790737,31.509019360098215,3838.8807452709502,60.90390825192084,3835.4419270635367,1,0,0,2,2,2,2,0,0,0,0
125000.0,101,79.233673,-122.70307,-0.317783,9.768309,102,79.268012,-122.701186,16.296764,9.885191,3838.65522,2,0,0,8,0.5853502408122514,-179.41279881738822,0.9031332408122514,164.29043718261178,16.614547000000016,2.4107000000000767e-05,-2.8280864343898453,0.2801434372358269,39.2161288306421,3838.4548966052457,121.05615041610811,3823.628726312127,1,0,0,2,2,2,2,0,0,1,0
126000.0,101,79.233761,-122.703065,-0.240657,9.787121,102,79.268098,-122.700767,16.826547,9.912945,3838.302866,2,0,0,8,0.7140019142008529,-179.2837404077305,0.9546589142008529,163.8897125922695,17.067204000000004,2.7753999999999833e-05,-2.910661260477424,0.2985076794672974,47.83048045890477,3838.004837970229,119.3048688868988,3822.8620002938824,1,0,0,2,2,2,2,0,0,1,0
127000.0,101,79.233859,-122.703069,-0.249335,9.93467,102,79.268182,-122.700332,17.377352,9.94177,3837.952994,2,0,0,8,0.8507234776915507,-179.1465875463568,1.1000584776915507,163.47606045364319,17.626686999999947,2.8824999999999433e-05,-3.0124773000128067,0.4465636300721716,56.9835471045163,3837.529942490736,169.97803666693153,3804.421041134741,1,0,0,2,2,2,2,0,0,1,0
128000.0,101,79.23395,-122.703104,-0.593345,9.954537,102,79.268263,-122.700898,16.080959,9.861759,3837.605603,2,0,0,8,0.6858887238112236,-179.31194398256827,1.2792337238112235,164.60709701743173,16.674304000000006,-8.001100000000072e-05,-2.8347469161942738,0.4781224254157781,45.93894288638293,3837.3306317938614,210.99297913028911,3791.551265826754,1,0,0,2,2,2,2,1,0,1,0
129000.0,101,79.234029,-122.703094,-0.444496,9.816459,102,79.268351,-122.700812,15.984038,9.865456,3837.260694,2,0,0,8,0.7093244499132605,-179.28843358933864,1.1538204499132605,164.72752841066136,16.428534000000013,3.6970000000007275e-06,-2.7928006841447246,0.3321214354371005,47.50425470486604,3836.9666377885405,146.66694267678082,3815.7350327978334,1,0,0,2,2,2,2,1,0,0,0
130000.0,101,79.234114,-122.70308,-0.266322,9.773596,102,79.268436,-122.700377,16.550907,9.893718,3836.918269,2,0,0,8,0.8401618414491833,-179.15718258378794,1.1064838414491833,164.29191041621206,16.817228999999998,2.8261999999999788e-05,-2.863824562755725,0.2896987333893044,56.26098156440679,3836.505767614505,116.3435011477796,3822.691069215077,1,0,0,2,2,2,2,0,0,0,0
131000.0,101,79.234213,-122.703119,-0.636676,9.931389,102,79.268512,-122.699578,17.816436,9.936327,3836.578327,3,0,0,8,1.1013071432001815,-178.8952139840803,1.7379831432001815,163.2883500159197,18.453112000000033,4.260900000000056e-05,-3.150558538649771,0.4709785869482115,73.74000281129021,3835.8696108172803,158.63776661561806,3804.6326262339,1,0,0,2,0,2,2,0,0,1,0
132000.0,101,79.2343,-122.703108,-0.474305,9.912776,102,79.2686,-122.699504,17.667946,9.937868,3836.24087,3,0,0,8,1.120854411194821,-178.8756048204019,1.595159411194821,163.4564491795981,18.142251000000044,1.5409999999995705e-06,-3.0982022701818015,0.44332344290871895,75.04205871370621,3835.5068377050725,153.09085338189567,3807.476909243911,1,0,0,2,2,2,2,1,0,0,0
133000.0,101,79.234389,-122.703087,-0.214466,9.918455,102,79.268686,-122.699166,18.014281,9.960837,3835.932855,3,0,0,8,1.2195106019013748,-178.77663719029232,1.4339766019013749,163.20908180970767,18.228747,2.2968999999999797e-05,-3.117555102227547,0.44583408347567577,81.63965346217684,3835.0639936057164,150.01123700485465,3808.011149182214,1,0,0,2,2,2,2,0,0,0,0
134000.0,101,79.234481,-122.703076,-0.082647,9.955062,102,79.268771,-122.698785,18.434848,9.986459,3835.627183,3,0,0,8,1.3348099927362376,-178.6609742897061,1.4174569927362375,162.9041777102939,18.517494999999997,2.5622000000000257e-05,-3.172338745005313,0.4810592262149882,89.34986875749375,3834.586351605807,155.35399270937563,3804.6584541094435,1,0,0,2,2,2,2,0,0,1,0
135000.0,101,79.234577,-122.703042,0.270457,10.058272,102,79.268859,-122.698562,18.552927,10.000239,3835.323853,3,0,0,8,1.3938935822486318,-178.60170501471845,1.1234365822486319,162.84536798528154,18.28246999999999,1.378000000000057e-05,-3.1344028576836243,0.5776319592542851,93.29667946090073,3834.18893470214,195.03549195462438,3787.64721528556,1,0,0,2,2,2,2,1,0,1,0
136000.0,101,79.234666,-122.70305,0.165577,10.042385,102,79.268945,-122.698851,17.73959,9.958828,3835.022865,3,0,0,8,1.306599517765308,-178.6892751481514,1.141022517765308,163.5711348518486,17.574013000000036,-4.141100000000009e-05,-3.0053467107432956,0.5570456427860595,87.4480593650494,3834.025718743432,206.34912237792682,3785.795925937052,1,0,0,2,2,2,2,1,0,1,0
137000.0,101,79.234752,-122.703027,0.392983,9.989647,102,79.26903,-122.698556,18.014068,9.972285,3829.733397,3,0,0,8,1.391234822048231,-178.60437261450554,0.9982518220482308,163.38155938549446,17.621084999999994,1.3456999999998941e-05,-3.015417204098627,0.505962315392841,92.98302516303646,3828.604451902637,182.0382044203003,3791.2363488846167,1,0,0,2,2,0,2,0,0,0,0
138000.0,101,79.234834,-122.703048,0.141193,9.874793,102,79.269111,-122.698421,18.006049,9.962014,3819.791331,3,0,0,8,1.43978819099697,-178.5556659811002,1.29859519099697,163.43828501889982,17.86485600000003,-1.0270999999999475e-05,-3.055097613321211,0.4006497447325934,95.97760431158403,3818.585354794804,132.9723362584112,3798.655758029922,1,0,0,2,2,0,2,0,0,0,0
139000.0,101,79.234935,-122.703048,0.134191,10.058419,102,79.269183,-122.697907,18.73454,9.96712,3810.117076,3,0,0,8,1.6009939683204433,-178.39395521950246,1.4668029683204433,162.87150478049753,18.600348999999994,5.105999999999611e-06,-3.1777213783211216,0.619361042943531,106.45078469062386,3808.629722520363,199.04970464893034,3758.7046007958334,1,0,0,2,2,0,2,0,0,1,0
140000.0,101,79.235039,-122.703078,-0.180441,10.265542,102,79.269246,-122.697187,19.871992,9.971939,3800.517208,3,0,0,8,1.8365929960241754,-178.15761934734013,2.017033996024175,161.97038865265986,20.05243299999995,4.819000000001239e-06,-3.421989287478929,0.8873371539578692,121.80317789669779,3798.5648650718576,247.07595362256177,3707.725363234238,1,0,0,2,0,0,2,0,0,1,0
141000.0,101,79.235129,-122.703045,0.15989,10.227797,102,79.269315,-122.696904,20.172053,9.945846,3791.013581,3,0,0,8,1.9156395302991123,-178.07832719712252,1.7557495302991122,161.74961980287748,20.012162999999987,-2.6093000000001253e-05,-3.401187707749475,0.8919760792575655,126.72595792420657,3788.894892038394,249.79232439236375,3697.3185094385694,1,0,0,2,2,0,2,1,0,1,0
142000.0,101,79.235216,-122.703011,0.489456,10.163273,102,79.26938,-122.697261,19.322953,9.839817,3781.631725,3,0,0,8,1.7948963455665847,-178.19945452138376,1.3054403455665846,162.47759247861626,18.833496999999966,-0.00010602899999999948,-3.1691013225702105,0.8773771096190366,118.44723776542126,3779.776283775565,285.2211382220037,3674.610662305662,1,0,0,2,2,0,2,1,0,1,0
143000.0,101,79.23531,-122.703014,0.416472,10.209624,102,79.269444,-122.697321,19.027063,9.766277,3772.405458,3,0,0,8,1.7786653847321392,-178.21574148085642,1.3621933847321392,162.75719551914358,18.610591,-7.353999999999949e-05,-3.109738950527677,0.9766608397035128,117.09011374957267,3770.5878646187657,329.2187932677941,3632.844594369502,1,0,0,2,2,0,2,1,0,1,0
144000.0,101,79.2354,-122.703033,0.193044,10.191341,102,79.269505,-122.697463,18.594916,9.676886,3763.377993,3,0,0,8,1.7417295457155897,-178.2527981608607,1.5486855457155897,163.1522858391393,18.401872000000026,-8.939100000000089e-05,-3.0513819114367577,1.0195624568160344,114.38498968958885,3761.6392692987483,355.44141285173725,3604.4969871837857,1,0,0,2,2,0,2,1,0,1,0
145000.0,101,79.235491,-122.702995,0.561586,10.185659,102,79.269561,-122.697223,18.904447,9.618243,3754.604546,3,0,0,8,1.8066969390005465,-178.18763230959368,1.2451109390005466,162.9079206904063,18.342861000000028,-5.8643e-05,-3.0163893103632646,1.0857326939846086,118.37361330325905,3752.7380650023256,383.97293394462093,3571.769818564372,1,0,0,2,2,0,2,1,0,1,0
146000.0,101,79.235576,-122.702997,0.488727,10.100752,102,79.269612,-122.696853,19.482466,9.563003,3746.155676,3,0,0,8,1.9249622173476344,-178.06900155526446,1.4362352173476345,162.44853244473555,18.993739000000005,-5.523999999999951e-05,-3.1032798681120966,1.0849246611634165,125.83564900520348,3744.041631481474,360.64543116792345,3576.4689109895025,1,0,0,2,2,0,2,0,0,0,0
147000.0,101,79.235663,-122.702978,0.646253,10.049808,102,79.269664,-122.696813,19.42596,9.476446,3738.126199,3,0,0,8,1.9335142021123919,-178.0604289374691,1.287261202112392,162.51361106253088,18.779706999999974,-8.655700000000089e-05,-3.0384047632670543,1.112197251918687,126.12357152577671,3735.9979020812857,383.5899391381394,3552.495828698453,1,0,0,2,2,0,2,1,0,1,0
148000.0,101,79.235744,-122.702928,1.117146,9.918015,102,79.269709,-122.697381,18.234179,9.306821,3730.627962,3,0,0,8,1.7416543902236705,-178.2528959079516,0.6245083902236706,163.5129250920484,17.117032999999992,-0.0001696249999999999,-2.7187507944635314,1.0766455803942012,113.38468635413967,3728.904517918989,462.3459919563875,3509.716744823118,1,0,0,2,1,0,2,1,0,1,0
149000.0,101,79.235829,-122.702922,1.088129,9.863404,102,79.269756,-122.697518,17.860333,9.193943,3720.686163,3,0,0,8,1.698673799107903,-178.29601698958916,0.6105447991079032,163.84365001041084,16.772204000000045,-0.00011287799999999848,-2.6324525850181737,1.1107663320376098,110.29270062086505,3719.051094530622,502.8627229440617,3470.6193655515713,1,0,0,2,2,0,2,1,0,1,0
150000.0,101,79.235919,-122.702906,1.162628,9.886028,102,79.269796,-122.69803,16.767163,9.027427,3711.013665,3,0,0,8,1.5350435884339806,-178.46016593786433,0.3724155884339806,164.77267106213566,15.604534999999998,-0.00016651600000000145,-2.4036696792111916,1.2403669348282573,99.41196922308787,3709.6818842310345,641.7832953893121,3344.486198629172,1,0,0,2,2,0,2,1,0,1,0
151000.0,101,79.236007,-122.702887,1.254686,9.881439,102,79.269838,-122.698,16.755295,8.922611,3701.415969,3,0,0,8,1.5405898338327237,-178.4546088843752,0.2859038338327238,164.7900961156248,15.500608999999997,-0.00010481599999999957,-2.3558823525981243,1.3352707435741582,99.51303160760602,3700.0780170299754,694.5219368821147,3271.180872229358,1,0,0,2,2,0,2,1,0,1,0
152000.0,101,79.236104,-122.702901,0.988378,10.005997,102,79.269869,-122.697491,17.783539,8.842385,3691.914939,3,0,0,8,1.708695150358178,-178.28598974016808,0.720317150358178,163.93047125983193,16.795161000000007,-8.022599999999969e-05,-2.528057279239888,1.5846373515107235,110.08528318552563,3690.273316061743,683.6298110476015,3189.9495666051057,1,0,0,2,2,0,2,0,0,1,0
153000.0,101,79.236196,-122.702946,0.439888,10.033704,102,79.269906,-122.697549,17.609545,8.720116,3682.536328,3,0,0,8,1.707365350485704,-178.2873323108905,1.267477350485704,164.1031226891095,17.16965700000003,-0.00012226899999999929,-2.5610522396673967,1.7219144629913998,109.72020093041715,3680.901422823968,695.0406506839822,3121.2070486790335,1,0,0,2,0,0,2,0,0,1,0
154000.0,101,79.236284,-122.702971,0.15098,10.008974,102,79.26993,-122.696956,18.872916,8.636361,3673.314132,3,0,0,8,1.9063478911763356,-178.08774260859516,1.7553678911763355,163.03934139140483,18.72193599999997,-8.375500000000003e-05,-2.7672305005131963,1.8368830905033509,122.19613318415057,3671.2810866761147,637.7925144821309,3132.069160365667,1,0,0,2,2,0,2,0,0,0,0
155000.0,101,79.236376,-122.703004,-0.197736,10.033767,102,79.269961,-122.697276,18.161351,8.475933,3664.291792,3,0,0,8,1.818740970792265,-178.17563149401246,2.016476970792265,163.66301750598754,18.359087000000045,-0.00016042800000000136,-2.6765257222118413,1.9800238559764622,116.29614830663789,3662.4458416210896,687.5368641652097,3020.4316902428573,1,0,0,2,2,0,2,1,0,1,0
156000.0,101,79.23647,-122.703002,-0.161033,10.099678,102,79.26999,-122.697256,18.18039,8.35264,3655.527441,3,0,0,8,1.827983000529835,-178.16637177883226,1.989016000529835,163.65323822116775,18.341422999999963,-0.0001232930000000003,-2.634490906262797,2.16397112584,116.60734015814154,3653.6671441341305,721.5129361039446,2906.52225545419,1,0,0,2,2,0,2,1,0,1,0
157000.0,101,79.236557,-122.702998,-0.11023,10.049783,102,79.270008,-122.696679,19.491427,8.262539,3647.090109,3,0,0,8,2.014268430797765,-177.9795233973593,2.124498430797765,162.52904960264073,19.60165699999999,-9.010099999999887e-05,-2.7762613035164345,2.260739720120853,128.1892908509709,3644.836590147322,684.5912478876505,2917.885833549101,1,0,0,2,2,0,2,0,0,0,0
158000.0,101,79.236643,-122.703005,-0.169316,9.996233,102,79.270034,-122.696515,19.852071,8.149283,3638.892758,3,0,0,8,2.07243916382671,-177.92118466229627,2.24175516382671,162.22674433770374,20.021387000000004,-0.0001132559999999998,-2.7969783828141344,2.331197608281369,131.59327957454104,3636.5125756685707,683.0192247291022,2889.4106389695303,1,0,0,2,2,0,2,0,0,1,0
159000.0,101,79.236729,-122.70302,-0.312532,9.940933,102,79.270058,-122.696596,19.671915,8.008923,3628.951195,3,0,0,8,2.0551899431589296,-177.93849872426145,2.3677219431589296,162.38958627573857,19.98444699999999,-0.00014036000000000116,-2.7502983001036445,2.3992975537075836,130.1419550880687,3626.616859721714,699.4182767774324,2831.0001005612926,1,0,0,2,2,0,2,1,0,1,0
160000.0,101,79.236808,-122.703037,-0.468494,9.7988,102,79.270079,-122.696459,20.004539,7.887447,3619.280868,3,0,0,8,2.1080753661172333,-177.88546200116502,2.5765693661172335,162.10999899883498,20.473033000000044,-0.00012147599999999947,-2.7783744802460113,2.3869104215674586,133.1336376399699,3616.8314082909064,688.2332139311422,2842.5795789545614,1,0,0,2,2,0,2,0,0,0,0
161000.0,101,79.236888,-122.70304,-0.461502,9.684219,102,79.270097,-122.69631,20.386975,7.764995,3609.685881,3,0,0,8,2.160760819009893,-177.8326272130297,2.622262819009893,161.7803977869703,20.848477000000003,-0.000122452,-2.7830085555853454,2.4052997754399392,136.09761845186645,3607.1192935280746,687.3132921841102,2831.2185523149333,1,0,0,2,2,0,2,0,0,1,0
162000.0,101,79.236974,-122.703044,-0.460822,9.676975,102,79.270113,-122.696067,21.013245,7.648488,3600.188131,3,0,0,8,2.2447073127166206,-177.74843805009994,2.7055293127166204,161.23831694990005,21.47406699999999,-0.00011650699999999947,-2.8204532720626148,2.536817140746167,141.01041178705552,3597.4255575843285,684.1086486562011,2784.586132033132,1,0,0,2,2,0,2,0,0,1,0
163000.0,101,79.237064,-122.703021,-0.182258,9.719336,102,79.270129,-122.696315,20.470666,7.47844,3590.813644,3,0,0,8,2.1624240225894016,-177.8309875862663,2.3446820225894016,161.6983464137337,20.652923999999985,-0.00017004800000000042,-2.646335416557952,2.713100112579059,135.4902312959787,3588.2565436657283,738.3883210932743,2622.6104412492846,1,0,0,2,2,0,2,1,0,1,0
164000.0,101,79.237152,-122.703007,-0.015207,9.737084,102,79.270143,-122.696474,20.137577,7.319706,3581.596649,3,0,0,8,2.111407795911445,-177.88217377781223,2.126614795911445,161.98024922218778,20.152783999999997,-0.00015873399999999992,-2.5225799189874443,2.864841067204245,131.95561155910954,3579.1650245142496,771.1247772600775,2488.2958007683337,1,0,0,2,2,0,2,1,0,1,0
165000.0,101,79.23724,-122.703011,-0.057502,9.746898,102,79.270156,-122.696597,19.891374,7.165044,3572.583156,3,0,0,8,2.0776987838637937,-177.9159997018219,2.1352007838637936,162.19262629817808,19.948875999999984,-0.00015466200000000007,-2.44760210350229,3.009320193401954,129.52306523543317,3570.2344715868367,784.1680636531187,2379.6901642966786,1,0,0,2,2,0,2,1,0,1,0
166000.0,101,79.237335,-122.70302,-0.141144,9.860606,102,79.270162,-122.696176,21.095276,7.057224,3563.823963,3,0,0,8,2.2228572807474247,-177.77041874495086,2.364001280747425,161.13430525504913,21.23642000000001,-0.00010782000000000025,-2.5643261175001073,3.276304557093815,138.22806847793552,3561.1422662311434,746.9756973780876,2336.3123278465073,1,0,0,2,2,0,2,0,0,1,0
167000.0,101,79.237432,-122.70299,0.174532,9.983461,102,79.270172,-122.696363,20.696099,6.892912,3553.882571,3,0,0,8,2.1581580006328442,-177.8353312183057,1.9836260006328443,161.4685697816943,20.521567000000005,-0.0001643119999999998,-2.405620824234611,3.5353154230403057,133.83231079309678,3551.3617446052085,764.1951673491045,2147.4477780711823,1,0,0,2,2,0,2,1,0,1,0
168000.0,101,79.237523,-122.702993,0.134697,10.000491,102,79.27018,-122.696289,20.999254,6.757638,3544.214254,3,0,0,8,2.18875145487269,-177.80466211335067,2.05405445487269,161.19608388664932,20.86455699999999,-0.0001352739999999999,-2.3981285380166195,3.6916332680544057,135.35931555837413,3541.628514391133,753.2055787561445,2085.4747936731787,1,0,0,2,2,0,2,0,0,1,0
169000.0,101,79.237609,-122.702975,0.304989,9.949469,102,79.270187,-122.696462,20.637031,6.594142,3534.622457,3,0,0,8,2.1316016819174894,-177.86199953574965,1.8266126819174895,161.50096946425035,20.332042,-0.0001634960000000003,-2.2711212860489485,3.7783193377320785,131.4698796127278,3532.1766071762795,766.485040321181,1977.3745213690245,1,0,0,2,2,0,2,1,0,1,0
170000.0,101,79.237699,-122.703012,-0.099694,9.965922,102,79.270193,-122.696496,20.661877,6.447213,3525.127757,3,0,0,8,2.1380892450324454,-177.85550902422875,2.2377832450324453,161.48261397577124,20.761571000000004,-0.0001469290000000001,-2.2922548228305177,3.9333849982599096,131.51559616650786,3522.6736083743017,744.5665027645255,1931.8420484874255,1,0,0,2,2,0,2,0,0,1,0
171000.0,101,79.237797,-122.703028,-0.254469,10.089995,102,79.270197,-122.696545,20.653668,6.298882,3515.758263,3,0,0,8,2.1334362216037794,-177.8601944678712,2.3879052216037793,161.4861375321288,20.908136999999954,-0.00014833099999999976,-2.2665436265117163,4.195845397523632,130.8807203160484,3513.321277780091,721.4489573815252,1831.788160462057,1,0,0,2,2,0,2,0,0,1,0
172000.0,101,79.23788,-122.703046,-0.41807,9.984183,102,79.270199,-122.696898,19.758911,6.112451,3506.547597,3,0,0,8,2.028354700046829,-177.9656051138337,2.4464247000468293,162.27548388616628,20.176981000000012,-0.0001864309999999998,-2.1392450035917108,4.2313462466338105,124.1110044793601,3504.350511663124,728.3327721144133,1734.444947938101,1,0,0,2,2,0,2,1,0,1,0
173000.0,101,79.237968,-122.703025,-0.16802,9.96464,102,79.270201,-122.696781,20.268511,5.982316,3497.412203,3,0,0,8,2.065491007645402,-177.92837448881795,2.2335110076454017,161.80311451118206,20.436531000000002,-0.0001301350000000001,-2.1016160803951554,4.352709366333777,126.05306983278835,3495.1398743511027,722.936072622318,1681.8703486720412,1,0,0,2,2,0,2,0,0,1,0
174000.0,101,79.238055,-122.703005,0.046509,9.931288,102,79.270198,-122.696502,21.324013,5.865582,3487.470954,3,0,0,8,2.1571058872936315,-177.83650515017592,2.1105968872936316,160.83948184982407,21.277503999999965,-0.00011673400000000012,-2.1249084934003286,4.4672668944497245,131.26738388995423,3484.9996454691864,713.3156597146025,1673.8164298088222,1,0,0,2,2,0,2,0,0,1,0
175000.0,101,79.238148,-122.703025,-0.153963,10.000625,102,79.270196,-122.696944,20.118432,5.666382,3477.805153,3,0,0,8,2.023219855280849,-177.97080578104183,2.177182855280849,161.91076221895815,20.27239499999996,-0.00019920000000000026,-1.9758921132935203,4.679948849472634,122.78220637355086,3475.6370944089367,698.1625820256387,1516.6445899689095,1,0,0,2,2,0,2,1,0,1,0
176000.0,101,79.238242,-122.70302,-0.097477,10.061313,102,79.270189,-122.696577,21.551745,5.557369,3468.215861,3,0,0,8,2.150323633532919,-177.84334634990574,2.2478006335329193,160.60490865009425,21.64922200000001,-0.00010901300000000002,-2.0585687158551664,4.892466258643637,130.13237591035713,3465.7736255029554,674.75103432017,1528.042433723778,1,0,0,2,2,0,2,0,0,0,0
177000.0,101,79.238334,-122.702983,0.286449,10.082795,102,79.270185,-122.697057,20.165066,5.354094,3458.725402,3,0,0,8,1.9838782364246001,-178.01029968013586,1.6974292364246002,161.82463431986415,19.87861700000002,-0.00020327499999999964,-1.7952864931088628,5.056762850484111,119.73515511203937,3456.6522675951014,672.5755381225221,1328.3649260229115,1,0,0,2,1,0,2,1,0,1,0
178000.0,101,79.238423,-122.703011,-0.018892,10.064695,102,79.27018,-122.696891,20.956749,5.233644,3449.360831,3,0,0,8,2.054829982564421,-177.93915733508683,2.0737219825644213,161.10409366491317,20.975640999999996,-0.00012044999999999995,-1.8752000154319453,5.177252431324233,123.6798036835624,3447.1427949241975,655.4724386725873,1353.8830163921236,1,0,0,2,2,0,2,0,0,0,0
179000.0,101,79.238515,-122.703013,-0.033736,10.100049,102,79.270173,-122.696628,22.139775,5.122578,3439.419677,3,0,0,8,2.1504226923145184,-177.84330427137962,2.1841586923145186,160.0169207286204,22.173510999999962,-0.0001110660000000001,-1.936479465404931,5.355171109660866,129.05784449469058,3436.9974959707447,638.3938108821025,1365.416846503557,1,0,0,2,2,0,2,0,0,0,0
180000.0,101,79.2386,-122.703008,0.01501,10.019255,102,79.270169,-122.696738,21.972835,4.975287,3429.755655,3,0,0,8,2.1176758304023213,-177.87616411589272,2.102665830402321,160.15100088410728,21.957824999999957,-0.00014729100000000005,-1.8589632091931363,5.405365745747139,126.73633509633635,3427.4132745221764,636.428805852302,1309.8958046657174,1,0,0,2,2,0,2,1,0,1,0
181000.0,101,79.238692,-122.703018,-0.08739,10.048043,102,79.270164,-122.696922,21.526702,4.819963,3420.169012,3,0,0,8,2.0653006977813946,-177.92871019651108,2.1526906977813947,160.54458780348892,21.614092000000028,-0.00015532399999999936,-1.7839378470633485,5.564276813257755,123.25773251031983,3417.947278999702,621.566912351066,1232.7639767388455,1,0,0,2,2,0,2,1,0,1,0
182000.0,101,79.238775,-122.703031,-0.211186,9.944172,102,79.270158,-122.696935,21.729829,4.687312,3410.681328,3,0,0,8,2.071153784743782,-177.92285710878625,2.2823397847437823,160.34731389121376,21.941014999999993,-0.00013265100000000007,-1.7720385737867943,5.589873074533775,123.26400404457401,3408.4531838467055,618.7953956864208,1220.8396575721868,1,0,0,2,2,0,2,0,0,1,0
183000.0,101,79.238865,-122.703052,-0.405829,9.964035,102,79.27015,-122.696806,22.526435,4.57051,3400.740248,3,0,0,8,2.1287137969532988,-177.86514972599898,2.534542796953299,159.60841527400103,22.932263999999975,-0.00011680200000000074,-1.8215816727734442,5.7419918390594,126.31885669526753,3398.3934117182935,604.0263048236371,1228.5933520093292,1,0,0,2,2,0,2,0,0,0,0
184000.0,101,79.238948,-122.703045,-0.301832,9.873865,102,79.27014,-122.696608,23.644447,4.462523,3391.077488,3,0,0,8,2.200282341192676,-177.79339353016124,2.502114341192676,158.56215946983878,23.946279000000004,-0.00010798699999999962,-1.8417533870048488,5.785825389582664,130.19273338716044,3388.5773389128317,603.8118148600404,1246.6924244881473,1,0,0,2,2,0,2,0,0,0,0
185000.0,101,79.239023,-122.703048,-0.317938,9.67322,102,79.270132,-122.696581,24.069865,4.338936,3381.492314,3,0,0,8,2.216420201282256,-177.7772261954112,2.534358201282256,158.1529088045888,24.38780300000002,-0.00012358699999999968,-1.8233133746114791,5.711410700341316,130.7764520410106,3378.9625314928603,612.0478132319586,1252.1807733001583,1,0,0,2,2,0,2,0,0,0,0
186000.0,101,79.2391,-122.70304,-0.209269,9.531657,102,79.270124,-122.696819,23.382833,4.181258,3371.551287,3,0,0,8,2.1380268256053716,-177.85586125686285,2.3472958256053715,158.76130574313714,23.59210200000001,-0.00015767800000000064,-1.6942416271945706,5.693727180782872,125.78228907490411,3369.204193370659,615.2712999390916,1175.858778854845,1,0,0,2,2,0,2,1,0,1,0
187000.0,101,79.239189,-122.70303,-0.086277,9.589408,102,79.270111,-122.696566,24.880936,4.084717,3361.889088,3,0,0,8,2.2287813856012204,-177.76486795696607,2.3150583856012203,157.35419604303394,24.967213000000015,-9.654099999999932e-05,-1.7330191752403556,5.883806995895481,130.74307291040816,3359.34584240733,603.3264388299995,1191.6465416277929,1,0,0,1,2,0,2,0,0,0,0
188000.0,101,79.239277,-122.703042,-0.20069,9.616698,102,79.27009,-122.696,27.943333,4.019322,3352.258256,3,0,0,8,2.436428360171789,-177.55665311653132,2.637118360171789,154.50001388346868,28.144023000000004,-6.539500000000054e-05,-1.917130905213622,6.0659238086057385,142.507456322986,3349.227827397311,595.274825282294,1310.123497451336,1,0,0,1,2,0,2,0,0,0,0
189000.0,101,79.239372,-122.703058,-0.349709,9.739634,102,79.270077,-122.695785,29.355371,3.929259,3342.317282,3,0,0,8,2.5250915031858985,-177.4677630229772,2.8748005031858983,153.1768659770228,29.70508000000001,-9.006299999999978e-05,-1.9856671813439362,6.314726457453095,147.25212389543748,3339.0719707074522,578.8269296077939,1334.57555339272,1,0,0,1,2,0,2,0,0,0,0
190000.0,101,79.239456,-122.703074,-0.488408,9.701388,102,79.270066,-122.695769,29.864646,3.815115,3332.626884,3,0,0,8,2.5440503893571362,-177.44877269703406,3.0324583893571364,152.68658130296595,30.353053999999986,-0.00011414400000000002,-1.9824437449002579,6.392551883549174,147.92686576627545,3329.3422158654876,574.0938492061157,1330.3699003498982,1,0,0,1,2,0,2,0,0,1,0
191000.0,101,79.239543,-122.703062,-0.325577,9.698722,102,79.270056,-122.696097,28.802339,3.645385,3322.93623,3,0,0,8,2.4334914540382555,-177.5596656698976,2.7590684540382555,153.6379953301024,29.127916000000027,-0.00016972999999999994,-1.8114196549838142,6.504161885383281,141.09077558600643,3319.9395448849896,564.7576536284446,1216.5459115067338,1,0,0,1,2,0,2,1,0,1,0
192000.0,101,79.239633,-122.703018,0.168797,9.745662,102,79.270045,-122.696249,28.511887,3.509338,3312.995307,3,0,0,8,2.3729385322199317,-177.62041115419393,2.2041415322199316,153.86770184580607,28.343090000000018,-0.00013604700000000003,-1.646439879473986,6.661900891507544,137.17043494310852,3310.1544036466853,556.5351766202965,1125.945115495081,1,0,0,1,1,0,2,1,0,1,0
193000.0,101,79.23972,-122.703029,0.040976,9.747028,102,79.270034,-122.696499,27.703761,3.359299,3303.253906,3,0,0,8,2.2966410535247674,-177.69694344150065,2.2556650535247673,154.59929555849936,27.662784999999985,-0.00015003900000000003,-1.5547679110803343,6.772826094757377,132.37200402944157,3300.6005544527025,543.9140254112536,1050.435844933127,1,0,0,1,2,0,2,1,0,1,0
194000.0,101,79.239809,-122.703033,-0.010241,9.773051,102,79.270023,-122.696661,27.309508,3.226808,3293.512169,3,0,0,8,2.248541266291276,-177.74519845760318,2.258782266291276,154.94529354239683,27.319749,-0.0001324909999999999,-1.4821966910518796,6.905899283731859,129.21889370808307,3290.9762814186224,531.9295675174143,994.1612644918409,1,0,0,1,2,0,2,1,0,1,0
195000.0,101,79.239901,-122.703068,-0.373959,9.827615,102,79.270011,-122.69699,25.946669,3.068825,3283.571298,3,0,0,8,2.152298543583805,-177.8417300246521,2.5262575435838053,156.2116009753479,26.320628,-0.0001579830000000002,-1.4068589541921845,7.06791303903219,123.31735074590141,3281.254836195204,512.2585360543303,909.6583219166026,1,0,0,1,2,0,2,1,0,1,0
196000.0,101,79.240004,-122.703083,-0.480699,10.044355,102,79.269999,-122.697251,24.870013,2.92651,3273.789054,3,0,0,8,2.0731776454443027,-177.92109260870387,2.5538766454443027,157.20889439129613,25.350711999999987,-0.00014231499999999998,-1.3150450154684237,7.388883603502711,118.43220229661014,3271.6461580600962,485.7529764588387,821.099114426863,1,0,0,1,2,0,2,1,0,1,0
197000.0,101,79.240088,-122.703033,0.068063,9.966747,102,79.269987,-122.697356,24.69625,2.810538,3264.00639,3,0,0,8,2.024600786890311,-177.969821748934,1.956537786890311,157.333928251066,24.628187000000025,-0.00011597199999999974,-1.1624244382397295,7.413266350524166,115.3127651983905,3261.9688349435733,485.3254841827198,757.9508938158104,1,0,0,1,1,0,2,1,0,1,0
198000.0,101,79.240178,-122.703041,-0.025501,9.967441,102,79.269972,-122.697175,26.453918,2.732135,3254.06557,3,0,0,8,2.0993138291216407,-177.89492301975807,2.124814829121641,155.65115898024192,26.479419000000007,-7.840300000000022e-05,-1.2215420042148724,7.52137883269366,119.20208652592517,3251.8815471088874,484.19257508848386,810.602210579562,1,0,0,1,2,0,2,0,0,0,0
199000.0,101,79.24027,-122.703044,-0.048897,10.01363,102,79.269959,-122.697141,27.259496,2.639314,3244.250625,3,0,0,8,2.1200103858132033,-177.87419011103205,2.1689073858132035,154.86631388896797,27.308393000000024,-9.282099999999982e-05,-1.217407668516678,7.6674312859740805,120.01365181788258,3242.0300493965547,477.5747121140768,817.4155562450671,1,0,0,1,2,0,2,0,0,0,0
200000.0,101,79.240352,-122.703033,0.064903,9.907884,102,79.269943,-122.697655,24.287506,2.458722,3234.435185,3,0,0,8,1.9380067958506464,-178.05670949563364,1.8731037958506465,157.65578450436635,24.222602999999992,-0.0001805920000000003,-1.0000873699583546,7.666769774961465,109.3826144950795,3232.585097041098,465.05352032860975,663.9488736484358,1,0,0,2,2,0,2,1,0,1,0
201000.0,101,79.240451,-122.703059,-0.203893,10.055268,102,79.269929,-122.697561,25.589255,2.377234,3224.494416,3,0,0,8,1.9888067518004984,-178.00579164286282,2.1926997518004985,156.40495335713717,25.793147999999974,-8.148799999999979e-05,-1.06254950660306,7.911144794654694,111.90367971613757,3222.552064014043,453.83250859398873,698.7463207756551,1,0,0,1,2,0,2,0,0,0,0
202000.0,101,79.240541,-122.703043,-0.022568,10.047147,102,79.269915,-122.697457,27.043607,2.300207,3214.653335,3,0,0,8,2.0277636601902773,-177.96674827665927,2.0503316601902775,154.98964472334072,27.066174999999987,-7.702700000000018e-05,-1.0497890971022412,7.998442150749113,113.74653714525529,3212.6403143697994,454.37011841227735,725.7618804978566,1,0,0,1,2,0,2,0,0,0,0
203000.0,101,79.24064,-122.703052,-0.109962,10.180752,102,79.269899,-122.697243,29.477553,2.240506,3204.811719,3,0,0,8,2.116925931193585,-177.87736691463277,2.226887931193585,152.64508008536723,29.587514999999996,-5.9701e-05,-1.1220527589090323,8.230264005599505,118.38228988933957,3202.624515562243,451.0022575859168,805.7556470651987,1,0,0,1,2,0,2,0,0,0,0
204000.0,101,79.240729,-122.703043,-0.00884,10.149049,102,79.269885,-122.697178,30.736587,2.164883,3194.871001,3,0,0,8,2.144860880361774,-177.8493769465656,2.1537008803617743,151.41403605343442,30.745427000000007,-7.562299999999977e-05,-1.1080199988418877,8.28827547583451,119.57169452390306,3192.632663320261,453.1125913537024,838.6105329275136,1,0,0,1,2,0,2,0,0,0,0
205000.0,101,79.240823,-122.703027,0.151417,10.195328,102,79.269871,-122.697155,31.704359,2.085588,3185.00913,3,0,0,8,2.1553977234641115,-177.83883322542653,2.0039807234641116,150.45680777457346,31.55294200000003,-7.929500000000011e-05,-1.0691089454020184,8.420934339197395,119.78792183439084,3182.755726091142,450.23856112536583,855.4854125840677,1,0,0,1,2,0,2,0,0,0,0
206000.0,101,79.24091,-122.703017,0.240719,10.135538,102,79.269858,-122.697158,32.493318,2.004444,3175.146737,3,0,0,8,2.1580552426940907,-177.83618847757435,1.9173362426940908,149.67049352242566,32.252598999999975,-8.11440000000001e-05,-1.0342071071599892,8.4447920346125,119.56416486932386,3172.894768497822,452.15678147117427,872.5983684751841,1,0,0,1,2,0,2,0,0,0,0
207000.0,101,79.241001,-122.703023,0.159232,10.130544,102,79.269845,-122.697249,32.537372,1.910145,3165.206071,3,0,0,8,2.1344398966633387,-177.85988733264952,1.9752078966633386,149.60274066735047,32.37814000000003,-9.42989999999999e-05,-0.9992167516886566,8.520174699823492,117.88616283689025,3163.0100101812595,446.8629628304538,856.5751851134786,1,0,0,1,2,0,2,0,0,1,0
208000.0,101,79.241085,-122.703008,0.298895,10.03903,102,79.269824,-122.696836,37.413439,1.898833,3155.327782,3,0,0,8,2.289745971862271,-177.70419023452396,1.9908509718622711,144.88237076547603,37.11454399999997,-1.131199999999999e-05,-1.101288683819136,8.530703256963237,126.06471468268009,3152.8084463812597,474.67826801660715,1106.679039788877,1,0,0,1,2,0,2,0,0,0,0
209000.0,101,79.241171,-122.702992,0.438376,9.983982,102,79.269807,-122.696595,40.596179,1.871757,3145.44903,3,0,0,8,2.38165414998683,-177.61206100034198,1.94327814998683,141.791759999658,40.157803,-2.70760000000001e-05,-1.1416086723990229,8.562437158698454,130.71145253393945,3142.7319511063,495.1417010754083,1299.0520760574136,1,0,0,1,2,0,2,0,0,0,0
210000.0,101,79.241264,-122.702998,0.335839,10.029076,102,79.269794,-122.696918,38.853332,1.729996,3135.508417,3,0,0,8,2.2721636428256384,-177.7218629491622,1.9363246428256384,143.42480505083782,38.517493,-0.0001417609999999998,-1.0264915403019597,8.681661765619461,124.31144256493005,3133.043200839285,473.60212165957995,1153.4034041014138,1,0,0,1,2,0,2,1,0,1,0
211000.0,101,79.241349,-122.703023,0.049595,9.961685,102,79.269778,-122.696738,41.701649,1.698454,3125.617241,3,0,0,8,2.35702796295978,-177.63679722229705,2.30743296295978,140.66155377770295,41.652053999999964,-3.154200000000018e-05,-1.1212768596868299,8.69358317934469,128.54506099160133,3122.9728312188563,491.9768306772224,1339.6004070030644,1,0,0,1,2,0,2,0,0,0,0
212000.0,101,79.241437,-122.703032,-0.044297,9.939907,102,79.269763,-122.69655,44.655572,1.673838,3115.725685,3,0,0,8,2.439651855226763,-177.55397978296025,2.483948855226763,137.79044821703974,44.69986899999998,-2.4615999999999972e-05,-1.1841306932436932,8.749228268074306,132.62738195514737,3112.9016241642526,512.3849693005823,1556.8385297773411,1,0,0,1,2,0,2,0,0,0,0
213000.0,101,79.241525,-122.702992,0.375584,9.936205,102,79.269745,-122.696271,48.490051,1.674476,3105.785125,3,0,0,8,2.5389829075224863,-177.45441391989246,2.1633989075224864,134.05553508010755,48.11446699999999,6.380000000001385e-07,-1.1887825765732263,8.826232401629012,137.58351606259188,3102.7362148237994,547.2742461761329,1898.9299711409444,1,0,0,1,2,0,2,0,0,0,0
214000.0,101,79.241623,-122.703001,0.245096,10.067702,102,79.269733,-122.69646,48.102842,1.567825,3095.883845,3,0,0,8,2.480730780638202,-177.5128428902411,2.2356347806382018,134.3843151097589,47.85774600000002,-0.00010665100000000005,-1.1239353827966148,9.020623194111353,134.00035924010993,3092.982490324752,528.9152007308144,1829.4514127434102,1,0,0,1,2,0,2,1,0,1,0
215000.0,101,79.2417,-122.702986,0.383545,9.872644,102,79.269721,-122.696541,48.637075,1.491128,3085.982257,3,0,0,8,2.452123610891264,-177.5415443763227,2.0685786108912643,133.8213806236773,48.253529999999955,-7.669700000000001e-05,-1.0530612711624723,8.887046132595788,132.03241437948682,3083.1564884176637,541.6274608421126,1867.443045285359,1,0,0,1,2,0,2,0,0,0,0
216000.0,101,79.24179,-122.703018,0.020163,9.897607,102,79.269708,-122.696957,46.001416,1.327144,3076.041751,3,0,0,8,2.314688729755012,-177.67935652480216,2.2945257297550117,136.31922747519783,45.98125299999998,-0.0001639839999999999,-0.9512072095847254,8.975718292532559,124.23502467560006,3073.531928016854,505.495017702688,1583.7842472642708,1,0,0,1,2,0,2,1,0,1,0
217000.0,101,79.241884,-122.702976,0.44558,9.972002,102,79.269695,-122.697345,42.99695,1.17735,3066.132507,3,0,0,8,2.158902030947182,-177.83556568459824,1.713322030947182,139.16748431540177,42.55136999999996,-0.0001497940000000002,-0.7253550685076252,9.110598429623549,115.50437917219844,3063.9561499594197,470.682082329905,1306.7264758739725,1,0,0,1,1,0,2,1,0,1,0
218000.0,101,79.24197,-122.702959,0.586671,9.915538,102,79.26968,-122.697112,47.642169,1.178477,3056.223004,3,0,0,8,2.249797510979083,-177.74445799053004,1.6631265109790832,134.61337300946997,47.055498,1.1270000000001001e-06,-0.7693104549018961,9.121009067489341,119.97595938402873,3053.86719084977,511.42031210035356,1690.644969992274,1,0,0,1,2,0,2,0,0,0,0
219000.0,101,79.242055,-122.702968,0.441057,9.87253,102,79.269665,-122.697625,42.729081,0.996478,3046.282554,3,0,0,8,2.0634874452659435,-177.93126322020558,1.6224304452659435,139.3396557797944,42.28802400000001,-0.00018199900000000002,-0.6001458364552767,9.140254352404101,109.68708467767148,3044.307169498452,463.00937880878666,1249.349028046642,1,0,0,1,2,0,2,1,0,1,0
220000.0,101,79.242138,-122.702981,0.280568,9.781663,102,79.269653,-122.697561,45.399701,0.965106,3036.366977,3,0,0,8,2.10042173257302,-177.8942532821222,1.81985373257302,136.7060457178778,45.11913299999998,-3.1371999999999956e-05,-0.6392780707988124,9.103890012571553,111.28608156774006,3034.3269149953862,485.3683845906659,1447.1776500734993,1,0,0,1,2,0,2,0,0,0,0
221000.0,101,79.242225,-122.702975,0.311111,9.774322,102,79.269642,-122.697882,41.912033,0.842609,3026.451173,3,0,0,8,1.9808543071248528,-178.01414197450535,1.6697433071248526,140.07382502549464,41.600922000000025,-0.00012249699999999998,-0.5097799828126479,9.147132494047002,104.61092797754016,3024.6426658864602,452.2474293885643,1161.5298144337828,1,0,0,1,2,0,2,1,0,1,0
222000.0,101,79.24232,-122.702967,0.364258,9.886679,102,79.269627,-122.698408,32.906567,0.678189,3016.51078,3,0,0,8,1.780444243755526,-178.21507667612175,1.416186243755526,148.87835632387825,32.54230899999999,-0.00016442,-0.3055860467988737,9.317100470654282,93.72182356456153,3015.054478055735,389.090456083989,646.1266136090577,1,0,0,1,2,0,2,1,0,1,0
223000.0,101,79.242406,-122.702951,0.498976,9.85234,102,79.269612,-122.698981,17.488922,0.535074,3006.590125,3,0,0,8,1.5562963898887026,-178.43980320428247,1.0573203898887025,164.07127479571753,16.989945999999975,-0.000143115,-0.07500046618941968,9.341626144338004,81.65645076404064,3005.4810602956954,338.1079345563268,186.70882722594513,1,0,0,2,2,0,2,1,0,1,1
224000.0,101,79.242499,-122.702991,0.03998,9.926038,102,79.269601,-122.699337,3.991707,0.465348,2996.669263,3,0,0,8,1.437970007925237,-178.5584400462736,1.3979900079252372,177.4498529537264,3.9517270000000053,-6.972600000000007e-05,-0.0254676283466176,9.461816454290117,75.20044594603962,2995.7255489678087,317.39605982875827,83.61344953223582,1,0,0,2,2,0,2,1,0,1,1
225000.0,101,79.242582,-122.702971,0.247996,9.837903,102,79.269591,-122.699527,-4.712457,0.424829,2986.728926,3,0,0,8,1.3600263433324988,-178.63659002918214,1.1120303433324987,-173.92413302918214,4.960452999999973,-4.051899999999997e-05,0.0774836300916408,9.41441795943687,70.88914073293776,2985.8875409384154,318.32291521814034,47.50069095558898,1,0,0,2,2,0,2,0,0,1,1
226000.0,101,79.242681,-122.702984,0.09339,9.997347,102,79.269577,-122.699277,8.183648,0.377151,2976.804175,3,0,0,8,1.4699899161074799,-178.52636806622394,1.3765999161074798,173.28998393377606,8.090258000000006,-4.7678e-05,-0.037390807393286485,9.6240232873516,76.36499775421733,2975.8245048079416,312.47739509320206,93.50212751475941,1,0,0,2,2,0,2,0,0,0,1
227000.0,101,79.242766,-122.702976,0.164241,9.932403,102,79.269568,-122.699345,4.934911,0.337363,2966.879227,3,0,0,8,1.4449143657722274,-178.55151828385917,1.2806733657722273,176.51357071614083,4.7706699999999955,-3.978799999999999e-05,-0.0005496588583833277,9.596249774795124,74.81235226264418,2965.935848860027,310.26102808921263,75.84551005550841,1,0,0,2,2,0,2,1,0,1,1
228000.0,101,79.242862,-122.70296,0.319508,10.024455,102,79.269558,-122.699275,10.114618,0.302256,2956.938949,3,0,0,8,1.4722149945353884,-178.52416460117453,1.1527069945353885,171.36121739882546,9.795110000000022,-3.5107e-05,0.0028191849879468864,9.726740675234442,75.97018288141345,2955.962868411271,308.8448005619273,89.17747363994674,1,0,0,2,2,0,2,0,0,0,1
229000.0,101,79.242961,-122.702928,0.601923,10.158664,102,79.269546,-122.699744,-24.054413,0.278595,2947.01088,3,0,0,8,1.2774400395961447,-178.719431773452,0.6755170395961447,-154.66501877345198,24.65633600000001,-2.3661000000000043e-05,0.22027671733175452,9.90370194936862,65.69973986111815,2946.2784442446296,326.54804259262215,287.8235002578874,1,0,0,1,2,0,2,0,0,0,0
230000.0,101,79.243048,-122.702951,0.326427,10.111117,102,79.269537,-122.699875,-35.388535,0.272833,2937.082619,3,0,0,8,1.2385957492678978,-178.7583821702344,0.9121687492678978,-143.3698471702344,35.714962000000014,-5.761999999999989e-06,0.2156075216912389,9.888527522225004,63.48765553659119,2936.396367731435,366.06489693701127,683.6207941835145,1,0,0,1,2,0,2,0,0,0,0
231000.0,101,79.243136,-122.702924,0.570453,10.067102,102,79.269524,-122.699611,-18.9097,0.190397,2927.142402,3,0,0,8,1.3390994447118214,-178.657645628783,0.7686464447118214,-159.747945628783,19.480152999999973,-8.243599999999998e-05,0.16193266090600145,9.88648166997948,68.4060494169484,2926.3429829720053,313.2210853877457,171.22730553531213,1,0,0,2,2,0,2,1,0,1,1
232000.0,101,79.24322,-122.702925,0.519882,9.985616,102,79.269516,-122.699726,-33.863169,0.182395,2917.211638,3,0,0,8,1.2975604149850009,-178.6992966598116,0.7776784149850009,-144.8361276598116,34.383050999999966,-8.002000000000009e-06,0.19223734874804493,9.833749485377675,66.05957410026335,2916.463590301161,358.2676456911968,606.6572072529731,1,0,0,1,2,0,2,0,0,0,0
233000.0,101,79.24331,-122.702941,0.308874,9.985948,102,79.269506,-122.69958,-22.118425,0.12777,2907.280686,3,0,0,8,1.368448961010621,-178.62824895302327,1.0595749610106209,-156.50982395302327,22.427299000000005,-5.4625000000000006e-05,0.10194091022807955,9.867435798446092,69.4307160326487,2906.4515070545776,318.2888363045852,237.1448385350505,1,0,0,1,2,0,2,1,0,1,0
234000.0,101,79.243404,-122.702973,-0.047391,10.046936,102,79.269493,-122.699267,39.681803,0.100115,2897.340529,3,0,0,8,1.5150426669380908,-178.48131629401715,1.5624336669380907,141.83688070598285,39.72919400000001,-2.7655e-05,-0.07223588381859143,9.969883820224174,76.60394953347665,2896.3276706722727,378.2544626606711,880.9769370637739,1,0,0,1,0,0,2,0,0,0,0
235000.0,101,79.243491,-122.702974,-0.051475,10.003743,102,79.269486,-122.699356,30.477873,0.061733,2887.408301,3,0,0,8,1.4844308393971584,-178.51201457857206,1.5359058393971583,151.01011242142795,30.52934799999997,-3.838199999999999e-05,-0.040298765521229775,9.9505359137862,74.79919947263872,2886.4392902747772,336.83346967567434,473.5532936389062,1,0,0,1,2,0,2,1,0,1,0
236000.0,101,79.243575,-122.702988,-0.197196,9.923058,102,79.269478,-122.699369,41.507098,0.039505,2877.475085,3,0,0,8,1.4901133924586631,-178.50633104259222,1.687309392458663,139.98657095740776,41.704294000000004,-2.2228000000000005e-05,-0.060332784718648,9.89341497594976,74.82716616901111,2876.5020006943973,388.5550521102817,972.6115484592542,1,0,0,1,2,0,2,0,0,0,0
237000.0,101,79.243654,-122.703003,-0.331255,9.781811,102,79.26946,-122.698882,96.57385,0.20024,2867.534991,3,0,0,8,1.7030732896225378,-178.2928779442452,2.034328289622538,85.13327205575479,96.90510499999999,0.000160735,-0.25547657747175956,9.80457174687959,85.22273691916067,2866.2683073504086,-999,12662.176705940046,1,0,0,1,2,0,2,0,1,0,0
238000.0,101,79.243752,-122.703014,-0.412285,9.931205,102,79.269448,-122.698564,100.753716,0.314309,2857.600195,3,0,0,8,1.8468167005360403,-178.14881129950024,2.25910170053604,81.0974727004998,101.166001,0.00011406900000000001,-0.38025085919544177,9.989594099783561,92.0931699143892,2856.115845430496,-999,12838.945937501014,1,0,0,1,2,0,2,0,1,0,0
239000.0,101,79.243838,-122.703031,-0.553721,9.900088,102,79.26944,-122.698451,103.207628,0.353268,2847.665811,3,0,0,8,1.9077044406502461,-178.08779583745846,2.4614254406502463,78.70457616254157,103.761349,3.8959000000000025e-05,-0.4395990105814234,9.98034052401065,94.79757609409367,2846.0874882380144,-999,12821.073121848622,1,0,0,1,2,0,2,0,1,1,0
240000.0,101,79.243926,-122.703055,-0.754404,9.884143,102,79.269434,-122.698575,108.084493,0.309129,2837.725782,3,0,0,8,1.8729542556328043,-178.12264426908203,2.6273582556328043,73.79286273091799,108.83889700000003,-4.413900000000004e-05,-0.42399706635215356,9.979245793035696,92.74651814836864,2836.2097413976394,-999,12809.748989963326,1,0,0,1,2,0,2,0,1,1,0
241000.0,101,79.244022,-122.703075,-0.887709,9.990741,102,79.269428,-122.698685,113.852319,0.272809,2827.789961,3,0,0,8,1.8427185484799307,-178.15296839808767,2.7304275484799305,67.99471260191234,114.74002799999994,-3.6319999999999964e-05,-0.4042934017198555,10.099860571817498,90.93030568977613,2826.3276071679206,-999,12919.879281990328,1,0,0,1,2,0,2,0,1,0,0
242000.0,101,79.244116,-122.703072,-0.777213,10.066055,102,79.269421,-122.698571,114.347362,0.313628,2817.853433,3,0,0,8,1.896814137145763,-178.09876375435937,2.674027137145763,67.5538742456406,115.124575,4.0819e-05,-0.4222759053045275,10.194427565161096,93.26983589313915,2816.309412614735,-999,13004.6943027967,1,0,0,1,2,0,2,0,1,0,0
243000.0,101,79.244197,-122.703052,-0.519656,9.918673,102,79.269416,-122.698661,119.694554,0.286116,2807.913468,3,0,0,8,1.8567974628461141,-178.1388885000864,2.376453462846114,62.16655749991361,120.21420999999998,-2.7512000000000037e-05,-0.33850108379877014,10.060000078590859,90.98076847501399,2806.4391216528256,-999,12858.75518810933,1,0,0,1,2,0,2,0,1,1,0
244000.0,101,79.244279,-122.703063,-0.589247,9.82269,102,79.26941,-122.698819,129.169294,0.242265,2797.975979,3,0,0,8,1.8009590902397716,-178.19487129563706,2.3902060902397717,52.635834704362935,129.75854100000004,-4.385099999999997e-05,-0.28884167157637475,9.975188489400713,87.93336237001313,2796.5938752066436,-999,12763.383978051028,1,0,0,1,2,0,2,0,1,1,0
245000.0,101,79.244374,-122.70305,-0.403989,9.930303,102,79.269399,-122.698487,121.036003,0.354263,2788.038688,3,0,0,8,1.944425365360502,-178.05109161110337,2.348414365360502,60.91290538889666,121.43999200000002,0.00011199799999999998,-0.37356532013810334,10.112705865167458,94.59846203336492,2786.4333576753065,-999,12892.037029815583,1,0,0,1,2,0,2,1,1,0,0
246000.0,101,79.244458,-122.703032,-0.185987,9.858306,102,79.269394,-122.698468,122.399691,0.361577,2778.09879,3,0,0,8,1.951788135108379,-178.04372785829693,2.137775135108379,59.55658114170308,122.58567800000003,7.313999999999987e-06,-0.3372914513006478,10.05199505980775,94.61799225724845,2776.4870470687724,-999,12820.720625208734,1,0,0,1,2,0,2,0,1,1,0
247000.0,101,79.244544,-122.70305,-0.353205,9.825725,102,79.269389,-122.698636,130.074134,0.313018,2768.160329,3,0,0,8,1.8945980927997648,-178.10106527096897,2.2478030927997645,51.82480072903104,130.42733899999996,-4.8558999999999967e-05,-0.3000963486710244,10.027052479139451,91.51800748581978,2766.647079292047,-999,12785.369082146764,1,0,0,1,2,0,2,0,1,1,0
248000.0,101,79.244621,-122.703059,-0.42042,9.664217,102,79.269384,-122.698592,130.112308,0.328672,2758.221987,3,0,0,8,1.9236752141152882,-178.07193607805698,2.3440952141152884,51.81575592194304,130.53272799999996,1.5654000000000003e-05,-0.3222753800566135,9.875716233659071,92.58843368508296,2756.6675373570115,-999,12624.591785295324,1,0,0,1,2,0,2,0,1,1,0
249000.0,101,79.244718,-122.703041,-0.199726,9.819134,102,79.269379,-122.698921,149.791025,0.255376,2748.282158,3,0,0,8,1.7816774454923114,-178.21427476426803,1.9814034454923115,31.99470023573201,149.990751,-7.329600000000002e-05,-0.16272201104241127,10.039769259113477,85.44718787603301,2746.953512177666,-999,12776.915700221194,1,0,0,1,2,0,2,0,1,0,0
250000.0,101,79.244812,-122.703075,-0.522334,9.908599,102,79.269375,-122.698979,155.063994,0.250038,2738.342913,3,0,0,8,1.7783685623486367,-178.21760722617344,2.300702562348637,26.71839877382655,155.58632799999998,-5.33800000000001e-06,-0.1957474327048079,10.134916522113034,84.9801000822465,2737.023984507139,-999,12862.28086744062,1,0,0,1,2,0,2,0,1,0,0
251000.0,101,79.244897,-122.703079,-0.522784,9.851655,102,79.269362,-122.698553,135.265771,0.365326,2728.403724,3,0,0,8,1.9727897285550688,-178.02276359583024,2.495573728555069,46.71146540416976,135.78855499999997,0.000115288,-0.34701168749343575,10.110764880586354,93.92495239891316,2726.7865674551667,-999,12829.930313442863,1,0,0,1,2,0,2,1,1,1,0
252000.0,101,79.244993,-122.703088,-0.57335,9.966986,102,79.269359,-122.698674,141.413517,0.335405,2718.463966,3,0,0,8,1.9318204612367658,-178.06384289952732,2.505170461236766,40.5226401004727,141.98686700000002,-2.9920999999999977e-05,-0.3089269126872403,10.228662205127275,91.64007199217593,2716.9189225381233,-999,12937.172133845883,1,0,0,1,2,0,2,0,1,0,0
253000.0,101,79.245089,-122.703098,-0.612082,10.061945,102,79.269355,-122.698668,142.057624,0.337752,2708.524779,3,0,0,8,1.9468020523948668,-178.04884558812674,2.558884052394867,39.89353041187326,142.66970600000002,2.346999999999988e-06,-0.3151612789455715,10.327732060267266,92.0128338621528,2706.961417689889,-999,13026.271828703073,1,0,0,1,2,0,2,0,1,0,0
254000.0,101,79.245184,-122.703116,-0.745836,10.133069,102,79.269352,-122.698741,146.469566,0.321881,2698.584632,3,0,0,8,1.930441022719077,-178.0652606532143,2.676277022719077,35.46517334678572,147.21540199999998,-1.5871000000000025e-05,-0.30970198893407846,10.40052808535009,90.90500134438854,2697.053076377466,-999,13089.004302526175,1,0,0,1,2,0,2,0,1,0,0
255000.0,101,79.245274,-122.703099,-0.509069,10.126121,102,79.269347,-122.698631,142.093245,0.34874,2688.644947,3,0,0,8,1.9792192267110063,-178.01639107851665,2.4882882267110062,39.890363921483356,142.60231400000004,2.6859000000000022e-05,-0.30422695694624236,10.400881239840901,92.85779087504874,2687.0409527401025,-999,13079.224444022113,1,0,0,1,2,0,2,1,1,1,0
256000.0,101,79.245356,-122.703082,-0.296889,9.999715,102,79.269345,-122.698723,147.252657,0.327724,2678.704858,3,0,0,8,1.9377286182985982,-178.05798877605142,2.234617618298598,34.68935422394861,147.54954600000002,-2.101599999999998e-05,-0.2290927326006332,10.27521764528391,90.57584491524476,2677.173086035098,-999,12942.854302027315,1,0,0,1,2,0,2,0,1,1,0
257000.0,101,79.245447,-122.703094,-0.386693,10.010765,102,79.26934,-122.698616,142.857214,0.352829,2668.76475,3,0,0,8,1.9985786043419536,-177.99702187493594,2.3852716043419537,39.145764125064034,143.24390699999998,2.5104999999999987e-05,-0.28060215829139235,10.291788736148034,93.07238008791317,2667.1413203854295,-999,12949.992094368037,1,0,0,1,2,0,2,1,1,0,0
258000.0,101,79.245545,-122.703083,-0.240466,10.140142,102,79.269338,-122.69887,157.383018,0.304532,2658.825139,3,0,0,8,1.8882919442689075,-178.10756889008894,2.1287579442689073,24.509413109911065,157.62348400000002,-4.829699999999998e-05,-0.15967082244394132,10.421165049746211,87.61080336951763,2657.3813175589457,-999,13068.322997305422,1,0,0,1,2,0,2,0,1,0,0
259000.0,101,79.245633,-122.703103,-0.42549,10.087865,102,79.26933,-122.698585,143.588626,0.368406,2648.885092,3,0,0,8,2.0330821728459445,-177.9624790061609,2.4585721728459444,38.448894993839076,144.014116,6.387399999999999e-05,-0.29359176782028773,10.38407113570297,93.97325662670852,2647.217644557927,-999,13022.430259656709,1,0,0,1,2,0,2,1,1,1,0
260000.0,101,79.245719,-122.703082,-0.182329,10.03476,102,79.269316,-122.698102,130.24105,0.510766,2638.943906,3,0,0,8,2.2502667477834235,-177.74484052729926,2.4325957477834237,52.01410947270074,130.42337899999995,0.00014236000000000004,-0.42181771657389594,10.364666452639483,103.61672801368655,2636.90889351344,-999,12995.096710905262,1,0,0,1,2,0,2,1,1,1,0
261000.0,101,79.245802,-122.703086,-0.207331,9.925234,102,79.269313,-122.697989,128.029184,0.538668,2629.004371,3,0,0,8,2.311493844097503,-177.6834984807612,2.518824844097503,54.287317519238854,128.236515,2.790199999999998e-05,-0.46022265855049904,10.257022320360893,106.03362352217174,2626.8652141706593,-999,12878.489299511626,1,0,0,1,2,0,2,1,1,1,0
262000.0,101,79.245889,-122.703095,-0.277033,9.909429,102,79.269309,-122.698471,144.1888,0.413001,2619.063308,3,0,0,8,2.1053321352443506,-177.89012489967192,2.3823651352443505,37.921075100328096,144.46583300000003,-0.00012566700000000004,-0.2895668489265564,10.244236103157528,96.21576754671068,2617.2953859637814,-999,12852.737327432618,1,0,0,1,2,0,2,0,1,1,0
263000.0,101,79.245977,-122.703075,-0.053486,9.900877,102,79.269308,-122.698539,147.165214,0.391963,2609.122143,3,0,0,8,2.0731721592753574,-177.92237133281276,2.1266581592753573,34.91241466718725,147.2187,-2.1038e-05,-0.22177210259141464,10.230214721201786,94.3870417460978,2607.4143214002897,-999,12828.029123428256,1,0,0,1,2,0,2,0,1,1,0
264000.0,101,79.246075,-122.703061,0.099978,10.024278,102,79.269307,-122.698639,151.897274,0.366328,2599.182686,3,0,0,8,2.0297182171521895,-177.965937276422,1.9297402171521896,30.13678872357798,151.79729600000002,-2.5635000000000018e-05,-0.15506840714731226,10.347402299798858,92.05748005437167,2597.551935105093,-999,12934.759556057514,1,0,0,1,2,0,2,0,1,0,0
265000.0,101,79.246169,-122.70305,0.198464,10.093048,102,79.269305,-122.698617,150.946388,0.365284,2589.241648,3,0,0,8,2.0431992378747474,-177.95244544780692,1.8447352378747475,31.101166552193035,150.747924,-1.0439999999999893e-06,-0.14243132647593032,10.41230618867327,92.31422302341659,2587.595485381233,-999,12989.585501691481,1,0,0,1,2,0,2,1,1,0,0
266000.0,101,79.246256,-122.703018,0.507275,10.044255,102,79.269302,-122.69848,144.995311,0.390835,2579.300504,3,0,0,8,2.09971308393748,-177.89582844118718,1.59243808393748,37.10886055881281,144.48803600000002,2.555099999999999e-05,-0.13527310186308883,10.363996277345985,94.50222882615343,2577.5687029993096,-999,12931.26483149819,1,0,0,1,2,0,2,1,1,1,0
267000.0,101,79.246336,-122.703021,0.439536,9.894746,102,79.269302,-122.698657,153.510141,0.349406,2569.361128,3,0,0,8,2.026300314661728,-177.96941216067327,1.5867643146617283,28.520446839326723,153.070605,-4.142899999999999e-05,-0.07994352648750992,10.207177875156889,90.8480886126641,2567.754511411256,-999,12764.729934973426,1,0,0,1,2,0,2,0,1,1,0
268000.0,101,79.246431,-122.703013,0.485125,9.988677,102,79.269301,-122.698807,162.173329,0.320607,2559.420115,3,0,0,8,1.9611872839621949,-178.03468042191668,1.4760622839621949,19.7919905780833,161.68820399999998,-2.879900000000002e-05,-0.01357673860808406,10.29353264786953,87.58973369370892,2557.92090644298,-999,12841.37339365748,1,0,0,0,2,0,2,0,1,0,0
269000.0,101,79.246517,-122.703021,0.364717,9.937748,102,79.269301,-122.698919,169.475585,0.302882,2549.477985,3,0,0,8,1.9199447694273393,-178.07602511338402,1.5552277694273393,12.448389886615985,169.11086800000004,-1.772499999999999e-05,0.007935672850559718,10.235333328848688,85.41538244768708,2548.0467437708,-999,12773.485799453863,1,0,0,0,2,0,2,0,1,1,0
270000.0,101,79.246609,-122.702996,0.582217,9.987469,102,79.269301,-122.699041,178.035593,0.290422,2539.538691,3,0,0,8,1.8586902062300075,-178.13742409998488,1.2764732062300075,3.826982900015082,177.45337600000005,-1.245999999999997e-05,0.09153167939877312,10.277204683597379,82.3688563830457,2538.202540102768,-999,12806.30955325639,1,0,0,0,2,0,2,0,1,0,0
271000.0,101,79.246681,-122.703015,0.352742,9.734291,102,79.269295,-122.698751,158.869674,0.321923,2529.59675,3,0,0,8,2.010700169683999,-177.98511055089554,1.6579581696839987,23.145215449104455,158.51693200000005,3.1501e-05,-0.056121327729542855,10.034384341892315,88.75377437976934,2528.0392570416916,-999,12552.431777830338,1,0,0,1,2,0,2,1,1,1,0
272000.0,101,79.246763,-122.70306,-0.155984,9.659083,102,79.269291,-122.698557,148.564745,0.35495,2519.654624,3,0,0,8,2.1313994482199283,-177.8641764599263,2.2873834482199285,33.5710785400737,148.720729,3.3026999999999974e-05,-0.2114149418774837,9.961901211488476,93.70937936255068,2517.911431417727,-999,12470.404259480048,1,0,0,1,0,0,2,1,1,1,0
273000.0,101,79.246858,-122.703055,-0.091665,9.775552,102,79.269292,-122.698718,157.334391,0.318079,2509.715415,3,0,0,8,2.061489765355509,-177.9342492332197,2.153154765355509,24.731359766780315,157.42605599999996,-3.6870999999999986e-05,-0.13821192205764873,10.069053107794277,90.27953685910929,2508.0911206559317,-999,12567.166058650884,1,0,0,1,2,0,2,0,1,0,0
274000.0,101,79.246952,-122.703026,0.221867,9.873337,102,79.269291,-122.699064,-178.655508,0.287706,2499.773483,3,0,0,8,1.8913810012359795,-178.10472642550133,1.6695140012359795,0.5507815744986715,178.87737499999997,-3.0372999999999982e-05,0.04498315799184976,10.160889767618745,82.50460087289795,2498.4115868176636,-999,12649.782454888353,1,0,0,0,2,0,2,0,1,0,0
275000.0,101,79.247049,-122.703015,0.314407,9.991063,102,79.26929,-122.699462,-151.71755,0.322545,2489.831361,3,0,0,8,1.7037233458479522,-178.29278591336487,1.389316345847952,-26.575235913364878,152.031957,3.483900000000001e-05,0.2076528425208809,10.274952968359749,74.02567432033001,2488.7306816448686,-999,12756.514384459426,1,0,0,1,2,0,2,1,1,0,0
276000.0,101,79.247135,-122.702983,0.613382,9.941364,102,79.269285,-122.699199,-169.553717,0.2945,2479.892239,3,0,0,8,1.8218698256654575,-178.17441248086197,1.2084878256654576,-8.620695480861968,170.167099,-2.804500000000004e-05,0.1598224490635159,10.23041308224836,78.84140090339363,2478.638648644861,-999,12701.060862496195,1,0,0,0,2,0,2,0,1,1,0
277000.0,101,79.247225,-122.702965,0.747256,9.956043,102,79.269285,-122.69917,-171.560101,0.285158,2469.950316,3,0,0,8,1.834611696014949,-178.1616598027091,1.0873556960149489,-6.601558802709093,172.307357,-9.34199999999996e-06,0.17169698295834895,10.237266114582045,79.07433130173281,2468.684227202354,-999,12698.186117233947,1,0,0,0,2,0,2,0,1,1,0
278000.0,101,79.247308,-122.702974,0.598351,9.876677,102,79.26928,-122.698891,167.903305,0.295271,2460.008197,3,0,0,8,1.981632184239382,-178.01435636051076,1.3832811842393822,14.082338639489251,167.30495400000007,1.0112999999999983e-05,0.04126456054682085,10.164853031982087,85.06489734438202,2458.5370228139705,-999,12613.857407557416,1,0,0,0,2,0,2,1,1,1,0
279000.0,101,79.247401,-122.702989,0.39136,9.933056,102,79.26928,-122.698805,161.865196,0.297611,2450.069165,3,0,0,8,2.039234720174235,-177.95665459372572,1.647874720174235,20.178149406274315,161.47383599999995,2.340000000000009e-06,-0.024785126438253216,10.21565200298604,87.18288475886618,2448.517522479453,-999,12654.107839181994,1,0,0,0,2,0,2,1,1,0,0
280000.0,101,79.247488,-122.703034,-0.109954,9.904552,102,79.26928,-122.699098,-176.388288,0.273752,2440.127251,3,0,0,8,1.9261090118501383,-178.07002395592752,2.036063011850138,-1.681735955927536,176.27833399999997,-2.385900000000002e-05,-0.0017625332375174503,10.177742055411619,82.01417178054217,2438.748588251763,-999,12606.568350730182,1,0,0,0,2,0,2,0,1,1,0
281000.0,101,79.247578,-122.703014,0.108823,9.924493,102,79.269278,-122.699592,-143.843996,0.338515,2430.185134,3,0,0,8,1.681830473001149,-178.3148074878246,1.573007473001149,-34.47081148782459,143.95281899999998,6.476300000000002e-05,0.21856883288523793,10.197796709036547,71.32414532277497,2429.138252921923,-999,12620.062121892792,1,0,0,1,2,0,2,1,1,0,0
282000.0,101,79.247675,-122.703014,0.09427,10.038476,102,79.269279,-122.699773,-134.816191,0.371333,2420.246194,3,0,0,8,1.599995101736978,-178.39682068706193,1.505725101736978,-43.58062968706193,134.910461,3.281800000000002e-05,0.27992959679569834,10.300190794958116,67.57703302280565,2419.3025821875444,-999,12713.935575946967,1,0,0,1,2,0,2,1,1,0,0
283000.0,101,79.247752,-122.702998,0.256454,9.863562,102,79.269277,-122.699569,-145.023945,0.318882,2410.304289,3,0,0,8,1.6989623348963716,-178.29766874762052,1.4425083348963716,-33.27372374762052,145.28039900000002,-5.2451000000000023e-05,0.2269428468158234,10.124752453607528,71.46104232640356,2409.244712560644,-999,12527.421511480432,1,0,0,1,2,0,2,0,1,1,0
284000.0,101,79.247837,-122.702997,0.248294,9.805412,102,79.269279,-122.699702,-137.445245,0.338522,2400.362175,3,0,0,8,1.6389222143150062,-178.35784051980457,1.3906282143150062,-40.91259551980457,137.693539,1.963999999999999e-05,0.27143264929925964,10.054685853423054,68.6520100472401,2399.3802267850765,-999,12448.650232529959,1,0,0,1,2,0,2,1,1,1,0
285000.0,101,79.247931,-122.702998,0.209774,9.89698,102,79.269278,-122.699578,-143.765904,0.302768,2390.423329,3,0,0,8,1.7086266964373351,-178.28801322738232,1.4988526964373352,-34.522109227382316,143.975678,-3.575400000000001e-05,0.2151970651515903,10.141128971981814,71.27463503894617,2389.3605040318857,-999,12523.620303923775,1,0,0,1,2,0,2,0,1,0,0
286000.0,101,79.248014,-122.703007,0.095082,9.820722,102,79.269267,-122.699085,178.390875,0.271635,2380.481432,3,0,0,8,1.9679023340691744,-178.0282443851272,1.8728203340691745,3.5808806148727967,178.29579300000006,-3.113299999999997e-05,0.008669683042282168,10.092236359499804,81.74483390384361,2379.077474616328,-999,12461.549539508147,1,0,0,0,2,0,2,0,1,1,0
287000.0,101,79.248117,-122.703002,0.139039,10.034992,102,79.269269,-122.699213,-171.141226,0.260892,2370.53932,3,0,0,8,1.9102894208355894,-178.08598796735913,1.7712504208355895,-6.944761967359142,171.280265,-1.0743000000000002e-05,0.06452900652839146,10.292742253630733,79.0211302898439,2369.2218825246778,-999,12652.485019905049,1,0,0,0,2,0,2,1,1,0,0
288000.0,101,79.248204,-122.702996,0.194987,9.997614,102,79.269271,-122.699324,-161.670381,0.257519,2360.600572,3,0,0,8,1.858807808456316,-178.13758452921581,1.663820808456316,-16.467203529215823,161.86536800000002,-3.373000000000015e-06,0.11500886983277907,10.242009373120268,76.56991735764491,2359.3584103061935,-999,12592.581412738182,1,0,0,0,2,0,2,1,1,1,0
289000.0,101,79.248284,-122.702984,0.299469,9.847339,102,79.26927,-122.699164,-175.318414,0.241282,2350.658682,3,0,0,8,1.9411290329703363,-178.055117897342,1.6416600329703364,-2.736703897342011,175.61788299999998,-1.6237e-05,0.07116205249441858,10.087681495955572,79.6229498859547,2349.309776320151,-999,12427.817488046781,1,0,0,0,2,0,2,0,1,1,0
290000.0,101,79.248372,-122.703015,-0.045833,9.848493,102,79.269272,-122.699252,-167.05014,0.23347,2340.716571,3,0,0,8,1.9200483570375513,-178.07625457402617,1.9658813570375513,-11.026114574026167,167.00430699999998,-7.811999999999986e-06,0.04444205687575862,10.076021900978134,78.42546016646259,2339.4023837193286,-999,12405.95627225151,1,0,0,0,2,0,2,1,1,1,0
291000.0,101,79.248471,-122.703012,-0.013589,10.010066,102,79.269273,-122.699617,-139.461289,0.2886,2330.777923,3,0,0,8,1.7405558169792616,-178.25610866584967,1.7541448169792617,-38.79481966584967,139.44769999999997,5.513000000000001e-05,0.18520481878454556,10.229392195421477,70.79448362007875,2329.702527670252,-999,12551.47250108508,1,0,0,1,2,0,2,1,1,0,0
292000.0,101,79.248555,-122.703025,-0.145219,9.922756,102,79.269275,-122.699682,-134.770264,0.29391,2320.836041,3,0,0,8,1.720690882277758,-178.2760246890068,1.865909882277758,-43.50576068900679,134.625045,5.309999999999981e-06,0.18350769846237103,10.129714905614412,69.68822472367728,2319.789533673134,-999,12441.947549157363,1,0,0,1,2,0,2,1,1,1,0
293000.0,101,79.248657,-122.703044,-0.316503,10.119543,102,79.269275,-122.69956,-141.644537,0.256617,2310.89393,3,0,0,8,1.8020845313208131,-178.1944925097874,2.118587531320813,-36.549955509787395,141.328034,-3.7293000000000024e-05,0.10334043825733898,10.320621507798672,72.67096574898915,2309.751000962648,-999,12621.277799169126,1,0,0,1,2,0,2,0,1,0,0
294000.0,101,79.248754,-122.703062,-0.473521,10.205466,102,79.269277,-122.699697,-132.263297,0.280469,2300.955386,3,0,0,8,1.7486226176620014,-178.24807133797617,2.2221436176620015,-45.98477433797618,131.789776,2.385200000000004e-05,0.1232223488788966,10.393743697287192,70.21246759141508,2299.8838878858937,-999,12684.706935912185,1,0,0,1,2,0,2,1,1,0,0
295000.0,101,79.24884,-122.703059,-0.404143,10.125144,102,79.269276,-122.699495,-145.718393,0.227683,2291.012395,3,0,0,8,1.8598415886981126,-178.13665685297732,2.2639845886981127,-32.41826385297733,145.31425000000002,-5.2786000000000026e-05,0.05682652817024239,10.313021836318136,74.35402637480964,2289.8055098207556,-999,12593.196990431557,1,0,0,1,2,0,2,0,1,1,0
296000.0,101,79.248926,-122.703049,-0.267912,10.058483,102,79.269276,-122.6994,-153.579116,0.202538,2281.069085,3,0,0,8,1.912206833070342,-178.08420809730475,2.180118833070342,-24.505092097304754,153.31120399999998,-2.5145e-05,0.0430888819185314,10.239755870169464,76.1149639898478,2279.798825071976,-999,12509.882475003209,1,0,0,1,2,0,2,0,1,1,0
297000.0,101,79.249012,-122.703016,0.089691,9.996431,102,79.269274,-122.699164,179.956887,0.183667,2271.130647,3,0,0,8,2.0272598111859614,-177.9689556752175,1.9375688111859615,2.0741573247825045,179.86719600000004,-1.8871e-05,0.015510236522988689,10.180085699942284,80.34119295936544,2269.7091682540527,-999,12439.983941320846,1,0,0,0,2,0,2,0,1,1,0
298000.0,101,79.249088,-122.703034,-0.10373,9.802826,102,79.269276,-122.699292,-164.290806,0.177485,2261.187642,3,0,0,8,1.976627450102959,-178.01969610864438,2.080357450102959,-13.728890108644379,164.18707600000002,-6.181999999999993e-06,0.03030761631515299,9.9736655705055,77.99246437753963,2259.8421909137455,-999,12224.013585403882,1,0,0,0,2,0,2,1,1,1,0
299000.0,101,79.24918,-122.703081,-0.581084,9.863329,102,79.26927,-122.698926,153.977396,0.2066,2251.244309,3,0,0,8,2.205278071271845,-177.79063972253437,2.7863620712718453,28.231964277465636,154.55847999999997,2.9115e-05,-0.19067121112804908,10.048476854988241,86.6275675164969,2249.5769832017445,-999,12288.444213979003,1,0,0,1,0,0,2,1,1,0,0
300000.0,101,79.24927,-122.70308,-0.526415,9.885568,102,79.269271,-122.698852,146.661419,0.212401,2241.30598,3,0,0,8,2.2539583832377375,-177.7418876888719,2.7803733832377375,35.59669331112809,147.187834,5.801000000000001e-06,-0.2075566172021008,10.062598521827875,88.14798494877256,2239.5719297966816,-999,12292.685807777834,1,0,0,1,2,0,2,1,1,0,0
301000.0,101,79.249366,-122.703059,-0.259051,9.997419,102,79.269273,-122.699196,-174.925592,0.1682,2231.36296,3,0,0,8,2.0692681329154534,-177.92693654399062,2.3283191329154533,-3.0013445439906263,174.666541,-4.420100000000002e-05,-0.03032391766921293,10.16485758513688,80.56936521950588,2229.907898691802,-999,12384.702674055148,1,0,0,0,2,0,2,0,1,0,0
302000.0,101,79.24946,-122.703052,-0.16157,10.060363,102,79.269275,-122.699407,-148.638186,0.181187,2221.419602,3,0,0,8,1.961645156354795,-178.03477370078357,2.123215156354795,-29.396587700783584,148.476616,1.2986999999999998e-05,0.06592761339377663,10.21503818901215,76.04025574518134,2220.117773375108,-999,12425.75120991987,1,0,0,1,2,0,2,1,1,0,0
303000.0,101,79.249548,-122.703039,-0.017393,10.032617,102,79.269275,-122.69927,-164.798007,0.155739,2211.481386,3,0,0,8,2.037364301189074,-177.95893272777946,2.054757301189074,-13.160925727779443,164.78061399999999,-2.5447999999999998e-05,0.037792755736773306,10.182905821125253,78.62086582157885,2210.083410209204,-999,12383.353173866213,1,0,0,0,2,0,2,0,1,1,0
304000.0,101,79.249635,-122.703034,0.033243,9.989065,102,79.269278,-122.69937,-150.445446,0.158377,2201.538349,3,0,0,8,1.9891142339411274,-178.0072859550005,1.9558712339411275,-27.561839955000494,150.47868900000003,2.6380000000000013e-06,0.08391543207809159,10.126833323691816,76.41455808416384,2200.2117892217666,-999,12317.96065550471,1,0,0,1,2,0,2,1,1,1,0
305000.0,101,79.249714,-122.703044,-0.073658,9.844905,102,79.26928,-122.699562,-130.082966,0.195209,2191.594964,3,0,0,8,1.89781736366502,-178.09876163639387,1.97147536366502,-48.015795636393875,130.00930799999998,3.6832e-05,0.13670056067696912,9.97059119613153,72.57928079807445,2190.392826464923,-999,12152.813183105489,1,0,0,1,2,0,2,1,1,1,0
306000.0,101,79.249808,-122.703042,-0.04338,9.927452,102,79.269283,-122.699732,-118.380134,0.239701,2181.656865,3,0,0,8,1.812558791084588,-178.18418919523876,1.855938791084588,-59.80405519523876,118.33675399999998,4.449200000000001e-05,0.20337584965719377,10.041383637970867,69.00546285043703,2180.565275954477,-999,12214.940292833726,1,0,0,1,2,0,2,1,1,0,0
307000.0,101,79.249899,-122.703021,0.179916,9.952453,102,79.269286,-122.699844,-112.348624,0.269975,2171.71381,3,0,0,8,1.74766537039258,-178.24921328548155,1.56774937039258,-65.90058928548154,112.52853999999999,3.0274000000000022e-05,0.2809483758833345,10.055059550721056,66.23246132752308,2170.7036033533495,-999,12220.632707985505,1,0,0,1,2,0,2,1,1,0,0
308000.0,101,79.249986,-122.703016,0.216039,9.930599,102,79.269286,-122.699733,-115.845956,0.225401,2161.770397,3,0,0,8,1.814073122022739,-178.1827013903348,1.598034122022739,-62.33674539033481,116.06199500000002,-4.457400000000003e-05,0.24029814756343743,10.028792669087965,68.43356411277841,2160.686950173106,-999,12183.35706566926,1,0,0,1,2,0,2,0,1,1,0
309000.0,101,79.250073,-122.702996,0.401284,9.895586,102,79.269288,-122.700013,-106.352473,0.318424,2151.832418,3,0,0,8,1.6556872732056065,-178.34138198325098,1.2544032732056065,-71.98890898325098,106.75375699999998,9.3023e-05,0.3748484803788419,9.98499417904791,62.173265700797614,2150.934039013708,-999,12133.802354662228,1,0,0,1,2,0,2,1,1,1,0
310000.0,101,79.250164,-122.702989,0.436547,9.937611,102,79.269286,-122.699784,-113.632422,0.23228,2141.889343,3,0,0,8,1.787475820501735,-178.20937532450696,1.350928820501735,-64.57695332450696,114.06896900000004,-8.6144e-05,0.2885158178373959,10.030436058090334,66.81040787742239,2140.847105016195,-999,12166.434139327428,1,0,0,1,2,0,2,0,1,0,0
311000.0,101,79.250245,-122.70296,0.712464,9.82264,102,79.269281,-122.699457,-141.336496,0.13493,2131.9459,3,0,0,8,1.9623708640035853,-178.03418750091961,1.2499068640035853,-36.6976915009196,142.04896000000002,-9.735e-05,0.20643673341686458,9.927237786685195,73.00451549009092,2130.695581551918,-999,12051.24158747557,1,0,0,1,2,0,2,0,1,1,0
312000.0,101,79.250339,-122.70297,0.542716,9.897978,102,79.269284,-122.699503,-133.356827,0.13782,2122.008045,3,0,0,8,1.9515407994182783,-178.04505293431708,1.4088247994182783,-44.688225934317074,133.899543,2.8900000000000037e-06,0.1939618841785244,9.992152888959088,72.26334353231218,2120.777251911726,-999,12105.861414014766,1,0,0,1,2,0,2,1,1,0,0
313000.0,101,79.250422,-122.703003,0.151703,9.821706,102,79.269287,-122.699615,-120.5737,0.163933,2112.064948,3,0,0,8,1.915186604511365,-178.0814847448552,1.763483604511365,-57.5077847448552,120.725403,2.6113e-05,0.16714737853687717,9.905055480780245,70.58539589161222,2110.8851334113538,-999,12008.385706004963,1,0,0,1,2,0,2,1,1,1,0
314000.0,101,79.250512,-122.702986,0.319204,9.85423,102,79.269288,-122.699933,-106.285606,0.271364,2102.121473,3,0,0,8,1.7341131119783464,-178.2628873685666,1.4149091119783463,-71.9772813685666,106.60481000000001,0.000107431,0.31537494462072524,9.930174479213157,63.613060671897976,2101.158743588795,-999,12027.365638875284,1,0,0,1,2,0,2,1,1,0,0
315000.0,101,79.250607,-122.703039,-0.259411,9.951561,102,79.269287,-122.699758,-111.95732,0.203326,2092.183746,3,0,0,8,1.8730998040109486,-178.12367666999432,2.1325108040109484,-66.16635666999433,111.69790899999998,-6.803799999999999e-05,0.14352097412675024,10.027485810803705,68.38498377957367,2091.065833736485,-999,12110.375742817752,1,0,0,1,0,0,2,0,1,0,0
316000.0,101,79.250697,-122.703017,-0.00651,9.954475,102,79.269282,-122.699417,-149.097281,0.105672,2082.240626,3,0,0,8,2.0655616639927796,-177.93090139750905,2.0720716639927796,-28.833620397509037,149.09077100000002,-9.765400000000001e-05,0.053140197332198984,10.045145795096325,75.05028935306537,2080.887666029306,-999,12116.66587955577,1,0,0,1,2,0,2,0,1,0,0
317000.0,101,79.250789,-122.703023,-0.07154,10.005828,102,79.269273,-122.698966,134.730945,0.168289,2072.297117,3,0,0,8,2.3402060988429643,-177.65580796741898,2.4117460988429644,47.61324703258106,134.80248500000005,6.261699999999999e-05,-0.13204914168254261,10.12425837989192,84.61799644463336,2070.568795235794,-999,12184.794720219725,1,0,0,1,2,0,2,1,1,0,0
318000.0,101,79.250868,-122.703024,-0.072894,9.854535,102,79.269274,-122.698892,127.205523,0.182951,2062.359522,3,0,0,8,2.3935072813014515,-177.60243309819475,2.4664012813014513,55.19204390180528,127.27841699999999,1.4662000000000008e-05,-0.15825261519332734,9.965153084082512,86.12915247759435,2060.56025562893,-999,12015.963693183476,1,0,0,1,2,0,2,1,1,1,0
319000.0,101,79.250954,-122.703027,-0.098625,9.810329,102,79.269277,-122.698929,127.503358,0.162323,2052.416377,3,0,0,8,2.3845750824184897,-177.61139870091318,2.48320008241849,54.885243299086824,127.60198300000002,-2.0628000000000006e-05,-0.14566051745369776,9.909137994897677,85.39421657354133,2050.6391228964685,-999,11950.01921446275,1,0,0,1,2,0,2,0,1,1,0
320000.0,101,79.251046,-122.703042,-0.250317,9.873522,102,79.269279,-122.698952,126.783836,0.146813,2042.472831,3,0,0,8,2.3916588492255393,-177.60432279334825,2.641975849225539,55.611841206651775,127.034153,-1.5509999999999995e-05,-0.16071843740368957,9.961339055935975,85.23280063173317,2040.6936651711412,-999,11992.307946160026,1,0,0,1,2,0,2,1,1,0,0
321000.0,101,79.251128,-122.703018,0.019163,9.777738,102,79.269282,-122.699009,129.269861,0.120981,2032.535373,3,0,0,8,2.3545366681945366,-177.6415245549873,2.3353736681945367,53.088614445012695,129.250698,-2.5831999999999993e-05,-0.09039001998263901,9.854315247454162,83.50234955118724,2030.8193913087594,-999,11875.282268859743,1,0,0,1,2,0,2,0,1,1,0
322000.0,101,79.251218,-122.702984,0.377845,9.817547,102,79.269285,-122.699085,136.35798,0.090297,2022.592201,3,0,0,8,2.301017015619521,-177.6951522801707,1.9231720156195211,45.9468677198293,135.98013500000002,-3.0684e-05,0.0024241963344694417,9.882678382347208,81.20612321314647,2020.961349729063,-999,11894.051054084764,1,0,0,1,2,0,2,0,1,0,0
323000.0,101,79.251311,-122.702983,0.348162,9.897289,102,79.269287,-122.699108,136.752249,0.076728,2012.648616,3,0,0,8,2.298432403845344,-177.69776047095706,1.9502704038453438,45.54999052904293,136.404087,-1.3568999999999998e-05,0.007570704511062364,9.952994784482165,80.71617553806011,2011.0294255662257,-999,11954.397176606584,1,0,0,1,2,0,2,0,1,0,0
324000.0,101,79.251407,-122.702977,0.373734,9.996644,102,79.26929,-122.699213,166.424717,0.046478,2002.711299,3,0,0,8,2.244259624998029,-177.75204230491414,1.8705256249980289,15.823240695085872,166.05098299999997,-3.0250000000000007e-05,0.0542970890260743,10.04161084560419,78.42558238681575,2001.175148548861,-999,12033.475736110602,1,0,0,0,2,0,2,0,1,0,0
325000.0,101,79.251495,-122.702987,0.243074,9.968743,102,79.269293,-122.699394,-120.413483,0.068835,1992.768098,3,0,0,8,2.152621034258795,-177.8438488999006,1.9095470342587948,-57.43036589990059,120.65655699999996,2.2356999999999996e-05,0.10165461321659702,10.00350009443189,74.85133224383095,1991.3618381569586,-999,11986.156603380492,1,0,0,1,2,0,2,1,1,1,0
326000.0,101,79.251577,-122.70298,0.302078,9.874287,102,79.269293,-122.699247,-177.665938,0.034895,1982.824471,3,0,0,8,2.246754219235471,-177.74957816663425,1.9446762192354707,-0.08364016663423968,177.968016,-3.393999999999999e-05,0.05348065152617928,9.909015813846572,77.73308375246563,1981.3001919160965,-999,11881.130975593976,1,0,0,0,2,0,2,0,1,1,0
327000.0,101,79.251672,-122.702998,0.084421,9.972259,102,79.269292,-122.699084,120.34009,0.071835,1972.8873,3,0,0,8,2.368390843113372,-177.62776371248853,2.283969843113372,62.032146287511466,120.25566900000001,3.6939999999999995e-05,-0.04730328056518256,10.008534305160223,81.52847754110039,1971.2020205577917,-999,11969.776856934095,1,0,0,1,2,0,2,1,1,0,0
328000.0,101,79.251755,-122.702978,0.289278,9.878592,102,79.269294,-122.699323,-130.161575,0.041817,1962.945369,3,0,0,8,2.222033759670919,-177.77437525891608,1.9327557596709193,-47.61280025891608,130.45085300000002,-3.0017999999999996e-05,0.08183310516233475,9.905435771015835,76.10748359458661,1961.4693912012613,-999,11858.050510082941,1,0,0,1,2,0,2,0,1,1,0
329000.0,101,79.251839,-122.702997,0.066479,9.815531,102,79.269296,-122.699326,-121.108578,0.038202,1953.003097,3,0,0,8,2.242223024125722,-177.75417027419374,2.1757440241257218,-56.645592274193746,121.17505700000001,-3.615e-06,0.0440968971062599,9.835261896283566,76.40965683347568,1951.5077917431388,-999,11777.550495792097,1,0,0,1,2,0,2,1,1,1,0
330000.0,101,79.251937,-122.703007,-0.040435,9.953605,102,79.269299,-122.699444,-97.651192,0.078722,1943.066076,3,0,0,8,2.1882179305756804,-177.8082814755169,2.2286529305756804,-80.15708947551691,97.61075699999998,4.052e-05,0.07099664008691824,9.96408372251334,74.19077835848663,1941.6491712223917,-999,11896.653914322333,1,0,0,1,2,0,2,1,1,0,0
331000.0,101,79.252029,-122.703013,-0.105923,10.000721,102,79.269301,-122.699433,-93.632829,0.07232,1933.124138,3,0,0,8,2.2100930858508554,-177.78638961745057,2.3160160858508556,-84.15356061745057,93.526906,-6.402000000000005e-06,0.053686305849725245,10.005286275567068,74.54868266606465,1931.686161577754,-999,11927.655924956525,1,0,0,1,2,0,2,1,1,0,0
332000.0,101,79.25211,-122.703021,-0.174526,9.878122,102,79.269302,-122.699359,-92.546517,0.042089,1923.181847,3,0,0,8,2.271171663546765,-177.72523047548754,2.445697663546765,-85.17871347548754,92.37199099999998,-3.0230999999999996e-05,0.011958196336900241,9.879946207511479,76.21385692802716,1921.6711125066345,-999,11792.066930580248,1,0,0,1,2,0,2,1,1,1,0
333000.0,101,79.252204,-122.703019,-0.143228,9.947173,102,79.269304,-122.699642,-88.319565,0.151883,1913.244982,3,0,0,8,2.105837747450274,-177.89084439935226,2.249065747450274,-89.57127939935226,88.17633699999999,0.00010979399999999999,0.12695176102627673,9.94268796339846,70.30319705986501,1911.952881645189,6621.906280435025,63932.23642736862,1,0,0,1,2,0,2,1,0,0,0
334000.0,101,79.252292,-122.703051,-0.459564,9.935266,102,79.269306,-122.699853,-87.015888,0.231681,1903.303036,3,0,0,8,2.0043813480456225,-177.99247666317578,2.4639453480456224,-90.97658866317578,86.55632400000002,7.979800000000001e-05,0.15167787314501008,9.922885319862072,66.56977275610228,1902.1385102568158,3750.225418080461,35314.4900610672,1,0,0,1,2,0,2,1,0,1,0
335000.0,101,79.252386,-122.703066,-0.570115,10.008122,102,79.269309,-122.699971,-85.875591,0.273808,1893.360723,3,0,0,8,1.9502979397096647,-178.04666126703512,2.5204129397096646,-92.17107026703512,85.305476,4.2127e-05,0.1735158887881737,9.987933632402559,64.4358887766496,1892.2639466090998,2692.7954329498357,25006.442565797104,1,0,0,1,2,0,2,1,0,1,0
336000.0,101,79.252469,-122.703069,-0.560754,9.907144,102,79.269311,-122.700065,-84.995429,0.306003,1883.424019,3,0,0,8,1.9020943806910509,-178.09495423183793,2.462848380691051,-93.09952523183793,84.43467500000003,3.2195000000000026e-05,0.20787673150433958,9.879975285337887,62.51406781687942,1882.3862586278883,2237.357550733626,20226.657816772175,1,0,0,1,2,0,2,1,0,1,0
337000.0,101,79.252548,-122.703055,-0.366828,9.769958,102,79.269313,-122.700151,-84.313229,0.334783,1873.482062,3,0,0,8,1.8472593143762228,-178.1498875463549,2.214087314376223,-93.8366585463549,83.94640099999998,2.8779999999999972e-05,0.2705850315183656,9.736584117405652,60.39201638295983,1872.5084354931416,1988.6300576122605,17496.4778909022,1,0,0,1,2,0,2,1,0,1,0
338000.0,101,79.252637,-122.703066,-0.44621,9.801321,102,79.269313,-122.70003,-83.554493,0.280746,1863.539726,3,0,0,8,1.9414620694355065,-178.05555510270793,2.3876720694355065,-94.50106210270793,83.10828299999997,-5.4037000000000005e-05,0.2026411387394511,9.76950773574193,63.13378416949784,1862.4699824900788,1737.0353740614892,15110.271852882706,1,0,0,1,2,0,2,1,0,1,0
339000.0,101,79.252733,-122.703105,-0.806731,9.913436,102,79.269314,-122.700005,-82.503348,0.266413,1853.603189,3,0,0,8,1.9937048912889044,-178.00324940125444,2.8004358912889042,-95.49990140125443,81.696617,-1.4332999999999985e-05,0.12455815288840136,9.87769490899043,64.48628597877267,1852.481120333385,1470.6339197423408,12674.547835950389,1,0,0,1,2,0,2,1,0,1,0
340000.0,101,79.252826,-122.703108,-0.771925,9.970092,102,79.269314,-122.69989,-81.215814,0.21606,1843.661219,3,0,0,8,2.0811922349358554,-177.91564612374071,2.8531172349358553,-96.69983212374072,80.44388900000001,-5.035300000000001e-05,0.07920641383863022,9.936191982256572,66.95379200181213,1842.445081998686,1236.732856990603,10446.016024362196,1,0,0,1,2,0,2,1,0,1,0
341000.0,101,79.252913,-122.703091,-0.533162,9.944966,102,79.269314,-122.699795,-79.338303,0.175184,1833.718856,3,0,0,8,2.1428880691159105,-177.8538736551533,2.6760500691159104,-98.51557065515331,78.80514099999999,-4.087599999999999e-05,0.07961887287938264,9.912124693984882,68.56592707803419,1832.4365081753524,1013.7397502708026,8215.887283128854,1,0,0,1,2,0,2,1,0,1,0
342000.0,101,79.253007,-122.703093,-0.500949,10.012762,102,79.269314,-122.699719,-76.740546,0.142777,1823.782492,3,0,0,8,2.206182562047415,-177.79050252775392,2.707131562047415,-101.04995652775392,76.239597,-3.240700000000002e-05,0.05142820900315487,9.97963182078095,70.20766584628967,1822.4306466316204,805.1009081507685,6212.246766937295,1,0,0,1,2,0,2,1,0,1,0
343000.0,101,79.2531,-122.703093,-0.45508,10.063266,102,79.269316,-122.699702,-74.572279,0.13419,1813.840507,3,0,0,8,2.2297172818796533,-177.76695110512398,2.6847972818796535,-103.19467210512398,74.11719899999997,-8.586999999999984e-06,0.04942660359579605,10.027251013757565,70.56943478354553,1812.4671968640832,686.2560310986094,5068.926785086923,1,0,0,1,2,0,2,1,0,1,0
344000.0,101,79.25319,-122.70306,-0.081962,10.059586,102,79.269317,-122.699682,-72.169644,0.125121,1803.898115,3,0,0,8,2.2334232674931083,-177.7632578913404,2.315385267493108,-105.5936138913404,72.08768200000003,-9.068999999999994e-06,0.10472079941388746,10.021263693152575,70.29920584552579,1802.5277892332315,592.5888289216708,4135.969340839133,1,0,0,1,2,0,2,1,0,1,0
345000.0,101,79.253288,-122.703073,-0.204707,10.177195,102,79.269311,-122.699369,22.989109,0.018859,1793.961931,3,0,0,8,2.4645880048237068,-177.53177286268652,2.6692950048237067,159.4791181373135,23.19381599999997,-0.00010626200000000001,-0.04372661683456138,10.1597688428193,77.14379203918415,1792.3024982482907,191.6189352207217,176.5923641510309,1,0,0,2,2,0,2,1,0,1,1
346000.0,101,79.253375,-122.703031,0.234592,10.114748,102,79.26931,-122.69925,74.46405,0.056425,1784.019928,3,0,0,8,2.5296327103578373,-177.46665250511185,2.295040710357837,108.06929749488813,74.22945799999997,3.7566e-05,-0.012949639600938825,10.09955017920292,78.73964202117931,1782.2814514760294,661.5203554164922,4899.554496294375,1,0,0,1,2,0,2,0,0,0,0
347000.0,101,79.253451,-122.703053,-0.00156,9.900832,102,79.269305,-122.698979,90.341878,0.16092,1774.077504,3,0,0,8,2.739279620938071,-177.25671772527852,2.740839620938071,92.40140427472147,90.34343799999999,0.00010449500000000001,-0.1611867066248109,9.901792183655843,84.78535888399745,1772.0503472299488,-999,11664.18990406577,1,0,0,1,2,0,2,0,1,0,0
348000.0,101,79.25354,-122.70307,-0.178581,9.913643,102,79.269306,-122.698896,90.131425,0.190732,1764.141506,3,0,0,8,2.822050081155447,-177.1738490157082,3.000631081155447,92.69472598429178,90.31000599999999,2.9812000000000005e-05,-0.22163055273684595,9.914032346947508,86.85601322799722,1762.0020675805367,-999,11666.896299224132,1,0,0,1,2,0,2,1,1,0,0
349000.0,101,79.253629,-122.703072,-0.185265,9.910221,102,79.269308,-122.699025,86.791806,0.136209,1754.199483,3,0,0,8,2.7514774943243876,-177.24454637786255,2.9367424943243874,95.96364762213744,86.97707100000002,-5.452300000000001e-05,-0.16804001684517667,9.902546351800055,84.20839191409401,1752.177152256218,3184.063044181008,29784.59299834803,1,0,0,1,2,0,2,1,0,0,0
350000.0,101,79.253729,-122.70312,-0.651763,10.068563,102,79.26931,-122.699102,81.966344,0.103581,1744.257024,3,0,0,8,2.748946361584926,-177.2471060020802,3.400709361584926,100.78654999791979,82.61810700000001,-3.262799999999999e-05,-0.2170960363233414,10.053435632546488,83.65414865282543,1742.249852686608,1245.5388122913826,10785.507281357828,1,0,0,1,2,0,2,1,0,1,0
351000.0,101,79.25382,-122.703122,-0.618659,10.088322,102,79.269312,-122.699354,-0.66603,0.020844,1734.321218,3,0,0,8,2.592936359687326,-177.40336162538077,3.211595359687326,-176.73733162538076,0.047370999999998276,-8.2737e-05,-0.10868562328190777,10.066891320537664,78.4603986567805,1732.5455414065234,172.0007355977312,97.15989555500272,1,0,0,2,2,0,2,1,0,1,1
352000.0,101,79.253919,-122.703145,-0.783449,10.211725,102,79.269313,-122.699301,43.679795,0.03046,1724.379173,3,0,0,8,2.66197678685664,-177.33424652849578,3.44542578685664,138.9859584715042,44.46324400000003,9.615999999999999e-06,-0.16066488348819258,10.188741363351697,80.08628488488469,1722.518423486234,233.6841967267879,668.8545287180889,1,0,0,1,2,0,2,0,0,0,0
353000.0,101,79.254017,-122.703145,-0.711392,10.307217,102,79.269315,-122.699429,-46.802295,0.042186,1714.436675,3,0,0,8,2.589584916366708,-177.40676415687153,3.300976916366708,-130.60446915687152,46.090903000000026,1.1726000000000001e-05,-0.09721905842727907,10.2775454557176,77.46064405613745,1712.6858909932853,243.6071124006948,797.4376371636605,1,0,0,1,2,0,2,0,0,0,0
354000.0,101,79.254105,-122.703151,-0.712864,10.240687,102,79.269317,-122.699671,-74.800754,0.131524,1704.501069,3,0,0,8,2.4390204794482533,-177.55756046053494,3.1518844794482535,-102.75680646053495,74.08788999999996,8.9338e-05,-0.0004862540469671994,10.2054118870095,72.53688798308262,1702.9569266730948,642.530654170587,4854.8796458641145,1,0,0,1,2,0,2,0,0,0,0
355000.0,101,79.254193,-122.703142,-0.564717,10.191889,102,79.269316,-122.699545,-67.69958,0.079964,1694.557384,3,0,0,8,2.535734436824609,-177.4607315514945,3.100451436824609,-109.76115155149449,67.134863,-5.156000000000001e-05,-0.026468126825958657,10.161050588364736,74.9714022113329,1692.898111676952,441.1331608748263,2790.8236573121285,1,0,0,1,2,0,2,1,0,1,0
356000.0,101,79.254284,-122.703118,-0.278585,10.191686,102,79.269318,-122.699736,-76.292057,0.15391,1684.613105,3,0,0,8,2.3984475396713822,-177.59822968319668,2.6770325396713823,-101.30617268319668,76.01347199999998,7.3946e-05,0.09997198999042156,10.155093039771234,70.49866955671278,1683.137323906898,707.5919480933449,5502.524748438777,1,0,0,1,2,0,2,0,0,0,0
357000.0,101,79.254369,-122.70313,-0.377607,10.091913,102,79.26932,-122.699911,-78.960599,0.22099,1674.677707,3,0,0,8,2.295636741438169,-177.7012006266499,2.673243741438169,-98.74060162664989,78.58299199999999,6.708e-05,0.15039061868012854,10.049377784631892,67.0803887286831,1673.33369169774,884.7813560736428,7218.469983920371,1,0,0,1,2,0,2,0,0,0,0
358000.0,101,79.254455,-122.703083,0.125428,10.024451,102,79.269322,-122.699979,-78.931167,0.244615,1664.733958,3,0,0,8,2.2262022105273975,-177.7707481433453,2.1007742105273977,-98.83958114334528,79.05659500000002,2.362500000000001e-05,0.2620093115986786,9.977463799242805,64.66622905687424,1663.477511040624,883.6199775346211,7154.754585868431,1,0,0,1,1,0,2,0,0,1,0
359000.0,101,79.254544,-122.703089,0.058679,10.017256,102,79.269323,-122.699962,-78.008556,0.233905,1654.789593,3,0,0,8,2.256020922815773,-177.74090683335072,2.197341922815773,-99.73235083335072,78.06723499999998,-1.0709999999999997e-05,0.23905996248553676,9.968653328955876,65.14049356045102,1653.506974040269,811.9543982749925,6441.876002614706,1,0,0,1,2,0,2,1,0,1,0
360000.0,101,79.254634,-122.703068,0.267628,10.016774,102,79.269325,-122.700072,-78.773078,0.273951,1644.854412,3,0,0,8,2.1745361295413215,-177.82252033226706,1.9069081295413215,-99.04944233226706,79.040706,4.0045999999999996e-05,0.31549669233647165,9.963327765705639,62.41186977432767,1643.6699167372803,863.0082813382447,6957.930129186933,1,0,0,1,2,0,2,0,0,0,0
361000.0,101,79.254722,-122.703038,0.546391,10.002022,102,79.269326,-122.700124,-78.714732,0.290056,1634.910593,3,0,0,8,2.1276626982129603,-177.8694743273031,1.5812716982129604,-99.1547423273031,79.26112300000005,1.610499999999998e-05,0.379828825890367,9.944804985383865,60.6979936668684,1633.783461988898,854.3252914432039,6867.383538191116,1,0,0,1,2,0,2,0,0,1,0
362000.0,101,79.254798,-122.703032,0.572033,9.798824,102,79.269327,-122.700075,-77.777735,0.265039,1624.966137,3,0,0,8,2.1701639395056054,-177.82693083859084,1.5981309395056054,-100.04919583859083,78.34976799999998,-2.5016999999999957e-05,0.3568600012566159,9.742225667192699,61.53332433758968,1623.8006639956357,800.4529965323966,6178.45918024936,1,0,0,1,2,0,2,1,0,1,0
363000.0,101,79.254877,-122.703032,0.533647,9.669667,102,79.269326,-122.699993,-76.384652,0.227181,1615.03118,3,0,0,8,2.2426203342464266,-177.7543938793137,1.7089733342464266,-101.36974187931371,76.91829899999999,-3.785800000000003e-05,0.3108577366228964,9.61576861977007,63.19797126664209,1613.7942027408492,723.6710602060855,5347.306532686698,1,0,0,1,2,0,2,1,0,1,0
364000.0,101,79.254959,-122.70301,0.730255,9.608299,102,79.269324,-122.699828,-73.363766,0.155917,1605.087287,3,0,0,8,2.3617461721594433,-177.63512754494846,1.6314911721594432,-104.27136154494846,74.094021,-7.1264e-05,0.2718484392770522,9.562880447960884,66.14335959944755,1603.723871141762,591.6242829727269,4055.0141082950304,1,0,0,1,2,0,2,1,0,1,0
365000.0,101,79.255045,-122.70301,0.661798,9.604847,102,79.269326,-122.699952,-75.966712,0.202882,1595.142734,3,0,0,8,2.283145577859405,-177.71384996755978,1.6213475778594049,-101.74713796755978,76.62851,4.696500000000001e-05,0.3077658265062194,9.555010330466084,63.547077098695105,1593.8764415177254,696.9845861093872,5068.0672916780195,1,0,0,1,2,0,2,0,0,0,0
366000.0,101,79.255137,-122.702993,0.784597,9.692915,102,79.269327,-122.700165,-79.345837,0.28473,1585.208011,3,0,0,8,2.1251153894267576,-177.87210612827744,1.3405183894267576,-98.52626912827743,80.13043400000004,8.184799999999998e-05,0.41255024459452727,9.639365192402641,58.78229828116241,1584.117760631248,903.0119143506034,7127.253266017417,1,0,0,1,2,0,2,0,0,0,0
367000.0,101,79.255225,-122.703016,0.470201,9.718946,102,79.269324,-122.69996,-78.132737,0.194877,1575.264039,3,0,0,8,2.3110758168717225,-177.68592169264417,1.8408748168717226,-99.55318469264417,78.602938,-8.9853e-05,0.2704699999153589,9.678543235344907,63.52243655579967,1573.9827485142928,801.4490318437295,6184.775196026328,1,0,0,1,0,0,2,1,0,1,0
368000.0,101,79.255317,-122.70302,0.385405,9.783764,102,79.269325,-122.700258,-82.410284,0.311638,1565.319382,3,0,0,8,2.102506555249075,-177.89477980600984,1.7171015552490752,-95.48449580600983,82.79568899999998,0.00011676100000000003,0.37471865707332036,9.742381986185496,57.42754045278778,1564.2655929420696,1237.8532600903425,10503.239778693911,1,0,0,1,2,0,2,0,0,0,0
369000.0,101,79.255408,-122.703035,0.191048,9.834383,102,79.269324,-122.700162,-81.762409,0.265929,1555.384902,3,0,0,8,2.20136599973396,-177.79581130466013,2.01031799973396,-96.03340230466013,81.95345700000001,-4.5709e-05,0.29597713128632097,9.796226478817537,59.74487355745298,1554.2370293662268,1127.6532748381571,9496.46392783292,1,0,0,1,2,0,2,1,0,1,0
370000.0,101,79.255489,-122.703041,0.113486,9.723427,102,79.269324,-122.7001,-80.922112,0.235485,1545.440844,3,0,0,8,2.2665955207018658,-177.73051497394133,2.153109520701866,-96.80840297394133,81.035598,-3.0444000000000026e-05,0.25179471799310554,9.686253813119189,61.12100663933779,1544.231726409876,1028.131413384573,8416.833610228365,1,0,0,1,2,0,2,1,0,1,0
371000.0,101,79.255569,-122.703088,-0.395453,9.625571,102,79.269322,-122.699915,-80.08561,0.15438,1535.496077,3,0,0,8,2.459747404548405,-177.53713515183415,2.855200404548405,-97.45152515183415,79.690157,-8.110500000000002e-05,0.08563975817957195,9.598761124915276,65.8996605594112,1534.0813007205793,940.6603990860516,7495.107503460388,1,0,0,1,0,0,2,1,0,1,0
372000.0,101,79.255655,-122.7031,-0.487997,9.618691,102,79.269322,-122.699881,-78.534442,0.138042,1525.56185,3,0,0,8,2.5110443988208186,-177.48579296253067,2.9990413988208187,-98.95135096253067,78.046445,-1.633799999999999e-05,0.05336439952713941,9.590902294337745,66.83786117419265,1524.09699772983,808.80145766929,6233.0837268953555,1,0,0,1,2,0,2,1,0,1,0
373000.0,101,79.255752,-122.7031,-0.437253,9.778687,102,79.26932,-122.699744,-74.556669,0.078962,1515.617701,3,0,0,8,2.6368423929666385,-177.3598603665945,3.0740953929666386,-102.80319136659449,74.119416,-5.908e-05,0.001485651846386174,9.757375838161964,69.72650434503493,1514.0129557491728,586.1735513444183,4206.066331631089,1,0,0,1,2,0,2,1,0,1,0
374000.0,101,79.255842,-122.703099,-0.386361,9.81333,102,79.269318,-122.699567,-8.675735,0.01113,1505.672816,3,0,0,8,2.7938309617824175,-177.20269887882398,3.1801919617824175,-168.52696387882398,8.289373999999953,-6.7832e-05,-0.06449457409388945,9.802104237434843,73.38984773200268,1503.8831600530818,155.14220373940063,85.07831731261608,1,0,0,2,2,0,2,1,0,1,1
375000.0,101,79.255945,-122.703096,-0.313778,10.036093,102,79.269319,-122.699606,-48.596926,0.023451,1495.738852,3,0,0,8,2.781682140207408,-177.2148889644455,3.095460140207408,-128.6179629644455,48.28314799999998,1.2321000000000001e-05,-0.03737195669233556,10.020433132798933,72.58886764217168,1493.9764287553887,225.56643041533098,770.5679590218853,1,0,0,1,2,0,2,0,0,0,0
376000.0,101,79.256039,-122.703093,-0.259031,10.094218,102,79.26932,-122.699581,-21.960367,0.018242,1485.794606,3,0,0,8,2.81875873543852,-177.17779075385857,3.07778973543852,-155.21742375385858,21.701336000000026,-5.208999999999999e-06,-0.03881336477568239,10.077196431862188,73.06659148672973,1483.9969287121878,158.77036710830367,140.44468645522863,1,0,0,1,2,0,2,1,0,1,1
377000.0,101,79.256125,-122.703088,-0.185055,10.025247,102,79.269318,-122.699437,79.807998,0.053863,1475.849595,3,0,0,8,2.949640827510919,-177.0467720949484,3.134695827510919,103.14522990505156,79.99305299999997,3.5620999999999997e-05,-0.08539273640085655,10.015663794413292,75.94457443218897,1473.8943139438381,834.6354603456778,6887.107450262729,1,0,0,1,2,0,2,0,0,0,0
378000.0,101,79.256218,-122.703084,-0.123367,10.083799,102,79.269318,-122.699412,79.863046,0.062941,1465.915907,3,0,0,8,2.9875988150472494,-177.0087934745292,3.1109658150472494,103.12816052547078,79.98641299999997,9.077999999999995e-06,-0.08367050204177646,10.072697904554389,76.40325874779084,1463.9234913233515,829.3488903148915,6891.399742478336,1,0,0,1,2,0,2,1,0,0,0
379000.0,101,79.256312,-122.703065,0.076891,10.138341,102,79.269319,-122.699397,79.090399,0.068316,1455.971556,3,0,0,8,3.005649041271636,-176.99074717770637,2.928758041271636,103.91885382229361,79.013508,5.3750000000000044e-06,-0.05347566493278921,10.125402385373043,76.34301714205483,1453.9686776594292,762.5720737507986,6268.474684374754,1,0,0,1,2,0,2,1,0,1,0
380000.0,101,79.256396,-122.703068,0.034633,10.030253,102,79.269317,-122.699258,87.423503,0.123699,1446.02641,3,0,0,8,3.1425181218329716,-176.8537385827593,3.1078851218329717,95.7227584172407,87.38887,5.5383e-05,-0.11751106676683423,10.024690501496755,79.27086895295973,1443.8519687810558,3230.119317095088,30940.496981133776,1,0,0,1,2,0,2,0,0,0,0
381000.0,101,79.256494,-122.703081,-0.090331,10.148629,102,79.269319,-122.699402,78.609679,0.062516,1436.093009,3,0,0,8,3.0573463525639153,-176.93903905791265,3.1476773525639152,104.45128194208735,78.70001000000002,-6.1183e-05,-0.07728477086938632,10.13626999375572,76.59465374123351,1434.0489494842686,719.4255464927116,5859.733979392729,1,0,0,1,2,0,2,1,0,1,0
382000.0,101,79.256588,-122.703049,0.236638,10.195729,102,79.26932,-122.699409,75.071986,0.058809,1426.148545,3,0,0,8,3.0470510163154683,-176.94937271080283,2.810413016315468,107.97864128919718,74.83534799999995,-3.707000000000002e-06,-0.014714825118410171,10.180492533957493,75.80836380349145,1424.132284720438,545.3215177460171,4128.360618382134,1,0,0,1,2,0,2,1,0,1,0
383000.0,101,79.256688,-122.703029,0.411128,10.326032,102,79.269317,-122.699245,87.729082,0.124355,1416.203257,3,0,0,8,3.193132480656137,-176.8031497669382,2.782004480656137,95.4677682330618,87.31795399999999,6.5546e-05,-0.0501631447084603,10.320838646469243,78.88511400121797,1414.0045275480636,3494.897855751242,34657.20458105926,1,0,0,1,2,0,2,0,0,0,0
384000.0,101,79.256768,-122.703014,0.532743,10.135941,102,79.269316,-122.699147,89.661651,0.163139,1406.270155,3,0,0,8,3.284039938999238,-176.71216076120385,2.751296938999238,93.62618823879615,89.12890800000002,3.8784000000000014e-05,-0.06889232363438563,10.134539471840451,80.55949508480467,1403.960795960986,23642.245649151155,238205.44396844844,1,0,0,1,2,0,2,0,0,0,0
385000.0,101,79.256853,-122.703042,0.208491,10.062333,102,79.269318,-122.699312,84.90042,0.090847,1396.325571,3,0,0,8,3.1889849017143974,-176.8073503994805,2.9804939017143974,98.29222960051948,84.69192900000002,-7.2292e-05,-0.05387211785130929,10.054191264202279,77.6769687436398,1394.1633292965628,1571.9707395591536,14411.645768450446,1,0,0,1,2,0,2,1,0,1,0
386000.0,101,79.256946,-122.70306,0.005539,10.100431,102,79.26932,-122.699459,61.204028,0.030581,1386.380129,3,0,0,8,3.1015100341281174,-176.89495200810475,3.0959710341281172,121.90101999189525,61.198488999999995,-6.0266e-05,-0.02582292332273551,10.085700327703117,75.0102763702873,1384.3494213979754,285.3560299738931,1495.9359514382977,1,0,0,1,2,0,2,1,0,1,0
387000.0,101,79.257036,-122.703069,-0.084842,10.086579,102,79.269316,-122.699261,89.855826,0.109477,1376.447341,3,0,0,8,3.304466887955031,-176.69179177766793,3.389308887955031,93.45238222233206,89.94066799999996,7.889600000000001e-05,-0.12441257416737928,10.086292463761358,79.3409841173263,1374.1587574895648,51545.66155102396,518571.1005763246,1,0,0,1,2,0,2,0,0,0,0
388000.0,101,79.257121,-122.70305,0.109981,10.018045,102,79.269316,-122.699224,89.595149,0.123088,1366.504772,3,0,0,8,3.343140464549018,-176.65310051566664,3.233159464549018,93.75175048433334,89.48516799999999,1.3610999999999999e-05,-0.10385499547059035,10.017156813303933,79.68868943936874,1364.1792421358007,19203.845038929627,191015.00891521006,1,0,0,1,2,0,2,1,0,1,0
389000.0,101,79.257222,-122.703031,0.296398,10.179359,102,79.269317,-122.699279,86.410834,0.097345,1356.561477,3,0,0,8,3.3056693354635733,-176.6906443486427,3.0092713354635734,96.89852165135733,86.11443600000001,-2.5743e-05,-0.044495245016078745,10.173128821999956,78.22314829277734,1354.3043158579935,2144.5615116656186,20463.33297694261,1,0,0,1,2,0,2,1,0,1,0
390000.0,101,79.257314,-122.703039,0.190347,10.190115,102,79.269312,-122.699045,93.937786,0.19471,1346.629016,3,0,0,8,3.546735270088705,-176.4493406500075,3.356388270088705,89.61287334999247,93.74743900000004,9.736499999999999e-05,-0.16039697684455576,10.203430132765975,83.30608266913117,1344.0497771003322,-999,11537.53296295235,1,0,0,1,2,0,2,0,1,1,0
391000.0,101,79.257391,-122.703017,0.397504,9.977636,102,79.269312,-122.698989,93.654185,0.214507,1336.686364,3,0,0,8,3.599892564264352,-176.39614995054131,3.2023885642643517,89.9496650494587,93.25668099999996,1.979700000000001e-05,-0.14484906130251438,9.991067337373208,83.92872975864165,1334.0488761753224,-999,11315.288362816525,1,0,0,1,2,0,2,1,1,1,0
392000.0,101,79.257477,-122.703013,0.4102,9.931786,102,79.269313,-122.699054,92.301372,0.182407,1326.742952,3,0,0,8,3.5637295765804704,-176.43238072974071,3.1535295765804703,91.26624727025927,91.89117200000004,-3.209999999999999e-05,-0.11115544545488076,9.938856152754957,82.46864079558316,1324.1773989790806,-999,11253.130977441235,1,0,0,1,2,0,2,1,1,1,0
393000.0,101,79.257566,-122.703035,0.150379,9.939873,102,79.269299,-122.698639,99.263579,0.359359,1316.810835,3,0,0,8,3.990530885399495,-176.00515007051573,3.840151885399495,84.73127092948425,99.1132,0.00017695199999999997,-0.3285840803333051,9.997687110241479,91.63898363418797,1313.6183128488617,-999,11303.784495352318,1,0,0,1,0,0,2,0,1,0,0
394000.0,101,79.257654,-122.703061,-0.132011,9.919146,102,79.269301,-122.69867,98.556288,0.338255,1306.86809,3,0,0,8,4.015342168631616,-175.98034369911173,4.147353168631616,85.4633683008883,98.68829899999997,-2.110400000000001e-05,-0.35734423756698486,9.969445575429805,91.51159573586799,1303.6601675690345,-999,11266.264526806086,1,0,0,1,2,0,2,1,1,1,0
395000.0,101,79.257734,-122.70305,-0.012026,9.798458,102,79.269298,-122.698523,98.42924,0.394239,1296.924552,3,0,0,8,4.168886783750245,-175.82666546420904,4.180912783750244,85.74409453579096,98.44126599999998,5.598400000000003e-05,-0.39203692413655034,9.856248439087498,94.28202692341776,1293.4930200737895,-999,11143.853336200475,1,0,0,1,2,0,2,1,1,1,0
396000.0,101,79.25782,-122.703033,0.165879,9.773457,102,79.2693,-122.698541,97.746902,0.377866,1286.992794,3,0,0,8,4.166929954895154,-175.82865667972476,4.001050954895153,86.42444132027526,97.58102299999996,-1.6373000000000028e-05,-0.3461218527495415,9.824351377261406,93.51618316344317,1283.5907351233366,-999,11100.984312961276,1,0,0,1,2,0,2,1,1,1,0
397000.0,101,79.257908,-122.703035,0.134955,9.777145,102,79.2693,-122.698507,97.167744,0.384209,1277.049949,3,0,0,8,4.232533388827228,-175.7630178753421,4.097578388827229,87.06923812465789,97.03278899999998,6.343000000000043e-06,-0.35817729144690674,9.825057433299245,94.25200124304081,1273.5670899102977,-999,11091.931356405361,1,0,0,1,2,0,2,1,1,1,0
398000.0,101,79.257999,-122.703034,0.133047,9.824158,102,79.269303,-122.698685,97.010223,0.299315,1267.106274,3,0,0,8,4.097330196081691,-175.8983969339679,3.964283196081691,87.09138006603212,96.87717600000002,-8.489400000000003e-05,-0.2742647007376416,9.860661842312863,90.5359681101558,1263.8676940599914,-999,11116.182786022382,1,0,0,1,2,0,2,1,1,0,0
399000.0,101,79.258074,-122.703047,-0.010962,9.635974,102,79.269305,-122.698788,96.221323,0.248251,1257.174893,3,0,0,8,4.038814648169969,-175.95700090588053,4.049776648169969,87.82167609411948,96.23228499999999,-5.1064e-05,-0.24863255936741302,9.6628766176898,88.54565745910557,1254.0527812395683,-999,10908.437617784208,1,0,0,1,2,0,2,1,1,1,0
400000.0,101,79.258158,-122.70306,-0.149439,9.607138,102,79.269306,-122.698778,95.404857,0.247109,1247.231938,3,0,0,8,4.090681948750409,-175.90511100732513,4.240120948750409,88.69003199267485,95.55429599999997,-1.142000000000004e-06,-0.27106768300180056,9.630381188414862,88.97157581470624,1244.0544866943262,-999,10866.326629537672,1,0,0,1,2,0,2,1,1,1,0
401000.0,101,79.258258,-122.703069,-0.227831,9.811706,102,79.269308,-122.699057,96.931922,0.121407,1237.288114,3,0,0,8,3.867436839170465,-176.12862138991116,4.095267839170465,86.93945661008883,97.15975299999997,-0.00012570199999999997,-0.15953472130576224,9.82628103210975,83.4529321943406,1234.470528264585,-999,11051.186077445114,1,0,0,1,2,0,2,0,1,0,0
402000.0,101,79.258347,-122.703062,-0.139519,9.815793,102,79.26931,-122.699327,166.328151,0.006635,1227.357129,3,0,0,8,3.6296487118206433,-176.3666816678914,3.7691677118206433,17.305167332108567,166.46766999999994,-0.000114772,-0.025470333081134743,9.822210898131871,77.70024576927028,1224.8951767047324,-999,11037.407563291812,1,0,0,0,2,0,2,0,1,1,0
403000.0,101,79.258429,-122.703061,-0.112131,9.735494,102,79.269313,-122.699506,-87.930828,0.075721,1217.414054,3,0,0,8,3.480177378338639,-176.51632985005307,3.592308378338639,-88.58550185005306,87.81869700000004,6.9086e-05,0.0566187408333194,9.732741372681426,73.90094241052141,1215.168971619812,3482.040978096265,32674.867760175985,1,0,0,1,2,0,2,1,0,0,0
404000.0,101,79.258521,-122.703003,0.499613,9.811668,102,79.269315,-122.699678,-85.694857,0.149105,1207.470069,3,0,0,8,3.282604613947812,-176.71412858790825,2.7829916139478117,-91.01927158790825,86.19447000000002,7.338399999999999e-05,0.23423988467350537,9.800101930500343,69.14084821349022,1205.4889093804156,1651.4686157441295,14982.44060293717,1,0,0,1,1,0,2,1,0,1,0
405000.0,101,79.258614,-122.703028,0.192502,9.886119,102,79.269313,-122.699558,-87.230543,0.093628,1197.5395,3,0,0,8,3.4557641864268622,-176.5408265530422,3.263262186426862,-89.3102835530422,87.423045,-5.5476999999999984e-05,0.1267339038805294,9.88153934738595,72.18516727019401,1195.3619350165138,2519.708054959617,23704.52078825882,1,0,0,1,2,0,2,0,0,0,0
406000.0,101,79.258712,-122.70302,0.257991,10.0213,102,79.269316,-122.699733,-85.579394,0.168305,1187.596293,3,0,0,8,3.303188069384597,-176.6935824662813,3.045197069384597,-91.1141884662813,85.83738499999998,7.4677e-05,0.21292798973736285,10.008225862109516,68.42879594589452,1185.6232348569831,1553.8185178503827,14367.740177744987,1,0,0,1,2,0,2,1,0,1,0
407000.0,101,79.258805,-122.703037,0.063245,10.057934,102,79.269317,-122.699998,-86.13202,0.280432,1177.652134,3,0,0,8,3.0811392525403245,-176.91587494166802,3.0178942525403247,-90.78385494166803,86.195265,0.000112127,0.2908954954816049,10.03901056918573,63.29893129688771,1175.949741277843,1763.1571701187572,16530.51888515252,1,0,0,1,2,0,2,0,0,0,0
408000.0,101,79.258888,-122.703051,-0.087779,9.962178,102,79.269317,-122.699929,-86.014785,0.244212,1167.722002,3,0,0,8,3.1902590648529303,-176.8066735817546,3.27803806485293,-90.7918885817546,85.927006,-3.622e-05,0.22835912452039983,9.945193806018121,64.98578213178081,1165.9123132018158,1715.1747956983309,15895.190986608119,1,0,0,1,2,0,2,1,0,1,0
409000.0,101,79.258981,-122.703044,-0.011651,10.014411,102,79.269316,-122.699841,-86.196106,0.200745,1157.778652,3,0,0,8,3.3025543757399065,-176.69429868819023,3.3142053757399066,-90.49819268819023,86.18445500000001,-4.3467e-05,0.198266337547874,10.001093025582703,66.69793227822191,1155.8558702782743,1766.7220594853038,16515.7306143406,1,0,0,1,2,0,2,0,0,0,0
410000.0,101,79.259075,-122.703027,0.165911,10.078617,102,79.269318,-122.69993,-85.062642,0.235838,1147.834304,3,0,0,8,3.2221124350823422,-176.774844772986,3.0562014350823423,-91.712202772986,85.22855299999998,3.5092999999999984e-05,0.2641474394412629,10.058276984075322,64.51613202473851,1146.0197459676385,1343.8158716057983,12373.86180854732,1,0,0,1,2,0,2,1,0,1,0
411000.0,101,79.259158,-122.703019,0.232139,9.97212,102,79.269316,-122.699808,-85.854054,0.176984,1137.904633,3,0,0,8,3.3683422829853473,-176.62850292004958,3.1362032829853472,-90.77444892004958,86.08619300000004,-5.885399999999999e-05,0.21692368534755865,9.959242690594344,66.85736562380421,1135.9388392271433,1595.478443766624,14756.460483071147,1,0,0,1,2,0,2,0,0,0,0
412000.0,101,79.259246,-122.703005,0.359872,9.949183,102,79.269319,-122.699941,-84.909491,0.231945,1127.961496,3,0,0,8,3.2415371511061744,-176.7554524784935,2.881665151106174,-91.8459614784935,85.269363,5.496100000000001e-05,0.29352008007869274,9.928406433265437,63.78094365532094,1126.156795337574,1295.2883750232381,11738.257961150399,1,0,0,1,2,0,2,1,0,1,0
413000.0,101,79.259343,-122.703005,0.320879,10.063387,102,79.269318,-122.699863,-84.854266,0.192814,1118.014236,3,0,0,8,3.356455275123474,-176.64045771922986,3.035576275123474,-91.78619171922986,85.17514499999999,-3.9131e-05,0.24839556758981124,10.045935828217214,65.45715697472663,1116.096408245923,1253.849368108804,11482.629155288849,1,0,0,1,2,0,2,1,0,1,0
414000.0,101,79.259428,-122.702988,0.474296,9.997466,102,79.269317,-122.699786,-84.793113,0.154581,1108.085054,3,0,0,8,3.450073917594637,-176.5467801265007,2.975777917594637,-91.75366712650069,85.26740899999999,-3.823300000000002e-05,0.23670146767129863,9.983094881066158,66.6831925429972,1106.076777954612,1232.2691504594504,11198.043671925934,1,0,0,1,2,0,2,0,0,1,0
415000.0,101,79.259522,-122.703008,0.228801,10.058477,102,79.269317,-122.699722,-84.47062,0.122904,1098.139716,3,0,0,8,3.574242320884496,-176.4225291929475,3.345441320884496,-91.95190919294751,84.69942099999997,-3.1676999999999995e-05,0.16249883691596198,10.046554243287435,68.46005485174706,1096.003675516764,1142.84539602739,10386.316430926625,1,0,0,1,2,0,2,1,0,1,0
416000.0,101,79.259609,-122.702999,0.300098,10.013257,102,79.269319,-122.699865,-83.840686,0.184182,1088.192116,3,0,0,8,3.4390817058196697,-176.55783914715047,3.13898370581967,-92.71715314715047,84.140784,6.127800000000002e-05,0.2355649699069614,9.993358142241435,65.27766725463424,1086.2324371341294,1026.056513958681,9169.215241975919,1,0,0,1,2,0,2,1,0,1,0
417000.0,101,79.2597,-122.703012,0.136194,10.027143,102,79.269321,-122.69995,-83.125597,0.218411,1078.263454,3,0,0,8,3.3912677097609523,-176.60572388256332,3.255073709760952,-93.48012688256333,83.26179099999996,3.422899999999998e-05,0.240675659181255,10.000972336221686,63.78384860124216,1076.375258397193,913.6136921521895,8062.161366866636,1,0,0,1,2,0,2,1,0,1,0
418000.0,101,79.259792,-122.703017,0.082088,10.067369,102,79.269322,-122.699941,-82.465654,0.209961,1068.318381,3,0,0,8,3.4391888375716904,-176.55778899932164,3.35710083757169,-94.09213499932164,82.54774199999997,-8.449999999999985e-06,0.22257186273589913,10.039828478189978,64.08749022171767,1066.3943720685807,823.0154665206767,7197.525086584943,1,0,0,1,2,0,2,1,0,1,0
419000.0,101,79.259873,-122.70303,-0.063382,9.929325,102,79.269318,-122.699777,-84.304676,0.13123,1058.370373,3,0,0,8,3.6692096851052782,-176.32759424927696,3.732591685105278,-92.02291824927696,84.24129399999998,-7.873099999999999e-05,0.11959814451263265,9.916295850800054,67.73149866890765,1056.2008760326905,1085.4666556648974,9707.806169083839,1,0,0,1,2,0,2,0,0,0,0
420000.0,101,79.259969,-122.70306,-0.357246,10.041946,102,79.26932,-122.699876,-83.298645,0.173271,1048.442265,3,0,0,8,3.6275949882427643,-176.36927673798732,3.9848409882427642,-93.07063173798733,82.94139899999999,4.204099999999999e-05,0.10947487148425435,10.02153107671023,66.33618477942288,1046.3415759814002,908.2704457049103,8055.986907786531,1,0,0,1,2,0,2,1,0,1,0
421000.0,101,79.26006,-122.703047,-0.201049,10.05353,102,79.269322,-122.69996,-82.669012,0.207523,1038.497478,3,0,0,8,3.5510752066653644,-176.44589182140845,3.752124206665364,-93.77687982140846,82.467963,3.4252000000000003e-05,0.17054918623034135,10.026987953814952,64.3227506723879,1036.5035434374058,823.9729800782959,7225.865449408415,1,0,0,1,2,0,2,1,0,1,0
422000.0,101,79.260153,-122.703042,-0.128285,10.090126,102,79.269322,-122.699937,-82.104416,0.192875,1028.548996,3,0,0,8,3.6078599776668474,-176.38908936497012,3.7361449776668474,-94.28467336497012,81.97613100000001,-1.4648000000000021e-05,0.168454826196299,10.063605816374865,64.72394569734594,1026.5105201730642,754.2597418646743,6564.358175283644,1,0,0,1,2,0,2,1,0,1,0
423000.0,101,79.260241,-122.703026,0.039686,10.062762,102,79.26932,-122.699833,-82.395734,0.141605,1018.621478,3,0,0,8,3.746501625803166,-176.250361256533,3.706815625803166,-93.854627256533,82.43542000000002,-5.126999999999998e-05,0.14732966706591472,10.044020969335891,66.55897006149344,1016.4445970869529,773.6866423809109,6754.64677363306,1,0,0,1,2,0,2,0,0,0,0
424000.0,101,79.260332,-122.703064,-0.345811,10.069386,102,79.26932,-122.699789,-81.752081,0.118408,1008.677003,3,0,0,8,3.881215949863483,-176.11556636711256,4.227026949863483,-94.36348536711256,81.40626999999995,-2.319700000000001e-05,0.05640944000479089,10.05221617975617,68.27553342615047,1006.3636260897135,705.078408987686,6081.303759161258,1,0,0,1,0,0,2,1,0,1,0
425000.0,101,79.260421,-122.703063,-0.305473,10.058958,102,79.269317,-122.699657,-84.321615,0.055499,998.727975,3,0,0,8,4.077560502454041,-175.91909310672514,4.383033502454041,-91.59747810672515,84.016142,-6.290899999999999e-05,0.0015974872859656278,10.053323724661853,71.01634841966997,996.1999027829387,1006.4914375340843,9122.648391435541,1,0,0,1,2,0,2,0,0,0,0
426000.0,101,79.260509,-122.70305,-0.143697,10.030422,102,79.269317,-122.699607,-83.496403,0.031803,988.801087,3,0,0,8,4.162739221953811,-175.833878034278,4.3064362219538115,-92.337475034278,83.35270600000001,-2.3696e-05,0.006442210321328856,10.026788268833906,71.77668021573105,986.192525742104,870.84811908462,7745.899785226519,1,0,0,1,2,0,2,1,0,1,0
427000.0,101,79.260605,-122.703011,0.263642,10.117384,102,79.26931,-122.699388,107.281297,0.072097,978.85695,3,0,0,8,4.431157871816765,-175.56528253408692,4.167515871816765,77.15342046591309,107.01765499999999,4.0294e-05,-0.02228820589814815,10.138694257417265,75.62768360334267,975.9310334424739,-999,11104.614808816275,1,0,0,1,2,0,2,0,1,0,0
428000.0,101,79.260697,-122.702976,0.594236,10.128343,102,79.269307,-122.699261,104.046169,0.128912,968.908014,3,0,0,8,4.5931300377543085,-175.40321997769868,3.9988940377543085,80.55061102230133,103.451933,5.6815000000000004e-05,-0.02001463433761115,10.159085692272207,77.58957872931614,965.7963537237192,-999,11114.872183862773,1,0,0,1,2,0,2,1,1,0,0
429000.0,101,79.260782,-122.702971,0.589747,10.046917,102,79.269309,-122.699326,103.898755,0.095182,958.958527,3,0,0,8,4.550629556661911,-175.44578923322024,3.960882556661911,80.65545576677977,103.309008,-3.373e-05,0.011016127970269698,10.06924816519715,76.08376323956527,955.9355195186104,-999,11015.458706856816,1,0,0,1,2,0,2,1,1,1,0
430000.0,101,79.260861,-122.702967,0.592024,9.893978,102,79.269311,-122.69943,107.219133,0.044772,949.032462,3,0,0,8,4.456419499850734,-175.54010539949493,3.8643954998507337,77.24076160050504,106.62710900000002,-5.041e-05,0.05946506128161128,9.9067035563349,73.74057643186927,946.1632741325766,-999,10843.77758057942,1,0,0,1,2,0,2,0,1,1,0
431000.0,101,79.26094,-122.702997,0.238994,9.75739,102,79.269312,-122.699448,104.523661,0.0347,939.088776,3,0,0,8,4.512965445806121,-175.48354766308518,4.273971445806121,79.99279133691482,104.28466700000001,-1.0071999999999998e-05,0.007109088894750669,9.76600717359576,73.89190533394455,936.1771816997558,-999,10692.725103577866,1,0,0,1,2,0,2,1,1,1,0
432000.0,101,79.261024,-122.702982,0.373176,9.704879,102,79.269309,-122.699322,102.353584,0.093086,929.140192,3,0,0,8,4.702152727172331,-175.29425132378026,4.328976727172331,82.35216467621973,101.98040800000001,5.8386e-05,-0.02772179439154311,9.72458834997327,76.16715401854674,926.0129918303046,-999,10640.98715917897,1,0,0,1,2,0,2,1,1,1,0
433000.0,101,79.261117,-122.703011,0.034051,9.792389,102,79.269312,-122.699514,176.860481,0.008984,919.190547,3,0,0,8,4.542761932016953,-175.45380226584768,4.508710932016953,7.685716734152322,176.82642999999996,-8.4102e-05,0.0053276051813081204,9.80135778689681,72.8027496456281,916.3029091617003,-999,10708.144336349274,1,0,0,0,2,0,2,0,1,0,0
434000.0,101,79.261206,-122.703016,-0.017116,9.816506,102,79.269313,-122.699544,-105.805393,0.013737,909.265393,3,0,0,8,4.559174380076719,-175.43741437977647,4.576290380076719,-69.63202137977648,105.788277,4.752999999999998e-06,0.010285146219577886,9.820247119875996,72.27628560604838,906.3882685948872,-999,10717.133080526168,1,0,0,1,2,0,2,1,1,0,0
435000.0,101,79.2613,-122.703012,0.02513,9.89472,102,79.269316,-122.699661,-85.378081,0.067408,899.322219,3,0,0,8,4.450681839303363,-175.54602580252785,4.425551839303363,-90.16794480252786,85.403211,5.3670999999999995e-05,0.07152863392354741,9.889287295122857,69.78826388518534,896.6103121261632,1132.1427467737549,10299.480651133317,1,0,0,1,2,0,2,1,0,1,0
436000.0,101,79.261395,-122.703023,-0.088358,9.992312,102,79.269317,-122.699699,-82.901286,0.083606,889.37404,3,0,0,8,4.467139153380438,-175.52959501543685,4.555497153380438,-92.62830901543686,82.812928,1.6198000000000003e-05,0.06755561778010417,9.981968155275792,69.27096124306017,886.6722714477904,724.2161923742601,6342.463332722245,1,0,0,1,2,0,2,1,0,1,0
437000.0,101,79.261485,-122.702997,0.18326,10.00242,102,79.269318,-122.6997,-81.512915,0.082517,879.423996,3,0,0,8,4.481140376529072,-175.51562031931158,4.297880376529072,-94.00270531931157,81.69617500000004,-1.0890000000000066e-06,0.11360595886263906,9.990190442883605,68.71022668146338,876.7356896408346,598.8506400223379,5105.896295937286,1,0,0,1,2,0,2,1,0,1,0
438000.0,101,79.261572,-122.702979,0.355835,9.966476,102,79.26932,-122.69986,-82.272451,0.155986,869.499855,3,0,0,8,4.286461998827565,-175.71047358165092,3.930626998827565,-93.43802258165091,82.628286,7.346900000000002e-05,0.2164657633824384,9.9453095043215,64.98912082495306,867.0677090166723,656.0246794076903,5657.825000812264,1,0,0,1,2,0,2,0,0,0,0
439000.0,101,79.261664,-122.702981,0.301933,10.006101,102,79.269322,-122.699992,-82.273632,0.214496,859.557262,3,0,0,8,4.156542678408552,-175.84052062669812,3.8546096784085524,-93.56688862669812,82.57556500000004,5.850999999999998e-05,0.2652778399842507,9.977124745031713,62.302205709008994,857.296402547409,649.0213932844185,5619.145212266431,1,0,0,1,2,0,2,1,0,1,0
440000.0,101,79.26175,-122.702992,0.158865,9.94541,102,79.269324,-122.70013,-82.412352,0.274468,849.60955,3,0,0,8,4.0245167842671625,-175.97267129803166,3.8656517842671625,-93.56031929803166,82.57121699999999,5.9971999999999994e-05,0.2996405414666217,9.90913027485443,59.6284219923051,847.5145065082427,660.4140509071142,5698.291897048338,1,0,0,1,2,0,2,1,0,0,0
441000.0,101,79.261831,-122.703007,-0.005346,9.835102,102,79.269326,-122.70019,-82.129962,0.296984,839.658859,3,0,0,8,4.00306067403435,-175.99417162042712,4.00840667403435,-93.86420962042712,82.124616,2.2516000000000037e-05,0.2932691006666805,9.794436961280308,58.61638540874278,837.6103621964068,638.3964690512837,5416.650543229165,1,0,0,1,2,0,2,1,0,1,0
442000.0,101,79.261917,-122.70303,-0.246042,9.79582,102,79.269325,-122.700155,-82.105525,0.273774,829.735844,3,0,0,8,4.13301615500771,-175.86415915399508,4.37905815500771,-93.75863415399508,81.85948300000001,-2.321000000000001e-05,0.22911386288519667,9.758127086470132,59.800886299344974,827.5780475678444,631.2575924093031,5332.988470614424,1,0,0,1,2,0,2,1,0,1,0
443000.0,101,79.262005,-122.703039,-0.312742,9.811636,102,79.269327,-122.70022,-81.898083,0.298653,819.793913,3,0,0,8,4.100222786906035,-175.89700754175144,4.412964786906035,-93.99892454175144,81.58534099999997,2.4878999999999983e-05,0.2421167790374274,9.76939936874791,58.61634915863226,817.6956545091608,608.2604632471543,5125.410505766934,1,0,0,1,2,0,2,1,0,1,0
444000.0,101,79.262086,-122.703008,0.038416,9.699183,102,79.269322,-122.700068,-83.944993,0.218166,809.846742,3,0,0,8,4.326202225069411,-175.67090922056013,4.287786225069412,-91.72591622056014,83.983409,-8.0487e-05,0.22345203312273246,9.676167970099865,61.09058391976399,807.5392783539119,804.7266131633446,6980.140406316287,1,0,0,1,2,0,2,0,0,0,0
445000.0,101,79.262179,-122.703054,-0.451855,9.792522,102,79.269321,-122.700012,-84.478122,0.18658,799.895142,3,0,0,8,4.534358116133791,-175.46265311388942,4.986213116133791,-90.98453111388942,84.02626699999996,-3.1586000000000006e-05,0.10848765197137604,9.77426366491795,63.23722647447371,797.39155462233,862.2967049328142,7630.983997381836,1,0,0,1,0,0,2,0,0,0,0
446000.0,101,79.262266,-122.703059,-0.459777,9.784523,102,79.26932,-122.699944,-85.625519,0.149723,789.973385,3,0,0,8,4.700361130247357,-175.29657837672084,5.160138130247357,-89.67105937672085,85.16574200000002,-3.6857e-05,0.07077056994351653,9.772787853398773,64.73420341274793,787.3166020838601,1071.2246702260647,9681.541180135684,1,0,0,1,2,0,2,0,0,0,0
447000.0,101,79.262358,-122.70306,-0.432481,9.851006,102,79.269318,-122.699874,-87.690455,0.112273,780.032212,3,0,0,8,4.871611682327374,-175.12525806654858,5.304092682327374,-87.43480306654858,87.25797399999999,-3.7449999999999995e-05,0.03782497132356344,9.846200962552967,66.2428735549484,777.2143420323612,1980.311780018245,18721.335416576178,1,0,0,1,2,0,2,0,0,0,0
448000.0,101,79.262454,-122.703036,-0.138705,9.966966,102,79.269321,-122.70002,-85.595477,0.180065,770.085668,3,0,0,8,4.675019487510882,-175.32201728620828,4.813724487510882,-89.72654028620828,85.456772,6.7792e-05,0.15540461757576945,9.953108209605553,62.76504283024088,767.5236057982349,1019.1837972828006,9377.010567071338,1,0,0,1,2,0,2,1,0,1,0
449000.0,101,79.262541,-122.70303,-0.07444,9.931285,102,79.269322,-122.700075,-84.617647,0.202666,760.132878,3,0,0,8,4.638716367072295,-175.3583803388509,4.713156367072295,-90.7407333388509,84.54320700000005,2.260100000000001e-05,0.18886947465495493,9.912266207317725,61.47381382890082,757.6430310046364,828.2557143328788,7452.85306452241,1,0,0,1,2,0,2,1,0,1,0
450000.0,101,79.262635,-122.703034,-0.107289,10.005956,102,79.269324,-122.700203,-84.034425,0.259897,750.212533,3,0,0,8,4.505744012653904,-175.4914745231036,4.613033012653903,-91.45704952310359,83.92713600000002,5.7230999999999974e-05,0.23975292795560707,9.978927126673382,58.93597505549878,747.8939734444541,735.571670846258,6593.367755083284,1,0,0,1,2,0,2,1,0,1,0
451000.0,101,79.262723,-122.703044,-0.201426,9.977887,102,79.269325,-122.700232,-83.649618,0.267997,740.274682,3,0,0,8,4.534361654156324,-175.46287554873808,4.735787654156324,-91.81325754873808,83.448192,8.099999999999995e-06,0.23127493395025092,9.948182651462757,58.523863580820446,737.95769675624,684.9528639358094,6076.899512051714,1,0,0,1,2,0,2,1,0,1,0
452000.0,101,79.262816,-122.703035,-0.090772,10.032281,102,79.269324,-122.700198,-83.903781,0.24518,730.332002,3,0,0,8,4.640290590598781,-175.3569220493093,4.731062590598781,-91.45314104930931,83.81300899999997,-2.2816999999999975e-05,0.22789965806102858,10.00623067301502,59.083744154923245,727.938145945082,698.1694920245882,6258.906213707888,1,0,0,1,2,0,2,0,0,0,0
453000.0,101,79.262895,-122.703055,-0.293207,9.873699,102,79.269327,-122.700357,-83.852526,0.316905,720.382981,3,0,0,8,4.465802614807689,-175.53154659261355,4.759009614807689,-91.67902059261355,83.55931900000002,7.172499999999998e-05,0.2645549365141947,9.839633016168913,56.091947064248394,718.1958874770781,698.3822624016132,6154.974321662186,1,0,0,1,2,0,2,1,0,1,0
454000.0,101,79.262981,-122.703049,-0.206904,9.836931,102,79.269323,-122.700231,-86.097758,0.246916,710.432977,3,0,0,8,4.7294562232888,-175.26777508341914,4.9363602232887995,-89.17001708341914,85.89085399999999,-6.9989e-05,0.21082093850128653,9.820063158061076,58.57582208434935,708.0140449710198,1079.284957022281,9892.075451586215,1,0,0,1,2,0,2,0,0,0,0
455000.0,101,79.263071,-122.703038,-0.066866,9.864363,102,79.269323,-122.70025,-85.623398,0.250959,700.514481,3,0,0,8,4.746387237153809,-175.2508735442351,4.813253237153809,-89.62747554423511,85.556532,4.042999999999991e-06,0.23871518004225917,9.845205136188971,57.96432943157417,698.1122220705261,946.0551343909907,8617.62990725358,1,0,0,1,2,0,2,1,0,1,0
456000.0,101,79.263163,-122.703051,-0.194994,9.920086,102,79.269322,-122.700188,-86.794052,0.214068,690.5778,3,0,0,8,4.94668876133154,-175.05049833190282,5.14168276133154,-88.25644633190282,86.59905799999996,-3.689099999999998e-05,0.1799721380998418,9.908056764946682,59.5476875280649,688.0056473335811,1261.8806229981938,11815.967262547663,1,0,0,1,2,0,2,0,0,0,0
457000.0,101,79.263254,-122.703067,-0.342757,9.954141,102,79.26932,-122.700128,-88.327219,0.179631,680.636122,3,0,0,8,5.154750137495918,-174.84236228506705,5.4975071374959175,-86.51514328506705,87.98446200000001,-3.4436999999999996e-05,0.1200067613558741,9.948719206904805,61.15246246269547,677.8834021466727,2366.3545955053683,22865.399771888264,1,0,0,1,2,0,2,0,0,0,0
458000.0,101,79.263337,-122.703083,-0.479604,9.855896,102,79.269322,-122.700215,-86.634032,0.218128,670.687856,3,0,0,8,5.0985991512582665,-174.89858302864872,5.578203151258267,-88.26455102864871,86.154428,3.8496999999999974e-05,0.135252223855386,9.84274366522796,59.603992345497076,668.0341041311848,1178.1286633713244,10928.439494242668,1,0,0,1,2,0,2,1,0,1,0
459000.0,101,79.263428,-122.703082,-0.435582,9.903298,102,79.269322,-122.700204,-86.713202,0.207962,660.736863,3,0,0,8,5.194845795124031,-174.80232655932184,5.630427795124032,-88.08912455932185,86.27762000000001,-1.016599999999998e-05,0.13233239980704092,9.891088526930181,59.82509264370276,658.022917851083,1181.4433267524762,11028.159986676406,1,0,0,1,2,0,2,0,0,0,0
460000.0,101,79.263525,-122.703085,-0.4191,10.020199,102,79.269322,-122.700205,-86.576126,0.203097,650.820553,3,0,0,8,5.284931674713683,-174.71223871427287,5.704031674713684,-88.13611271427287,86.15702599999997,-4.8650000000000085e-06,0.1294406333709111,10.007801515494947,59.946245962165456,648.0538864957678,1103.4994171485093,10395.879724886157,1,0,0,1,2,0,2,1,0,1,0
461000.0,101,79.263606,-122.703071,-0.239147,9.891264,102,79.269324,-122.700286,-85.439693,0.239068,640.885297,3,0,0,8,5.181780425965135,-174.81548330050882,5.420927425965135,-89.37579030050881,85.20054600000003,3.5971000000000005e-05,0.1970261061537313,9.872169934631629,57.88212777586059,638.2661068824798,828.9504665183066,7546.010494169056,1,0,0,1,2,0,2,1,0,1,0
462000.0,101,79.263701,-122.703088,-0.392136,9.982377,102,79.269323,-122.700258,-85.992182,0.219384,630.94486,3,0,0,8,5.354427112568091,-174.64279240079415,5.746563112568091,-88.65061040079415,85.60004600000002,-1.9684000000000007e-05,0.1505280045647123,9.966809891486909,58.8775134687989,628.1917340813638,918.8569283429038,8530.250462703967,1,0,0,1,2,0,2,0,0,0,0
463000.0,101,79.263788,-122.703067,-0.14532,9.955507,102,79.269323,-122.700228,-86.747997,0.198629,620.99756,3,0,0,8,5.455278007784814,-174.54193266263988,5.600598007784814,-87.79393566263988,86.60267699999997,-2.0754999999999997e-05,0.17305889587585738,9.944207214335252,59.03747474172768,618.1848801952968,1112.6967907383485,10447.555861618162,1,0,0,1,2,0,2,0,0,0,0
464000.0,101,79.26388,-122.703074,-0.206726,9.993865,102,79.269324,-122.700307,-85.590489,0.233673,611.044946,3,0,0,8,5.406096736359037,-174.59118467395206,5.612822736359036,-89.00069567395205,85.38376299999999,3.504399999999999e-05,0.1969230488054473,9.975834109699601,57.56914048830779,608.3269845203157,807.9906689734215,7452.745678537134,1,0,0,1,2,0,2,1,0,1,0
465000.0,101,79.263973,-122.703078,-0.227017,10.046475,102,79.269327,-122.700473,-85.008335,0.31217,601.131249,3,0,0,8,5.176422506466086,-174.82101806915483,5.403439506466086,-89.81268306915483,84.781318,7.849700000000002e-05,0.27118007366251473,10.019233972020455,54.23572114895612,598.6796013526373,702.4777360072251,6441.050690222381,1,0,0,1,2,0,2,1,0,1,0
466000.0,101,79.26407,-122.703065,-0.074101,10.14243,102,79.269329,-122.700641,-84.764994,0.389837,591.19775,3,0,0,8,4.905133936214479,-175.0924844723393,4.979234936214478,-90.32749047233929,84.69089300000002,7.766699999999999e-05,0.37509366082617507,10.106852392672113,50.551072701336075,589.0325701128986,653.835563031232,6022.335020593718,1,0,0,1,2,0,2,1,0,1,0
467000.0,101,79.264147,-122.703063,-0.049842,9.947213,102,79.26933,-122.700684,-84.504512,0.402124,581.258868,3,0,0,8,4.884762592282296,-175.11290002868483,4.934604592282296,-90.60838802868483,84.45466999999996,1.2286999999999993e-05,0.3916225855899143,9.908698880192576,49.495325558378475,579.1477224132989,625.1211031153164,5618.385041884919,1,0,0,1,2,0,2,1,0,1,0
468000.0,101,79.264238,-122.703066,-0.074109,9.972974,102,79.269332,-122.700811,-84.285939,0.457328,571.312817,3,0,0,8,4.711847594923172,-175.2859368563039,4.785956594923172,-90.99999785630389,84.21182999999996,5.520400000000003e-05,0.4421561127382163,9.927432278176644,46.93025774097645,569.3820209462546,590.9081798451301,5301.154000415799,1,0,0,1,2,0,2,1,0,1,0
469000.0,101,79.264323,-122.703055,0.041158,9.90604,102,79.269333,-122.700886,-84.086468,0.485068,561.482828,3,0,2,8,4.608589520900527,-175.38927942545251,4.567431520900527,-91.30281142545252,84.12762599999996,2.773999999999999e-05,0.4896026465315902,9.856062119809213,45.11422212517482,559.6674665378702,564.7662612626524,5012.048315141738,1,0,0,1,2,0,2,1,0,1,0
470000.0,101,79.26441,-122.703102,-0.443718,9.878867,102,79.269334,-122.700898,-84.109968,0.47927,552.234059,3,0,2,8,4.764038084984203,-175.2337964733742,5.207756084984203,-91.12382847337422,83.66624999999999,-5.798000000000026e-06,0.4002352422299703,9.829388320606787,45.86434979076751,550.3261917607462,562.9582295176534,4986.438938013679,1,0,0,1,0,0,2,1,0,1,0
471000.0,101,79.264501,-122.70312,-0.594467,9.921433,102,79.269332,-122.700839,-84.888996,0.436221,543.389072,3,0,2,8,5.0240888701375495,-174.9736700349835,5.618555870137549,-90.08467403498351,84.29452900000001,-4.3048999999999946e-05,0.331549521100177,9.882037982771415,47.587061750676824,541.3013533356059,634.1380733738359,5727.585394945349,1,0,0,1,2,0,2,0,0,0,0
472000.0,101,79.264595,-122.703213,-1.48537,9.998146,102,79.269334,-122.700954,-84.551052,0.485073,535.065722,3,0,2,8,5.0719750714634895,-174.92580544842508,6.557345071463489,-90.37475344842508,83.06568200000004,4.885199999999995e-05,0.22371218012890837,9.948724441787935,47.30360632979209,532.9706330442394,587.8972225723957,5316.523887482761,1,0,0,1,0,0,2,1,0,1,0
473000.0,101,79.26468,-122.703348,-2.751451,9.94004,102,79.269335,-122.701013,-84.317184,0.503755,527.209679,3,0,2,8,5.335721653590325,-174.66198419554635,8.087172653590326,-90.34480019554636,81.56573300000002,1.8681999999999978e-05,0.024123246429649248,9.878698354501507,49.025947397089,524.9252347840604,561.8745865967784,5025.78949937513,1,0,0,1,0,0,2,1,0,1,0
474000.0,101,79.264757,-122.703493,-4.073044,9.782425,102,79.269334,-122.700984,-84.834702,0.475762,519.713322,3,0,2,8,5.827768696036804,-174.16976619679517,9.900812696036805,-89.33506419679517,80.76165800000001,-2.7992999999999933e-05,-0.220997758921746,9.714885063464802,52.77089003480471,517.0272432176182,611.9663718564482,5431.410851693522,1,0,0,1,0,0,2,1,0,0,0
475000.0,101,79.264826,-122.703675,-5.769599,9.535766,102,79.269336,-122.701078,-84.391323,0.513472,512.600235,3,0,2,8,6.119603209743188,-173.87784522227585,11.889202209743189,-89.48652222227585,78.62172399999997,3.7710000000000024e-05,-0.44760150566726375,9.437276135389656,54.645373056909115,509.67919726581584,561.5519017391495,4799.605446962195,1,0,0,1,0,0,2,1,0,1,0
476000.0,101,79.264902,-122.703891,-7.682021,9.440284,102,79.269338,-122.701167,-84.005502,0.54761,505.889841,3,0,2,8,6.522548187955155,-173.47477546546145,14.204569187955155,-89.46927346546144,76.32348099999996,3.4138000000000004e-05,-0.7173163686250084,9.29837075656348,57.46615955669969,502.6153317725288,506.26972786428416,4225.853766966283,1,0,0,1,0,0,2,1,0,1,0
477000.0,101,79.264972,-122.70407,-9.135699,9.277003,102,79.269338,-122.701193,-84.062495,0.54764,497.482079,3,1,2,8,6.994785026605086,-173.00238830305057,16.13048402660509,-88.93989330305057,74.92679600000002,2.9999999999974494e-08,-0.9282379202437533,9.10267501673077,60.582871532330266,493.7794392267254,488.7484796688507,3988.431598153583,1,0,0,1,0,0,2,1,0,1,0
478000.0,101,79.265047,-122.704264,-10.574467,9.217834,102,79.269337,-122.701193,-84.488779,0.533429,490.420755,3,1,2,8,7.591953523552616,-172.4050291995326,18.166420523552617,-87.91625019953261,73.914312,-1.4210999999999973e-05,-1.1606319794214233,9.010058724244614,64.7930096719806,486.1217777804412,485.75977342436164,3941.053260964252,1,0,0,1,0,0,2,1,0,1,0
479000.0,101,79.265107,-122.704446,-12.073501,8.947633,102,79.269332,-122.701098,-87.211404,0.467439,484.250629,3,1,2,8,8.393048980486194,-171.6036615880483,20.466549980486192,-84.39225758804831,75.137903,-6.599000000000005e-05,-1.4046579971761315,8.726970710600176,70.68267977697532,479.0643281089098,732.297597703668,6013.018277419501,1,0,0,1,0,0,2,0,0,0,0
480000.0,101,79.265169,-122.704583,-12.930796,8.737035,102,79.269331,-122.701117,-87.482819,0.465384,476.706624,3,1,2,8,8.813830710232077,-171.18276392220366,21.744626710232076,-83.69994492220366,74.55202300000002,-2.0549999999999735e-06,-1.490186405274358,8.49503385547727,73.04307770901137,471.077397212255,733.588281932799,5877.64144136894,1,0,0,1,0,0,2,1,0,1,0
481000.0,101,79.265229,-122.704623,-12.671381,8.477733,102,79.269331,-122.701135,-87.905593,0.463044,468.296744,3,1,2,8,8.996506126756506,-171.00006689019338,21.667887126756504,-83.09447389019338,75.23421200000001,-2.340000000000009e-06,-1.3969315277256882,8.254328843944421,73.22954552571609,462.5357003552251,850.4207603534662,6677.307138867247,1,0,0,1,2,0,2,0,0,0,0
482000.0,101,79.265286,-122.704628,-12.014393,8.212593,102,79.269327,-122.701092,-89.973009,0.427996,460.940329,3,0,2,8,9.253525276303462,-170.7430005800257,21.26791827630346,-80.76999158002569,77.958616,-3.504800000000002e-05,-1.2815160540979176,8.032497332706674,74.1207227311616,454.94187030920614,2129.1184081203623,16881.463694288315,1,0,0,1,2,0,2,0,0,0,0
483000.0,101,79.26534,-122.704567,-10.592964,7.906925,102,79.26933,-122.701236,-88.18983,0.494499,455.673655,3,0,2,8,8.835337557364001,-171.16138971252633,19.428301557364,-82.97155971252633,77.59686600000003,6.650300000000004e-05,-0.9592828804677797,7.756554321311765,69.98933340459482,450.26655779731135,1251.7907112929888,9346.116542885291,1,0,0,1,1,0,2,1,0,1,0
484000.0,101,79.265376,-122.704437,-8.574507,7.360893,102,79.269329,-122.701229,-89.012473,0.477574,452.315113,3,0,2,8,8.592465696596825,-171.40438242144845,17.166972696596826,-82.39190942144845,80.43796600000002,-1.6925000000000022e-05,-0.6199721799238673,7.270388085759577,67.57828522440714,447.23834452597134,2574.2097880699907,18343.849768704793,1,0,0,1,1,0,2,0,0,0,0
485000.0,101,79.265412,-122.704242,-5.466431,6.896436,102,79.269331,-122.701306,-88.27335,0.507369,449.131178,3,0,2,8,7.940922265217542,-172.05619309451052,13.407353265217541,-83.78284309451053,82.806919,2.979499999999996e-05,-0.14983340603792938,6.849784648247646,62.04835288636493,444.82447881805786,2265.043321220063,15075.579977002126,1,0,0,1,1,0,2,0,0,1,0
486000.0,101,79.265438,-122.703982,-1.241598,6.343844,102,79.269332,-122.701374,-87.786103,0.531516,445.987262,3,0,2,8,7.108192703715368,-172.88924491816167,8.349790703715367,-85.10314191816167,86.54450500000002,2.4147000000000028e-05,0.3936590938774621,6.321822005154938,55.1879661870679,442.5595171888089,1790.8297639944255,10898.136172720144,1,0,0,1,1,0,2,0,0,1,0
487000.0,101,79.265468,-122.703671,4.120014,5.963727,102,79.269331,-122.701368,-88.321116,0.514057,442.96796,3,0,2,8,6.3340132689948865,-173.66372401739503,2.213999268994886,-85.34260801739502,92.44113000000004,-1.7459000000000003e-05,0.942305400916525,5.933254452044869,48.87015235266317,440.26392288670337,1448.4278736100405,8259.144605269788,1,0,0,1,1,0,2,0,0,1,0
488000.0,101,79.26549,-122.703332,10.255324,5.594402,102,79.26933,-122.70137,-88.708488,0.500979,440.110485,3,0,2,8,5.434342784995798,-174.56372953620865,-4.820981215004202,-85.85524153620865,98.96381199999996,-1.3078000000000035e-05,1.4968509963476624,5.493735041326133,41.680677088009794,438.13235461949193,860.0329658120235,4463.981596890111,0,0,0,1,1,0,2,0,0,1,0
489000.0,101,79.265507,-122.702967,17.233154,5.262008,102,79.269331,-122.701479,-88.463982,0.548116,437.632045,3,0,2,8,4.143920516553627,-175.85461751294034,-13.089233483446371,-87.39063551294034,105.697136,4.7137000000000094e-05,2.106845582747217,5.011088710935357,31.624175188944022,436.4879360927413,444.3834103121977,2005.9212774388827,0,0,0,1,1,0,2,0,0,1,0
490000.0,101,79.265525,-122.702521,25.581928,5.141755,102,79.269331,-122.701568,-88.560714,0.583174,435.041209,3,0,2,8,2.669282505393858,-177.32978116534954,-22.912645494606142,-88.76906716534954,114.14264200000002,3.505799999999992e-05,2.803206374685946,4.623054470775496,20.260268344124935,434.56918327788236,246.30434299467268,972.0664617189386,0,0,1,1,1,0,2,0,0,1,0
491000.0,101,79.26555,-122.70207,32.822443,5.227243,102,79.269331,-122.701638,-88.91229,0.60598,432.769694,3,0,2,8,1.2186990749729276,-178.7808764819468,-31.60374392502707,-89.86858648194679,121.734733,2.280599999999999e-05,3.4392321276909392,4.381233084986026,9.204452084754465,432.6717995278559,157.81097698803427,592.9697072992503,0,0,1,1,1,0,2,0,0,1,0
492000.0,101,79.265562,-122.701586,40.757128,5.287597,102,79.269329,-122.701691,-89.513017,0.619748,430.530946,3,0,2,8,-0.2973546992071143,179.70254213754242,-41.054482699207114,-90.78444086245759,130.270145,1.3768000000000003e-05,4.071754433921352,4.0000014550412,-2.234367458610658,430.52514800614705,102.34292043580689,419.48329702033516,0,0,1,1,1,0,2,0,0,1,0
493000.0,101,79.265569,-122.701066,48.76481,5.428842,102,79.269327,-122.701634,-90.416991,0.570803,430.647993,3,2,2,8,-1.611988722336014,178.3874532136006,-50.37679872233601,-91.19555578639938,139.181801,-4.894500000000001e-05,4.653332507627265,3.582583294659424,-12.114472220454633,430.4775643837294,69.02309813409346,380.33030038496975,0,0,1,1,1,2,2,0,0,1,0
494000.0,101,79.265572,-122.700566,55.599029,5.605253,102,79.269324,-122.701699,-91.990559,0.592335,429.147317,3,2,2,8,-3.2180668330742175,176.78081998631956,-58.81709583307422,-91.22862101368042,147.589588,2.1531999999999996e-05,5.216893806742067,3.187436020086477,-24.090758095692383,428.47059999803173,46.51156475460984,386.87278077058227,0,0,1,1,1,0,2,0,0,0,0
495000.0,101,79.265565,-122.700117,62.157591,5.685913,102,79.269321,-122.701599,-93.850625,0.520247,428.433522,3,2,2,8,-4.201729185196364,175.79681473922574,-66.35932018519637,-90.35256026077428,156.008216,-7.208799999999992e-05,5.546758816655163,2.6904934144708594,-31.39059411492267,427.28200684610704,32.69792001168507,400.49498519451856,0,0,1,1,1,2,2,0,0,0,0
496000.0,101,79.265564,-122.69969,66.826601,5.828756,102,79.269305,-122.701816,-99.536122,0.637172,425.941578,3,2,2,8,-6.040149341818107,173.9577618480666,-72.8667503418181,-86.50611615193338,166.36272299999996,0.00011692499999999994,5.986848254521118,2.3992635942504523,-44.81984610317288,423.57692248801516,22.142395893241876,410.72987473016894,0,0,1,1,1,0,2,0,0,0,0
497000.0,101,79.265558,-122.699298,71.178236,5.913615,102,79.269297,-122.701859,-102.495831,0.650796,422.784787,3,2,2,8,-7.267769574107041,172.72971422524043,-78.44600557410703,-84.77445477475959,173.67406699999998,1.362400000000008e-05,6.232774736571022,2.048693380091193,-53.48507484358478,419.3880337916325,14.400728316627596,415.36578955653084,0,0,1,1,1,0,2,0,0,0,0
498000.0,101,79.265555,-122.698976,74.118507,5.916358,102,79.26929,-122.70177,-106.739411,0.592562,419.001195,3,2,2,8,-7.929318495880149,172.06793637936048,-82.04782549588015,-81.19265262063954,179.14208199999996,-5.8234000000000005e-05,6.257981090809316,1.7896721002618163,-57.8017913779674,414.9951256640564,10.4613486274563,415.0027248590831,0,0,1,1,1,0,2,0,0,1,0
499000.0,101,79.265554,-122.698685,76.336594,5.888875,102,79.269278,-122.701729,-112.268121,0.570857,414.878661,3,2,2,8,-8.653669681698174,171.34333956684148,-84.99026368169818,-76.38853943315854,171.395285,-2.1705000000000084e-05,6.25050382439346,1.6073771253883227,-62.4232483594141,410.15563072742503,7.510498044524999,412.83374065296204,0,0,1,1,1,0,2,1,0,1,0
500000.0,101,79.265541,-122.698446,79.735407,5.749174,102,79.269263,-122.701735,-118.500597,0.587936,410.969751,3,2,2,8,-9.343282524871762,170.65348600958998,-89.07868952487176,-70.84591699041005,161.763996,1.7079000000000065e-05,6.173845744031598,1.3050134904278032,-66.7206382453643,405.51756148055193,3.3603108505934025,410.5576091959378,0,0,1,1,1,0,2,1,0,1,0
501000.0,101,79.26553,-122.69825,82.555735,5.569815,102,79.269248,-122.701666,-126.216775,0.573759,408.090792,3,2,2,8,-9.707577174670073,170.28906658154625,-92.26331217467008,-63.494158418453765,151.22749,-1.4176999999999995e-05,5.985770559528816,1.0606355232000695,-68.8121608230401,402.2474127176598,0.4509091252427065,408.0837065596081,0,1,1,1,1,0,2,1,0,1,0
502000.0,101,79.265519,-122.698094,84.952605,5.348513,102,79.269234,-122.701578,-134.644269,0.561092,407.321399,3,2,2,8,-9.904878946245343,170.09169799963598,-94.85748394624535,-55.26403300036401,140.403126,-1.2666999999999984e-05,5.726980468856646,0.8648419330694842,-70.06456983337236,401.2501440963999,-1.814738744136307,407.2153418217411,0,1,1,1,1,2,2,1,1,1,0
503000.0,101,79.265506,-122.697955,87.460011,5.124256,102,79.269222,-122.701434,-144.911324,0.529596,409.655792,3,2,2,8,-9.888346763317086,170.1082350952432,-97.34835776331708,-44.98044090475679,127.62866499999998,-3.149600000000008e-05,5.423656435383036,0.6604388655470025,-70.3496721543903,403.5700577928411,-4.270558395949026,409.1209007242479,0,1,1,1,1,1,2,1,1,0,0
504000.0,101,79.265495,-122.697799,89.633048,4.95969,102,79.269211,-122.701378,-150.723003,0.538319,412.940716,3,2,2,8,-10.166734845203345,169.82974876280196,-99.79978284520335,-39.44724823719804,119.64394899999996,8.723000000000037e-06,5.222843658695493,0.5013214073787766,-72.88952842138272,406.45682621540647,-6.980754972181323,411.571898713271,0,1,1,1,1,1,2,1,1,0,0
505000.0,101,79.26548,-122.697718,92.299606,4.681389,102,79.269199,-122.701362,-154.108659,0.565172,414.456965,3,0,2,8,-10.339266025726351,169.65715371948767,-102.63887202572634,-36.234187280512344,113.59173500000003,2.6853000000000015e-05,4.924410245238493,0.32060180592963505,-74.38526499601011,407.727124666099,-10.21503983793086,411.7070159859927,0,1,1,1,1,1,2,1,1,0,0
506000.0,101,79.265463,-122.697637,95.334706,4.442222,102,79.269189,-122.701305,-158.860237,0.572154,416.175848,3,0,2,8,-10.386764472948496,169.6096316922682,-105.7214704729485,-31.53013130773178,105.805057,6.9820000000000434e-06,4.629324811551687,0.12064014248471888,-75.03314767058036,409.3560347779961,-14.192210179945784,411.174116218422,0,1,1,1,1,1,2,1,1,1,0
507000.0,101,79.265442,-122.697568,99.129371,4.219905,102,79.269176,-122.701322,-159.724305,0.607591,417.707766,3,0,2,8,-10.602572419504844,169.3937392503366,-109.73194341950484,-30.881955749663405,101.14632400000002,3.543699999999994e-05,4.37700301116168,-0.09960567078620886,-76.85634151580926,410.576278595727,-19.352821274654612,408.72403830529316,0,1,1,1,1,1,2,1,1,1,0
508000.0,101,79.265431,-122.697459,100.362414,4.069498,102,79.26917,-122.701209,-166.487135,0.592905,418.649399,3,0,2,8,-10.577692992453368,169.41862260751614,-110.94010699245337,-24.094242392483864,93.150451,-1.4685999999999978e-05,4.141663554368633,-0.15550451683045274,-76.85090489133867,411.5352447852354,-21.623699344585194,408.37041320930274,0,1,1,1,1,2,2,1,1,1,0
509000.0,101,79.265422,-122.697302,101.038074,4.014911,102,79.269165,-122.701088,-173.755791,0.581273,418.991621,3,0,2,8,-10.665770564993457,169.33050966482244,-111.70384456499345,-16.91369933517757,85.20613500000002,-1.1631999999999976e-05,4.00385880629485,-0.1908754192129717,-77.5467820700741,411.75292962987413,-23.322784192571078,407.6088575387682,0,1,1,0,1,2,2,1,1,1,0
510000.0,101,79.265419,-122.697166,100.540842,3.910963,102,79.269159,-122.70099,-179.644731,0.578131,419.313,3,0,2,8,-10.77877203158844,169.21747086303074,-111.31961403158844,-11.137798136969252,79.814427,-3.142000000000089e-06,3.8485492864246975,-0.1373374888400989,-78.41881292714302,411.9148962444764,-23.47036178010843,408.8649808372532,0,1,1,0,2,2,2,1,1,0,0
511000.0,101,79.265418,-122.696994,99.486342,3.875228,102,79.269156,-122.700828,170.812906,0.574987,419.791979,3,0,2,8,-10.811944467442904,169.1842886021351,-110.29828646744289,-1.6286173978649003,71.32656400000002,-3.1439999999999245e-06,3.730432184636416,-0.07107477620455183,-78.74713520458408,412.3399014524394,-22.835392869378055,410.76734758625764,0,1,1,0,0,2,2,1,1,0,0
512000.0,101,79.265413,-122.696783,99.078916,3.920743,102,79.269154,-122.700691,163.009465,0.580939,419.788829,3,0,2,8,-11.006949312614292,168.98921105151604,-110.0858653126143,5.979746051516031,63.930548999999985,5.951999999999958e-06,3.7018653470187606,-0.06308969720089286,-80.14946419065728,412.0664076858751,-23.206925552306608,410.6426812070613,0,1,1,0,2,2,2,1,1,1,0
513000.0,101,79.265418,-122.696506,96.591253,4.05956,102,79.269152,-122.700572,156.510021,0.590981,419.97496,3,0,2,8,-11.461319425291268,168.5346857027733,-108.05257242529126,12.024664702773293,59.91876800000006,1.0041999999999995e-05,3.79716919894239,0.07602767515630632,-83.45168658414337,411.6002709343903,-20.14491254915661,413.1904320075907,0,1,1,0,0,2,2,1,1,0,0
514000.0,101,79.265429,-122.696213,93.489777,4.216991,102,79.269149,-122.700493,152.644233,0.599513,420.089263,3,0,2,8,-12.09134620429913,167.90444866729672,-105.58112320429913,15.260215667296706,59.15445599999998,8.531999999999984e-06,3.93368656568555,0.2757795766088498,-87.99646711353968,410.76953473136115,-15.963217974830927,415.93608435535947,0,1,1,0,0,2,2,1,1,0,0
515000.0,101,79.265443,-122.695872,90.28964,4.456663,102,79.269146,-122.700421,149.289513,0.606941,420.098965,3,0,2,8,-12.883777166451305,167.11175341077933,-103.17341716645132,17.82224041077933,58.99987299999998,7.4279999999999905e-06,4.1466411106738965,0.4992937721257471,-93.67119340779136,409.52270745299506,-11.835545453733367,417.81864727217913,0,1,1,0,0,2,2,1,1,0,0
516000.0,101,79.26546,-122.695499,87.221784,4.744966,102,79.269147,-122.700276,141.837167,0.62691,420.200534,3,0,2,8,-13.562836603142317,166.43246996243232,-100.78462060314232,24.595302962432328,54.61538300000001,1.9969000000000015e-05,4.352022204380616,0.7229015139890956,-98.54191081247787,408.4825340052018,-8.04628828020265,419.1409889191576,0,1,1,1,0,2,2,1,1,0,0
517000.0,101,79.265467,-122.69513,86.476622,4.999997,102,79.269151,-122.70007,132.22485,0.673217,420.336571,3,0,2,8,-14.0186292743497,165.97651714254349,-100.4952512743497,33.75166714254348,45.74822799999998,4.630699999999999e-05,4.492019966857228,0.75970877840094,-101.82122415775605,407.81769362186094,-8.211854609081218,419.1169011904541,0,1,1,1,2,2,2,1,1,1,0
518000.0,101,79.265488,-122.694696,83.886615,5.366946,102,79.269153,-122.699951,127.512393,0.699222,420.43515,3,0,2,8,-14.947657975000531,165.04717895208043,-98.83427297500054,37.534785952080426,43.62577799999997,2.6005000000000057e-05,4.781786647249479,0.9973395640695957,-108.44558145099725,406.2084086023794,-5.663098951996271,419.81678125168844,0,1,1,1,0,2,2,1,1,0,0
519000.0,101,79.265522,-122.694254,80.121768,5.751851,102,79.269154,-122.699838,123.428745,0.726045,420.415464,3,0,2,8,-15.974380951322582,164.02013273072373,-96.09614895132259,40.591387730723724,43.30697700000002,2.682300000000004e-05,5.060640837636237,1.3867356085474642,-115.70149420935812,404.1810567159935,-1.1497813528427145,420.39029449538145,0,1,1,1,0,2,2,1,1,0,0
520000.0,101,79.265543,-122.693781,79.002597,6.136126,102,79.269153,-122.69976,121.355138,0.743138,422.75064,3,2,2,8,-17.1386313187851,162.85549427287782,-96.1412283187851,41.50035627287782,42.35254100000003,1.7092999999999912e-05,5.388832148215885,1.5572403011841178,-124.57814373625878,403.97820451558727,-1.7122115891604561,422.6886572718911,0,1,1,1,2,1,2,1,1,0,0
521000.0,101,79.26555,-122.693334,80.001309,6.400667,102,79.26916,-122.699564,114.840007,0.807818,427.15529,3,2,2,8,-17.81343450984878,162.18044447246638,-97.81474350984878,47.34043747246638,34.83869800000002,6.468000000000007e-05,5.570369665910384,1.4506730522797033,-130.67472628328403,406.67647791060267,-4.994513000154416,426.50926853649315,0,1,1,1,1,1,2,1,1,0,0
522000.0,101,79.265535,-122.692863,83.499943,6.645183,102,79.269168,-122.699316,108.244829,0.904505,433.415423,3,2,2,8,-18.29995372244841,161.69370616091348,-101.79989672244841,53.44887716091348,24.74488599999995,9.668699999999996e-05,5.743432887266283,1.0354433414135893,-136.08884075863688,411.495754917641,-11.422480776653762,429.15092091244424,0,1,1,1,1,1,2,1,1,0,0
523000.0,101,79.265517,-122.692402,86.676947,6.870424,102,79.269174,-122.699129,104.495569,0.976514,441.120809,3,2,2,8,-18.90616651229202,161.08722416431976,-105.58311351229202,56.59165516431976,17.818622000000005,7.2009e-05,5.913443265899755,0.642675441566624,-142.93162912628156,417.3225581347378,-16.96071302857844,430.3400261175564,0,1,1,1,1,1,2,1,1,0,0
524000.0,101,79.265481,-122.691959,91.512518,7.063239,102,79.26918,-122.698931,101.233954,1.056364,449.784817,3,2,2,8,-19.33798863941021,160.6551613233677,-110.85050663941021,59.42120732336771,9.721435999999983,7.985000000000008e-05,6.024654103223738,0.01935954111800875,-148.94178270326813,424.4086791865783,-24.510978138677984,424.8851033609092,0,1,1,1,1,1,2,1,1,1,0
525000.0,101,79.265432,-122.691592,96.899181,7.161794,102,79.269191,-122.698617,96.91806,1.20144,458.965165,3,2,2,8,-19.18599535623162,160.807102534128,-116.08517635623161,63.88904253412801,0.018878999999969892,0.00014507599999999998,5.917243047245622,-0.7155805051371743,-150.83238678687326,433.47273706618773,-33.852554493202256,412.22900391445734,0,1,1,1,1,1,2,1,1,1,0
526000.0,101,79.265364,-122.691273,103.794808,7.27844,102,79.269195,-122.698431,95.215149,1.27485,468.310865,3,2,2,8,-19.182114158863453,160.81085305884181,-122.97692215886346,65.59570405884182,8.579658999999992,7.340999999999998e-05,5.798927253287766,-1.6196323125289154,-153.87375687001415,442.30977066277427,-46.61306787645241,384.84898067482675,0,1,1,1,1,1,2,0,1,1,0
527000.0,101,79.265284,-122.691022,111.150356,7.411121,102,79.269201,-122.698233,93.559892,1.352977,477.137351,3,0,0,8,-18.9200725869598,161.07284255876306,-130.0704285869598,67.51295055876305,17.590463999999997,7.812700000000006e-05,5.561517687657895,-2.590046768903062,-154.7112340052469,451.3584892210082,-63.61023215069967,348.950711904597,0,1,1,1,1,1,2,0,1,1,0
528000.0,101,79.265201,-122.690877,118.226185,7.464922,102,79.269209,-122.697989,91.585504,1.457028,484.549517,3,0,0,8,-18.28286507911547,161.71014733561447,-136.50905007911547,70.12464333561446,26.640680999999972,0.00010405099999999989,5.120778524634998,-3.4902467476743597,-152.00730506120786,460.08913661698443,-88.9549513515416,338.3837757423809,0,1,1,1,1,1,2,0,1,1,0
529000.0,101,79.265121,-122.690825,124.775894,7.434208,102,79.269213,-122.697821,90.691207,1.514702,490.137692,3,0,2,8,-17.657656195506522,162.33547019083557,-142.4335501955065,71.64426319083556,34.084686999999974,5.7674000000000004e-05,4.591786770740355,-4.22196193872699,-148.67293880344727,467.0453022851566,-124.1243006515962,425.11837679778597,0,1,1,1,1,1,2,0,1,0,0
530000.0,101,79.265039,-122.690838,131.19931,7.392273,102,79.269219,-122.697627,89.589403,1.586194,493.606224,3,0,2,8,-16.825568457723804,163.16776130824132,-148.0248784577238,73.57835830824132,41.609906999999964,7.149200000000011e-05,3.9759617838915253,-4.880512324957756,-142.8787519427867,472.47514920343673,-184.16939033891794,727.4247925320116,0,1,1,1,1,1,2,0,1,0,0
531000.0,101,79.264978,-122.690958,136.502559,7.077569,102,79.269228,-122.697371,88.190003,1.693538,494.803454,3,0,2,8,-15.692810882580517,164.30088830622879,-152.1953698825805,76.11088530622878,48.31255600000003,0.00010734399999999989,3.1789546724879925,-5.187595406031993,-133.8342656920277,476.3599977086718,-314.04486030200843,1440.9222092424627,0,1,1,1,1,1,2,0,1,0,0
532000.0,101,79.26492,-122.69115,142.171084,6.706055,102,79.269234,-122.697185,87.397814,1.756246,493.742642,3,0,2,8,-14.599429647051878,165.394640929554,-156.77051364705187,77.99682692955399,54.773270000000025,6.270799999999998e-05,2.3584270685194793,-5.376483472636043,-124.45263462947156,477.8005214134068,-657.4275518133451,3373.1165690958965,0,1,1,1,1,0,2,0,1,0,0
533000.0,101,79.264878,-122.691418,147.822161,6.165068,102,79.269244,-122.696891,86.301969,1.881945,490.561723,3,0,2,8,-13.137700343237626,166.8569224019911,-160.9598613432376,80.55495340199111,61.52019200000001,0.000125699,1.4051739698304087,-5.339490400343044,-111.50081879819966,477.72206509649493,-5420.751628087322,29439.189940399272,0,1,2,1,1,0,2,0,1,0,0
534000.0,101,79.264858,-122.691743,153.357054,5.405342,102,79.269251,-122.696676,85.592541,1.9577,485.21534,3,0,2,8,-11.809260196678958,168.18589310183555,-165.16631419667897,82.59335210183555,67.76451300000008,7.575500000000002e-05,0.472002447172593,-4.9818409167655116,-99.30138373768484,474.9454298749454,-999,4517.275832805534,0,1,2,1,1,0,2,0,1,1,0
535000.0,101,79.264861,-122.692142,160.136373,4.428587,102,79.269257,-122.696477,85.027574,2.02119,480.397354,3,0,2,8,-10.404132481003762,169.59160835596052,-170.54050548100375,84.56403435596052,75.10879900000003,6.348999999999983e-05,-0.508826678668316,-4.340293162079651,-86.75499912066951,472.4988760386356,-999,3909.0137443120802,0,1,2,1,1,0,2,0,1,1,0
536000.0,101,79.264879,-122.692558,169.320088,3.426706,102,79.269265,-122.696228,84.514743,2.112288,475.819819,3,0,2,8,-8.855344515747069,171.14104968748305,-178.17543251574708,86.62630668748305,84.80534499999993,9.109800000000012e-05,-1.467571123713407,-3.5692608276215396,-73.24786379354317,470.1481156006853,-920.9986860694362,3156.9823544373676,0,1,2,1,1,0,2,0,1,1,0
537000.0,101,79.264902,-122.692955,-177.240889,2.591516,102,79.269271,-122.696002,84.102162,2.187781,471.730652,3,0,2,8,-7.398657510485942,172.59834879379483,169.84223148951406,88.49618679379482,98.65694899999997,7.549300000000025e-05,-2.3009481148280737,-2.8133172131761888,-60.74586973479391,467.80310745708886,-227.1890810032097,608.1358568473173,1,1,2,1,0,0,2,0,1,1,0
538000.0,101,79.264936,-122.693456,-150.126769,2.021356,102,79.269275,-122.69591,83.832841,2.181359,467.959804,3,0,2,8,-6.011370311666396,173.98621861850742,144.1153986883336,90.15337761850742,126.04038999999997,-6.42200000000015e-06,-3.1755372133759963,-1.9871198433683452,-49.00747581876671,465.3865548912983,-76.01691066471422,427.94606191053333,1,1,1,1,1,0,2,0,1,1,0
539000.0,101,79.264984,-122.693974,-114.21525,2.020772,102,79.26928,-122.69582,83.487771,2.174179,464.554337,3,0,2,8,-4.574353803117076,175.42383249057312,109.64089619688292,91.93606149057312,162.296979,-7.179999999999964e-06,-4.003116729895052,-1.0754366574648104,-37.04948475805571,463.0745811472188,-21.796403181715313,456.86894845728244,1,1,1,1,1,0,2,0,1,0,0
540000.0,101,79.265034,-122.69451,-90.090436,2.640021,102,79.269286,-122.695718,83.049386,2.175229,461.566548,3,0,2,8,-3.027998124310526,176.97081500817742,87.06243787568947,93.92142900817743,173.13982200000004,1.0499999999997733e-06,-4.799260579298213,-0.26739969542933534,-24.381763516501987,460.9221277401007,-0.2709200406092298,461.5647247432195,1,0,1,1,1,0,2,0,1,0,0
541000.0,101,79.26508,-122.695054,-78.776502,3.44802,102,79.269292,-122.695522,82.750057,2.230964,457.960636,3,0,2,8,-1.1851737267583593,178.8143664602915,77.59132827324163,96.0643094602915,161.52655899999996,5.573500000000031e-05,-5.59520565547198,0.389567878100333,-9.472324369640418,457.8626641216346,7.376363219154784,456.09899174311755,1,0,1,1,1,0,2,1,0,1,0
542000.0,101,79.265149,-122.695569,-68.505683,4.310436,102,79.269299,-122.695499,82.047378,2.185229,454.635002,3,0,2,8,0.17994291153554623,-179.81998831301462,68.68562591153555,98.1326336869854,150.55306099999996,-4.573500000000008e-05,-6.174875297492957,1.2770466763582204,1.4278226451783722,454.63275989091886,14.849419938199569,445.51019697098377,1,0,1,1,1,0,2,1,0,1,0
543000.0,101,79.265213,-122.696116,-63.568631,5.182385,102,79.269307,-122.695524,81.096286,2.115079,451.595198,3,0,2,8,1.5422501156430974,-178.45716824048307,65.1108811156431,100.44654575951694,144.664917,-7.014999999999993e-05,-6.730252873752919,1.979451614585237,12.154274733521087,451.431607735171,17.5574262860532,436.5816286016092,1,0,1,1,1,0,2,1,0,1,0
544000.0,101,79.265287,-122.696636,-59.252828,6.014072,102,79.269317,-122.695531,79.851977,2.059584,448.770644,3,0,2,8,2.922574844738594,-177.07633948537918,62.17540284473859,103.07168351462082,139.10480500000006,-5.549500000000007e-05,-7.196047359710351,2.711816436664335,22.88121613552129,448.1869485653663,19.576979050443132,427.6902641631583,1,0,1,1,1,0,2,1,0,1,0
545000.0,101,79.265344,-122.697198,-58.508079,6.717413,102,79.269329,-122.695425,78.839691,2.071001,446.149788,3,0,2,8,4.735593108136309,-175.2626649073206,63.24367210813631,105.8976440926794,137.34777000000003,1.141699999999979e-05,-7.759868253663185,3.108178904398941,36.83306501570648,444.62676331277413,17.396365806475693,426.6827411281804,1,0,1,1,0,0,2,1,0,1,0
546000.0,101,79.265403,-122.697734,-57.737153,7.322446,102,79.26934,-122.695302,77.915557,2.093147,445.770389,3,3,2,8,6.561113304974343,-173.43649723823233,64.29826630497435,108.64794576176766,135.65271,2.214600000000022e-05,-8.238683137245024,3.4705451999840764,50.9350267954444,442.8508357839677,15.588292622700862,428.1332130510487,1,0,1,1,0,2,2,1,0,0,0
547000.0,101,79.265454,-122.698272,-57.959294,7.81006,102,79.269355,-122.695253,76.44695,2.075981,447.261531,3,3,2,8,8.199558307907168,-171.79747550342248,66.15885230790717,111.75557449657754,134.40624400000002,-1.7166000000000015e-05,-8.63853638554731,3.6569087888994716,63.7890225721986,442.68932414476353,13.425364019508505,432.7025686197693,1,0,1,1,0,1,2,1,0,0,0
548000.0,101,79.265515,-122.698826,-57.512204,8.345262,102,79.269368,-122.69519,75.227039,2.066431,446.395862,3,3,2,8,9.965416104016892,-170.03101150004517,67.47762010401689,114.74194949995484,132.739243,-9.549999999999948e-06,-9.037400203308952,3.9554886013599533,77.25046152103494,439.66081449852925,11.827744525651656,433.88968669015065,1,0,1,1,0,2,2,1,0,0,0
549000.0,101,79.26556,-122.699403,-58.585951,8.745937,102,79.269382,-122.695244,73.3412,1.99576,443.867871,3,3,2,8,11.45350917129837,-168.5424045811362,70.03946017129837,118.11639541886382,131.92715100000004,-7.067100000000015e-05,-9.375979681646028,3.986419822550597,88.14005947402867,435.0287540174641,9.493608433292346,434.89922950609116,1,0,1,1,0,0,2,1,0,0,0
550000.0,101,79.26559,-122.699974,-60.699666,8.991885,102,79.269394,-122.695293,71.801824,1.926583,442.775818,3,3,2,8,12.90460789971385,-167.09079298362482,73.60427389971385,121.1073830163752,132.50149,-6.917700000000005e-05,-9.671740117771078,3.798835558632514,98.88446304685819,431.5927339211165,6.702638278962377,437.8848787195003,1,0,1,1,0,0,2,0,0,0,0
551000.0,101,79.265613,-122.700563,-63.129712,9.214978,102,79.269401,-122.69531,71.00109,1.871643,442.912474,3,3,2,8,14.477433156254355,-165.51740573265948,77.60714515625435,123.48150426734051,134.13080199999996,-5.4939999999999986e-05,-9.989740344880484,3.5556000696572214,110.72752697760184,428.84831163737266,3.8660490884859215,441.15162534564575,1,0,1,1,0,2,2,0,0,0,0
552000.0,101,79.265624,-122.701137,-66.144228,9.335572,102,79.269406,-122.695354,70.279038,1.801278,443.202933,3,3,2,8,15.891562376031196,-164.10275578384332,82.0357903760312,125.6182062161567,136.423266,-7.036500000000001e-05,-10.233628593934714,3.1678162205210216,121.35675701963754,426.26444532177334,0.9612215513404241,443.08742575524076,1,0,1,1,0,2,2,0,0,0,0
553000.0,101,79.265623,-122.701715,-69.637654,9.424572,102,79.269408,-122.695392,70.041344,1.730355,443.417723,3,3,2,8,17.277520345886078,-162.71626725998746,86.91517434588607,127.24238874001253,139.67899799999998,-7.092299999999985e-05,-10.462067086569032,2.688693599076399,131.6951774890662,423.4095621223358,-2.0545207399912813,442.8635937252398,1,0,1,1,0,2,2,0,1,1,0
554000.0,101,79.265616,-122.702279,-73.164678,9.491299,102,79.269407,-122.695446,69.999463,1.65009,443.548739,3,3,2,8,18.551212268258563,-161.44207425894666,91.71589026825856,128.55846274105335,143.16414099999997,-8.026500000000003e-05,-10.635084774241385,2.184509643974252,141.1159905980833,420.5017967452836,-4.893847846924531,440.2957067612839,1,1,1,1,0,2,2,0,1,1,0
555000.0,101,79.265602,-122.702861,-76.861451,9.594849,102,79.269408,-122.695554,69.444188,1.543967,443.814674,3,3,2,8,19.66961928147492,-160.32320153739468,96.53107028147492,130.23261046260532,146.30563899999999,-0.00010612299999999997,-10.78935063534635,1.638854939244103,149.38624505606484,417.91771276864495,-7.657405213743306,435.6143431669048,1,1,1,1,0,2,2,0,1,1,0
556000.0,101,79.265582,-122.703415,-80.445873,9.664136,102,79.269412,-122.695796,66.88818,1.376364,443.981047,3,3,2,8,20.32363229739381,-159.66888197938454,100.76950529739382,133.44293802061546,147.33405300000004,-0.00016760300000000016,-10.795984875224164,1.0637863967923944,154.20459167222322,416.34134313375495,-10.181249517338669,429.4617068613254,1,1,1,1,0,2,2,0,1,1,0
557000.0,101,79.265557,-122.703967,-83.870749,9.7517,102,79.269413,-122.695998,64.868474,1.23076,444.267994,3,3,2,8,21.045812166599127,-158.94635823293115,104.91656116659914,136.18516776706883,148.73922299999998,-0.00014560399999999983,-10.810205447388993,0.5185046621520055,159.54299000991352,414.6324695817739,-12.7146943939076,421.8041624042371,1,1,1,1,0,2,2,0,1,1,0
558000.0,101,79.265556,-122.704487,-84.843428,9.832653,102,79.269413,-122.696188,62.887671,1.094232,443.510892,3,3,2,8,21.831578123101167,-158.1602680490425,106.67500612310117,138.9520609509575,147.73109900000003,-0.000136528,-10.766850423957955,0.38505494398216583,164.93261180444333,411.7027384970866,-13.768917079164204,417.338180658079,1,1,1,1,0,2,2,1,1,1,0
559000.0,101,79.265547,-122.705007,-86.248941,9.901918,102,79.269409,-122.696331,61.895611,0.980214,441.707654,3,0,2,8,22.697918603289043,-157.2935571637991,108.94685960328904,140.8108318362009,148.14455200000003,-0.00011401800000000006,-10.745342996385254,0.1860403732245396,170.4428494482838,407.4983272040922,-15.103156472249742,410.38914278750036,1,1,1,1,0,0,2,0,1,1,0
560000.0,101,79.265556,-122.705522,-86.062996,9.974366,102,79.269406,-122.696479,60.488473,0.868312,439.092557,3,0,2,8,23.62057795051668,-156.37053723632556,109.68357395051667,143.14098976367444,146.551469,-0.00011190200000000005,-10.706482187156809,0.2571068834649684,175.9347807467342,402.3048925086505,-15.375503221853224,406.4156430642642,1,1,1,1,0,0,2,1,1,1,0
561000.0,101,79.265571,-122.706022,-85.293029,10.024351,102,79.269408,-122.696689,55.755239,0.742283,436.656213,3,0,2,8,24.364316624255796,-155.62651363522488,109.6573456242558,148.61824736477513,141.048268,-0.00012602899999999994,-10.604144691726836,0.4048914699243202,180.13692400136975,397.7679436088661,-15.268009394737634,404.3610990017676,1,1,1,1,2,0,2,1,1,1,0
562000.0,101,79.265592,-122.70655,-84.257066,10.12606,102,79.269411,-122.696911,48.533461,0.624975,434.622248,3,0,2,8,25.169802593807113,-154.82072701805924,109.42686859380711,156.64581198194077,132.790527,-0.00011730800000000008,-10.543556322074728,0.5994202687930746,184.84586284321406,393.3554441549287,-14.904996251128928,403.24192795175384,1,1,1,1,2,0,2,1,1,1,0
563000.0,101,79.265625,-122.707028,-82.312356,10.154338,102,79.269411,-122.697092,41.582098,0.528656,432.743918,3,0,2,8,26.04109978665637,-153.94913802000326,108.35345578665637,164.46876397999674,123.894454,-9.631899999999993e-05,-10.413936571810096,0.962933321283193,189.98140126937324,388.8114784027294,-13.901971536516495,404.73082218745736,1,1,1,2,1,0,2,1,1,0,0
564000.0,101,79.265656,-122.707476,-80.722218,10.1326,102,79.269409,-122.697252,34.012245,0.444795,431.010929,3,0,2,8,26.89427869305051,-153.09567615100528,107.61649669305051,172.89207884899471,114.734463,-8.386100000000002e-05,-10.248853462455239,1.2648906073092339,194.96592143884513,384.3939520790423,-13.125050999017821,405.5264004995241,1,1,1,2,1,0,2,1,1,0,0
565000.0,101,79.265701,-122.707934,-78.209302,10.174689,102,79.269406,-122.697403,24.473612,0.372145,429.392104,3,0,2,8,27.887800071489842,-152.10185314206157,106.09710207148984,-176.57546514206157,102.68291399999998,-7.264999999999999e-05,-10.114178960108541,1.7403581666923782,200.84456022618056,379.5247575654307,-11.634910235580461,408.3328731882436,1,1,1,2,1,0,2,1,1,0,0
566000.0,101,79.265733,-122.708394,-77.070465,10.184207,102,79.269404,-122.697569,9.741918,0.321607,428.333287,3,1,2,8,28.767255789910635,-151.22210856590016,105.83772078991063,-160.96402656590016,86.81238300000001,-5.053800000000003e-05,-9.980415718609096,1.9617729722440094,206.1365899346189,375.4691878734541,-11.128810015640113,408.51685362870546,1,1,1,2,2,0,2,1,1,0,0
567000.0,101,79.265769,-122.708852,-75.786023,10.204281,102,79.269396,-122.697684,-3.003944,0.266339,429.894615,3,1,2,8,29.824610146809473,-150.1644172084089,105.61063314680948,-147.16047320840892,72.78207900000001,-5.5267999999999987e-05,-9.877924416628888,2.239625611738704,213.80664439233416,372.95589393343573,-10.656790306240884,411.39937439576966,1,1,1,1,2,1,2,1,1,0,0
568000.0,101,79.265793,-122.709266,-75.53147,10.103172,102,79.269396,-122.697858,-24.359919,0.276217,429.585021,3,1,2,8,30.519125262266805,-149.4696662906918,106.0505952622668,-125.1097472906918,51.17155100000002,9.877999999999998e-06,-9.668819599769938,2.2726333319958334,218.15441944352605,370.0701819180093,-11.141633134974997,410.522111559906,1,1,1,1,2,2,2,1,1,1,0
569000.0,101,79.265817,-122.709644,-75.204305,9.948286,102,79.269387,-122.697979,-41.765736,0.271249,429.202934,3,1,2,8,31.314044778714987,-148.67449426949563,106.51834977871499,-106.90875826949562,33.43856899999997,-4.967999999999973e-06,-9.43775118604124,2.33820706744271,223.06901757277774,366.68156751236376,-11.77834985821308,409.79774590549823,1,1,1,1,2,2,2,1,1,1,0
570000.0,101,79.265847,-122.71003,-74.417936,9.844192,102,79.269388,-122.698167,-55.419251,0.346097,428.894417,3,1,2,8,31.953291123542673,-148.03505338754314,106.37122712354267,-92.61580238754314,18.998684999999966,7.484799999999997e-05,-9.197434442325399,2.4478968029550123,226.9828227189371,363.90825646626024,-12.23911200742139,410.1498776582731,1,1,1,1,2,2,2,1,1,0,0
571000.0,101,79.265868,-122.710445,-74.482948,9.764243,102,79.269385,-122.698333,-65.139699,0.411202,429.174991,3,1,2,8,32.66686662098732,-147.3212332453315,107.14981462098731,-82.18153424533152,9.343248999999958,6.510500000000002e-05,-9.035246721907322,2.4393083110415787,231.64874461987904,361.28940202541804,-13.282295247531714,409.21206565174435,1,1,1,1,0,2,2,1,1,1,0
572000.0,101,79.265896,-122.710817,-73.865487,9.645508,102,79.269391,-122.698567,-68.699306,0.534484,430.67262,3,1,2,8,33.12677501652494,-146.8611892630565,106.99226201652493,-78.1618832630565,5.166181000000051,0.00012328199999999995,-8.76761840239737,2.4862644621635432,235.35973471948483,360.67256742153,-13.71114273065919,411.21239747688855,1,1,1,1,2,1,2,1,1,0,0
573000.0,101,79.265925,-122.711223,-73.390054,9.595674,102,79.269405,-122.698852,-68.819579,0.696807,432.06363,3,0,2,8,33.49827069772825,-146.48957469753893,106.88832469772825,-77.66999569753892,4.5704750000000445,0.000162323,-8.545539176799467,2.4912081723563357,238.46102296478236,360.2989326869654,-14.070268506912505,412.64877374788006,1,1,1,1,2,1,2,1,1,0,0
574000.0,101,79.265966,-122.71159,-71.800072,9.539396,102,79.26942,-122.699124,-68.303071,0.849111,433.668073,3,0,2,8,33.89884572408755,-146.08890633181488,105.69891772408755,-77.78583533181488,3.4970010000000116,0.000152304,-8.27320981898846,2.665561332369254,241.86899506861644,359.9547009889313,-13.524915713765852,416.79045514938935,1,1,1,1,1,1,2,1,1,0,0
575000.0,101,79.266003,-122.711979,-70.714087,9.512025,102,79.269433,-122.699344,-67.911102,0.965632,434.560564,3,0,2,8,34.442920978836554,-145.5446650321831,105.15700797883656,-77.6335630321831,2.8029849999999783,0.0001165210000000001,-8.083474866772075,2.778533012009428,245.78091381813334,358.3777702184127,-13.342787819760817,418.81364162608423,1,1,1,1,1,2,2,1,1,0,0
576000.0,101,79.266055,-122.712299,-68.357276,9.445537,102,79.269451,-122.699568,-66.465454,1.090362,434.780509,3,0,2,8,34.91280182413731,-145.07468986465983,103.2700778241373,-78.60923586465984,1.8918219999999906,0.00012473,-7.779977820014923,3.048298155570572,248.83754130978514,356.53046018706453,-12.010814888496832,422.7394167128747,1,1,1,1,1,2,2,1,1,0,0
577000.0,101,79.266103,-122.712586,-66.461869,9.314708,102,79.269473,-122.699779,-64.598789,1.211663,434.703776,3,0,2,8,35.280274815438894,-144.7071422012827,101.74214381543888,-80.1083532012827,1.863079999999968,0.00012130099999999989,-7.445146090487361,3.200167251762807,251.07473717955804,354.8645505243854,-11.02365287294464,425.17353137962397,1,1,1,1,1,2,2,1,1,0,0
578000.0,101,79.266171,-122.712886,-63.100499,9.354153,102,79.269505,-122.700026,-61.778593,1.370478,434.431435,3,0,2,8,35.68284064370023,-144.30452429799604,98.78333964370023,-82.52593129799604,1.3219060000000127,0.00015881500000000014,-7.134482452752804,3.583999195120526,253.40297697031184,352.87051871577887,-8.43082534407998,429.0713374222865,1,1,1,1,1,2,2,1,1,0,0
579000.0,101,79.266247,-122.713168,-59.545097,9.432639,102,79.269536,-122.700235,-59.32108,1.505885,434.084323,3,0,2,8,36.20684285714138,-143.78045035919158,95.75193985714138,-84.45937035919158,0.22401700000000346,0.00013540699999999982,-6.83608103438393,4.012685161897704,256.4144946898125,350.25819960043253,-5.517606180278011,431.8663390618979,1,1,1,1,1,2,2,1,1,0,0
580000.0,101,79.266335,-122.713364,-55.09507,9.491589,102,79.269569,-122.700429,-56.843607,1.638407,433.791141,3,0,2,8,36.672653255566054,-143.31463799321565,91.76772325556605,-86.47103099321566,1.748536999999999,0.00013252200000000002,-6.412434317008327,4.535155537629136,259.078461644657,347.92686691590785,-1.3766251888189276,433.66113200807143,1,1,1,1,1,2,2,0,1,0,0
581000.0,101,79.266424,-122.713596,-51.313339,9.646354,102,79.269615,-122.700668,-53.897645,1.822235,433.521433,3,0,2,8,37.02566948760991,-142.9616286358976,88.3390084876099,-89.0639836358976,2.5843060000000264,0.0001838280000000001,-6.057408609098025,4.955844433596558,261.05480003461304,346.1086884914357,2.2496812978750156,433.1837579503629,1,0,1,1,1,2,2,0,0,1,0
582000.0,101,79.266518,-122.713765,-47.415179,9.760002,102,79.26966,-122.700875,-51.282764,1.988686,433.251826,3,0,2,8,37.37129131426493,-142.61604414168275,84.78647031426493,-91.33328014168275,3.8675849999999627,0.00016645099999999991,-5.634402051831752,5.360529142910758,262.97420260240733,344.3133943051915,6.29726007297243,430.7216942811436,1,0,1,1,1,2,2,0,0,1,0
583000.0,101,79.266609,-122.713935,-44.220425,9.856102,102,79.269704,-122.701044,-48.946065,2.129724,432.964398,3,0,2,8,37.79065973992971,-142.19667473064382,82.01108473992971,-93.25060973064382,4.7256399999999985,0.000141038,-5.267841694426345,5.664757026005864,265.3111599661636,342.15224437801254,9.568736633960173,427.3073388166349,1,0,1,1,1,2,2,0,0,1,0
584000.0,101,79.266701,-122.714069,-41.068703,9.930044,102,79.269759,-122.701258,-46.412427,2.327623,432.64548,3,0,2,8,37.95160351273606,-142.035809555572,79.02030651273606,-95.623382555572,5.343723999999952,0.00019789900000000005,-4.837729514309465,5.8816735437075565,266.07508403329996,341.15416019902614,13.264235369950983,422.25910820772623,1,0,1,1,1,2,2,0,0,1,0
585000.0,101,79.266795,-122.714203,-38.210083,10.028961,102,79.269824,-122.701504,-44.003087,2.564768,432.28477,3,0,2,8,37.97223165123099,-142.01529145487038,76.182314651231,-98.01220445487039,5.793003999999996,0.00023714499999999994,-4.421643592259009,6.0353928680218685,265.97595468888005,340.7739924074191,16.950314446225512,416.05083353859567,1,0,1,1,1,2,2,0,0,1,0
586000.0,101,79.266888,-122.714293,-35.42401,10.064705,102,79.269899,-122.701794,-41.840435,2.848595,432.017689,3,0,2,8,37.69691476579555,-142.29080483889203,73.12092476579555,-100.45036983889203,6.416425000000004,0.00028382700000000006,-3.933552288135965,6.079358143536881,264.1720919903545,341.8367876960296,21.576121709310797,407.69090176940205,1,0,1,1,1,2,2,0,0,1,0
587000.0,101,79.266988,-122.714376,-32.563309,10.185098,102,79.26996,-122.701959,-39.950154,3.026152,431.694442,3,0,2,8,37.875848971291326,-142.11195119599256,70.43915797129132,-102.16179719599256,7.386844999999994,0.0001775570000000002,-3.5387818523226855,6.264114198343374,265.03989691804014,340.75496224613664,25.51358172344229,398.74135479102864,1,0,1,1,1,2,2,0,0,1,0
588000.0,101,79.267083,-122.714446,-30.121223,10.237197,102,79.270041,-122.702233,-38.171776,3.314219,431.448302,3,0,2,8,37.547330856617336,-142.44066973929316,67.66855385661734,-104.26889373929316,8.050553000000036,0.00028806699999999987,-3.0890868692765476,6.249312066659719,262.9317546847495,342.0738658200622,30.433074278059376,387.91455265266273,1,0,1,1,1,2,2,0,0,1,0
589000.0,101,79.267175,-122.714492,-27.880861,10.21956,102,79.270107,-122.702388,-36.507991,3.497706,431.136548,3,0,2,8,37.54340671260264,-142.44470097386716,65.42426771260264,-105.93670997386715,8.627130000000022,0.00018348699999999995,-2.698112261790202,6.221927994173894,262.7183545596394,341.8446857841027,34.675539340070095,377.9330508974145,1,0,1,1,1,2,2,0,0,1,0
590000.0,101,79.267275,-122.71455,-25.669475,10.327885,102,79.270206,-122.702752,-35.272156,3.869359,430.889382,3,0,2,8,36.84619783930173,-143.1422104917369,62.51567283930173,-107.87005449173691,9.602681000000018,0.0003716530000000002,-2.2394188430328685,6.149589100447379,258.39102073812194,344.8184158687778,41.18077658844325,362.37344151475907,1,0,1,1,1,2,2,0,0,1,0
591000.0,101,79.267374,-122.714575,-23.426605,10.399536,102,79.270294,-122.703001,-33.937791,4.148889,430.570728,3,0,2,8,36.423307702313934,-143.56532070776268,59.84991270231393,-109.62752970776268,10.51118600000001,0.0002795299999999994,-1.8182917673756718,6.10020161083999,255.6497616498551,346.45973962182427,47.18362333080312,346.4405526603146,1,0,1,1,1,2,2,0,0,1,0
592000.0,101,79.267471,-122.714601,-21.514494,10.435353,102,79.270383,-122.703233,-32.69856,4.417327,430.864351,3,1,2,8,36.00759902089892,-143.98123178312824,57.52209302089892,-111.28267178312824,11.184065999999973,0.0002684380000000006,-1.4407009503214305,5.990979680884456,253.3019400209827,348.5429903817572,53.158645323987066,331.255346762907,1,0,1,1,1,2,2,0,0,1,0
593000.0,101,79.267571,-122.714626,-19.694008,10.513564,102,79.270468,-122.70342,-31.487232,4.649782,431.073539,3,1,2,8,35.75741631080812,-144.23157365679765,55.45142431080812,-112.74434165679764,11.79322400000001,0.00023245499999999985,-1.1144165209204862,5.933449222580534,251.89985291474895,349.8154658209273,58.065631128974566,316.6532749732518,1,0,1,1,1,2,2,0,0,1,0
594000.0,101,79.267666,-122.714673,-18.402025,10.529277,102,79.270568,-122.703696,-30.545313,4.959957,431.338026,3,1,2,8,35.15160959454208,-144.8376053648875,53.553634594542075,-114.29229236488752,12.143288000000041,0.0003101750000000001,-0.8031617262933035,5.719209534050706,248.33940613904758,352.67553364542016,64.73518740542916,300.8450635616514,1,0,1,1,1,2,2,0,0,1,0
595000.0,101,79.267752,-122.714708,-17.340269,10.408338,102,79.270661,-122.703895,-29.531745,5.206071,431.512196,3,1,2,8,34.68185384306207,-145.307522245282,52.02212284306207,-115.775777245282,12.191476000000023,0.0002461139999999995,-0.5360596393579322,5.405582799959516,245.53868722927456,354.84296297160375,72.16703221638608,286.4035265158226,1,0,1,1,1,2,2,0,0,1,0
596000.0,101,79.267834,-122.714747,-16.470814,10.247299,102,79.270765,-122.70417,-28.773097,5.513765,431.686381,3,1,2,8,33.89230076487114,-146.0973071933072,50.36311476487114,-117.32421019330718,12.302282999999989,0.00030769400000000055,-0.2513773207820975,4.993797951514792,240.72281749025947,358.33735038428296,83.19090240850322,267.7937374973712,1,0,1,1,1,2,2,0,0,1,0
597000.0,101,79.267921,-122.714753,-15.204227,10.174239,102,79.270857,-122.704331,-27.833164,5.725397,431.953933,3,1,2,8,33.45676504023192,-146.53299520446893,48.66099204023192,-118.69983120446894,12.628937000000008,0.00021163199999999982,0.0048800017927126405,4.755080808981814,238.13947934360397,360.3800613409761,91.66481723520035,249.39293669583333,1,0,1,1,1,2,2,0,0,1,0
598000.0,101,79.268002,-122.71477,-14.247777,10.031209,102,79.27095,-122.704479,-26.928173,5.928055,432.084038,3,1,2,8,33.017200048115754,-146.97268890293682,47.26497704811575,-120.04451590293682,12.68039600000003,0.00020265799999999955,0.21581910691686268,4.437348253135126,235.43860730478673,362.30550380137464,101.87526487971493,231.5532420164976,1,0,1,1,1,2,2,0,0,1,0
599000.0,101,79.268103,-122.714813,-13.238363,10.192405,102,79.271047,-122.704645,-26.110498,6.148727,432.295426,3,1,2,8,32.73838209234865,-147.25162770462356,45.97674509234865,-121.14112970462355,12.872135000000014,0.00022067200000000042,0.3719893706345627,4.4003192136651785,233.78706190579473,363.6247310428398,104.68069864024199,217.6581377211277,1,0,1,1,1,2,2,0,0,1,0
600000.0,101,79.268195,-122.714834,-12.292128,10.203027,102,79.271137,-122.704756,-25.235741,6.320778,432.50686,3,1,2,8,32.524545829846296,-147.4655523903986,44.816673829846295,-122.22981139039861,12.943613000000028,0.00017205099999999973,0.5226383653495721,4.251589898126573,232.5420157552591,364.6729971570975,109.9723678045528,203.06006355881505,1,0,1,1,1,2,2,0,0,1,0
601000.0,101,79.268286,-122.714865,-11.552597,10.195371,102,79.271243,-122.704959,-24.605848,6.573877,432.789847,3,1,2,8,31.947885235288556,-148.0423819742615,43.50048223528856,-123.4365339742615,13.053250999999989,0.0002530990000000006,0.6953882198326422,4.011898770858182,229.0097445214787,367.23505902962273,119.22331040796115,183.53260286715513,1,0,1,1,1,2,2,0,0,1,1
602000.0,101,79.268379,-122.714851,-10.385849,10.21534,102,79.271357,-122.705211,-24.153968,6.860858,432.93995,3,1,2,8,31.072166903587313,-148.9183616516369,41.45801590358731,-124.76439365163691,13.768119000000013,0.00028698099999999995,0.9658123006472397,3.7877880267354955,223.44780291384373,370.82081883165426,129.3583938682297,154.60924426626798,1,0,1,1,1,2,2,0,0,1,1
603000.0,101,79.268473,-122.714859,-9.540638,10.246518,102,79.27146,-122.705371,-23.515594,7.071935,433.153473,3,1,2,8,30.595121675860167,-149.3955562186087,40.135759675860164,-125.87996221860871,13.97495600000002,0.0002110769999999995,1.1233618141157953,3.620169634553535,220.46131224767626,372.85217040268697,135.3763876666533,135.7207087354043,1,0,1,1,1,2,2,0,0,1,1
604000.0,101,79.268563,-122.714901,-9.157651,10.229723,102,79.271558,-122.705483,-22.816368,7.241203,433.36705,3,1,2,8,30.3425112408748,-149.64823542679065,39.5001622408748,-126.83186742679065,13.658717000000024,0.00016926799999999976,1.1799099194209703,3.4247403540213384,218.92320527071985,374.0048532034,142.17122200804704,123.95152795676206,1,0,1,1,1,2,2,1,0,1,1
605000.0,101,79.268648,-122.714934,-8.783564,10.129802,102,79.271645,-122.705517,-22.002682,7.338446,433.637437,3,1,2,8,30.322988315828177,-149.6677593317251,39.106552315828175,-127.66507733172512,13.21911799999998,9.724300000000064e-05,1.2025042367364378,3.2070420181400747,218.93226576958872,374.3128234150189,150.18500818067668,113.97674334161508,1,0,1,1,2,2,2,1,0,1,1
606000.0,101,79.26874,-122.714932,-7.996192,10.139752,102,79.271735,-122.70556,-21.231263,7.449071,433.779518,3,1,2,8,30.21995895674873,-149.77083290124375,38.21615095674873,-128.53956990124374,13.235071000000005,0.00011062499999999975,1.2870427784624545,3.0976910752284263,218.33033462320589,374.82867448960104,152.99769847517533,101.39827900839568,1,0,1,1,1,2,2,0,0,1,1
607000.0,101,79.268821,-122.714929,-7.381725,10.006087,102,79.271846,-122.705731,-20.776922,7.671285,433.972751,3,1,2,8,29.50951702465235,-150.48144578829707,36.89124202465235,-129.70452378829708,13.395196999999996,0.00022221400000000015,1.4356630503804864,2.7507476262950625,213.76114311688374,377.67515446991104,166.8474556328999,85.26918227438868,1,0,1,1,1,2,2,0,0,1,1
608000.0,101,79.268902,-122.714956,-7.106404,9.885228,102,79.271958,-122.705908,-20.375338,7.893347,434.166024,3,1,2,8,28.859576921521896,-151.13153326606283,35.9659809215219,-130.75619526606283,13.268934000000002,0.0002220620000000002,1.5252902200042835,2.4098152433148625,209.55657419811217,380.24489293916844,181.05921920348248,87.07122520660359,1,0,1,1,1,2,2,1,0,0,1
609000.0,101,79.268998,-122.714968,-6.549963,9.985968,102,79.272059,-122.705997,-19.793162,8.040546,434.405826,3,1,2,8,28.613450409812916,-151.37773542868524,35.16341340981292,-131.58457342868525,13.243199000000004,0.00014719900000000053,1.583639721743987,2.355267112431064,208.0360615848921,381.35209287873226,180.02688731992095,88.08131348566009,1,0,1,1,1,2,2,1,0,0,1
610000.0,101,79.269083,-122.714982,-6.173086,9.92253,102,79.272176,-122.706203,-19.529849,8.275388,434.521992,3,1,2,8,27.848352071318608,-152.14302240760824,34.021438071318606,-132.61317340760826,13.356763,0.00023484199999999867,1.6994517907085205,2.065711134130166,202.97955064289295,384.1987292436785,186.81151193836547,114.5102258824068,1,0,1,1,1,2,2,0,0,0,1
611000.0,101,79.26917,-122.715038,-6.235887,9.898969,102,79.272283,-122.70632,-19.071323,8.438404,434.638157,3,1,2,8,27.531804731695185,-152.45962967804832,33.76769173169519,-133.3883066780483,12.835436000000016,0.00016301600000000072,1.6819595186698943,1.865156344993534,200.9075412874507,385.41728992637053,195.5682790646521,129.68531115143966,1,0,1,1,2,2,2,1,0,0,1
612000.0,101,79.269268,-122.715087,-6.119497,10.041058,102,79.27239,-122.706437,-18.637904,8.598064,434.820292,3,1,2,8,27.28066359550254,-152.71083762257896,33.40016059550254,-134.07293362257897,12.518406999999968,0.00015966000000000057,1.6774217689967703,1.8366838950410926,199.29972184197723,386.4560870379399,196.07365693753607,132.2462843423471,1,0,1,1,2,2,2,1,0,0,1
613000.0,101,79.269363,-122.71511,-5.783278,10.115704,102,79.272496,-122.706535,-18.187152,8.740004,435.002461,3,1,2,8,26.99611982584556,-152.99545507829427,32.779397825845564,-134.80830307829427,12.40387400000003,0.00014193999999999996,1.7086282069108891,1.7608452331017581,197.46073590429614,387.6034040771447,195.35302466036495,143.13256788304977,1,0,1,1,1,2,2,1,0,0,1
614000.0,101,79.269457,-122.715148,-5.637034,10.180063,102,79.272611,-122.706699,-17.920081,8.928178,435.184664,3,1,2,8,26.501200137860007,-153.49049856073856,32.13823413786001,-135.57041756073855,12.28304700000001,0.00018817400000000007,1.7471636062548181,1.6357914787652685,194.1866031371851,389.4576420393292,195.2281927555037,162.7788878474451,1,0,1,1,1,2,2,1,0,0,1
615000.0,101,79.269544,-122.715196,-5.672795,10.124477,102,79.272716,-122.706785,-17.487411,9.052025,435.426456,3,1,2,8,26.268367435613435,-153.72336859608214,31.941162435613435,-136.23595759608213,11.814616000000001,0.0001238469999999996,1.7193225893496922,1.441226004790959,192.70937755852114,390.4603621185219,201.80915401025044,183.6289734084438,1,0,1,1,2,2,2,1,0,0,1
616000.0,101,79.269634,-122.715226,-5.48841,10.112818,102,79.272804,-122.706759,-16.838763,9.075912,435.54934,3,1,2,8,26.433771388787946,-153.55790961939152,31.922181388787948,-136.71914661939152,11.350352999999984,2.3887000000000214e-05,1.661870329150568,1.3796856497242196,193.89047439223532,390.01245046073785,208.25443977401483,183.602403772704,1,0,1,1,2,2,2,1,0,1,1
617000.0,101,79.26972,-122.715244,-5.228116,10.055603,102,79.272903,-122.706793,-16.332885,9.157327,435.672224,3,1,2,8,26.297146099925108,-153.6945506260255,31.525262099925108,-137.36166562602548,11.104768999999976,8.141499999999979e-05,1.658921731740135,1.2259953965380532,193.01435637292826,390.58385143148257,209.7870912598913,204.4960777566357,1,0,1,1,2,2,2,1,0,0,0
618000.0,101,79.269801,-122.715265,-5.061505,9.928337,102,79.273005,-122.70684,-15.877186,9.249112,435.848562,3,1,2,8,26.077824918118885,-153.91389735082225,31.139329918118886,-138.03671135082226,10.815680999999984,9.178499999999979e-05,1.6544091407656336,0.9933607798602573,191.5953557993791,391.4782096535862,208.46038030656024,239.79124578553132,1,0,1,1,2,2,2,1,0,0,0
619000.0,101,79.269884,-122.7153,-5.035103,9.83614,102,79.273124,-122.707025,-15.782909,9.43889,436.024932,3,1,2,8,25.424355084611317,-154.5675145596211,30.459458084611317,-138.7846055596211,10.747806000000026,0.00018977800000000045,1.7040347652097347,0.7151474414751764,187.19382317268693,393.79717354444966,189.0418132608614,291.6934028314301,1,0,1,1,1,2,2,1,0,0,0
620000.0,101,79.269976,-122.715309,-4.66492,9.900778,102,79.273239,-122.70718,-15.622543,9.601464,436.201336,3,1,2,8,24.87589069256129,-155.1161223969177,29.540810692561287,-139.49357939691768,10.957623000000012,0.00016257399999999934,1.780448957596258,0.621226264805248,183.48988214135306,395.7310559962881,170.95275415879755,313.75257647730626,1,0,1,1,1,2,2,0,0,0,0
621000.0,101,79.270066,-122.715291,-4.077177,9.909956,102,79.273335,-122.70718,-15.109233,9.639903,436.427342,3,1,2,8,24.78717836120238,-155.204852411191,28.864355361202378,-140.09561941119102,11.032056000000011,3.8439000000000334e-05,1.8081388832831968,0.5782180098254273,182.9716960128257,396.2198673758991,163.71942246311247,322.0506630903231,1,0,1,1,1,2,2,0,0,0,0
622000.0,101,79.270147,-122.715314,-4.008954,9.803543,102,79.273439,-122.707268,-14.845835,9.734018,431.009044,3,1,2,8,24.4602215533033,-155.53187308052813,28.469175553303298,-140.68603808052814,10.836881000000005,9.41150000000004e-05,1.8086524880383292,0.37047095506877525,178.4642032686577,392.32553340494826,142.0229834607705,348.6409114648187,1,0,1,1,2,0,2,1,0,0,0
623000.0,101,79.270234,-122.715303,-3.554658,9.783825,102,79.273535,-122.707334,-14.589116,9.776614,422.348428,3,0,2,8,24.194515738572854,-155.797654547022,27.749173738572853,-141.20853854702202,11.034457999999972,4.259599999999963e-05,1.8559836173326971,0.30361496846719227,173.0934743053649,385.2490672110306,127.14018899682397,352.3036940977374,1,0,1,1,1,0,2,0,0,0,0
624000.0,101,79.27031,-122.715321,-3.496154,9.624455,102,79.273621,-122.707383,-14.345623,9.773903,415.590904,3,0,2,8,24.0464211444791,-155.94577959720513,27.542575144479102,-141.60015659720514,10.849469,-2.7109999999996857e-06,1.8347710854495412,0.13740242244946366,169.3435958509605,379.5241046782191,108.42828978019907,365.82507034757487,1,0,1,1,2,0,2,1,0,0,0
625000.0,101,79.270383,-122.715395,-4.059613,9.432935,102,79.273713,-122.707525,-14.37904,9.811585,411.125813,3,0,2,8,23.742294665788293,-156.24997288527058,27.801907665788292,-141.87093288527058,10.319426999999962,3.768199999999844e-05,1.7687668337146003,-0.09496086656569247,165.5289515815557,376.33044030907456,81.25692734489382,384.66514684219516,1,0,1,1,2,0,2,1,0,0,0
626000.0,101,79.270463,-122.715498,-4.85868,9.379474,102,79.273782,-122.70754,-14.152573,9.722799,409.376786,3,0,2,8,24.04830103766725,-155.94388004952674,28.90698103766725,-141.79130704952675,9.293893000000025,-8.878599999999892e-05,1.582845252035529,-0.08192316465662053,166.82375379484165,373.84380172137116,92.16738257851438,381.9686937760355,1,0,1,1,0,0,2,1,0,1,0
627000.0,101,79.270532,-122.715665,-6.396055,9.193061,102,79.273829,-122.707462,-13.764162,9.520139,410.106867,3,0,2,8,24.84619868476346,-155.14574168290065,31.24225368476346,-141.38157968290065,7.368107000000009,-0.00020265999999999985,1.2409766911017905,-0.11091229801131952,172.3203045918183,372.14695348200644,109.5501610451309,386.0147142357607,1,0,1,1,0,2,2,1,0,0,0
628000.0,101,79.270604,-122.715879,-8.326914,9.088493,102,79.273885,-122.707464,-13.578598,9.382054,410.957507,3,0,2,8,25.51625207354775,-154.47547999759152,33.84316607354775,-140.89688199759152,5.251684000000012,-0.00013808500000000025,0.8865049129303959,-0.12713309127993533,177.02697342386753,370.87399914262033,133.53083144799214,392.25977947319376,1,0,1,1,0,2,2,1,0,0,0
629000.0,101,79.270657,-122.716136,-10.942064,8.753762,102,79.273939,-122.70748,-13.454613,9.240743,411.958238,3,0,2,8,26.143696446004345,-153.84779883566358,37.08576044600434,-140.3931858356636,2.5125489999999786,-0.00014131099999999998,0.48848337893218274,-0.3925112506524435,181.51865360259617,369.81153071580303,-133.06074107581256,402.0321416610722,1,0,1,1,0,1,2,1,1,0,0
630000.0,101,79.270721,-122.716434,-13.716419,8.647872,102,79.273984,-122.707471,-13.298305,9.06011,412.185687,3,0,2,8,27.0763629481943,-152.91483069733513,40.7927819481943,-139.61652569733513,0.4181139999999459,-0.00018063300000000027,0.033461520073216455,-0.41592413472021583,187.61769843613624,367.0104083008941,-871.3472932668703,216.82302041857707,1,0,1,1,0,2,2,1,1,1,0
631000.0,101,79.270778,-122.716702,-16.105408,8.475749,102,79.274042,-122.707552,-13.380618,8.957484,412.406898,3,0,2,8,27.551383227788172,-152.43962668422188,43.656791227788176,-139.05900868422188,2.7247899999999845,-0.00010262600000000078,-0.27828763557938485,-0.5712250275586648,190.7562968561862,365.6384617729609,-758.929660133064,70.89306303290816,1,0,1,1,0,2,2,0,1,1,1
632000.0,101,79.270825,-122.71704,-19.506694,8.240482,102,79.27408,-122.707544,-13.268513,8.758089,412.680634,3,0,2,8,28.49880720883477,-151.4918627488055,48.00550120883477,-138.22334974880548,6.238180999999997,-0.0001993949999999991,-0.7415250931596722,-0.7567943158358208,196.90662953085803,362.67490253040586,-451.58461006557616,139.53160665106023,1,0,1,1,0,2,2,0,1,0,1
633000.0,101,79.270884,-122.717392,-22.42543,8.237317,102,79.274123,-122.707569,-13.242067,8.590419,412.84369,3,0,2,8,29.440165108107553,-150.55018356273584,51.865595108107556,-137.30811656273585,9.183362999999986,-0.00016766999999999932,-1.1746077126209271,-0.7476234017207313,202.9186043346045,359.5329642573992,-309.86366902120454,205.64081527857456,1,0,1,1,0,2,2,0,1,0,0
634000.0,101,79.270949,-122.717735,-24.714476,8.330877,102,79.274151,-122.707537,-13.095387,8.357486,412.992492,3,0,2,8,30.655553545240398,-149.33442667773141,55.3700295452404,-136.23903967773143,11.619088999999974,-0.00023293300000000095,-1.5895315813184048,-0.5723528927330124,210.57485460524057,355.27598998011655,-211.71371607903833,265.83245300043103,1,0,1,1,0,2,2,0,1,0,0
635000.0,101,79.271009,-122.71808,-27.034296,8.360905,102,79.274172,-122.707474,-12.880149,8.088909,413.250365,3,0,2,8,31.964864464498433,-148.0247148874019,58.99916046449843,-135.1445658874019,14.154146999999966,-0.00026857700000000053,-1.9971119686539678,-0.43803228469328825,218.77437768320306,350.59041036793985,-152.48952001763845,296.47117172506455,1,0,1,1,0,2,2,0,1,0,0
636000.0,101,79.271067,-122.718431,-29.234614,8.391627,102,79.27421,-122.707484,-12.817214,7.925658,413.514076,3,0,2,8,32.950247674088914,-147.03899663546116,62.184861674088914,-134.22178263546115,16.417400000000043,-0.00016325099999999892,-2.3401213613750627,-0.4054105094544722,224.91467966665357,346.9975186086788,-126.04087856564047,304.07470950699906,1,0,1,1,0,2,2,0,1,0,0
637000.0,101,79.271135,-122.718768,-30.562372,8.552017,102,79.274235,-122.70744,-12.615943,7.704215,413.701733,3,0,2,8,34.216933048157,-145.77193691803046,64.779305048157,-133.15599391803048,17.946428999999966,-0.00022144300000000072,-2.6657811450292046,-0.15426678489192902,232.6359798220273,342.095929206193,-96.42554391602893,328.13012994369984,1,0,1,1,0,2,2,0,1,0,0
638000.0,101,79.271202,-122.719064,-31.393636,8.641996,102,79.27428,-122.707464,-12.549336,7.591002,413.806719,3,0,2,8,35.04319215938919,-144.9454105581147,66.4368281593892,-132.3960745581147,18.844300000000032,-0.000113213,-2.8523693915489092,-0.03276481119200003,237.60524719692893,338.7915984702561,-85.0166035554921,336.0416775677534,1,0,1,1,0,2,2,0,1,0,0
639000.0,101,79.271286,-122.71933,-31.011035,8.910531,102,79.274324,-122.707468,-12.400005,7.472727,414.004549,3,0,2,8,36.00248244122547,-143.98586285242175,67.01351744122547,-131.58585785242175,18.61102999999997,-0.00011827499999999969,-2.9860745545041185,0.33852662039918524,243.36027978280225,334.9261721883341,-65.30122377740925,360.29346711642665,1,0,1,1,0,2,2,1,1,0,0
640000.0,101,79.27137,-122.719561,-30.381976,9.112254,102,79.274377,-122.707499,-12.291968,7.411012,414.166379,3,0,2,8,36.74026355833265,-143.24788522772997,67.12223955833265,-130.95591722772997,18.09000800000001,-6.171499999999953e-05,-3.0308798843539773,0.6197760719687926,247.7495370468088,331.89449586738186,-53.36479818718661,374.9658826878142,1,0,1,1,2,2,2,1,1,0,0
641000.0,101,79.271468,-122.719775,-29.077292,9.453555,102,79.274412,-122.707445,-11.946673,7.250001,414.328211,3,0,2,8,37.93209090257667,-142.05579456417303,67.00938290257668,-130.10912156417302,17.130619000000024,-0.00016101100000000024,-3.093565160948368,1.1691043229142375,254.69876440547333,326.7971937468034,-33.56901318287845,395.9082704496431,1,0,1,1,2,2,2,1,1,0,0
642000.0,101,79.271551,-122.719909,-27.852782,9.503449,102,79.274457,-122.707417,-11.632391,7.151058,414.490043,3,0,2,8,38.65764591813926,-141.3300803769721,66.51042791813926,-129.69768937697208,16.220391000000006,-9.894300000000022e-05,-2.9981442867270185,1.398298105458557,258.9176619596054,323.67211815587905,-26.50819390003115,402.90417795528685,1,0,1,1,2,2,2,1,1,0,0
643000.0,101,79.271642,-122.720047,-26.519704,9.64242,102,79.274502,-122.707378,-11.263548,7.05448,414.651878,3,0,2,8,39.499247328347714,-140.48830505698967,66.01895132834771,-129.2247570569897,15.256155999999976,-9.657800000000005e-05,-2.9274973201627335,1.7092483488945893,263.7468254422822,319.95904737644975,-17.448124321913802,409.35933546107526,1,0,1,1,2,2,2,1,1,0,0
644000.0,101,79.271735,-122.720195,-25.381429,9.799368,102,79.274544,-122.707319,-10.818988,6.945345,414.813713,3,0,2,8,40.46372566199761,-139.52362333777452,65.84515466199761,-128.70463533777453,14.562441000000035,-0.00010913500000000021,-2.8967350627571484,2.0315847164363277,269.20020353786066,315.59731765023093,-9.842183754030932,412.98188397618196,1,0,1,1,2,2,2,1,1,0,0
645000.0,101,79.271825,-122.720254,-23.665948,9.82898,102,79.274614,-122.707352,-10.610671,6.985596,414.97555,3,0,2,8,40.72290384863419,-139.2644196021096,64.38885184863419,-128.6537486021096,13.05527699999999,4.025100000000048e-05,-2.6590984461849976,2.1362259282554614,270.7306356281837,314.4990143548341,-3.6851670280081703,414.7390731544287,1,0,1,1,1,2,2,1,1,0,0
646000.0,101,79.271921,-122.720318,-21.950836,9.957914,102,79.27469,-122.707397,-10.426699,7.050899,415.137388,3,0,2,8,40.968402502244324,-139.01890227689168,62.919238502244326,-128.59220327689167,11.524136999999996,6.530300000000012e-05,-2.4463226705083643,2.301545328588494,272.18180695950684,313.4583144147245,4.424638605086201,414.81073883615346,1,0,1,1,1,2,2,1,0,0,0
647000.0,101,79.272015,-122.720324,-19.971009,9.99632,102,79.274758,-122.707402,-10.119967,7.075811,415.299228,3,0,2,8,41.2381627029234,-138.74914109028947,61.2091717029234,-128.62917409028947,9.851042000000007,2.49119999999996e-05,-2.170900005803969,2.4294713022653998,273.76129374004546,312.29505732107344,14.054329410047892,412.24875209503597,1,0,1,1,1,2,2,1,0,1,0
648000.0,101,79.272105,-122.720378,-18.75405,10.008076,102,79.274817,-122.707364,-9.67827,7.048809,415.461068,3,0,2,8,41.76283569433972,-138.22437770329444,60.51688569433972,-128.54610770329444,9.075780000000009,-2.7001999999999526e-05,-2.0326462186753727,2.528235870810599,276.7173395100855,309.89580997193355,19.207730322238554,409.8778115349753,1,0,1,1,1,2,2,1,0,1,0
649000.0,101,79.272193,-122.720372,-17.09077,9.973045,102,79.274881,-122.707334,-9.254961,7.048216,415.62291,3,0,2,8,42.06828260125427,-137.91890721251016,59.15905260125427,-128.66394621251015,7.83580900000004,-5.930000000002878e-07,-1.7973911254559136,2.576173568336607,278.47390757921585,308.5363610896298,27.590301810312702,404.98524971993925,1,0,1,1,1,2,2,1,0,1,0
650000.0,101,79.272287,-122.720366,-15.467439,10.008754,102,79.274948,-122.707308,-8.841558,7.065316,415.784754,3,0,2,8,42.39963934406057,-137.5875308157646,57.867078344060566,-128.74597281576462,6.625880999999993,1.7100000000000114e-05,-1.5832843507797514,2.6648986710274274,280.36271964287045,307.0402369288002,36.49384151830753,397.9340728681541,1,0,1,1,1,2,2,1,0,1,0
651000.0,101,79.272381,-122.720348,-13.865947,10.056343,102,79.275014,-122.707268,-8.385414,7.072767,415.946598,3,0,2,8,42.74943002867491,-137.2377185121411,56.61537702867491,-128.8523045121411,5.48053299999998,7.450999999999652e-06,-1.3785833688132854,2.7661364665234753,282.34182234144293,305.4417583512226,45.27082893406545,389.0135300563216,1,0,1,1,1,2,2,1,0,1,0
652000.0,101,79.272474,-122.720341,-12.554323,10.077773,102,79.275097,-122.707295,-8.168173,7.165516,414.467632,3,3,2,8,42.7835575347066,-137.2036244083167,55.3378805347066,-129.0354514083167,4.3861499999999864,9.274900000000041e-05,-1.1724866167510202,2.7439930251143503,281.5191456315254,304.18808099362377,54.347834370657,378.4633505031013,1,0,1,1,1,0,2,1,0,1,0
653000.0,101,79.272555,-122.72038,-12.021073,9.951094,102,79.275159,-122.707265,-7.808096,7.153591,411.934197,3,0,2,8,43.14181858460588,-136.84529556095478,55.16289158460588,-129.03719956095478,4.2129770000000235,-1.192500000000063e-05,-1.1006734541775762,2.6456095364066083,281.68328833250916,300.5732984352058,56.783740934318175,375.5878170153669,1,0,1,1,2,0,2,1,0,1,0
654000.0,101,79.272631,-122.720486,-12.27691,9.799736,102,79.275217,-122.707237,-7.483529,7.120495,412.403876,3,0,2,8,43.630732943146185,-136.3562495407984,55.907642943146186,-128.87272054079838,4.793381000000011,-3.309599999999957e-05,-1.156401148191529,2.515784156950705,284.56192575493486,298.498689026378,52.60320886897861,383.282056442402,1,0,1,1,0,2,2,0,0,0,0
655000.0,101,79.272707,-122.720619,-12.790966,9.677531,102,79.275247,-122.70714,-6.974206,6.94954,412.91534,3,0,2,8,44.637207300532815,-135.34954919959407,57.42817330053281,-128.37534319959406,5.816760000000045,-0.0001709550000000002,-1.298723964262584,2.5392562803833254,290.12063030001343,293.81813742796504,43.12911078409283,392.1424304687979,1,0,1,1,0,2,2,0,0,0,0
656000.0,101,79.27278,-122.72074,-13.206733,9.512298,102,79.275306,-122.707145,-6.812493,6.936225,413.478105,3,0,2,8,45.04079375662989,-134.94584876730406,58.24752675662989,-128.13335576730407,6.394239999999968,-1.3314999999999521e-05,-1.3504514862218113,2.373464388463314,292.5812632149525,292.1649324096472,37.787842311204265,398.8308085563977,1,0,1,1,0,2,2,0,0,0,0
657000.0,101,79.272856,-122.720908,-14.016752,9.44237,102,79.275316,-122.707027,-6.272091,6.679184,414.10386,3,0,2,8,46.39487050474556,-133.5914910140667,60.411622504745566,-127.31940001406669,7.744661000000008,-0.00025704100000000006,-1.557292924066559,2.5220186440491936,299.85679544871294,285.6009612906237,27.087167120064812,405.2214954131707,1,0,1,1,0,2,2,0,0,0,0
658000.0,101,79.27293,-122.721149,-15.570055,9.388268,102,79.275376,-122.707053,-6.22644,6.67871,414.806952,3,0,2,8,46.99733315611302,-132.9888171159374,62.567388156113026,-126.7623771159374,9.343615,-4.7400000000052954e-07,-1.795604812938117,2.404434146821149,303.3574319439109,282.9117811472788,13.97140608902142,412.35363279280205,1,0,1,1,0,2,2,0,0,0,0
659000.0,101,79.272999,-122.721386,-17.083497,9.281289,102,79.275408,-122.70701,-5.949966,6.544205,415.60499,3,0,2,8,47.993336703920086,-131.99253845767248,65.07683370392009,-126.04257245767248,11.133531000000005,-0.00013450499999999988,-2.048146038011101,2.362826850336944,308.82235432381054,278.1299357904483,2.3203973238583906,415.53064137624966,1,0,1,1,0,2,2,0,0,0,0
660000.0,101,79.273068,-122.721658,-18.847658,9.212591,102,79.275411,-122.706909,-5.485142,6.271177,415.799114,3,0,2,8,49.509375823055166,-130.47613285346293,68.35703382305516,-124.99099085346293,13.362516000000028,-0.00027302800000000003,-2.376708227036591,2.4761585329716658,316.2203116015929,269.9881807297802,-6.437024094864031,415.10008962244467,1,0,1,1,0,2,2,0,1,1,0
661000.0,101,79.273133,-122.721915,-20.439254,9.101328,102,79.275448,-122.706892,-5.314188,6.178067,416.136596,3,0,2,8,50.367857303773704,-129.6173821572393,70.8071113037737,-124.30319415723929,15.125066000000004,-9.310999999999936e-05,-2.6061171626520103,2.3768229217562986,320.4899003602062,265.4352845753034,-14.904502118551468,412.1191254860217,1,0,1,1,0,2,2,0,1,1,0
662000.0,101,79.273202,-122.722174,-21.76645,9.079575,102,79.275468,-122.70684,-5.019439,6.006007,416.41098,3,0,2,8,51.54148967798575,-128.44344421417415,73.30793967798576,-123.42400521417414,16.747011000000043,-0.0001720600000000001,-2.841437231527806,2.4492552871556983,326.07425485392736,258.98587719413666,-18.763233240396858,409.1300205844192,1,0,1,1,0,2,2,0,1,1,0
663000.0,101,79.27328,-122.722434,-22.709418,9.174283,102,79.275496,-122.70681,-4.806803,5.879557,416.664123,3,0,2,8,52.68094526340706,-127.30370369251631,75.39036326340707,-122.4969006925163,17.902615000000026,-0.00012645000000000017,-3.0491180998205873,2.604165332527238,331.36127066992,252.6038394311836,-19.753368046303525,407.3760688528788,1,0,1,1,0,2,2,0,1,1,0
664000.0,101,79.27336,-122.722682,-23.357646,9.28318,102,79.275522,-122.706777,-4.581813,5.745806,416.948987,3,0,2,8,53.847582272714476,-126.13679058961294,77.20522827271448,-121.55497758961295,18.775832999999977,-0.00013375100000000018,-3.2215069963429004,2.794960356069402,336.665673250122,245.97292984263177,-19.625350630029345,406.5297879926266,1,0,1,1,0,2,2,0,1,1,0
665000.0,101,79.273441,-122.722889,-23.50256,9.362221,102,79.275544,-122.706739,-4.334243,5.604553,417.097307,3,0,2,8,55.01164220591227,-124.97248993390407,78.51420220591227,-120.63824693390407,19.168317000000002,-0.00014125299999999985,-3.3099981937495784,2.997027491739363,341.7147164011952,239.1677572364281,-18.67340080010457,406.7559685112638,1,0,1,1,0,2,2,0,1,0,0
666000.0,101,79.273517,-122.723124,-24.064111,9.396867,102,79.27556,-122.706688,-4.022682,5.436878,417.177739,3,0,2,8,56.252548973741206,-123.73130216003182,80.31665997374121,-119.70862016003181,20.04142900000005,-0.00016767500000000002,-3.450248822799879,3.1566996405431986,346.8809236126773,231.7561018630751,-19.087662984573114,405.27059022601424,1,0,1,1,0,2,2,0,1,1,0
667000.0,101,79.273599,-122.723357,-24.342825,9.505102,102,79.275599,-122.70668,-3.890312,5.38993,417.259221,3,0,2,8,57.193776117105635,-122.78983822361357,81.53660111710563,-118.89952622361358,20.45251300000001,-4.694800000000043e-05,-3.5522715035181402,3.282544762440498,350.70961078865247,226.07084378574513,-19.303075317008563,404.19668939422394,1,0,1,1,0,2,2,0,1,1,0
668000.0,101,79.273677,-122.723557,-24.439393,9.519264,102,79.27563,-122.706651,-3.653285,5.30606,417.435163,3,0,2,8,58.162031572137714,-121.82135776613606,82.60142457213772,-118.16807276613606,20.786108000000013,-8.386999999999922e-05,-3.6003144756843275,3.3710548671096614,354.6292486063799,220.20493033016072,-19.69513311060366,403.28148153437303,1,0,1,1,0,2,2,0,1,1,0
669000.0,101,79.273755,-122.723687,-23.852172,9.479823,102,79.275651,-122.706597,-3.286089,5.176676,417.619538,3,0,2,8,59.19070809517606,-120.79250045470656,83.04288009517606,-117.50641145470655,20.566082999999992,-0.00012938400000000083,-3.536698860340798,3.5020043562833063,358.6837513854645,213.89727677411815,-18.854038702039297,404.50356306232857,1,0,1,1,2,2,2,1,1,0,0
670000.0,101,79.273835,-122.723846,-23.539478,9.481993,102,79.275706,-122.706599,-3.185894,5.215356,417.679805,3,0,2,8,59.7523854689912,-120.23066881979348,83.2918634689912,-117.04477481979347,20.353583999999955,3.868000000000027e-05,-3.497079390861013,3.485654450314442,360.81540558251095,210.40119438626328,-19.514089750393882,403.8774845722006,1,0,1,1,2,2,2,1,1,1,0
671000.0,101,79.273923,-122.723979,-22.682105,9.594983,102,79.275759,-122.706593,-3.034809,5.247892,417.740087,3,0,2,8,60.41851549901656,-119.56440221400526,83.10062049901656,-116.52959321400526,19.647295999999983,3.253600000000034e-05,-3.422159815187063,3.612361206138197,363.28954840622686,206.22192973970385,-18.19068327780031,405.67430667189086,1,0,1,1,2,2,2,1,1,0,0
672000.0,101,79.274007,-122.724079,-21.763414,9.602641,102,79.275811,-122.706577,-2.83235,5.271495,417.800383,3,0,2,8,61.01054461537024,-118.97225912014842,82.77395861537025,-116.13990912014842,18.931063999999992,2.3602999999999598e-05,-3.299933970520987,3.6531360531742365,365.45372005332587,202.48639098500436,-17.46793248400449,407.01676705039506,1,0,1,1,2,2,2,1,1,0,0
673000.0,101,79.2741,-122.724122,-20.098925,9.696426,102,79.275876,-122.70658,-2.728145,5.354829,417.860694,3,0,2,8,61.4435873518998,-118.53917707786454,81.5425123518998,-115.81103207786454,17.370780000000025,8.33339999999998e-05,-3.07722549795822,3.7571605264749453,367.02663798662496,199.74735692468278,-14.708777323623558,410.56393046935005,1,0,1,1,1,2,2,1,1,0,0
674000.0,101,79.274188,-122.724206,-19.152483,9.743134,102,79.27591,-122.706529,-2.354158,5.288029,417.905508,3,3,2,8,62.36064883833826,-117.62198294612583,81.51313183833825,-115.26782494612583,16.798325000000034,-6.679999999999975e-05,-2.9793475118522723,3.920273701899128,370.2162941414488,193.86827788194307,-13.027927797177314,412.0961672474278,1,0,1,1,2,2,2,1,1,0,0
675000.0,101,79.274275,-122.724307,-18.518725,9.770526,102,79.275959,-122.70651,-2.163329,5.297038,418.139921,3,0,2,8,63.03933298078612,-116.94318089596814,81.55805798078612,-114.77985189596814,16.35539600000004,9.008999999999823e-06,-2.9033074748056644,3.9713445377466945,372.69562730079497,189.5757445580873,-12.57259572058634,412.7821875573636,1,0,1,1,2,2,2,1,1,0,0
676000.0,101,79.274362,-122.724403,-17.89439,9.792929,102,79.276015,-122.706509,-2.080456,5.336119,418.490797,3,0,2,8,63.591108914192375,-116.39130965278564,81.48549891419238,-114.31085365278564,15.81393399999996,3.908100000000037e-05,-2.8152928675004043,3.9865894821778287,374.8182489177915,186.13389656882947,-12.194851276291834,413.5677497804895,1,0,1,1,2,2,2,1,1,0,0
677000.0,101,79.274447,-122.724512,-17.479942,9.800684,102,79.276085,-122.706541,-2.180613,5.441464,418.857661,3,0,2,8,63.89566249208316,-116.08668041536511,81.37560449208317,-113.90606741536511,15.299329,0.0001053449999999998,-2.736804114888353,3.9105860551208442,376.13177873733207,184.3003667990968,-12.586273396317221,413.86070458171207,1,0,1,1,2,2,2,1,1,0,0
678000.0,101,79.274533,-122.724646,-17.351493,9.830937,102,79.276152,-122.706574,-2.283665,5.531873,419.243713,3,0,2,8,64.28430111120957,-115.69794255594887,81.63579411120958,-113.41427755594887,15.06782800000002,9.040900000000018e-05,-2.7114799460354004,3.856082523803238,377.72104680591235,181.912346172194,-13.493361602897064,413.6449957822321,1,0,1,1,2,2,2,1,1,1,0
679000.0,101,79.274616,-122.724796,-17.480332,9.812662,102,79.276206,-122.706586,-2.287676,5.554496,419.652531,3,0,2,8,64.8545712856765,-115.12753678792674,82.3349032856765,-112.83986078792674,15.192656,2.262300000000028e-05,-2.725793594897182,3.8094453395327186,379.8829733349451,178.31761927781372,-15.068416828532767,412.7418275137335,1,0,1,1,0,2,2,0,1,1,0
680000.0,101,79.274709,-122.724913,-17.005144,9.926418,102,79.276222,-122.706549,-2.053195,5.389214,420.088069,3,0,2,8,66.10979682718866,-113.87215993306945,83.11494082718866,-111.81896493306945,14.951948999999956,-0.00016528200000000037,-2.709974768069869,4.106666050054611,384.0962741544119,170.12947392162133,-13.180402202430049,414.3165800206486,1,0,1,1,0,2,2,1,1,0,0
681000.0,101,79.274791,-122.725051,-17.060371,9.884526,102,79.276235,-122.706512,-1.823354,5.219153,420.794692,3,0,2,8,67.27827225879038,-112.70351255529567,84.33864325879038,-110.88015855529568,15.23701699999998,-0.00017006099999999956,-2.733850235207103,4.233058501948288,388.13752271879605,162.53441565739527,-13.71020490437844,414.25945417346395,1,0,1,1,0,2,2,0,1,1,0
682000.0,101,79.274876,-122.725192,-17.0666,9.891149,102,79.276259,-122.706491,-1.670279,5.111113,421.056448,3,0,2,8,68.31718428649278,-111.66444135390249,85.38378428649278,-109.9941623539025,15.396321,-0.0001080400000000008,-2.753907735665248,4.3466435751694315,391.2639358873685,155.56691446545403,-14.154440872286347,413.80255429161394,1,0,1,1,0,2,2,0,1,1,0
683000.0,101,79.274956,-122.725372,-17.558779,9.857435,102,79.276277,-122.706466,-1.494147,4.975727,421.358833,3,0,2,8,69.41031982366634,-110.57110439430315,86.96909882366634,-109.07695739430315,16.064632000000017,-0.00013538599999999957,-2.844089652819468,4.42412175958387,394.4436495194692,148.18054359761274,-15.710364093490616,411.97116217466095,1,0,1,1,0,2,2,0,1,1,0
684000.0,101,79.27503,-122.725584,-18.50539,9.755064,102,79.27632,-122.706471,-1.488093,4.970256,421.707323,3,0,2,8,70.05469923057585,-109.92652159931131,88.56008923057584,-108.43842859931131,17.017296999999985,-5.471000000000004e-06,-2.967123899625636,4.282086972538268,396.41277497541864,143.85401665617275,-19.129028818924773,407.84261681292736,1,0,1,1,0,2,2,0,1,1,0
685000.0,101,79.275117,-122.725715,-18.214741,9.801951,102,79.276327,-122.70644,-1.282064,4.786352,421.867951,3,0,2,8,71.34856193449586,-108.63249972195848,89.56330293449587,-107.35043572195848,16.932677000000012,-0.00018390400000000006,-2.9567955248592814,4.525637738523108,399.71215412819936,134.91761161217252,-18.172909115348258,408.48542603176423,1,0,1,1,0,2,2,1,1,0,0
686000.0,101,79.275188,-122.725834,-18.278356,9.611686,102,79.276331,-122.706408,-1.06643,4.600878,422.088354,3,0,2,8,72.44365906646105,-107.53725422497916,90.72201506646105,-106.47082422497917,17.21192599999995,-0.00018547400000000014,-2.9289195220762596,4.5266379213496055,402.42781412526386,127.32019871485966,-19.27091457185079,407.10976524684907,1,1,1,1,0,2,2,0,1,1,0
687000.0,101,79.275276,-122.725932,-17.638971,9.6717,102,79.276322,-122.706371,-0.804372,4.360516,422.378967,3,0,2,8,73.9574786841513,-106.02330196267853,91.5964496841513,-105.21892996267853,16.834599000000026,-0.00024036200000000018,-2.869485675154135,4.856896636559421,405.9302082200317,116.7247095452749,-17.570934516364314,408.923054574302,1,1,1,1,0,2,2,1,1,0,0
688000.0,101,79.275364,-122.726016,-16.925765,9.717787,102,79.276378,-122.706386,-0.876954,4.442086,422.505919,3,0,2,8,74.4757857129239,-105.5049271344681,91.40155071292389,-104.6279731344681,16.048811,8.157000000000014e-05,-2.7611761891671294,4.855273622696464,407.0918160228112,113.08185052113447,-17.30075126131509,409.82078142376486,1,1,1,1,2,2,2,1,1,0,0
689000.0,101,79.275455,-122.726139,-16.60872,9.815208,102,79.276411,-122.706375,-0.774758,4.408844,422.712622,3,0,2,8,75.41891667594243,-104.56166450783843,92.02763667594243,-103.78690650783842,15.833961999999985,-3.324199999999955e-05,-2.7459073463084644,4.9972675932765815,409.0980378142375,106.4178380472729,-17.119201317820945,409.83013370741185,1,1,1,1,0,2,2,1,1,2,0
690000.0,101,79.27555,-122.726223,-15.841144,9.946663,102,79.276453,-122.706369,-0.708355,4.420747,422.776905,3,0,2,8,76.25506950805774,-103.72542324318907,92.09621350805774,-103.01706824318907,15.132789000000002,1.190300000000022e-05,-2.6604991122066775,5.148501680041684,410.6698835126007,100.45177040314435,-16.196768373328588,410.98824629199464,1,1,1,1,2,2,2,1,1,0,0
691000.0,101,79.275633,-122.726308,-15.459728,9.880916,102,79.276494,-122.706359,-0.612613,4.425866,422.972231,3,0,2,8,76.9315211163617,-103.04887829005618,92.39124911636169,-102.43626529005618,14.847114999999974,5.1189999999996515e-06,-2.586545833988699,5.0977921881259665,412.01746655756835,95.6405533683302,-16.75915817725491,410.73736269021515,1,1,1,1,2,2,2,1,1,1,0
692000.0,101,79.275727,-122.726379,-14.707242,9.980343,102,79.276503,-122.706328,-0.366434,4.277449,423.293576,3,0,2,8,78.24091661006115,-101.73938257438269,92.94815861006114,-101.37294857438269,14.340807999999981,-0.00014841700000000024,-2.5064553452430247,5.375982235287895,414.40998814556815,86.26594465985895,-15.563901572183854,412.07236703703455,1,1,1,1,0,2,2,1,1,0,0
693000.0,101,79.27581,-122.726434,-14.112532,9.905047,102,79.276548,-122.706318,-0.274559,4.31161,423.502025,3,2,2,8,78.83654154152403,-101.14369377396939,92.94907354152403,-100.86913477396939,13.837972999999977,3.416100000000011e-05,-2.394458313055282,5.294539382382446,415.4888723425085,81.99367133292242,-15.863862762934353,412.3834323829497,1,1,1,1,2,2,2,1,1,0,0
694000.0,101,79.275908,-122.72646,-12.995865,10.030693,102,79.276604,-122.706318,-0.261315,4.393388,423.8666,3,0,2,8,79.46988677620283,-100.51032298831531,92.46575177620282,-100.24900798831531,12.734549999999956,8.177799999999991e-05,-2.2356722793977144,5.380427500101067,416.72825976978226,77.46258519316865,-14.574021819951161,414.5665671890161,1,1,1,1,2,2,2,1,1,0,0
695000.0,101,79.275997,-122.72653,-12.58421,10.038277,102,79.276672,-122.70633,-0.338611,4.533518,424.266457,3,0,2,8,79.80913027156902,-100.17102250071758,92.39334027156902,-99.83241150071758,12.24559899999997,0.00014013000000000008,-2.1602900235406035,5.263687059916297,417.57315067755803,75.06457465775891,-15.069483630165717,414.81841300689473,1,1,1,1,2,2,2,1,1,0,0
696000.0,101,79.276077,-122.726597,-12.332488,9.914581,102,79.276702,-122.706316,-0.227449,4.480848,424.656323,3,0,2,8,80.58611617426898,-99.39395700897468,92.91860417426898,-99.16650800897469,12.105039000000033,-5.2669999999999995e-05,-2.0998116989162745,5.204985625212774,418.9372876424188,69.45892085753648,-15.849897242786856,414.5132197049795,1,1,1,1,0,2,2,1,1,1,0
697000.0,101,79.276164,-122.726639,-11.741683,9.88751,102,79.276733,-122.706304,-0.131342,4.438155,425.033087,3,0,2,8,81.43794320621397,-98.5420769161668,93.17962620621397,-98.4107349161668,11.610341000000005,-4.269299999999987e-05,-2.00193084619259,5.242470737760876,420.29617468115225,63.27914817015101,-15.645534186315357,415.2272604818523,1,1,1,1,2,2,2,1,1,0,0
698000.0,101,79.276252,-122.726731,-11.669029,9.905696,102,79.276755,-122.706289,-0.01853,4.35217,425.392298,3,0,2,8,82.45676195393366,-97.5231530334382,94.12579095393366,-97.50462303343821,11.650499000000025,-8.598499999999998e-05,-2.0020982416425044,5.348798109976742,421.7109862210069,55.843095349617585,-16.184024039531046,414.5377782926585,1,1,1,1,0,2,2,0,1,1,0
699000.0,101,79.276346,-122.72679,-11.166894,9.995146,102,79.27679,-122.70628,0.058431,4.330564,425.487542,3,0,2,8,83.35373036776205,-96.62611780279829,94.52062436776205,-96.68454880279829,11.225324999999998,-2.1606000000000237e-05,-1.9401514480608106,5.475348370530502,422.62810545683277,49.24563813344281,-15.823167262556302,414.81603610274146,1,1,1,1,2,2,2,1,1,0,0
700000.0,101,79.276443,-122.726847,-10.664659,10.113846,102,79.276808,-122.706266,0.164879,4.233798,425.310206,3,0,2,8,84.54525671657726,-95.43452169004067,95.20991571657726,-95.59940069004067,10.829538000000014,-9.676599999999969e-05,-1.8838567814606695,5.705370402214261,423.38422886480254,40.429767205846716,-15.282478876731322,414.71914771937685,1,1,1,1,0,2,2,1,1,1,0
701000.0,101,79.276528,-122.726865,-10.000636,10.039434,102,79.276832,-122.706254,0.262938,4.167003,425.328975,3,0,2,8,85.4575426717074,-94.5222062551579,95.4581786717074,-94.7851442551579,10.263574000000006,-6.679499999999993e-05,-1.7625620337445727,5.719933965751728,423.9929827724738,33.68512333733349,-15.114301284968668,415.11757293603426,1,1,1,1,2,2,2,1,1,0,0
702000.0,101,79.27662,-122.726898,-9.453093,10.066561,102,79.276841,-122.706241,0.367097,4.032228,425.287609,3,0,0,8,86.69903676620608,-93.28066696054793,96.15212976620607,-93.64776396054793,9.820190000000025,-0.0001347750000000003,-1.6791674678098765,5.8977158139068155,424.5819925231932,24.488405296628642,-14.802221787949643,415.06364795550707,1,1,1,1,0,2,2,1,1,1,0
703000.0,101,79.276712,-122.726915,-8.788634,10.092401,102,79.276866,-122.706229,0.468191,3.977676,425.404902,3,0,0,8,87.69859366180138,-92.28108156745964,96.48722766180138,-92.74927256745964,9.256824999999992,-5.455199999999971e-05,-1.574518989347282,5.996359997362863,425.06177456195394,17.08269451439776,-14.4807419803569,415.46670369167083,1,1,1,1,2,2,2,1,1,0,0
704000.0,101,79.276795,-122.726883,-7.793735,9.983229,102,79.276879,-122.706217,0.569318,3.867189,425.652588,3,0,0,8,88.73839475421545,-91.24130012255124,96.53212975421545,-91.81061812255123,8.363053000000036,-0.000110487,-1.3922237042690746,6.0240125716969555,425.5494046929716,9.371757388835203,-13.821823858488106,416.732534981983,1,1,1,1,2,2,2,1,1,0,0
705000.0,101,79.276894,-122.726882,-7.019151,10.107318,102,79.27687,-122.706213,0.618417,3.66092,425.994236,3,0,0,8,90.34740567930106,-89.63228624685883,97.36655667930106,-90.25070324685882,7.637568000000044,-0.00020626900000000027,-1.2746383621209154,6.370860548943746,425.98640529326593,-2.5829460979817545,-13.104138704391358,417.2025394858372,1,1,1,1,0,2,2,1,1,0,0
706000.0,101,79.276988,-122.726876,-6.321793,10.160196,102,79.276878,-122.706205,0.703295,3.54116,426.384211,3,0,0,8,91.6280841695109,-88.35160578811636,97.9498771695109,-89.05490078811636,7.025088000000039,-0.00011975999999999987,-1.1622292044938023,6.557520093719653,426.21208346925437,-12.114259981106105,-12.844030196287683,417.5581338575836,1,1,1,1,0,2,2,1,1,0,0
707000.0,101,79.277071,-122.72685,-5.58977,10.036251,102,79.27689,-122.706196,0.788885,3.446615,426.771004,3,0,0,8,92.68647459263653,-87.29323206495569,98.27624459263653,-88.08211706495568,6.378654999999981,-9.45450000000001e-05,-1.0250367716696271,6.542238383870157,426.30196867487433,-20.003033747271598,-12.859394971390632,418.06795147056897,1,1,1,1,2,2,2,1,1,0,0
708000.0,101,79.277156,-122.726817,-4.81209,9.954751,102,79.276922,-122.706182,0.898743,3.455037,427.102083,3,0,0,8,93.47759565938676,-86.50212966250882,98.28968565938676,-87.40087266250882,5.7108330000000365,8.421999999999929e-06,-0.8892788366426108,6.465050345916543,426.31561461577223,-25.90725839828032,-12.769172453660572,418.80878224174404,1,1,1,1,2,2,2,1,1,0,0
709000.0,101,79.277244,-122.726786,-4.092264,9.935572,102,79.276935,-122.706176,0.953241,3.369105,427.326311,3,0,0,8,94.59682908385443,-85.38292079814921,98.68909308385443,-86.33616179814922,5.0455049999999915,-8.593200000000013e-05,-0.7650798126707656,6.54160180417641,425.9517370246835,-34.24753711617203,-12.631806423692982,419.0898198025641,1,1,1,1,2,2,2,1,1,0,0
710000.0,101,79.277334,-122.726764,-3.503975,9.947114,102,79.276942,-122.706177,0.949993,3.255579,427.399689,3,0,0,8,95.83316166491895,-84.14661081219751,99.33713666491894,-85.09660381219751,4.453968000000032,-0.0001135259999999998,-0.6619222659699632,6.673386964339873,425.1866359806774,-43.43752687172295,-12.671353671269245,418.82297919038047,1,1,1,1,0,2,2,1,1,1,0
711000.0,101,79.277416,-122.726764,-3.246625,9.842476,102,79.27697,-122.706168,1.015581,3.251536,427.909209,3,0,0,8,96.62849421499132,-83.35126941558728,99.87511921499132,-84.36685041558728,4.262205999999992,-4.042999999999797e-06,-0.6150497756919836,6.575653684463273,425.04884238732683,-49.39405563627096,-13.411303542890778,418.60172351735616,1,1,1,1,0,2,2,1,1,1,0
712000.0,101,79.277511,-122.726755,-2.838392,9.939115,102,79.277002,-122.706157,1.095886,3.266685,429.066116,3,0,0,8,97.5553496310178,-82.42441203025885,100.3937416310178,-83.52029803025884,3.934278000000006,1.5148999999999634e-05,-0.554652773214193,6.660834015951275,425.3410953295522,-56.415286254544775,-13.671036803548702,419.1925406908853,1,1,1,1,0,1,2,1,1,0,0
713000.0,101,79.277607,-122.726738,-2.397904,10.038812,102,79.277046,-122.70614,1.213306,3.337469,430.40705,3,0,0,8,98.31795128872044,-81.66181036787272,100.71585528872043,-82.87511636787272,3.6112099999999714,7.078400000000018e-05,-0.49068447358929657,6.693300911978211,425.8793883711627,-62.265361560878326,-13.879021957868526,420.1871395160578,1,1,1,1,2,1,2,1,1,0,0
714000.0,101,79.27769,-122.726707,-1.893785,9.946548,102,79.277061,-122.706139,1.22106,3.262458,431.946632,3,0,0,8,99.32404439900891,-80.65574673048137,101.2178293990089,-81.87680673048136,3.1148450000000025,-7.501099999999994e-05,-0.39822390784952916,6.679398104717345,426.2396718199046,-69.98310555415118,-14.224713769380282,421.31917257708506,1,1,1,1,0,1,2,1,1,0,0
715000.0,101,79.277781,-122.726657,-1.219757,9.967878,102,79.277083,-122.706131,1.27993,3.229874,433.673406,3,0,0,8,100.3477308510325,-79.63210154135368,101.5674878510325,-80.91203154135367,2.4996869999999944,-3.2583999999999944e-05,-0.2843340214805874,6.736551173943651,426.620030480659,-77.8971929168336,-14.211502722812678,422.955595615626,1,1,1,1,2,1,2,1,1,0,0
716000.0,101,79.277871,-122.726641,-0.949718,9.980751,102,79.277095,-122.706131,1.275193,3.149646,435.572744,3,0,0,8,101.48470145362111,-78.49514665598377,102.43441945362112,-79.77033965598378,2.22491100000002,-8.022799999999996e-05,-0.2355241501947523,6.830513951934124,426.8516642350293,-86.72526768753927,-14.836285958376385,423.6095246017013,1,1,1,1,0,1,2,1,1,0,0
717000.0,101,79.277964,-122.726603,-0.475828,10.021613,102,79.277109,-122.706129,1.290411,3.084017,437.625997,3,0,0,8,102.64060424296908,-77.33927923454243,103.11643224296908,-78.62969023454244,1.7662389999999846,-6.562900000000038e-05,-0.1526783013190312,6.938032541605528,427.0187846632513,-95.76779623111199,-15.155179758987869,424.8084732079259,1,1,1,1,0,1,2,1,1,0,0
718000.0,101,79.278043,-122.726598,-0.39146,9.874781,102,79.277128,-122.706122,1.345227,3.041036,439.809418,3,0,0,8,103.49563805637746,-76.48424345280671,103.88709805637745,-77.8294704528067,1.7366870000000176,-4.2980999999999716e-05,-0.13885943540253617,6.834352666015009,427.6652639390125,-102.63891163429922,-16.288708278862305,425.49204681602436,1,1,1,1,0,1,2,1,1,0,0
719000.0,101,79.27813,-122.72656,0.032731,9.855452,102,79.277119,-122.706148,1.082332,2.866411,442.092787,3,0,0,8,104.89731166247844,-75.0826327266794,104.86458066247845,-76.1649647266794,1.0496009999999956,-0.00017462500000000025,-0.04851395834035112,6.989550804310904,427.233227469678,-113.65650735118392,-16.688568872644698,426.43407509619306,1,1,1,1,0,1,2,1,1,0,0
720000.0,101,79.278219,-122.726561,0.020239,9.85951,102,79.277118,-122.706165,0.896235,2.738642,444.437697,3,0,0,8,106.16974991634375,-73.81021019050145,106.14951091634374,-74.70644519050146,0.8759959999999865,-0.0001277689999999998,-0.03935403482324921,7.121202423562151,426.8561190203034,-123.76881743633312,-17.714039847970668,426.1656260709402,1,1,1,1,0,1,2,1,1,1,0
721000.0,101,79.278315,-122.726565,-0.030194,9.965404,102,79.277154,-122.706139,1.161881,2.796697,446.795413,3,0,0,8,106.9783054386798,-73.00162518760709,107.00849943867979,-74.16350618760708,1.1920749999999884,5.8054999999999965e-05,-0.061960965175158395,7.1692806304437875,427.32200983410195,-130.46854406018417,-18.717359561271945,426.178512670361,1,1,1,1,0,1,2,0,1,0,0
722000.0,101,79.278409,-122.726541,0.224768,10.034522,102,79.27718,-122.706124,1.3048,2.798715,449.104281,3,0,0,8,107.91875984195913,-72.06117962319667,107.69399184195913,-73.36597962319667,1.080032000000017,2.0180000000000754e-06,-0.024365041451916238,7.236455479449994,427.3199020353524,-138.175093765207,-19.299644197299415,426.852251746212,1,1,1,1,0,1,2,1,1,0,0
723000.0,101,79.278507,-122.726485,0.759524,10.154387,102,79.277203,-122.706113,1.40916,2.789593,451.286647,3,0,0,8,108.97581607086641,-71.00416760464638,108.21629207086642,-72.41332760464638,0.6496359999999868,-9.122000000000075e-06,0.0660029098317556,7.364745468513306,426.7618849150921,-146.74444229414723,-19.410121993713204,428.05982188825936,1,1,1,1,0,1,2,1,1,0,0
724000.0,101,79.278592,-122.726472,0.836609,10.073651,102,79.277215,-122.706119,1.331281,2.726999,453.245353,3,0,0,8,109.97390868307016,-70.00609365751282,109.13729968307017,-71.33737465751283,0.49467199999998,-6.259399999999981e-05,0.08372924422976503,7.346314224575118,425.9818619320869,-154.82507329553272,-20.416234476901657,427.71869435781747,1,1,1,1,0,1,2,1,1,1,0
725000.0,101,79.278678,-122.726485,0.630676,10.012379,102,79.277262,-122.706083,1.663415,2.834532,454.877787,3,0,0,8,110.44830242583753,-69.53165176582425,109.81762642583753,-71.19506676582425,1.0327389999999923,0.00010753299999999966,0.027926994135559047,7.178434919265127,426.21493579378335,-158.9170526165098,-21.91782857016817,426.82996421034085,1,1,1,1,0,1,2,0,1,1,0
726000.0,101,79.278761,-122.726473,0.712537,9.920257,102,79.277294,-122.706068,1.776992,2.866629,456.081395,3,0,0,8,111.11837337540271,-68.86157786483136,110.40583637540271,-70.63856986483137,1.0644550000000095,3.2097000000000265e-05,0.03447387891805079,7.054239472535899,425.45007667173877,-164.32428647390375,-23.01217286955145,426.2480450994911,1,1,1,1,0,1,2,0,1,1,0
727000.0,101,79.278858,-122.726502,0.346289,10.03193,102,79.277336,-122.706045,1.94158,2.943953,456.744565,3,0,0,8,111.78686363750354,-68.19303650595887,111.44057463750354,-70.13461650595887,1.5952909999999747,7.732399999999995e-05,-0.039111092170162495,7.089483922352316,424.11973326455535,-169.52300585065635,-24.26027429218056,423.17809487459107,1,1,1,1,0,2,2,0,1,1,0
728000.0,101,79.278951,-122.72651,0.236875,10.084681,102,79.27738,-122.70602,2.110536,3.031549,458.562236,3,0,0,8,112.3875526597099,-67.5923150553271,112.1506776597099,-69.7028510553271,1.8736610000000269,8.7596e-05,-0.06995182715663795,7.05510230235852,423.99984918050217,-174.65237524932522,-25.373148341950525,422.2474388199232,1,1,1,1,0,1,2,0,1,1,0
729000.0,101,79.279049,-122.726507,0.240658,10.197198,102,79.277397,-122.706032,1.951659,2.982111,462.36553,3,0,0,8,113.43584703451472,-66.54403541479557,113.19518903451473,-68.49569441479558,1.7110010000000102,-4.943799999999987e-05,-0.058728728749816855,7.216726922922871,424.22313455306767,-183.89294560192008,-25.979108866239446,422.7126694041956,1,1,1,1,0,1,2,1,1,0,0
730000.0,101,79.279129,-122.726484,0.462341,10.026367,102,79.277407,-122.706055,1.686726,2.899983,466.235009,3,0,0,8,114.36461271103585,-65.61531493223792,113.90227171103585,-67.30204093223792,1.2243850000000407,-8.212799999999998e-05,-0.0044544290634385,7.127314114041422,424.71148063487124,-192.34147195590836,-27.03900384799437,424.5912020303403,1,1,1,1,0,1,2,1,1,0,0
731000.0,101,79.279218,-122.726475,0.507347,10.011075,102,79.277433,-122.706047,1.728895,2.899943,470.238129,3,0,0,8,115.1488706852619,-64.83105793674426,114.6415236852619,-66.55995293674425,1.2215480000000412,-4.0000000000262045e-08,0.0011534245029605344,7.1120596596891525,425.6626799922904,-199.83788636592823,-28.10520596382064,425.69509993338585,1,1,1,1,0,1,2,1,1,0,0
732000.0,101,79.279306,-122.726426,0.964014,9.987408,102,79.277445,-122.706061,1.555714,2.836077,474.357244,3,0,0,8,116.15043298111198,-63.82955753774572,115.18641898111197,-65.38527153774572,0.591700000000003,-6.386599999999997e-05,0.09103575079675091,7.150962759200219,425.80202890095757,-209.06321321338103,-28.482052524682704,428.42880956050595,1,1,1,1,0,1,2,1,1,0,0
733000.0,101,79.279392,-122.726451,0.631338,9.938252,102,79.277447,-122.706094,1.166397,2.726436,478.570823,3,0,0,8,117.17407560831418,-62.80592276798069,116.54273760831418,-63.97231976798069,0.5350589999999897,-0.00010964099999999988,0.05400715509171099,7.211777605147208,425.7476608056017,-218.56111718568712,-29.868393088924233,427.3724276079524,1,1,1,1,0,1,2,1,1,1,0
734000.0,101,79.279481,-122.726434,0.757626,9.937241,102,79.277478,-122.70607,1.407752,2.75697,482.852349,3,0,0,8,117.85607516980356,-62.123916324729954,117.09844916980356,-63.53166832472996,0.6501260000000002,3.053399999999984e-05,0.06366530370266912,7.180234374134108,426.9013988512052,-225.613799652641,-30.901075822052235,428.88500486549754,1,1,1,1,0,1,2,0,1,0,0
735000.0,101,79.27957,-122.726444,0.587847,9.939588,102,79.277476,-122.706114,0.887011,2.62706,487.168913,3,0,0,8,118.96164975076913,-61.01837514736289,118.37380275076913,-61.90538614736289,0.299163999999962,-0.00012990999999999974,0.061308467567361,7.312319666777162,426.245523628869,-235.89892619499736,-31.772415492366708,428.2083142106459,1,1,1,1,0,1,2,1,1,1,0
736000.0,101,79.279657,-122.726453,0.444625,9.909318,102,79.277496,-122.706105,0.975856,2.614514,491.479425,3,0,0,8,119.71094975598831,-60.269057452839796,119.26632475598831,-61.244913452839796,0.531231000000048,-1.254600000000039e-05,0.032369233622301444,7.294884838033898,426.8679728645701,-243.58932435725356,-33.13666883539749,427.9446285323903,1,1,1,1,0,1,2,0,1,1,0
737000.0,101,79.279741,-122.726442,0.521061,9.845896,102,79.277503,-122.706128,0.67924,2.532821,495.732342,3,0,0,8,120.62436712382652,-59.3556734884706,120.10330612382651,-60.0349134884706,0.15817900000001828,-8.169299999999957e-05,0.0595137842432962,7.31284583006893,426.5903019871194,-252.52973915034892,-34.056678747186986,428.6312586863652,1,1,1,1,0,1,2,1,1,0,0
738000.0,101,79.279834,-122.726466,0.225755,9.913087,102,79.277538,-122.706088,1.157358,2.594574,499.862811,3,0,0,8,121.19121937809248,-58.788758347171644,120.96546437809248,-59.946116347171646,0.9316029999999955,6.175299999999995e-05,-0.013346944802995739,7.318965361808102,427.6044616177283,-258.8769094095386,-35.486554752554554,427.1316662255377,1,1,1,1,0,1,2,0,1,1,0
739000.0,101,79.279932,-122.726465,0.216183,10.053115,102,79.277536,-122.706133,0.577529,2.476425,503.789106,3,0,0,8,122.34272185036673,-57.63730106872784,122.12653885036673,-58.214830068727835,0.3613460000000259,-0.00011814900000000028,0.012969966975051313,7.576744244213925,425.6328588043067,-269.51833486861767,-35.47757645975332,426.09359970482694,1,1,1,1,0,1,2,1,1,1,0
740000.0,101,79.28001,-122.726495,-0.102339,9.878234,102,79.27755,-122.706142,0.441964,2.435401,507.408239,3,0,0,8,123.00236209442606,-56.977640188215716,123.10470109442606,-57.419604188215715,0.5443029999999567,-4.102399999999973e-05,-0.03642985509478286,7.442889697287022,425.5369625471196,-276.3718772075995,-37.41267837277594,424.17915608247273,1,1,1,1,0,1,2,0,1,1,0
741000.0,101,79.280089,-122.726468,0.187238,9.73689,102,79.277576,-122.706125,0.656548,2.456303,510.590627,3,0,0,8,123.57582643315851,-56.40418567145933,123.38858843315852,-57.06073367145933,0.4693100000000072,2.0901999999999977e-05,0.003673342733105784,7.2806962715274715,425.4009536388255,-282.377083035134,-38.75798872439576,425.54336830159133,1,1,1,1,2,1,2,1,1,0,0
742000.0,101,79.280175,-122.726472,0.126034,9.722006,102,79.277596,-122.706127,0.620084,2.447867,513.201826,3,0,0,8,124.26123052567888,-55.71877961036338,124.13519652567888,-56.338863610363376,0.49405000000001564,-8.43600000000011e-06,-0.005105981918157081,7.274258832846792,424.15074649590787,-288.9156597637074,-39.7614311824235,423.9478455756613,1,1,1,1,0,1,2,0,1,1,0
743000.0,101,79.280266,-122.726503,-0.210332,9.775387,102,79.277606,-122.706164,0.105588,2.388699,515.107992,3,0,0,8,125.09839023306517,-54.88162579491307,125.30872223306517,-54.98721379491307,0.31592000000000553,-5.916800000000011e-05,-0.04028725863160609,7.38662618900449,421.44377960145556,-296.1779601143741,-40.40622496113035,419.82215679933597,1,1,1,1,0,1,2,1,1,1,0
744000.0,101,79.280357,-122.726512,-0.285079,9.823325,102,79.277619,-122.7062,-0.400613,2.353214,516.157872,3,0,0,8,125.91751825627959,-54.062524296961854,126.20259725627959,-53.661911296961854,0.11553400000002512,-3.548499999999999e-05,-0.032422836201827676,7.47004692787921,418.0168109319598,-302.78853116629523,-40.776447637251806,416.69866886963666,1,1,1,1,0,1,2,1,1,1,0
745000.0,101,79.280449,-122.726486,0.011392,9.887285,102,79.277641,-122.70623,-0.810526,2.353721,516.182418,3,0,0,8,126.68333627961611,-53.296761292348585,126.67194427961611,-52.48623529234858,0.8219179999999824,5.070000000002573e-07,0.035261312533164835,7.533799312953619,413.9521916114371,-308.3632139416353,-40.67791750834995,415.3909117735065,1,1,1,1,2,2,2,0,1,1,0
746000.0,101,79.280538,-122.72649,-0.033195,9.887705,102,79.277674,-122.706233,-0.810006,2.409869,519.034345,3,0,0,8,127.22571710072683,-52.754379484713795,127.25891210072683,-51.94437348471379,0.7768110000000092,5.614799999999986e-05,0.028339277209496985,7.478075157695019,413.28549064724837,-313.99323959289677,-41.783982524151355,414.47244054484435,1,1,1,1,0,1,2,1,1,1,0
747000.0,101,79.280628,-122.726524,-0.38047,9.904962,102,79.277669,-122.706344,-2.425256,2.288421,524.798155,3,0,0,8,128.23641393922796,-51.74375829936422,128.61688393922796,-49.31850229936422,2.044785999999988,-0.00012144800000000001,0.03106400481961033,7.61837241568686,412.20990545117036,-324.80162767347883,-42.46089411230433,413.5310135367081,1,1,1,1,0,1,2,0,1,1,0
748000.0,101,79.280722,-122.726531,-0.418082,9.987024,102,79.277712,-122.706313,-1.828917,2.391628,530.518336,3,0,0,8,128.66091970714578,-51.31921519024501,129.07900170714578,-49.490298190245014,1.4108349999999632,0.00010320699999999983,0.003455549763982671,7.596348465098295,414.25879243788364,-331.4202132038952,-43.6317634900065,414.40956474480674,1,1,1,1,2,1,2,1,1,0,0
749000.0,101,79.280802,-122.726557,-0.654303,9.844135,102,79.277735,-122.70633,-2.007358,2.398884,536.30434,3,0,0,8,129.1739762473161,-50.80614980377516,129.8282792473161,-48.79879180377516,1.3530549999999835,7.255999999999929e-06,-0.0283873113813517,7.446081224194295,415.7600053918509,-338.77125471238514,-45.74195415598002,414.4655413287869,1,1,1,1,0,1,2,1,1,0,0
750000.0,101,79.280889,-122.726548,-0.50227,9.83189,102,79.27779,-122.706259,-0.925098,2.553337,542.136568,3,0,0,8,129.37964923526977,-50.600415893326854,129.88191923526978,-49.675317893326856,0.42282799999998133,0.00015445300000000017,-0.0449634482750224,7.278508036759174,419.0493249980173,-343.96180250359885,-47.616944616607704,416.91652604524535,1,1,1,1,2,1,2,1,1,0,0
751000.0,101,79.280981,-122.726571,-0.692114,9.886144,102,79.277811,-122.706273,-1.082694,2.544786,547.991017,3,0,0,8,130.0051608626851,-49.974895419280415,130.6972748626851,-48.89220141928041,0.3905799999999999,-8.550999999999753e-06,-0.07133355610081996,7.341091056978169,419.7537439017117,-352.279646294234,-48.5452939378164,416.31098360557047,1,1,1,1,0,1,2,1,1,1,0
752000.0,101,79.281063,-122.726518,-0.092378,9.802261,102,79.277859,-122.706208,-0.209911,2.661904,553.83801,3,0,0,8,130.28990526778293,-49.69013921935562,130.38228326778292,-49.480228219355624,0.11753299999998035,0.0001171179999999996,-0.006051950016562531,7.140362123797187,422.4578163438835,-358.14233864584867,-50.20793067253342,422.154114354712,1,1,1,1,2,1,2,1,1,0,0
753000.0,101,79.281158,-122.726508,0.019099,9.896175,102,79.277871,-122.706242,-0.638446,2.608877,559.640564,3,0,0,8,131.07588272507138,-48.90420499057293,131.05678372507137,-48.26575899057293,0.6575449999999705,-5.3026999999999714e-05,0.03236887035779942,7.287459415567685,421.8794605470141,-367.7163059245517,-50.204881118307924,423.50857769432105,1,1,1,1,0,1,2,0,1,0,0
754000.0,101,79.281252,-122.726515,-0.056282,9.984059,102,79.277881,-122.706283,-1.155193,2.547876,565.352315,3,0,0,8,131.84116887824166,-48.13895224057094,131.89745087824167,-46.98375924057094,1.0989109999999869,-6.100100000000008e-05,0.0415591936576036,7.436696025232486,421.18571193943444,-377.12840801765515,-50.40746481315559,423.28665708427195,1,1,1,1,0,1,2,0,1,1,0
755000.0,101,79.281336,-122.726495,0.156597,9.898817,102,79.277908,-122.706269,-0.937145,2.564468,570.914886,3,0,0,8,132.32765176190352,-47.65247524853714,132.17105476190352,-46.715330248537136,1.0937419999999634,1.6592000000000162e-05,0.06899800225394048,7.334655052976771,422.08091683276524,-384.43660947158156,-51.876896533571106,425.6785299673039,1,1,1,1,2,1,2,1,1,0,0
756000.0,101,79.281422,-122.726506,0.034443,9.855067,102,79.277946,-122.706218,-0.261586,2.633778,576.254549,3,0,0,8,132.63726650865715,-47.34279957980879,132.60282350865714,-47.08121357980879,0.29602900000003274,6.930999999999975e-05,0.017948880692911343,7.221314668673536,423.9255057945327,-390.32867019992653,-53.90680773110296,424.8943716420774,1,1,1,1,2,1,2,1,1,1,0
757000.0,101,79.281516,-122.726478,0.311065,9.937719,102,79.277969,-122.706212,-0.18394,2.631959,581.278014,3,0,0,8,133.24620204501957,-46.733885655611644,132.93513704501956,-46.549945655611644,0.4950049999999919,-1.818999999999793e-06,0.06240220679429238,7.305627105143408,423.41243073251655,-398.2537420551953,-54.01359186396974,426.7986107970397,1,1,1,1,2,1,2,0,1,0,0
758000.0,101,79.281605,-122.726493,0.138434,9.946205,102,79.278017,-122.706133,0.758521,2.741601,585.867166,3,0,0,8,133.44268468227673,-46.53731065440119,133.30425068227675,-47.29583165440119,0.6200869999999554,0.00010964200000000002,-0.012262850602501249,7.204815215573731,425.37623620216516,-402.8590248106046,-56.02212557227267,424.68994335383036,1,1,1,1,2,1,2,0,1,1,0
759000.0,101,79.281698,-122.726537,-0.329579,10.007141,102,79.278028,-122.706175,0.25379,2.679195,589.872513,3,0,0,8,134.086752147083,-45.89324122106722,134.41633114708299,-46.14703122106722,0.5833690000000047,-6.240600000000019e-05,-0.06943052428570443,7.327806724211919,423.69786780623394,-410.40187427616155,-56.5483493849542,419.7904921425641,1,1,1,1,0,1,2,1,1,1,0
760000.0,101,79.281784,-122.726556,-0.496743,9.953915,102,79.278071,-122.706116,0.930846,2.765448,593.140033,3,0,0,8,134.31097257016896,-45.668944155004624,134.80771557016897,-46.59979015500463,1.427588999999955,8.625300000000014e-05,-0.13122377755789075,7.188457859618154,424.42667038609545,-414.3393539264811,-58.705456584616414,416.7935569839189,1,1,1,1,2,1,2,0,1,1,0
761000.0,101,79.281879,-122.7265,0.119122,10.035135,102,79.278112,-122.706067,1.431059,2.841681,595.516479,3,0,0,8,134.73454782884576,-45.2453757696517,134.61542582884576,-46.6764347696517,1.3119370000000004,7.623299999999977e-05,-0.05010466567482784,7.194318635500151,423.040147647883,-419.138294884415,-58.69165925117164,420.11091990632843,1,1,1,1,2,1,2,1,1,0,0
762000.0,101,79.281966,-122.726493,0.180142,9.993828,102,79.278134,-122.706097,1.065891,2.824351,596.825316,3,0,0,8,135.2767304233622,-44.70322952578697,135.09658842336222,-45.769120525786974,0.8857490000000325,-1.7329999999999846e-05,-0.021117986057799736,7.169916320538249,419.9760211959509,-424.05259041646957,-59.32922073898644,418.72522919412546,1,1,1,1,2,1,2,1,1,1,0
763000.0,101,79.282067,-122.726492,0.169609,10.158606,102,79.278151,-122.706161,0.316287,2.788157,596.864277,3,0,0,8,135.98936092038184,-43.99066289050339,135.81975192038183,-44.30694989050339,0.14667800000000852,-3.619400000000006e-05,0.01468057789844987,7.370446971992141,414.6964832689539,-429.27123351454037,-58.13079535706066,415.55068853155075,1,1,1,1,0,2,2,1,1,1,0
764000.0,101,79.282151,-122.726497,0.106285,10.054524,102,79.278194,-122.706136,0.57122,2.868172,600.587162,3,0,0,8,136.24545382885532,-43.73454050137985,136.1391688288553,-44.305760501379844,0.46493499999996857,8.001499999999994e-05,-0.009942889402997025,7.186477239453083,415.3482858698274,-433.8095671884271,-60.448608905219366,414.7476903647839,1,1,1,1,2,1,2,0,1,1,0
765000.0,101,79.282238,-122.726469,0.387818,10.014263,102,79.278236,-122.706105,0.875657,2.942183,607.651133,3,0,0,8,136.56496254894427,-43.41502882938382,136.17714454894426,-44.29068582938382,0.4878390000000081,7.401100000000005e-05,0.02281911438155674,7.072194198258616,417.7794143136619,-441.2485245436151,-62.209041427424815,419.2009670430285,1,1,1,1,2,1,2,0,1,0,0
766000.0,101,79.282332,-122.72644,0.639475,10.08007,102,79.278266,-122.706112,0.78074,2.956702,614.594723,3,0,0,8,137.0693117030737,-42.91071504291682,136.4298367030737,-43.69145504291682,0.14126499999997577,1.4518999999999949e-05,0.07221255897243585,7.123014683635634,418.60853542414856,-449.99285284268257,-62.57497927341456,423.14878326630287,1,1,1,1,2,1,2,1,1,0,0
767000.0,101,79.282411,-122.72644,0.603954,9.906422,102,79.278275,-122.706193,-0.123425,2.880087,621.554912,3,0,0,8,137.6707578793655,-42.30934845018839,137.06680387936552,-42.18592345018839,0.7273789999999849,-7.661499999999988e-05,0.11062571994173341,7.0257913244831105,418.54880768954644,-459.50778471423826,-64.4441596550968,425.73129067908405,1,1,1,1,0,1,2,0,1,0,0
768000.0,101,79.282501,-122.726444,0.503498,9.929668,102,79.278295,-122.706224,-0.465875,2.855394,628.51187,3,0,0,8,138.18720389070268,-41.792928964068096,137.68370589070267,-41.3270539640681,0.9693729999999618,-2.4693000000000077e-05,0.11047490246110578,7.07398499020774,419.0281999828806,-468.44694294018393,-65.27957364158853,426.29198601273725,1,1,1,1,0,1,2,0,1,0,0
769000.0,101,79.282583,-122.726454,0.364995,9.83363,102,79.278327,-122.706205,-0.233774,2.882577,635.440979,3,0,0,8,138.48280565268612,-41.49729870442001,138.11781065268613,-41.263524704420014,0.5987690000000043,2.7182999999999956e-05,0.07440462854278405,6.950877462444543,421.19873495533307,-475.79077698554175,-67.79290081998741,426.2673454432907,1,1,1,1,2,1,2,1,1,1,0
770000.0,101,79.282676,-122.726414,0.742796,9.908072,102,79.278362,-122.706168,0.176363,2.922259,642.311461,3,0,0,8,138.8717457611799,-41.108361539352316,138.1289497611799,-41.28472453935232,0.5664330000000177,3.9682e-05,0.11945194917516312,6.984994223724913,422.4782889255608,-483.814125794695,-68.20282251984818,430.68913256773465,1,1,1,1,2,1,2,1,1,0,0
771000.0,101,79.282769,-122.726422,0.590844,9.961897,102,79.278389,-122.706153,0.330037,2.928364,649.084623,3,0,0,8,139.2702512773668,-40.709833420577624,138.6794072773668,-41.03987042057762,0.2608069999999998,6.105000000000249e-06,0.0858590225915722,7.0330519078996385,423.52249088211005,-491.87350765421905,-69.18837609906254,429.49524675405445,1,1,1,1,0,1,2,1,1,1,0
772000.0,101,79.282862,-122.726433,0.421391,10.021324,102,79.278417,-122.706131,0.55725,2.937629,655.711619,3,0,0,8,139.641250710765,-40.33880155904708,139.219859710765,-40.89605155904708,0.1358589999999822,9.264999999999634e-06,0.04513228969117583,7.083562906516013,424.6201274822601,-499.6553558489595,-70.15452485120046,427.7949542304382,1,1,1,1,0,1,2,1,1,1,0
773000.0,101,79.282949,-122.726439,0.324915,9.980257,102,79.278451,-122.706085,1.019111,2.969022,662.130602,3,0,0,8,139.90395999863762,-40.07604117457814,139.5790449986376,-41.09515217457814,0.6941960000000336,3.1393e-05,0.003789360877904782,7.011544170925495,426.45896049248427,-506.5073435998259,-72.22077338027924,426.7326503230688,1,1,1,1,2,1,2,0,1,1,0
774000.0,101,79.28304,-122.726475,-0.066599,10.005818,102,79.27848,-122.706053,1.327777,2.981199,668.263111,3,0,0,8,140.19609987517094,-39.783834480660694,140.26269887517094,-41.11161148066069,1.3943760000000225,1.2177000000000326e-05,-0.08071084008981516,7.025412713281007,427.79664637370115,-513.3864186700041,-73.79359438605756,421.87085860516146,1,1,1,1,0,1,2,0,1,1,0
775000.0,101,79.283136,-122.726491,-0.224839,10.092541,102,79.278506,-122.706032,1.518675,2.980001,674.009484,3,0,0,8,140.57401000621616,-39.4058879912024,140.79884900621616,-40.9245629912024,1.7435139999999478,-1.1980000000000324e-06,-0.11858315170759315,7.113509047477502,428.0505957485183,-520.6356422694137,-74.20837099015127,419.31335041357465,1,1,1,1,0,1,2,0,1,1,0
776000.0,101,79.283229,-122.726487,-0.165025,10.125925,102,79.278526,-122.706042,1.385318,2.94723,679.243079,3,0,0,8,141.03233053787778,-38.9475812114875,141.1973555378778,-40.3328992114875,1.550342999999998,-3.277100000000033e-05,-0.1004171946226782,7.1795144223006755,427.1635879906325,-528.1121372060761,-74.40604891083193,419.73608274138957,1,1,1,1,2,1,2,1,1,0,0
777000.0,101,79.283312,-122.726499,-0.267923,10.024175,102,79.278544,-122.70606,1.172897,2.912574,683.803005,3,0,0,8,141.42461356794092,-38.55530407337256,141.69253656794092,-39.72820107337256,1.4408199999999738,-3.4655999999999575e-05,-0.10649314871400313,7.112101652433633,426.38112931162897,-534.5892649632707,-76.06806628517282,418.32958385029093,1,1,1,1,2,1,2,1,1,1,0
778000.0,101,79.283412,-122.726509,-0.340056,10.167496,102,79.27856,-122.706096,0.765146,2.869289,687.524045,3,0,0,8,141.9469463330272,-38.0329968507844,142.2870023330272,-38.7981428507844,1.1052020000000198,-4.328500000000002e-05,-0.09866097496817743,7.298283771113396,423.78355018685,-541.3841658602435,-74.95838888238373,416.42686819877673,1,1,1,1,0,1,2,1,1,1,0
779000.0,101,79.283514,-122.726491,-0.136555,10.328503,102,79.278599,-122.706044,1.290751,2.926996,690.241853,3,0,0,8,142.25913990283047,-37.72076986956623,142.39569490283046,-39.01152086956623,1.4273059999999873,5.770699999999973e-05,-0.09054961635319139,7.402220365635739,422.4909229127923,-545.8344398159304,-74.4524094263899,415.7827958622904,1,1,1,1,2,1,2,0,1,1,0
780000.0,101,79.283605,-122.726462,0.163926,10.306382,102,79.27864,-122.705996,1.721981,2.989824,691.765269,3,0,0,8,142.51392174768327,-37.465969351840315,142.34999574768327,-39.187950351840314,1.5580550000000244,6.282800000000011e-05,-0.060356337883187866,7.317866006512508,420.9866501858971,-548.9165945386417,-75.52742206250856,416.4452740074985,1,1,1,1,2,1,2,0,1,0,0
781000.0,101,79.283692,-122.72645,0.275954,10.230483,102,79.278669,-122.706003,1.602422,3.000195,695.68504,3,0,0,8,142.86051066172217,-37.119399102440624,142.58455666172216,-38.72182110244062,1.326467999999977,1.037100000000013e-05,-0.034624190261874785,7.23134261769941,420.02509838919457,-554.5778499029229,-77.00854197357566,417.3650625440712,1,1,1,1,2,1,2,1,1,0,0
782000.0,101,79.283782,-122.726443,0.320839,10.210238,102,79.278695,-122.706017,1.422961,2.995304,703.578813,3,0,0,8,143.23739643877067,-36.74253395512492,142.91655743877067,-38.16549495512492,1.1021220000000085,-4.891000000000201e-06,-0.017207850502043265,7.215697617757497,421.09251115782405,-563.6525908299249,-78.28592384046956,419.74719541763363,1,1,1,1,2,1,2,1,1,0,0
783000.0,101,79.283858,-122.726413,0.604674,9.986237,102,79.278755,-122.705877,2.691584,3.14312,711.301648,3,0,0,8,143.1762257818241,-36.803596526830574,142.5715517818241,-39.49518052683057,2.086909999999989,0.00014781600000000016,-0.042211737967106006,6.846028426108715,426.32276907447175,-569.3846951018184,-83.67872347222857,422.8048847833829,1,1,1,1,2,1,2,0,1,0,0
784000.0,101,79.283943,-122.726392,0.769562,9.922816,102,79.278791,-122.705828,3.071485,3.176482,719.009344,3,0,0,8,143.40132060363155,-36.57847418951213,142.63175860363154,-39.64995918951213,2.301922999999988,3.3361999999999895e-05,-0.03692858326843654,6.750002105674063,428.67795153049815,-577.243146889529,-86.03262065397497,425.515096557925,1,1,1,1,2,1,2,0,1,0,0
785000.0,101,79.284024,-122.726426,0.365358,9.807651,102,79.278802,-122.705888,2.467752,3.101272,726.681973,3,0,0,8,143.80533658348025,-36.17448375296011,143.43997858348027,-38.642235752960104,2.102394000000004,-7.521000000000022e-05,-0.07099169928645131,6.709055676674773,429.1278717678216,-586.4434836838012,-88.19462120602974,422.8994881055358,1,1,1,1,0,1,2,1,1,1,0
786000.0,101,79.284117,-122.726442,0.162419,9.874135,102,79.278835,-122.705835,2.902315,3.125755,734.294515,3,0,0,8,144.0255281769564,-35.95422435915564,143.8631091769564,-38.85653935915564,2.7398959999999875,2.4483000000000033e-05,-0.13027663736617157,6.752349694631468,431.34276150389684,-594.2489855753038,-89.37257323187282,419.800993110836,1,1,1,1,2,1,2,0,1,1,0
787000.0,101,79.284198,-122.726451,0.061531,9.772523,102,79.278867,-122.705782,3.329407,3.143468,741.815418,3,0,0,8,144.1951428661059,-35.78454874793209,144.1336118661059,-39.113955747932096,3.267876000000001,1.771300000000009e-05,-0.17206646759974803,6.634355097173659,433.98162510400084,-601.6228581550116,-92.54727262875655,418.2402711831791,1,1,1,1,2,1,2,0,1,1,0
788000.0,101,79.284277,-122.726445,0.110345,9.648609,102,79.278884,-122.705794,3.176395,3.095636,749.204749,3,0,0,8,144.53258344180904,-35.44712585497205,144.42223844180904,-38.62352085497205,3.0660500000000184,-4.7832000000000094e-05,-0.15294759288447787,6.557711003100598,434.71847652515646,-610.1865305722505,-94.75722747427938,420.37491947475075,1,1,1,1,2,1,2,1,1,0,0
789000.0,101,79.284369,-122.726462,-0.075928,9.732076,102,79.27892,-122.705713,3.846337,3.131546,756.411844,3,0,0,8,144.68405648220906,-35.29555652006505,144.75998448220906,-39.14189352006505,3.9222649999999817,3.591000000000033e-05,-0.22296359785412745,6.607575123869344,437.27011850568994,-617.2144855765297,-95.85192187776636,416.2114666899016,1,1,1,1,2,1,2,0,1,1,0
790000.0,101,79.284462,-122.7265,-0.458564,9.809993,102,79.278952,-122.705642,4.411665,3.153033,763.372308,3,0,0,8,144.84324994011027,-35.136255959625466,145.30181394011026,-39.547920959625465,4.870229000000052,2.1487000000000033e-05,-0.32105063109761806,6.665987894180945,439.5614751720596,-624.1177694680786,-96.99644763351802,409.03776769427174,1,1,1,1,0,1,2,0,1,1,0
791000.0,101,79.28455,-122.726499,-0.411914,9.817526,102,79.278963,-122.705674,4.08595,3.079598,770.004195,3,0,0,8,145.25927758717575,-34.7202607334705,145.67119158717574,-38.80621073347049,4.49786400000005,-7.343500000000036e-05,-0.29001023255331915,6.745501748762985,438.7974475875821,-632.742649351394,-96.77435644074902,411.22092452896544,1,1,1,1,2,1,2,1,1,0,0
792000.0,101,79.284645,-122.726519,-0.576986,9.918081,102,79.278992,-122.705618,4.518531,3.084996,776.190835,3,0,0,8,145.476409229479,-34.503054412890656,146.053395229479,-39.02158541289066,5.0955169999999725,5.398000000000014e-06,-0.34291709581423807,6.842170560896464,439.90267206365087,-639.4981246643787,-96.8724553375861,407.35149377677436,1,1,1,1,2,1,2,0,1,1,0
793000.0,101,79.284735,-122.726494,-0.268858,9.936202,102,79.27899,-122.705733,3.421438,2.955145,781.808436,3,0,0,8,146.08566135453358,-33.8939398424104,146.35451935453358,-37.3153778424104,3.690296000000046,-0.00012985099999999995,-0.22298771545757792,6.986214952542063,436.2122118268152,-648.8014618154955,-95.00431980510581,415.2954807928349,1,1,1,1,2,1,2,1,1,0,0
794000.0,101,79.284816,-122.726505,-0.35955,9.819341,102,79.27901,-122.705726,3.441791,2.929327,786.686856,3,0,0,8,146.34247795068725,-33.63710555686682,146.70202795068727,-37.07889655686682,3.8013410000000363,-2.5818000000000118e-05,-0.23747979133301061,6.895104271682612,436.00347437267067,-654.8107969010016,-97.27713159755741,413.20911522407266,1,1,1,1,2,1,2,0,1,1,0
795000.0,101,79.284904,-122.726484,-0.118708,9.815571,102,79.279013,-122.705827,2.395981,2.829507,790.651666,3,0,0,8,146.88021527219107,-33.09948810391736,146.99892327219106,-35.49546910391736,2.5146890000000326,-9.98199999999998e-05,-0.13862548555921203,6.988516587178051,432.00511253842427,-662.1945633189983,-96.06073386713578,418.78812486635303,1,1,1,1,2,1,2,1,1,0,0
796000.0,101,79.284981,-122.726468,0.060963,9.656501,102,79.279061,-122.705707,3.488866,2.925173,793.529298,3,0,0,8,146.8773975309536,-33.10220365530181,146.81643453095361,-36.59106965530181,3.427902999999958,9.566600000000003e-05,-0.16773559818770856,6.736743924255876,433.61010931685684,-664.5833430673661,-100.45764367683802,416.9375585078687,1,1,1,1,2,1,2,0,1,1,0
797000.0,101,79.285077,-122.726495,-0.220861,9.797658,102,79.279057,-122.705892,1.58126,2.796651,795.116652,3,0,0,8,147.51383275518018,-32.4659236716038,147.7346937551802,-34.0471836716038,1.8021209999999996,-0.0001285219999999998,-0.11494016224298662,7.001999189236418,427.0539535401519,-670.6977046728391,-96.8122698282487,415.9883337825215,1,1,1,1,0,1,2,1,1,1,0
798000.0,101,79.28517,-122.726478,-0.02494,9.870336,102,79.279095,-122.705855,1.899063,2.849635,795.176507,3,0,0,8,147.72447480510777,-32.255261966198695,147.74941480510776,-34.15432496619869,1.9240030000000274,5.298399999999992e-05,-0.09872999040938164,7.022265204090484,424.6172838942638,-672.3137954132574,-96.64594007121799,415.1241481801112,1,1,1,1,2,2,2,0,1,1,0
799000.0,101,79.285259,-122.726483,-0.076772,9.879409,102,79.279127,-122.705851,1.868204,2.87798,799.396378,3,0,0,8,147.95442798364826,-32.02529994061708,148.03119998364826,-33.89350394061708,1.944975999999997,2.834499999999984e-05,-0.1070613384436135,7.002949888903428,424.15461682181837,-677.589425971403,-97.7340010884036,413.74757506432985,1,1,1,1,2,1,2,0,1,1,0
800000.0,101,79.285355,-122.726454,0.221993,9.99747,102,79.279182,-122.705724,3.014774,3.002456,807.832528,3,0,0,8,148.00414234313547,-31.975489285654408,147.78214934313547,-34.99026328565441,2.792780999999991,0.00012447600000000002,-0.11917434947387029,6.9990943396690835,428.03648809269606,-685.1117851534464,-99.09319076331529,416.3129025418681,1,1,1,1,2,1,2,0,1,0,0
801000.0,101,79.285442,-122.726426,0.490892,9.962101,102,79.279204,-122.705756,2.634429,2.981181,816.064367,3,0,0,8,148.34754126715774,-31.632149311288327,147.85664926715774,-34.26657831128833,2.1435370000000376,-2.1275000000000155e-05,-0.051673733639937214,6.983705085624782,428.24243239295396,-694.6722034062374,-100.06429757184956,423.0920640783065,1,1,1,1,2,1,2,1,1,0,0
802000.0,101,79.285536,-122.726434,0.365059,10.018698,102,79.279218,-122.705827,1.896125,2.928524,824.26092,3,0,0,8,148.75045994217461,-31.229292533661237,148.3854009421746,-33.125417533661235,1.5310660000000098,-5.2656999999999953e-05,-0.03306426660335174,7.09157413804682,427.5988662832681,-704.6738776146809,-99.72100930466291,424.30905902669974,1,1,1,1,0,1,2,1,1,0,0
803000.0,101,79.285625,-122.726421,0.468091,10.008148,102,79.279252,-122.705775,2.349739,2.961926,832.402052,3,0,0,8,148.9224872025814,-31.05722694945463,148.45439620258142,-33.40696594945463,1.8816479999999842,3.340200000000015e-05,-0.03967360984167713,7.048378454684247,429.6836293667531,-712.9271735794796,-101.60409833976374,425.6647842967438,1,1,1,1,2,1,2,0,1,0,0
804000.0,101,79.285714,-122.726415,0.48414,10.006104,102,79.279299,-122.70565,3.441617,3.048314,840.462298,3,0,0,8,148.94338640041184,-31.0362108228963,148.45924640041184,-34.4778278228963,2.957476999999983,8.63879999999999e-05,-0.09844571568601992,6.962930458816999,433.5817118797617,-719.9887314971369,-104.52817979423561,423.3638422151122,1,1,1,1,2,1,2,0,1,1,0
805000.0,101,79.285797,-122.726431,0.291018,9.913592,102,79.279333,-122.705582,3.9732,3.076864,848.409373,3,0,0,8,149.03384116969502,-30.94567351494103,148.74282316969501,-34.91887351494103,3.6821820000000116,2.8550000000000074e-05,-0.1628423466169904,6.843995150856566,436.53352373087563,-727.4867331115793,-108.1264492380701,419.113306955616,1,1,1,1,2,1,2,0,1,1,0
806000.0,101,79.285883,-122.726456,0.005725,9.873557,102,79.279352,-122.705589,3.856778,3.043411,856.202252,3,0,0,8,149.27222789291903,-30.707269102156875,149.26650289291902,-34.56404710215688,3.851053000000036,-3.3453000000000176e-05,-0.20372132842069454,6.8370383532781265,437.484795273717,-735.9954824821858,-109.81656161782097,415.3774434068037,1,1,1,1,0,1,2,0,1,1,0
807000.0,101,79.285967,-122.726451,0.059652,9.799096,102,79.279395,-122.70546,4.895314,3.113647,863.788732,3,0,0,8,149.28070015320998,-30.698675000537076,149.22104815320998,-35.59398900053708,4.835661999999957,7.023599999999997e-05,-0.25550235286011924,6.696801405429785,441.25138044174173,-742.5821118155386,-113.84180811041882,412.6395491674799,1,1,1,1,2,1,2,0,1,1,0
808000.0,101,79.286049,-122.726473,-0.173166,9.717171,102,79.279428,-122.705378,5.501328,3.138215,871.102311,3,0,0,8,149.3432831291791,-30.635989834742638,149.5164491291791,-36.13731783474264,5.6744939999999815,2.456800000000037e-05,-0.33022530571810305,6.5933663115313745,444.1691548272842,-749.355054783483,-117.52908295934843,406.1629519842418,1,1,1,1,2,1,2,0,1,1,0
809000.0,101,79.286139,-122.726483,-0.262779,9.767796,102,79.279453,-122.70534,5.747413,3.125949,878.058215,3,0,0,8,149.5314149482181,-30.447810849029242,149.7941939482181,-36.19522384902924,6.010192000000018,-1.2266000000000333e-05,-0.3578407986794472,6.657458286704138,445.2333442297047,-756.8047952510736,-117.79910068789248,404.0127913376017,1,1,1,1,2,1,2,0,1,1,0
810000.0,101,79.286235,-122.726505,-0.469931,9.893068,102,79.279473,-122.705331,5.749194,3.091814,884.548339,3,0,0,8,149.77723796942547,-30.201957364563654,150.24716896942547,-35.95115136456366,6.219124999999963,-3.4135000000000025e-05,-0.3908600595343017,6.8164732958489545,445.2491350445059,-764.3160156439078,-116.33434373933412,400.805679309638,1,1,1,1,2,1,2,0,1,1,0
811000.0,101,79.286325,-122.726514,-0.514512,9.909785,102,79.279488,-122.705351,5.509722,3.040641,890.434815,3,0,0,8,150.0643108671998,-29.914895271315032,150.5788228671998,-35.42461727131503,6.024234000000035,-5.117299999999991e-05,-0.3809340482124389,6.8827924466471515,444.3515725684998,-771.6384125482514,-116.09425686733388,401.0653460670194,1,1,1,1,2,1,2,1,1,0,0
812000.0,101,79.286405,-122.726519,-0.533641,9.788268,102,79.279493,-122.705449,4.579269,2.945965,895.541846,3,0,0,8,150.44235405688548,-29.53694345655485,150.97599505688547,-34.11621245655485,5.112909999999999,-9.467599999999976e-05,-0.3263652994569325,6.851282470740834,441.76988420029596,-778.9958712026302,-117.03319923797619,404.21962658984927,1,1,1,1,2,1,2,1,1,0,0
813000.0,101,79.286502,-122.726542,-0.712984,9.918564,102,79.279529,-122.705361,5.261361,2.989344,899.689376,3,0,0,8,150.52919367123295,-29.449994773757698,151.24217767123295,-34.711355773757695,5.974345000000028,4.3378999999999837e-05,-0.39754268516193636,6.941046870093427,442.62920405475325,-783.2754055918806,-116.8063888287202,397.1457641857441,1,1,1,1,2,1,2,0,1,1,0
814000.0,101,79.286597,-122.726533,-0.558245,10.011732,102,79.279581,-122.705199,6.46674,3.099791,902.698244,3,0,0,8,150.50352082131045,-29.47551728725352,151.06176582131044,-35.94225728725352,7.024985000000015,0.00011044700000000018,-0.4466632901115088,6.931188518841716,444.4616028970119,-785.6958719955849,-118.0756775803972,393.08476383168374,1,1,1,1,2,1,2,0,1,1,0
815000.0,101,79.286677,-122.726536,-0.548693,9.86091,102,79.279604,-122.70522,6.157464,3.078785,904.358131,3,0,0,8,150.7224962207149,-29.256559570327237,151.2711892207149,-35.41402357032724,6.706157000000019,-2.1006000000000303e-05,-0.42466596032226317,6.799434751752805,442.26731011145176,-788.8366469127775,-120.60807923807873,392.2942380536102,1,1,1,1,2,1,2,1,1,1,0
816000.0,101,79.286769,-122.72652,-0.334883,9.915314,102,79.279643,-122.705167,6.401508,3.127096,904.422452,3,0,0,8,150.8624553932001,-29.116564038658563,151.19733839320008,-35.51807203865856,6.736390999999969,4.831099999999999e-05,-0.40660864875396374,6.80754612837854,440.37038147874586,-789.9708214851712,-120.56899277179923,392.5567775223749,1,1,1,1,2,2,2,0,1,0,0
817000.0,101,79.286857,-122.726502,-0.121393,9.902092,102,79.279682,-122.705121,6.582963,3.172448,909.038344,3,0,0,8,150.9974066264618,-28.981585289351322,151.11879962646182,-35.56454828935132,6.704356000000018,4.535200000000028e-05,-0.3846746571165119,6.750538046989361,440.7465207483669,-795.0429015534141,-122.28040316008548,394.881467311973,1,1,1,1,2,1,2,1,1,0,0
818000.0,101,79.286947,-122.726525,-0.342396,9.929214,102,79.279704,-122.705164,6.079295,3.146212,917.838533,3,0,0,8,151.2487057933984,-28.730305769706003,151.5911017933984,-34.809600769706,6.42169100000001,-2.623600000000037e-05,-0.39253477368137446,6.800518120991795,441.4882024947419,-804.6836270967328,-122.66940450334937,394.44327189138636,1,1,1,1,2,1,2,1,1,1,0
819000.0,101,79.287043,-122.726547,-0.534994,10.036869,102,79.279735,-122.705139,6.130943,3.159658,926.413871,3,0,0,8,151.4112535033888,-28.567711875039212,151.9462475033888,-34.69865487503921,6.665936999999985,1.3446000000000069e-05,-0.4311717753033785,6.894845406976534,443.3070129167665,-813.4626928630584,-122.53528211748866,391.7336731493772,1,1,1,1,2,1,2,0,1,1,0
820000.0,101,79.287134,-122.726567,-0.694416,10.049549,102,79.279746,-122.705252,5.084706,3.080732,934.94144,3,0,0,8,151.77672141475153,-28.2023353381343,152.47113741475152,-33.2870413381343,5.779121999999973,-7.892600000000005e-05,-0.39483640919185015,6.9802023409062155,442.1420240239049,-823.7875495668275,-121.88837835432615,394.94129074789765,1,1,1,1,0,1,2,1,1,0,0
821000.0,101,79.28723,-122.726532,-0.273897,10.139847,102,79.279775,-122.705218,5.264441,3.090683,943.400963,3,0,0,8,151.9929162388428,-27.986141492278822,152.26681323884281,-33.250582492278824,5.538337999999953,9.951000000000042e-06,-0.3320505906113273,7.062085156150179,443.0029057032929,-832.9188451030309,-121.3565307770508,403.427562547743,1,1,1,1,2,1,2,1,1,0,0
822000.0,101,79.287312,-122.726536,-0.298549,9.997819,102,79.279784,-122.70532,4.296611,3.011419,951.766693,3,0,0,8,152.33254928558546,-27.646604733210008,152.63109828558547,-31.94321573321001,4.595159999999964,-7.926399999999978e-05,-0.27770977059825575,6.99472766706781,441.94238068664856,-842.9393632149194,-123.31777755692863,408.1683703386109,1,1,1,1,2,1,2,1,1,0,0
823000.0,101,79.287399,-122.726551,-0.421944,9.973681,102,79.279806,-122.70532,4.228509,2.992176,960.00588,3,0,0,8,152.51811831332316,-27.461020963326593,152.94006231332315,-31.689529963326592,4.65045299999997,-1.92429999999999e-05,-0.294075020321379,6.989379515213863,443.01208544054725,-851.6757492075208,-124.77864245781713,406.83207980632847,1,1,1,1,2,1,2,0,1,1,0
824000.0,101,79.287482,-122.72655,-0.386429,9.874574,102,79.279823,-122.705349,3.897363,2.951185,968.07682,3,0,0,8,152.75367303576806,-27.225495714225442,153.14010203576805,-31.12285871422544,4.283792000000005,-4.0991e-05,-0.2671883419993225,6.9299893013451355,443.20195031972025,-860.665301179331,-126.88548371857594,409.7242959107821,1,1,1,1,2,1,2,1,1,0,0
825000.0,101,79.287577,-122.726545,-0.300779,9.972825,102,79.279827,-122.705475,2.683247,2.857612,975.926355,3,0,0,8,153.17152192298124,-26.807775538957976,153.47230092298125,-29.491022538957978,2.9840259999999716,-9.357300000000013e-05,-0.18613026996925286,7.118208652893273,440.4561877251435,-870.8792092352528,-124.06662783986067,417.54345448428955,1,1,1,1,2,1,2,1,1,0,0
826000.0,101,79.287677,-122.726521,-0.02397,10.128982,102,79.279838,-122.705538,2.034105,2.799395,983.486679,3,0,0,8,153.5288895931162,-26.450493347758762,153.55285959311618,-28.484598347758762,2.0580750000000307,-5.821699999999996e-05,-0.10360028309072035,7.331350078922689,438.38575866112257,-880.3771773356923,-121.01006482582457,425.90320975622143,1,1,1,1,2,1,2,1,1,0,0
827000.0,101,79.287769,-122.726545,-0.260329,10.143421,102,79.279876,-122.705418,3.134924,2.852651,990.671278,3,0,0,8,153.5295445690939,-26.449696878668572,153.7898735690939,-29.584620878668574,3.395253000000025,5.325599999999975e-05,-0.20209167887327795,7.2949342286726,441.5781310499448,-886.8135853901829,-123.40289694205062,416.8549409843563,1,1,1,1,2,1,2,0,1,1,0
828000.0,101,79.287858,-122.726563,-0.422906,10.123269,102,79.279874,-122.705598,1.33613,2.737588,997.369738,3,0,0,8,153.9650995074623,-26.01430111210882,154.3880055074623,-27.350431112108822,1.7590360000000373,-0.0001150629999999997,-0.13855460787775342,7.386149578681644,437.7640757292264,-896.1634941678469,-122.44003273346611,420.87927261805004,1,1,1,1,0,1,2,1,1,0,0
829000.0,101,79.287944,-122.726549,-0.24836,10.049929,102,79.279892,-122.70561,1.189433,2.712937,1003.441147,3,0,0,8,154.18418017695606,-25.79524598565629,154.43254017695605,-26.98467898565629,1.4377929999999992,-2.4650999999999978e-05,-0.09987851854273089,7.337482142594035,436.9782175468027,-903.2962818933192,-123.92979358840691,424.64319943891076,1,1,1,1,2,1,2,1,1,0,0
830000.0,101,79.288032,-122.726518,0.082443,10.015679,102,79.279914,-122.705603,1.231606,2.703194,1008.705691,3,0,0,8,154.39275599003426,-25.586693750295883,154.31031299003425,-26.818299750295882,1.1491629999999873,-9.74300000000028e-06,-0.04369067409235586,7.313099126374752,435.96236329062936,-909.6284894669014,-124.77444786642647,430.5203794472735,1,1,1,1,2,1,2,1,1,0,0
831000.0,101,79.288122,-122.726493,0.336074,10.025125,102,79.279923,-122.705708,0.119197,2.643744,1012.979319,3,0,0,8,154.75192978017597,-25.227647689726098,154.41585578017597,-25.346844689726097,0.21687700000001087,-5.945e-05,0.053303025796736944,7.381214263124477,432.0744530484228,-916.2089105354794,-123.69542656384398,438.67936657542424,1,1,1,1,2,1,2,1,1,0,0
832000.0,101,79.288217,-122.726463,0.602412,10.106847,102,79.279955,-122.705659,0.629421,2.675522,1016.078892,3,0,0,8,154.9006854900898,-25.07887330686869,154.29827349008983,-25.70829430686869,0.02700899999996409,3.177800000000008e-05,0.07687089547656611,7.430927810843486,431.0090709375413,-920.1344986128414,-123.21263006681295,440.50403892503135,1,1,1,1,2,1,2,1,1,0,0
833000.0,101,79.288303,-122.726433,0.862921,10.038056,102,79.279978,-122.705692,0.268195,2.673571,1017.789017,3,0,0,8,155.13390094608837,-24.845719748550884,154.27097994608837,-25.113914748550883,0.594726000000037,-1.951000000000036e-06,0.13866093054196257,7.363375854890153,427.9793219329976,-923.4328254527222,-124.25295987214818,445.2897085761291,1,1,1,1,2,1,2,0,1,0,0
834000.0,101,79.288391,-122.726466,0.452374,10.006877,102,79.28003,-122.70556,1.577687,2.782526,1017.856581,3,0,0,8,155.05500785811674,-24.924450709152204,154.60263385811675,-26.502137709152205,1.1253130000000056,0.00010895499999999991,0.002398144975176278,7.225093919001972,429.2789262103586,-922.903907780594,-127.7777422298898,429.5854621116851,1,1,1,1,2,2,2,0,1,1,0
835000.0,101,79.288478,-122.726485,0.218922,9.973135,102,79.280069,-122.70551,2.000622,2.840127,1022.801521,3,0,0,8,155.1082733563118,-24.87111740991738,154.8893513563118,-26.87173940991738,1.7817000000000007,5.760100000000001e-05,-0.06104346076424949,7.1346664042682075,430.50210468226663,-927.7881704484339,-130.65614774718446,422.5493089586768,1,1,1,1,2,1,2,0,1,1,0
836000.0,101,79.288561,-122.726476,0.298087,9.874645,102,79.28011,-122.705435,2.628844,2.90234,1031.853709,3,0,0,8,155.14859324626198,-24.830732666649492,154.85050624626197,-27.459576666649493,2.3307570000000055,6.22130000000003e-05,-0.0817448057137943,6.975225765496608,433.65343018780203,-936.3048538074604,-135.14169607841842,422.65383741572356,1,1,1,1,2,1,2,0,1,0,0
837000.0,101,79.28865,-122.726486,0.167975,9.890073,102,79.280152,-122.70534,3.402004,2.967624,1040.667429,3,0,0,8,155.16108288353195,-24.818139855871348,154.99310788353193,-28.22014385587135,3.234028999999964,6.528399999999968e-05,-0.14710777982635134,6.927636184143724,437.1516860170485,-944.3977452291604,-137.94721052606837,417.0103648170251,1,1,1,1,2,1,2,0,1,1,0
838000.0,101,79.288738,-122.726463,0.391802,9.885644,102,79.280181,-122.705328,3.425416,2.975633,1049.425286,3,0,0,8,155.32324755104037,-24.655985992539364,154.93144555104035,-28.081401992539362,3.033614,8.009000000000377e-06,-0.11019180204390588,6.915096068317235,438.1333941693542,-953.589303531569,-139.22485027741305,422.89125812277285,1,1,1,1,2,1,2,1,1,0,0
839000.0,101,79.28883,-122.726474,0.247259,9.929463,102,79.280196,-122.705409,2.630178,2.930533,1058.106853,3,0,0,8,155.58906828311,-24.390234036181074,155.34180928311,-27.020412036181074,2.3829190000000153,-4.510000000000014e-05,-0.09162935168503998,7.001924744267404,437.29246989826504,-963.5172069744466,-138.60625960013044,424.64965783634307,1,1,1,1,2,1,2,1,1,0,0
840000.0,101,79.28892,-122.726483,0.133063,9.947673,102,79.280186,-122.705762,-0.799497,2.784924,1066.686135,3,0,0,8,156.1868869218272,-23.792753396295907,156.05382392182722,-22.99325639629591,0.9325599999999667,-0.00014560899999999989,0.06196149492564277,7.162993295680592,430.67952901453293,-975.8762492698846,-135.72619572480144,439.10466755056115,1,1,1,1,0,1,2,1,1,0,0
841000.0,101,79.289011,-122.726481,0.1434,9.976702,102,79.280201,-122.70583,-1.479181,2.747583,1075.130008,3,0,0,8,156.44088789784013,-23.53882119612372,156.2974878978401,-22.05964019612372,1.6225809999999683,-3.734100000000007e-05,0.095894998645646,7.230003328214352,429.7240758221552,-985.5159830063005,-135.55877060935768,442.75672845638326,1,1,1,0,2,1,2,0,1,0,0
842000.0,101,79.289091,-122.726502,-0.086465,9.836436,102,79.28022,-122.705863,-1.792205,2.724038,1083.396236,3,0,0,8,156.59758601469196,-23.382134866705897,156.68405101469196,-21.589929866705898,1.7057400000000484,-2.3544999999999928e-05,0.07034953287894981,7.113719332004274,430.3104209655576,-994.2737780849963,-139.25063311236738,440.12205532050257,1,1,1,0,2,1,2,0,1,1,0
843000.0,101,79.289183,-122.726536,-0.425728,9.890524,102,79.280239,-122.705878,-1.911699,2.706785,1091.43093,3,0,0,8,156.74919760731922,-23.230504601659614,157.1749256073192,-21.318805601659616,1.4859710000000064,-1.7253000000000185e-05,0.016806890221402554,7.18497250054901,430.84969780951246,-1002.7911112779753,-139.5284083605524,433.1948291099681,1,1,1,0,2,1,2,1,1,1,0
844000.0,101,79.289268,-122.726506,-0.086096,9.842496,102,79.280283,-122.705715,-0.208633,2.779515,1099.165308,3,0,0,8,156.71092558921512,-23.268645934501837,156.79702158921512,-23.060012934501838,0.12253700000002254,7.272999999999996e-05,-0.004668789699691188,7.062988315104718,434.5773825607895,-1009.6072864620918,-142.98506616691157,433.9099153412539,1,1,1,1,2,1,2,1,1,0,0
845000.0,101,79.289357,-122.726487,0.12089,9.855041,102,79.280298,-122.705763,-0.68754,2.740795,1106.511559,3,0,0,8,156.94786975168407,-23.031767600287964,156.82697975168406,-22.344227600287965,0.8084299999999871,-3.872000000000009e-05,0.05368171999360885,7.114421393182752,433.27505246903644,-1018.1554690264961,-142.65763188410077,440.9449822272503,1,1,1,0,2,1,2,0,1,0,0
846000.0,101,79.289447,-122.726506,-0.085105,9.877216,102,79.280326,-122.705701,-0.053449,2.755217,1113.357567,3,0,0,8,157.0081363150791,-22.971421445253466,157.0932413150791,-22.917972445253465,0.03165599999999813,1.4422000000000158e-05,-0.012101006259013397,7.121989302778838,434.87791970850043,-1024.912809436084,-144.0114212138744,433.1358602064987,1,1,1,1,2,1,2,1,1,1,0
847000.0,101,79.289534,-122.726473,0.259063,9.852365,102,79.280331,-122.705851,-1.577436,2.679316,1119.560185,3,0,0,8,157.37232551480747,-22.60741205162188,157.11326251480747,-21.02997605162188,1.8364990000000034,-7.590099999999999e-05,0.11830348065499184,7.1739636603448,430.74092725658454,-1033.3814694600305,-143.08951116468756,447.7215106665047,1,1,1,0,2,1,2,0,1,0,0
848000.0,101,79.289634,-122.726469,0.273688,10.024476,102,79.280369,-122.705721,-0.215875,2.734855,1124.93667,3,0,0,8,157.38506111422205,-22.594552644508443,157.11137311422206,-22.378677644508443,0.48956299999997555,5.5539000000000005e-05,0.05818847057439108,7.289526045638963,432.5786706519355,-1038.4402752241908,-141.97289916991264,440.8539504514093,1,1,1,0,2,1,2,1,1,1,0
849000.0,101,79.289727,-122.726477,0.169439,10.073281,102,79.280384,-122.7058,-1.01688,2.695717,1129.300048,3,0,0,8,157.62433591185032,-22.3553476053061,157.4548969118503,-21.3384676053061,1.1863190000000259,-3.9137999999999895e-05,0.07763016763086328,7.377944500655708,429.89928689615834,-1044.2725705192954,-140.94053781420143,440.8626931182879,1,1,1,0,2,1,2,0,1,2,0
850000.0,101,79.289818,-122.726466,0.264748,10.090209,102,79.280407,-122.705815,-1.137553,2.694118,1132.464275,3,0,0,8,157.79551317931885,-22.184195880690996,157.53076517931885,-21.046642880690996,1.4023010000000227,-1.5990000000001282e-06,0.10010953459272631,7.3965142521651615,427.9733004194326,-1048.4818492846568,-140.98039662857437,442.1237637427824,1,1,2,0,2,1,2,0,1,0,0
851000.0,101,79.289903,-122.726461,0.298401,10.012545,102,79.280428,-122.705879,-1.770791,2.683186,1134.210281,3,0,0,8,157.99780117011758,-21.981975683304956,157.69940017011757,-20.211184683304957,2.069191999999987,-1.0931999999999942e-05,0.13505960208189624,7.330504582665332,424.9230071585104,-1051.605153807011,-142.42996486272364,444.2232248118603,1,1,2,0,2,1,2,0,1,0,0
852000.0,101,79.289982,-122.726465,0.236797,9.859903,102,79.280431,-122.706161,-4.715191,2.60909,1138.942959,3,0,0,8,158.4241686745124,-21.555881329193546,158.1873716745124,-16.840690329193546,4.9519880000000285,-7.409599999999994e-05,0.2552241175931565,7.259558926071589,418.82613539512454,-1059.1391467440246,-144.35092078233848,455.80596713069144,1,1,2,0,2,1,2,0,1,0,0
853000.0,101,79.290071,-122.726458,0.285355,9.856973,102,79.280457,-122.706175,-4.73363,2.620982,1148.17424,3,0,0,8,158.57290421193164,-21.40716642185136,158.28754921193163,-16.67353642185136,5.0189849999999865,1.1892000000000014e-05,0.26538385307787105,7.244808605445234,419.44762600356114,-1068.816062023562,-145.88654931857698,458.3179698484001,1,1,2,0,2,1,2,0,1,0,0
854000.0,101,79.29016,-122.72644,0.443175,9.87121,102,79.280495,-122.706086,-3.639911,2.670243,1157.157774,3,0,0,8,158.60794867269027,-21.372052194778693,158.16477367269027,-17.73214119477869,4.08308599999998,4.9261e-05,0.24587396234032388,7.206058267193618,422.07053822089466,-1077.4370397821672,-147.74995075375887,458.57547108221485,1,1,2,0,2,1,2,1,1,0,0
855000.0,101,79.290251,-122.726462,0.17938,9.911002,102,79.280511,-122.706166,-4.402583,2.64477,1166.080047,3,0,0,8,158.81313931328128,-21.166918539450524,158.63375931328127,-16.764335539450524,4.581962999999973,-2.54730000000003e-05,0.23405209656613668,7.273987370021839,421.43387145046705,-1087.2608555474594,-148.04920152828373,456.2025836064263,1,1,2,0,2,1,2,0,1,1,0
856000.0,101,79.290344,-122.726461,0.174889,9.969654,102,79.280535,-122.70617,-4.34991,2.643463,1174.920498,3,0,0,8,158.9538648569568,-21.02619790474729,158.7789758569568,-16.676287904747287,4.52479900000003,-1.306999999999725e-06,0.2309308508737069,7.333759205319161,421.93693429782286,-1096.5433872382446,-148.14057873012462,456.2593231438849,1,1,2,0,2,1,2,1,1,0,0
857000.0,101,79.29044,-122.726468,0.086396,10.067179,102,79.280554,-122.706202,-4.611254,2.627401,1183.65292,3,0,0,8,159.12715951863345,-20.852927803427278,159.04076351863344,-16.24167380342728,4.697649999999953,-1.6062000000000244e-05,0.22640937969599623,7.448271171833519,421.7297648840506,-1105.9738877728398,-147.2742014958717,455.16372056821746,1,1,2,0,2,1,2,0,1,1,0
858000.0,101,79.290532,-122.726451,0.254731,10.094592,102,79.280572,-122.706237,-4.89998,2.607571,1192.243889,3,0,0,8,159.3177444858815,-20.662393925991378,159.0630134858815,-15.762413925991378,5.15471100000002,-1.982999999999979e-05,0.2676091295834432,7.496451057334733,421.08280111788133,-1115.4078919662365,-147.32157862738984,460.6392100657063,1,1,2,0,2,1,2,0,1,0,0
859000.0,101,79.290613,-122.726422,0.531019,9.957069,102,79.280619,-122.706025,-2.519157,2.69202,1200.65075,3,0,0,8,159.2114805771299,-20.76847802093923,158.6804615771299,-18.24932102093923,3.0501760000000218,8.444899999999977e-05,0.21060457663434456,7.267222982963274,426.1345327256291,-1122.484558243129,-152.82421444798956,458.47387519307176,1,1,2,0,2,1,2,1,1,1,0
860000.0,101,79.290703,-122.726434,0.359,9.97282,102,79.280617,-122.706263,-5.007421,2.60116,1208.819052,3,0,0,8,159.5946214721855,-20.385559182949713,159.2356214721855,-15.378138182949712,5.3664210000000026,-9.085999999999972e-05,0.28952826110570085,7.381391821199535,421.46688847748544,-1132.9647666168994,-151.79484143573242,465.58381854260256,1,1,2,0,0,1,2,0,1,0,0
861000.0,101,79.290794,-122.726451,0.15296,10.003975,102,79.280628,-122.706346,-5.852861,2.558549,1216.679268,3,0,0,8,159.80305846799004,-20.17718703319567,159.65009846799003,-14.324326033195668,6.005821000000026,-4.2610999999999955e-05,0.28761294342651744,7.458727935901581,420.056207330197,-1141.8674283227394,-151.75448209485754,463.8099736315149,1,1,2,0,2,1,2,0,1,1,0
862000.0,101,79.290889,-122.726463,0.022664,10.070864,102,79.280644,-122.706378,-6.111941,2.53396,1224.142607,3,0,0,8,159.96474543538733,-20.015519713509924,159.94208143538734,-13.903578713509924,6.134605000000022,-2.4589000000000194e-05,0.2737776573964986,7.551306808184583,419.3891505877543,-1150.0599387171255,-151.23353394289225,460.86380877227583,1,1,2,0,2,1,2,0,1,1,0
863000.0,101,79.290966,-122.726461,0.04161,9.887119,102,79.280652,-122.706493,-7.335301,2.485888,1231.095673,3,0,0,8,160.1951959965738,-19.785184109862616,160.1535859965738,-12.449883109862615,7.376911000000007,-4.8071999999999895e-05,0.32456784988986337,7.421572981005534,417.11590607103903,-1158.2792741743501,-155.00479317891546,467.49223118133926,1,1,2,0,2,1,2,0,1,0,0
864000.0,101,79.291056,-122.726464,0.009025,9.903868,102,79.280671,-122.706505,-7.331811,2.473231,1237.393648,3,0,0,8,160.32839432342865,-19.651994622580727,160.31936932342865,-12.320183622580727,7.340836000000024,-1.2656999999999918e-05,0.31718212201970963,7.450858650413803,416.5421511619554,-1165.1762426414807,-155.40895633522527,465.8914467468933,1,1,2,0,2,1,2,1,1,1,0
865000.0,101,79.291148,-122.726494,-0.300992,9.954717,102,79.280705,-122.70639,-5.835644,2.510375,1242.851608,3,0,0,8,160.29810640624646,-19.68214006344421,160.59909840624647,-13.846496063444208,5.534651999999994,3.714399999999962e-05,0.20294798676120523,7.45721428449254,418.9980551782567,-1170.0943334898361,-156.34146383982483,450.74701901445275,1,1,2,0,2,1,2,1,1,1,0
866000.0,101,79.291238,-122.726485,-0.182936,9.965815,102,79.280731,-122.706353,-5.292573,2.522142,1247.2804,3,0,0,8,160.38379506190574,-19.59642389211263,160.56673106190576,-14.303850892112628,5.109637000000021,1.1767000000000304e-05,0.2008270457104231,7.454374943562376,418.7344788221902,-1174.8914130546996,-156.8768608855422,450.2728518986549,1,1,2,0,2,1,2,1,1,1,0
867000.0,101,79.291326,-122.726528,-0.605181,9.940088,102,79.280752,-122.706383,-5.49487,2.518739,1250.491814,3,0,0,8,160.48708232262013,-19.493123854458947,161.0922633226201,-13.998253854458948,4.889688999999976,-3.4030000000000448e-06,0.1361967124074009,7.432368695591688,417.68849406747654,-1178.671327726544,-158.46524337756352,439.2718596169049,1,1,2,0,0,1,2,1,1,1,0
868000.0,101,79.291403,-122.726548,-0.777367,9.771895,102,79.280763,-122.706563,-7.378724,2.484951,1252.26406,3,0,0,8,160.74180011390285,-19.2385632711315,161.51916711390285,-11.8598392711315,6.60135699999995,-3.378799999999993e-05,0.1865584291380859,7.306622684718624,413.02893929458395,-1182.1896511443815,-162.0225365094728,443.2586723562718,1,1,2,0,2,1,2,0,1,0,0
869000.0,101,79.291494,-122.726552,-0.742717,9.81995,102,79.280801,-122.706506,-6.456981,2.538301,1252.335899,3,0,0,8,160.77611001572856,-19.20419342848196,161.51882701572856,-12.747212428481962,5.714263999999957,5.335000000000001e-05,0.15815914227855113,7.296925492286485,412.34459932341827,-1182.5046026688215,-162.11984263469972,437.985588704065,1,1,2,0,2,2,2,1,1,1,0
870000.0,101,79.291577,-122.726546,-0.629356,9.747333,102,79.280823,-122.706612,-7.412655,2.542039,1257.195083,3,0,0,8,160.97640992113722,-19.004003567274285,161.60576592113722,-11.591348567274284,6.7832989999999995,3.737999999999797e-06,0.22089439713802667,7.225950576344268,409.7920657651065,-1188.5326834190735,-164.43421343379651,446.11479115242423,1,1,2,0,2,1,2,0,1,0,0
871000.0,101,79.291682,-122.726572,-0.8205,10.010057,102,79.280852,-122.70663,-7.375115,2.565135,1266.55791,3,0,0,8,161.0934110042648,-18.886994619266805,161.9139110042648,-11.511879619266804,6.5546150000000125,2.3096000000000227e-05,0.18592985175964252,7.4651169545307665,410.3979663649531,-1198.224707050843,-160.80257081420956,440.3013875370152,1,1,2,0,2,1,2,1,1,1,0
872000.0,101,79.291774,-122.72658,-0.826737,10.041641,102,79.28087,-122.706756,-8.556476,2.553108,1275.667341,3,0,0,8,161.3161716627567,-18.66434990029259,162.1429086627567,-10.107873900292589,7.729738999999995,-1.2027000000000232e-05,0.23497349348686675,7.515904549939105,408.6544566090753,-1208.4406067273442,-161.30319016524527,446.5734500066607,1,1,2,0,2,1,2,0,1,0,0
873000.0,101,79.291853,-122.726547,-0.435586,9.877089,102,79.280902,-122.706714,-7.834978,2.584136,1284.712019,3,0,0,8,161.3830157680362,-18.597496948324743,161.8186017680362,-10.762518948324743,7.3993919999999775,3.1028000000000056e-05,0.2771814461210813,7.316790986057033,410.13177712879093,-1217.4879453827195,-166.12150754772446,456.18201204755997,1,1,2,0,2,1,2,1,1,0,0
874000.0,101,79.291945,-122.726557,-0.498465,9.9343,102,79.28094,-122.706602,-6.391848,2.633693,1293.671327,3,0,0,8,161.36202281046678,-18.618370028311215,161.8604878104668,-12.226522028311216,5.893382999999972,4.9557000000000075e-05,0.20677667512316256,7.316602695833494,413.4411149406707,-1225.8270460299675,-167.21267146836323,448.02321470448175,1,1,2,0,2,1,2,1,1,1,0
875000.0,101,79.292038,-122.726587,-0.75407,9.990491,102,79.280973,-122.706531,-5.471517,2.663052,1302.518965,3,0,0,8,161.36881299163343,-18.611480603591144,162.12288299163345,-13.139963603591143,4.717446999999993,2.9358999999999913e-05,0.12244332501547708,7.338707379994984,416.12243848151905,-1234.2600092269317,-168.21559982236028,436.7193738319506,1,1,2,0,2,1,2,1,1,1,0
876000.0,101,79.29213,-122.72657,-0.517881,10.034631,102,79.280973,-122.706833,-8.566629,2.594096,1311.221368,3,0,0,8,161.78650750923393,-18.194099522570223,162.30438850923392,-9.627470522570222,8.04874799999999,-6.895600000000002e-05,0.2957159981486362,7.469066625736307,409.83353767387933,-1245.5271764588294,-166.81536581964482,459.1637094710028,1,1,2,0,2,1,2,0,1,0,0
877000.0,101,79.292221,-122.726565,-0.420347,10.044356,102,79.281005,-122.706749,-7.447021,2.619563,1319.735681,3,0,0,8,161.80831090511643,-18.172218499766398,162.22865790511642,-10.725197499766399,7.026674000000014,2.5466999999999907e-05,0.2658308146874114,7.44661836522166,412.0176777871768,-1253.7717897988439,-168.0848353975675,456.7046722377745,1,1,2,0,2,1,2,1,1,1,0
878000.0,101,79.292302,-122.726531,-0.041079,9.912701,102,79.281019,-122.706838,-8.271399,2.591474,1328.007182,3,0,0,8,162.01435592037592,-17.96629433750819,162.05543492037592,-9.694895337508191,8.23031999999995,-2.8089000000000032e-05,0.36570818129563937,7.348181675532546,410.06031768300005,-1263.1126677004304,-171.09435698353423,472.66750201868626,1,1,2,0,2,1,2,0,1,0,0
879000.0,101,79.292381,-122.726514,0.13556,9.773659,102,79.281031,-122.706958,-9.435074,2.55679,1335.965979,3,0,0,8,162.23035970265906,-17.75042516436434,162.09479970265906,-8.31535116436434,9.570633999999984,-3.4683999999999934e-05,0.44225839445943177,7.25142991069022,407.72446020534284,-1272.228698621317,-174.5486865081496,484.96365915725517,1,1,2,0,2,1,2,0,1,0,0
880000.0,101,79.292468,-122.726516,0.104694,9.763596,102,79.281049,-122.706991,-9.624964,2.543188,1343.5228,3,0,0,8,162.35734226775423,-17.62347305560205,162.25264826775424,-7.998509055602051,9.729657999999972,-1.3602000000000115e-05,0.443057364580352,7.256191441486414,407.19418403673177,-1280.3305864527724,-175.69256401590778,485.06693069390883,1,1,2,0,2,1,2,0,1,0,0
881000.0,101,79.292559,-122.726499,0.270232,9.82066,102,79.281083,-122.706876,-8.122317,2.572869,1350.563618,3,0,0,8,162.35693646199604,-17.623782565532935,162.08670446199605,-9.501465565532934,8.392549000000031,2.9681000000000067e-05,0.409830895814662,7.273490989522878,409.33722709628097,-1287.037342417996,-175.5962144576295,481.4025547349442,1,1,2,0,2,1,2,1,1,1,0
882000.0,101,79.292646,-122.726504,0.19586,9.801641,102,79.281104,-122.706878,-7.984977,2.567745,1356.94279,3,0,0,8,162.449134414718,-17.531581661661534,162.253274414718,-9.546604661661533,8.180836999999997,-5.123999999999906e-06,0.39020019188429755,7.25873423654083,409.1893061926449,-1293.7765831203492,-177.01141750060353,478.3419569230527,1,1,2,0,2,1,2,1,1,1,0
883000.0,101,79.292742,-122.726491,0.312687,9.926133,102,79.281137,-122.706776,-6.685499,2.597529,1362.474311,3,0,0,8,162.46431361111178,-17.51631501238685,162.15162661111177,-10.830816012386851,6.998185999999976,2.9784000000000256e-05,0.35657347873523265,7.346119001426626,410.5131814904253,-1299.1594112954474,-175.3316575045738,473.16324421435394,1,1,2,0,2,1,2,1,1,1,0
884000.0,101,79.29283,-122.726508,0.116198,9.91151,102,79.281169,-122.706692,-5.641198,2.625614,1366.967967,3,0,0,8,162.45948399329333,-17.52104538673306,162.34328599329334,-11.879847386733061,5.7573959999999715,2.8084999999999915e-05,0.27819477652468944,7.2985915272598945,411.9769883738298,-1303.4095226959723,-177.34038952299457,461.4014014784794,1,1,2,0,2,1,2,1,1,1,0
885000.0,101,79.292918,-122.726547,-0.300674,9.904279,102,79.281196,-122.706681,-5.378318,2.637809,1370.234509,3,0,0,8,162.50388923352386,-17.476591014262553,162.80456323352385,-12.098273014262553,5.077643999999964,1.2194999999999733e-05,0.19527100825446064,7.277946562162451,411.9487560172016,-1306.8438437970892,-178.98362013377704,446.91890348456,1,1,2,0,2,1,2,1,1,1,0
886000.0,101,79.293018,-122.726514,0.064134,10.062361,102,79.281238,-122.706553,-3.91655,2.698207,1372.050831,3,0,0,8,162.50666124965286,-17.47372564930459,162.44252724965287,-13.55717564930459,3.9806839999999966,6.0398000000000176e-05,0.1955601993698725,7.370449113499539,412.4315065355143,-1308.5960932482708,-176.49993768303327,447.01440402852757,1,1,2,0,2,1,2,1,1,0,0
887000.0,101,79.293122,-122.726518,0.017788,10.271619,102,79.281278,-122.706468,-2.95415,2.755601,1372.154018,3,0,0,8,162.52263682229378,-17.457662623156025,162.50484882229378,-14.503512623156025,2.971938000000023,5.7393999999999945e-05,0.14520378356620478,7.519679434216578,412.09760949164286,-1308.8094625898827,-173.24287106221664,437.2953796169996,1,1,2,0,2,2,2,1,1,1,0
888000.0,101,79.293207,-122.726498,0.223118,10.161755,102,79.281333,-122.706259,-0.897307,2.862694,1377.259121,3,0,0,8,162.4099173380527,-17.570196396825054,162.1867993380527,-16.672889396825052,1.1204250000000116,0.00010709299999999988,0.08440194245169871,7.299335005038255,416.21445253457426,-1312.862603580069,-179.20598859630832,431.3662491261956,1,1,2,0,2,1,2,1,1,1,0
889000.0,101,79.293297,-122.726495,0.233402,10.152856,102,79.281354,-122.706389,-2.060787,2.844194,1386.720238,3,0,0,8,162.61339164299892,-17.366852770266235,162.3799896429989,-15.306065770266235,2.294189000000017,-1.8499999999999962e-05,0.1436354433435775,7.310417274448655,414.3766230015508,-1323.3612631434426,-180.00044826965075,440.294658114006,1,1,2,0,2,1,2,0,1,0,0
890000.0,101,79.293384,-122.7265,0.159375,10.097566,102,79.281394,-122.706274,-0.964539,2.897856,1395.922262,3,0,0,8,162.58036433794769,-17.399762162548612,162.42098933794767,-16.435223162548613,1.1239140000000134,5.36620000000001e-05,0.07686884886905557,7.2000815468376675,417.89417582680494,-1331.902180851594,-184.3792988108899,432.0891597624678,1,1,2,0,2,1,2,1,1,1,0
891000.0,101,79.293463,-122.726491,0.239289,9.932092,102,79.281429,-122.706205,-0.325886,2.928219,1405.056644,3,0,0,8,162.59188297547053,-17.388184566958977,162.3525939754705,-17.062298566958976,0.5651750000000106,3.036299999999992e-05,0.058135065335789535,7.003833746677056,420.3591918771381,-1340.7021752249611,-190.9147271023679,431.4727778964343,1,1,2,0,2,1,2,1,1,1,0
892000.0,101,79.293555,-122.726505,0.073542,9.971515,102,79.281446,-122.706312,-1.265382,2.897737,1414.102597,3,0,0,8,162.7679185565739,-17.212240361487535,162.6943765565739,-15.946858361487534,1.3389239999999631,-3.048200000000012e-05,0.07679049248813015,7.07447644408919,418.9178395734364,-1350.6272611380496,-190.31552206736973,433.5530404593369,1,1,2,0,2,1,2,0,1,0,0
893000.0,101,79.293639,-122.726532,-0.211276,9.893588,102,79.281488,-122.706149,0.1951,2.952899,1423.033589,3,0,0,8,162.67204280928507,-17.307929415876288,162.88331880928507,-17.503029415876288,0.40637600000002294,5.5162000000000154e-05,-0.046537152744469054,6.9406388560214936,423.83733370884346,-1358.4500395586138,-196.12441556177495,414.7195708366594,1,1,2,0,2,1,2,1,1,1,0
894000.0,101,79.293718,-122.726548,-0.353861,9.758594,102,79.281498,-122.706316,-1.28182,2.897241,1431.815747,3,0,0,8,162.88430471247642,-17.09581587820979,163.23816571247642,-15.813995878209791,0.9279589999999871,-5.5657999999999764e-05,0.004542529982817428,6.861891899533939,421.3864367454602,-1368.4041085454737,-199.44564896965827,422.2924589547741,1,1,2,0,2,1,2,0,1,0,0
895000.0,101,79.293807,-122.726544,-0.287986,9.774096,102,79.281542,-122.706114,0.513077,2.959415,1440.405813,3,0,0,8,162.7864005320073,-17.193525504891312,163.07438653200728,-17.70660250489131,0.8010629999999992,6.217399999999973e-05,-0.07562823076952749,6.814676192040755,426.26618066321356,-1375.8873679727521,-202.57783596894276,410.97149006298025,1,1,2,0,2,1,2,1,1,1,0
896000.0,101,79.293894,-122.726506,0.135088,9.775758,102,79.281557,-122.706193,-0.174332,2.919893,1448.748536,3,0,0,8,162.97336221737652,-17.006678777180433,162.83827421737652,-16.832346777180433,0.3094199999999887,-3.9521999999999836e-05,0.031932829779243097,6.855851344737023,424.2171503880124,-1385.248039117478,-201.76134395265072,430.664615542006,1,1,2,0,2,1,2,1,1,0,0
897000.0,101,79.293978,-122.726489,0.304839,9.716357,102,79.281571,-122.706296,-1.08958,2.8737,1456.773342,3,0,0,8,163.15831954306972,-16.821839357036183,162.85348054306974,-15.732259357036183,1.3944190000000276,-4.619300000000015e-05,0.10634025676783398,6.8430390818605655,422.0682208769533,-1394.2908544803743,-202.793700462234,443.68193709248663,1,1,2,0,2,1,2,0,1,0,0
898000.0,101,79.294073,-122.726473,0.439867,9.840048,102,79.281594,-122.706269,-0.832132,2.865639,1464.390076,3,0,0,8,163.24145837270817,-16.738689715224627,162.80159137270817,-15.906557715224627,1.2719989999999939,-8.061000000000096e-06,0.11716004243914185,6.974421243527173,422.2407982540959,-1402.1950659508932,-199.99623342084763,445.7327564474107,1,1,2,0,2,1,2,1,1,0,0
899000.0,101,79.294164,-122.726486,0.266074,9.876463,102,79.281635,-122.706063,0.993414,2.922191,1471.483568,3,0,0,8,163.13390991127633,-16.846022988718744,162.86783591127633,-17.839436988718745,0.7273399999999697,5.655200000000038e-05,-0.0047985983814095926,6.954604725653719,426.93015422825397,-1408.1883873632285,-202.5652761171503,425.9585102752338,1,1,2,0,2,1,2,1,1,1,0
900000.0,101,79.29425,-122.726477,0.340404,9.840802,102,79.281652,-122.706114,0.537243,2.889057,1477.906701,3,0,0,8,163.26765133305915,-16.71234051794693,162.92724733305914,-17.24958351794693,0.1968390000000113,-3.3134e-05,0.03137623341108979,6.951698327143797,425.4911891709002,-1415.3322807025343,-203.32235779391547,431.87484339294986,1,1,2,0,2,1,2,1,1,0,0
901000.0,101,79.294337,-122.726485,0.224004,9.828306,102,79.281687,-122.70598,1.681286,2.921058,1483.471561,3,0,0,8,163.22293429572642,-16.756918025750483,162.9989302957264,-18.438204025750483,1.4572820000000206,3.200099999999972e-05,-0.047278436930357104,6.9084304130544485,428.2019579738772,-1420.3277633993905,-206.13194406434303,418.4729003935069,1,1,2,0,2,1,2,0,1,1,0
902000.0,101,79.294423,-122.726488,0.172199,9.787583,102,79.281714,-122.70594,1.995853,2.923789,1487.985998,3,0,0,8,163.26344053673068,-16.716369530298913,163.09124153673068,-18.712222530298913,1.8236540000000332,2.731000000000261e-06,-0.07241132840334695,6.865523511516424,428.49775559192426,-1424.95333386632,-208.36598885267603,413.4474654560148,1,1,2,0,2,1,2,0,1,1,0
903000.0,101,79.294505,-122.726479,0.256939,9.716049,102,79.281757,-122.70575,3.51482,2.989334,1491.258826,3,0,0,8,163.17311685399122,-16.806515362919825,162.91617785399123,-20.321335362919825,3.2578809999999976,6.554499999999974e-05,-0.13969543069364043,6.732240318603145,431.6910050301845,-1427.4087579593056,-213.84172504370542,402.00422186288273,1,1,2,0,2,1,2,0,1,1,0
904000.0,101,79.294599,-122.726502,-0.009715,9.818988,102,79.281772,-122.705915,2.078466,2.94451,1493.064552,3,0,0,8,163.37924086476121,-16.600530874061118,163.38895586476121,-18.678996874061117,2.08818100000002,-4.482399999999975e-05,-0.10845673527845986,6.876415065700413,427.0695605305429,-1430.6828254044326,-209.18052697970955,404.45638505331203,1,1,2,0,2,1,2,1,1,0,0
905000.0,101,79.294697,-122.726507,-0.057187,9.957885,102,79.281809,-122.705828,2.74182,2.982361,1497.896305,3,0,0,8,163.38377292124827,-16.595908416191275,163.44095992124826,-19.337728416191275,2.7990070000000173,3.785099999999986e-05,-0.15260178042475964,6.978933169147139,428.3380801415769,-1435.3465886792922,-207.2498175832696,396.8648639975447,1,1,2,0,2,1,2,0,1,1,0
906000.0,101,79.294791,-122.72653,-0.28494,10.02462,102,79.281832,-122.705878,2.27566,2.968319,1507.433684,3,0,0,8,163.490276486218,-16.48943137681809,163.775216486218,-18.765091376818088,2.560600000000022,-1.4041999999999889e-05,-0.16771763144861715,7.058517989627622,428.3795789190548,-1445.284486882408,-206.3105232380836,393.93021885881564,1,1,2,0,2,1,2,1,1,1,0
907000.0,101,79.294878,-122.726492,0.12462,9.992018,102,79.281864,-122.705808,2.80317,2.988296,1516.708422,3,0,0,8,163.53222089433072,-16.44745552231673,163.40760089433073,-19.25062552231673,2.6785500000000297,1.997699999999991e-05,-0.12440979241896893,7.007274061194494,429.95058419687933,-1454.491984341781,-208.9481899617852,404.07099458910295,1,1,2,0,2,1,2,0,1,0,0
908000.0,101,79.29496,-122.726494,0.092211,9.875269,102,79.2819,-122.705675,3.813626,3.025619,1525.913585,3,0,0,8,163.4858356362125,-16.4937081288097,163.3936246362125,-20.3073341288097,3.721414999999979,3.732299999999977e-05,-0.18534442455778186,6.856336902884458,433.7445536180543,-1462.9688756409778,-215.61453518870246,394.0809407179508,1,1,2,0,2,1,2,0,1,1,0
909000.0,101,79.295057,-122.726485,0.182644,9.999254,102,79.28192,-122.705709,3.47643,2.999916,1535.028296,3,0,0,8,163.60953526439226,-16.37005074742083,163.42689126439225,-19.84648074742083,3.2937860000000114,-2.570300000000003e-05,-0.15003372957667033,7.0048075575952815,433.15705101620586,-1472.6462028184528,-212.01623669245754,401.5416611374084,1,1,2,0,2,1,2,1,1,0,0
910000.0,101,79.295149,-122.726509,-0.077584,10.038296,102,79.281932,-122.705839,2.366007,2.944823,1544.025903,3,0,0,8,163.7822591871733,-16.197430974153903,163.8598431871733,-18.563437974153903,2.4435910000000263,-5.509299999999983e-05,-0.13516358059027997,7.095974262584539,431.2285761460399,-1482.5848725283906,-210.26781378317972,402.9193327034107,1,1,2,0,2,1,2,1,1,0,0
911000.0,101,79.295247,-122.726487,0.14704,10.161339,102,79.281953,-122.705841,2.307588,2.924533,1552.872369,3,0,0,8,163.88908727654518,-16.09062646261111,163.74204727654518,-18.398214462611108,2.1605480000000057,-2.0290000000000143e-05,-0.09167640863766344,7.239144125654354,430.9184193389538,-1491.8853542675756,-207.04122150696517,411.99567393127205,1,1,2,0,2,1,2,1,1,0,0
912000.0,101,79.295338,-122.726477,0.231925,10.16361,102,79.281981,-122.705754,3.002273,2.931104,1561.524221,3,0,0,8,163.90447229181981,-16.075165784995917,163.67254729181982,-19.077438784995916,2.7703480000000127,6.5710000000001045e-06,-0.1123775461511741,7.236445798216286,432.9164404752475,-1500.313716639256,-208.60589773201826,409.5783219782711,1,1,2,0,2,1,2,0,1,1,0
913000.0,101,79.295428,-122.726512,-0.140928,10.141173,102,79.282002,-122.705733,3.138326,2.912956,1569.925926,3,0,0,8,163.94191362964045,-16.0376694191737,164.08284162964046,-19.1759954191737,3.2792539999999804,-1.8148000000000054e-05,-0.18441862385664465,7.232554962713158,434.25994140875025,-1508.6701814560483,-210.43014235187513,395.67553660376046,1,1,2,0,2,1,2,0,1,1,0
914000.0,101,79.295512,-122.726512,-0.12189,10.039615,102,79.282045,-122.705478,5.143008,2.980385,1578.006541,3,0,0,8,163.802087208199,-16.17724527934636,163.923977208199,-21.32025327934636,5.2648980000000165,6.742900000000018e-05,-0.28852554566411304,7.071206138817875,440.19458776619484,-1515.3657539815708,-217.72225354230548,378.1508600846043,1,1,2,0,2,1,2,0,1,1,0
915000.0,101,79.295595,-122.72652,-0.200801,9.938995,102,79.282054,-122.705601,4.093575,2.914114,1585.675435,3,0,0,8,163.9695895492662,-16.00985593144594,164.17039054926622,-20.103430931445942,4.294376,-6.627099999999996e-05,-0.24285827143916008,7.032254466796988,437.88033671481895,-1524.0168620723841,-219.39601871260712,385.05896969060035,1,1,2,0,2,1,2,1,1,0,0
916000.0,101,79.29568,-122.726515,-0.130675,9.884667,102,79.282089,-122.705409,5.576094,2.954785,1592.816825,3,0,0,8,163.89016634299844,-16.08909539178496,164.02084134299844,-21.66518939178496,5.706769000000008,4.0671000000000126e-05,-0.30965352694829507,6.943838249661978,441.9740917680242,-1530.2693685129136,-224.28034785042107,373.5090985492459,1,1,2,0,2,1,2,0,1,1,0
917000.0,101,79.295773,-122.726534,-0.31432,9.954821,102,79.282112,-122.705359,5.902649,2.943151,1599.282799,3,0,0,8,163.91878893304656,-16.06040499995689,164.23310893304657,-21.96305399995689,6.216969000000006,-1.1634000000000367e-05,-0.35728037607779617,7.027124603196111,443.00064970300474,-1536.7029301527314,-222.98045039541773,364.5877508468583,1,1,2,0,2,1,2,0,1,1,0
918000.0,101,79.295854,-122.726528,-0.22807,9.833523,102,79.282128,-122.705398,5.519502,2.905954,1604.88441,3,0,0,8,164.02334439526615,-15.955893750373072,164.25141439526615,-21.47539575037307,5.747571999999991,-3.719699999999992e-05,-0.3186508367261493,6.940964499693287,441.7375004169833,-1542.8940178075754,-226.21648493066405,370.6576898043573,1,1,2,0,2,1,2,1,1,0,0
919000.0,101,79.295949,-122.72654,-0.328051,9.93395,102,79.282159,-122.705283,6.341652,2.926662,1609.428478,3,0,0,8,164.00304563293122,-15.976067721070013,164.3310966329312,-22.317719721070013,6.669703000000027,2.0707999999999948e-05,-0.3801471002468316,7.025033651614974,443.53637223888427,-1547.1055272018668,-224.92641608909946,359.54977652620175,1,1,2,0,2,1,2,0,1,1,0
920000.0,101,79.296041,-122.726537,-0.266459,9.980073,102,79.28218,-122.705302,6.091681,2.908068,1612.72279,3,0,0,8,164.09650119636606,-15.882633770443478,164.36296019636606,-21.974314770443478,6.358139999999992,-1.8593999999999778e-05,-0.3550163281738927,7.088317881565187,441.9149888560517,-1550.9951450632398,-223.1434277553003,363.99377922798453,1,1,2,0,2,1,2,1,1,0,0
921000.0,101,79.296126,-122.726505,0.077493,9.910435,102,79.282197,-122.705412,5.086947,2.872985,1614.540586,3,0,0,8,164.270877880499,-15.708396608822698,164.193384880499,-20.795343608822698,5.009454000000005,-3.50830000000002e-05,-0.24133611034413616,7.04875678663681,437.6853633772401,-1554.0826318206368,-223.57785658996553,384.3502907223359,1,1,2,0,2,1,2,1,1,0,0
922000.0,101,79.296217,-122.726478,0.344787,9.949096,102,79.282223,-122.70545,4.651742,2.873153,1614.614404,3,0,0,8,164.38628835119474,-15.593050001684896,164.04150135119474,-20.244792001684896,4.306955000000016,1.6799999999994597e-07,-0.17313998236313805,7.08522689175858,434.57396839706047,-1555.0321988936132,-221.86218977366454,396.5215624310039,1,1,2,0,2,2,2,1,1,0,0
923000.0,101,79.296301,-122.726449,0.622758,9.876016,102,79.282244,-122.705576,3.488481,2.852777,1619.526928,3,0,0,8,164.56203041612787,-15.417460232762492,163.93927241612786,-18.905941232762494,2.8657230000000027,-2.037599999999973e-05,-0.06624334290659123,7.027941682545546,431.10990519212226,-1561.0931170696886,-223.24778064733835,416.3957804462397,1,1,2,0,2,1,2,1,1,0,0
924000.0,101,79.296386,-122.726437,0.693353,9.827341,102,79.282274,-122.705569,3.46235,2.865458,1629.124235,3,0,0,8,164.62289755750598,-15.356598000380865,163.92954455750598,-18.818948000380864,2.768997000000013,1.268099999999972e-05,-0.05413193314739047,6.966393768134644,431.99618867564226,-1570.8039553152564,-226.51111420652754,419.7957970940335,1,1,2,0,2,1,2,1,1,0,0
925000.0,101,79.296473,-122.726406,0.961984,9.812094,102,79.282318,-122.705372,4.96777,2.937396,1638.456192,3,0,0,8,164.5512966026494,-15.428035842784084,163.5893126026494,-20.395805842784085,4.0057860000000005,7.193800000000029e-05,-0.08962959489398459,6.8843491630352585,436.4446462560347,-1579.257662276041,-231.37671379347412,415.929518625889,1,1,2,0,2,1,2,0,1,1,0
926000.0,101,79.296575,-122.726437,0.541939,10.007446,102,79.282346,-122.705342,5.099663,2.944016,1647.717128,3,0,0,8,164.5854048358272,-15.393867667874655,164.0434658358272,-20.493530667874655,4.557724000000007,6.6199999999998485e-06,-0.1670337684148361,7.074635970337129,437.9660078567479,-1588.4449974319512,-227.11912292086265,400.44964319857326,1,1,2,0,2,1,2,0,1,1,0
927000.0,101,79.296666,-122.726445,0.418207,10.028866,102,79.28236,-122.705488,3.835074,2.897079,1656.886092,3,0,0,8,164.76013095267075,-15.219277143311166,164.34192395267075,-19.054351143311166,3.4168670000000247,-4.6936999999999785e-05,-0.12056931997969497,7.138007244941589,435.53010229503866,-1598.6197333505881,-225.6264988197742,408.4999470431743,1,1,2,0,2,1,2,1,1,0,0
928000.0,101,79.296752,-122.726466,0.171614,9.970154,102,79.282381,-122.705522,3.493515,2.878275,1665.936329,3,0,0,8,164.83488718063418,-15.144533685236034,164.66327318063418,-18.638048685236033,3.3219010000000253,-1.8804000000000266e-05,-0.14552646207499906,7.097182970219878,435.81150125673753,-1607.9216982348191,-228.3154538475919,402.7787927528483,1,1,2,0,2,1,2,1,1,1,0
929000.0,101,79.296833,-122.726475,0.065431,9.862201,102,79.2824,-122.705572,3.018962,2.852232,1674.833668,3,0,0,8,164.92529980520442,-15.054161343013282,164.85986880520443,-18.073123343013282,2.953530999999998,-2.604300000000004e-05,-0.13895443478997488,7.013921012228492,435.5876661046485,-1617.1985656077734,-232.1618859998109,403.4822920586521,1,1,2,0,2,1,2,1,1,0,0
930000.0,101,79.296921,-122.726463,0.175284,9.849256,102,79.282435,-122.705414,4.263069,2.888261,1683.534458,3,0,0,8,164.87786194897208,-15.101455738489882,164.70257794897208,-19.364524738489884,4.087784999999997,3.602900000000009e-05,-0.18457003502396271,6.968939990423713,439.1963116091143,-1625.2368661651458,-235.63515715692753,396.0654360461486,1,1,2,0,2,1,2,0,1,1,0
931000.0,101,79.297007,-122.726459,0.207372,9.824211,102,79.282443,-122.705601,2.650299,2.822826,1691.982936,3,0,0,8,165.0856049831084,-14.893900373828178,164.8782329831084,-17.544199373828178,2.4429269999999974,-6.54349999999999e-05,-0.0949704062781424,7.004340057417748,435.4750857617842,-1634.9824786204736,-234.57382370485163,413.27596867500023,1,1,2,0,2,1,2,1,1,0,0
932000.0,101,79.297104,-122.726479,-0.017114,9.949112,102,79.282466,-122.705561,2.949695,2.816678,1700.10786,3,0,0,8,165.1168929593025,-14.862553438790444,165.1340069593025,-17.812248438790444,2.966809000000012,-6.148000000000043e-06,-0.14791561649810128,7.136165372347481,436.66906191051726,-1643.072386112057,-231.84280900608528,402.5372417957632,1,1,2,0,2,1,2,0,1,1,0
933000.0,101,79.29719,-122.726483,-0.058074,9.897639,102,79.282464,-122.705961,-0.597284,2.719723,1707.818214,3,0,0,8,165.47012390968496,-14.509711587166732,165.52819790968496,-13.912427587166732,0.5392100000000255,-9.69549999999999e-05,0.018319363671099435,7.178058692968228,428.4656262140868,-1653.1969813737019,-230.1757906247553,432.6834137831303,1,1,2,0,2,1,2,1,1,0,0
934000.0,101,79.297276,-122.726461,0.174725,9.8707,102,79.282494,-122.705835,0.536372,2.73922,1714.997716,3,0,0,8,165.4526250682585,-14.527108236409731,165.2779000682585,-15.063480236409731,0.3616469999999481,1.9496999999999874e-05,0.004458198083330481,7.1315541306724475,430.77386347642374,-1660.0153747573581,-232.74525954657358,431.81152544515385,1,1,2,0,2,1,2,1,1,1,0
935000.0,101,79.29737,-122.726451,0.261518,9.948315,102,79.282529,-122.705657,2.079247,2.776763,1721.497812,3,0,0,8,165.3950452950148,-14.584522931860047,165.1335272950148,-16.663769931860045,1.8177289999999857,3.754299999999988e-05,-0.05533836164396201,7.1732765904292295,434.0809080899125,-1665.87168832195,-232.8952867530025,421.21965467699675,1,1,2,0,2,1,2,0,1,1,0
936000.0,101,79.297455,-122.72646,0.148722,9.885189,102,79.282537,-122.705867,0.206503,2.716073,1727.128725,3,0,0,8,165.60186660744827,-14.377899114944483,165.45314460744828,-14.584402114944483,0.05778099999997721,-6.068999999999969e-05,0.015869710245427833,7.169100339604763,429.46494807852145,-1672.8817923248607,-233.21338137234162,433.1670222588972,1,1,2,0,2,1,2,1,1,0,0
937000.0,101,79.297544,-122.726459,0.141868,9.894314,102,79.282569,-122.705743,1.291226,2.743487,1731.69644,3,0,0,8,165.57232233622568,-14.407322524714443,165.4304543362257,-15.698548524714443,1.1493580000000065,2.7413999999999826e-05,-0.037323461000185895,7.151493318167267,431.4655853389209,-1677.0837811441668,-234.8981957546686,422.707573255787,1,1,2,0,2,1,2,0,1,1,0
938000.0,101,79.297639,-122.72647,0.017972,9.980485,102,79.282608,-122.705562,2.81372,2.796137,1735.007918,3,0,0,8,165.49623777327255,-14.483218427653998,165.47826577327257,-17.296938427654,2.7957480000000032,5.2649999999999864e-05,-0.13412882173658736,7.187718500520473,434.52158603449215,-1679.7152933734824,-235.13224446426042,403.11644160832753,1,1,2,0,2,1,2,0,1,1,0
939000.0,101,79.297734,-122.72649,-0.181553,10.075591,102,79.282645,-122.705436,3.796632,2.8396,1736.835379,3,0,0,8,165.4530513430234,-14.526261396597713,165.6346043430234,-18.322893396597713,3.9781849999999963,4.346300000000003e-05,-0.21995126266716003,7.242172310466631,436.24654943676336,-1681.156174140461,-234.46166273184275,385.0455190746181,1,1,2,0,2,1,2,0,1,1,0
940000.0,101,79.297832,-122.726475,-0.021694,10.177123,102,79.282676,-122.705424,3.797546,2.859378,1736.910096,3,0,0,8,165.5166678507317,-14.462647832226203,165.5383618507317,-18.260193832226204,3.819240000000036,1.9778000000000074e-05,-0.19323331518338885,7.324022589860333,434.3983503644685,-1681.7118524846514,-231.72639787045918,389.92759446832054,1,1,2,0,2,2,2,1,1,0,0
941000.0,101,79.297917,-122.726479,-0.059383,10.091005,102,79.282709,-122.705396,3.920883,2.885623,1742.079372,3,0,0,8,165.54313447899003,-14.436149757334299,165.60251747899002,-18.3570327573343,3.9802660000000287,2.624499999999985e-05,-0.20777438904991163,7.212130604316281,434.91198652434826,-1686.9179299317912,-236.21469217463806,386.1935767524769,1,1,2,0,2,1,2,0,1,1,0
942000.0,101,79.297995,-122.726509,-0.362149,9.908033,102,79.282734,-122.705457,3.332116,2.88138,1751.724495,3,0,0,8,165.61159025690327,-14.367724435926947,165.97373925690326,-17.699840435926948,3.694264999999973,-4.2429999999997746e-06,-0.23010144370752,7.03132636198017,435.29293765164175,-1696.7789381099733,-243.65564727858273,379.58375073791024,1,1,2,0,2,1,2,1,1,1,0
943000.0,101,79.298095,-122.72649,-0.133467,10.079883,102,79.282751,-122.705638,1.767397,2.846284,1761.102789,3,0,0,8,165.81672426903876,-14.162786936148288,165.95019126903875,-15.930183936148289,1.9008640000000128,-3.509600000000024e-05,-0.11126555290587962,7.2349257082775935,431.5131552316185,-1707.4189381301917,-237.01413495209607,405.2085066923549,1,1,2,0,2,1,2,1,1,0,0
944000.0,101,79.298181,-122.726489,-0.108966,10.016293,102,79.282772,-122.705721,1.030838,2.830497,1770.409125,3,0,0,8,165.92882703994687,-14.050766698502859,166.03779303994688,-15.081604698502858,1.1398040000000265,-1.5786999999999996e-05,-0.06997131754466195,7.186235982096577,430.434281299976,-1717.287046292797,-239.5828550102596,413.69387948727655,1,1,2,0,2,1,2,1,1,0,0
945000.0,101,79.298269,-122.726484,-0.052278,9.983684,102,79.28279,-122.705836,0.038435,2.805254,1779.622533,3,0,0,8,166.06777026961635,-13.911941375114576,166.12004826961635,-13.950376375114576,0.09071299999999383,-2.5242999999999684e-05,-0.010991156669628915,7.1784264753875355,428.4869192925643,-1727.2681667756467,-240.71009635311145,425.84173537494036,1,1,2,0,2,1,2,1,1,0,0
946000.0,101,79.298352,-122.7265,-0.21598,9.890535,102,79.282807,-122.705951,-0.96411,2.777865,1788.716233,3,0,0,8,166.18863583351308,-13.791173083511937,166.40461583351308,-12.827063083511938,0.7481300000000033,-2.738900000000033e-05,0.009457735919923244,7.112992988937208,427.01319614698815,-1736.9989903606865,-244.1662559924365,429.3225266659065,1,1,2,0,2,1,2,0,1,0,0
947000.0,101,79.298442,-122.726504,-0.232754,9.914195,102,79.282833,-122.705918,-0.658469,2.781044,1797.656013,3,0,0,8,166.2193148117997,-13.76045774580657,166.4520688117997,-13.10198874580657,0.42571500000002516,3.179000000000265e-06,-0.008314246683416161,7.133252848937274,428.2125701297662,-1745.909830391569,-244.84577738254507,426.1773380069629,1,1,2,0,2,1,2,1,1,1,0
948000.0,101,79.298533,-122.726496,-0.133521,9.95129,102,79.282871,-122.705725,1.009937,2.825568,1806.398171,3,0,0,8,166.14551386301417,-13.834076912492284,166.27903486301418,-14.844013912492285,1.1434579999999528,4.452400000000001e-05,-0.07299321039931625,7.126133921590748,432.554437284809,-1753.8446370694776,-246.76291945799693,414.56817417136875,1,1,2,0,2,1,2,0,1,1,0
949000.0,101,79.298629,-122.726501,-0.171819,10.050618,102,79.282888,-122.705786,0.472417,2.799058,1814.886871,3,0,0,8,166.2481723575969,-13.73147343873991,166.4199913575969,-14.20389043873991,0.6442360000000349,-2.6510000000000032e-05,-0.05321844247967025,7.251609953042553,431.4292380683586,-1762.8622087582246,-243.53288335654966,418.4806022897589,1,1,2,0,2,1,2,1,1,0,0
950000.0,101,79.298723,-122.726528,-0.425988,10.105055,102,79.282907,-122.705824,0.135641,2.777055,1823.05078,3,0,0,8,166.31794727132205,-13.661709329631902,166.74393527132204,-13.797350329631902,0.561629000000039,-2.2003000000000216e-05,-0.08170365629579612,7.327728491503601,431.2131420763634,-1771.3185406807097,-242.34589774523045,411.4374953169469,1,1,2,0,2,1,2,1,1,1,0
951000.0,101,79.298811,-122.726511,-0.220371,10.063839,102,79.282933,-122.705751,0.76554,2.781905,1830.79876,3,0,0,8,166.33391926555325,-13.645682306909254,166.55429026555325,-14.411222306909254,0.9859109999999873,4.850000000000243e-06,-0.07587590259628807,7.28210787286784,432.5499062563752,-1778.967306674054,-244.9129342014982,413.9915384753994,1,1,2,0,2,1,2,0,1,0,0
952000.0,101,79.298894,-122.726524,-0.335325,9.972104,102,79.282947,-122.705864,-0.221081,2.743734,1838.01437,3,0,0,8,166.45400477105932,-13.525695056473745,166.78932977105933,-13.304614056473746,0.11424399999998514,-3.8171000000000174e-05,-0.047774735881831266,7.228219643300658,430.5105262594703,-1786.8848622970345,-247.58907658324497,418.69101120810495,1,1,2,0,2,1,2,1,1,0,0
953000.0,101,79.29898,-122.726538,-0.449965,9.92079,102,79.282977,-122.705749,0.777692,2.761344,1844.548853,3,0,0,8,166.41851790303969,-13.561055167326227,166.86848290303968,-14.338747167326227,1.227657000000022,1.7609999999999904e-05,-0.11539020222845417,7.159394430012667,433.1516527690147,-1792.9696363316048,-251.36709816457392,404.2013326620408,1,1,2,0,2,1,2,0,1,1,0
954000.0,101,79.299067,-122.72654,-0.438916,9.892151,102,79.282997,-122.705774,0.546343,2.745976,1850.212166,3,0,0,8,166.48750184878787,-13.49209381739544,166.92641784878788,-14.038436817395441,0.985258999999985,-1.5367999999999603e-05,-0.10196218575204549,7.146009585978273,432.31588466510124,-1798.9963966280318,-252.565808720777,406.60568291226576,1,1,2,0,2,1,2,1,1,0,0
955000.0,101,79.299156,-122.726555,-0.549459,9.894008,102,79.283016,-122.705832,0.036593,2.728608,1854.810038,3,0,0,8,166.57085097859633,-13.408786935057334,167.12030997859634,-13.445379935057334,0.5860519999999951,-1.736800000000027e-05,-0.0966234582835124,7.164945605886329,430.7662205023641,-1804.095546344392,-252.54360930819163,406.4000065230923,1,1,2,0,2,1,2,1,1,1,0
956000.0,101,79.299248,-122.72657,-0.65207,9.942376,102,79.283048,-122.705749,0.752952,2.751515,1858.149184,3,0,0,8,166.5578427679588,-13.421698848284871,167.2099127679588,-14.174650848284871,1.405021999999974,2.290700000000001e-05,-0.14930740679175197,7.1904547175302085,431.9520340974169,-1807.2453707891937,-252.48557835260056,394.3401822939137,1,1,2,0,2,1,2,0,1,1,0
957000.0,101,79.299329,-122.726592,-0.836508,9.837579,102,79.283063,-122.705956,-1.06482,2.721583,1860.001514,3,0,0,8,166.7251865320768,-13.254536859012957,167.5616945320768,-12.189716859012957,0.22831200000001672,-2.993200000000007e-05,-0.09304510807731597,7.115417542884348,427.097113837063,-1810.302098389753,-255.1842572851035,403.390155788597,1,1,2,0,2,1,2,1,1,0,0
958000.0,101,79.299413,-122.726604,-0.892101,9.777066,102,79.283093,-122.705944,-0.930429,2.739495,1864.877061,3,0,0,8,166.75275150587998,-13.226948299365134,167.64485250587998,-12.296519299365134,0.0383279999999786,1.791199999999993e-05,-0.10773890206308516,7.036747110334256,427.34337828891466,-1815.2531750906303,-258.84064075216145,399.5034031525875,1,1,2,0,2,1,2,1,1,1,0
959000.0,101,79.299505,-122.726594,-0.707356,9.836116,102,79.28312,-122.705945,-0.925272,2.748628,1874.560325,3,0,0,8,166.81027642934956,-13.169434180340492,167.51763242934956,-12.244162180340492,0.21791600000000244,9.13300000000028e-06,-0.07704478374140439,7.087096820084427,427.7301411091984,-1825.109130559269,-258.1706520877296,407.865056872515,1,1,2,0,2,1,2,0,1,0,0
960000.0,101,79.299593,-122.726597,-0.677664,9.835892,102,79.283145,-122.705967,-1.092898,2.748855,1883.97508,3,0,0,8,166.87074480730453,-13.108984467710217,167.54840880730453,-12.016086467710217,0.4152339999999981,2.2699999999975516e-07,-0.06390066750598983,7.086849102105111,427.94228197968647,-1834.7281829619953,-259.4556596666345,411.3822899211769,1,1,2,0,2,1,2,0,1,0,0
961000.0,101,79.299687,-122.726588,-0.523098,9.923987,102,79.28317,-122.705963,-1.033608,2.750491,1893.31702,3,0,0,8,166.92679582073814,-13.052938363219868,167.44989382073814,-12.019330363219868,0.5105100000000107,1.6359999999999709e-06,-0.04098679430939065,7.173529949341102,428.2603166546779,-1844.2457643710381,-257.46622104698935,417.7163011304877,1,1,2,0,2,1,2,0,1,0,0
962000.0,101,79.299776,-122.726561,-0.19959,9.91614,102,79.283186,-122.706085,-2.083919,2.72395,1902.565122,3,0,0,8,167.0732584662616,-12.906622119376754,167.2728484662616,-10.822703119376754,1.8843289999999797,-2.6540999999999924e-05,0.06450878848868914,7.193931349008235,425.6134064091041,-1854.34820671192,-257.4469448421886,442.22693941784894,1,1,2,0,2,1,2,0,1,0,0
963000.0,101,79.299854,-122.726597,-0.555787,9.765244,102,79.283221,-122.705921,-0.613607,2.756799,1911.69253,3,0,0,8,166.98391279940302,-12.995771265406162,167.53969979940302,-12.382164265406162,0.05781999999999243,3.2849000000000125e-05,-0.06520116759712113,7.008143658733909,430.5602309974071,-1862.5751573403047,-266.32532785049466,413.2136408929727,1,1,2,0,2,1,2,1,1,1,0
964000.0,101,79.299943,-122.726598,-0.516443,9.787747,102,79.283246,-122.705877,-0.224428,2.756277,1920.664937,3,0,0,8,167.0048761877391,-12.974763656896748,167.5213191877391,-12.750335656896748,0.29201499999999214,-5.220000000001334e-07,-0.0774256125376558,7.031093541980637,431.89633129457957,-1871.4751826394859,-266.80311392032684,411.26293128015027,1,1,2,0,2,1,2,0,1,1,0
965000.0,101,79.300024,-122.726615,-0.663595,9.69554,102,79.283257,-122.706044,-1.678684,2.711995,1929.438513,3,0,0,8,167.1478912320356,-12.831895997363906,167.81148623203558,-11.153211997363906,1.015088999999989,-4.428199999999993e-05,-0.03284424657863651,6.984058636283223,429.17518533957497,-1881.1011763688823,-269.76074797211743,420.3252653168748,1,1,2,0,2,1,2,0,1,0,0
966000.0,101,79.300117,-122.726603,-0.475954,9.775951,102,79.283277,-122.706041,-1.623586,2.69896,1937.957262,3,0,0,8,167.20720595908767,-12.772590109814091,167.68315995908767,-11.149004109814092,1.1476319999999873,-1.3034999999999908e-05,-0.004737560443293876,7.07773723842292,429.11384091010353,-1889.8517563232083,-267.18944077304883,427.849825905131,1,1,2,0,2,1,2,0,1,0,0
967000.0,101,79.300209,-122.726599,-0.38727,9.851121,102,79.283308,-122.705887,-0.246428,2.71978,1946.149639,3,0,0,8,167.1619702587561,-12.817678418128919,167.5492402587561,-12.571250418128919,0.14084200000002056,2.082000000000006e-05,-0.05488688221050259,7.131141127846243,432.42607841558834,-1897.4999615509735,-266.53237257744235,417.80904937101434,1,1,2,0,2,1,2,1,1,1,0
968000.0,101,79.300316,-122.726562,0.023705,10.11848,102,79.283318,-122.70604,-1.593944,2.6748,1953.924237,3,0,0,8,167.34617747881384,-12.63365788553278,167.32247247881384,-11.03971388553278,1.6176490000000285,-4.4980000000000244e-05,0.07858851199844823,7.4447141192518185,428.0264516818772,-1906.4661760956196,-255.58217401872795,448.1277977004842,1,1,2,0,2,1,2,0,1,0,0
969000.0,101,79.300402,-122.726548,0.163889,10.045663,102,79.283345,-122.705942,-0.696872,2.681337,1961.164269,3,0,0,8,167.33861295259308,-12.641139870729102,167.17472395259307,-11.944267870729101,0.8607609999999681,6.5370000000002374e-06,0.06134612456378019,7.364483228411093,429.86508418303697,-1913.473621297826,-259.34506202498636,445.7888851091107,1,1,2,0,2,1,2,1,1,1,0
970000.0,101,79.30049,-122.726518,0.460583,10.016147,102,79.283373,-122.70581,0.474421,2.697807,1967.71427,3,0,0,8,167.3211528082085,-12.658499787397115,166.86056980820848,-13.132920787397115,0.013838000000021111,1.6469999999999986e-05,0.05817768267469277,7.318108860152636,431.88580419169404,-1919.7328200818274,-261.8413453926164,447.1332145163596,1,1,2,0,2,1,2,1,1,0,0
971000.0,101,79.300577,-122.726527,0.322701,9.982594,102,79.283397,-122.705771,0.800541,2.694149,1973.388185,3,0,0,8,167.33783703447955,-12.641768393229802,167.01513603447955,-13.442309393229802,0.4778400000000147,-3.6580000000001613e-06,0.01858198776261369,7.28854963853581,432.5705030324512,-1925.3944241645258,-264.04355523782135,437.4778826291963,1,1,2,0,2,1,2,0,1,1,0
972000.0,101,79.300665,-122.726519,0.383834,9.967173,102,79.283427,-122.705644,1.878942,2.717008,1977.99078,3,0,0,8,167.30908181893452,-12.670406676945674,166.9252478189345,-14.549348676945675,1.495108000000016,2.2858999999999962e-05,-0.02231358420729694,7.251402186055741,434.5479036836396,-1929.667236901006,-266.4801268542306,428.61020166749756,1,1,2,0,2,1,2,0,1,1,0
973000.0,101,79.300762,-122.726512,0.418297,10.067066,102,79.283445,-122.705742,1.004942,2.694569,1981.327805,3,0,0,8,167.4266692944782,-12.552922369165294,167.0083722944782,-13.557864369165294,0.5866450000000327,-2.2438999999999874e-05,0.02623647657909968,7.372643177902313,431.31319074824677,-1933.8119873329683,-262.1296264054581,438.19225745251555,1,1,2,0,2,1,2,1,1,0,0
974000.0,101,79.300852,-122.726477,0.734862,10.067079,102,79.283471,-122.705745,0.954866,2.701343,1983.169999,3,0,0,8,167.49373474832618,-12.485894249730853,166.75887274832618,-13.440760249730854,0.22000399999996034,6.7740000000000575e-06,0.08409711569311165,7.365283121138901,429.44826417750187,-1936.1140031848822,-262.1906306174662,451.5254887655254,1,1,2,0,2,1,2,1,1,0,0
975000.0,101,79.300938,-122.726474,0.706502,10.00774,102,79.283513,-122.705577,2.334403,2.761362,1983.246804,3,0,0,8,167.42821940834276,-12.551247458454526,166.72171740834276,-14.885650458454526,1.6279010000000085,6.001900000000004e-05,0.010925075008515,7.247908784311589,431.6785663237207,-1935.6966448679173,-267.25748318568,434.60050611498866,1,1,2,0,2,2,2,0,1,1,0
976000.0,101,79.301029,-122.72649,0.482664,10.033267,102,79.283529,-122.705861,-0.112952,2.731014,1988.18397,3,0,0,8,167.63602088285973,-12.343709313834957,167.15335688285973,-12.230757313834957,0.5956160000000068,-3.0348000000000042e-05,0.08990387850112604,7.301902303272074,425.7124716955981,-1942.0721897004205,-265.1977216388048,449.58995681439507,1,1,2,0,2,1,2,1,1,0,0
977000.0,101,79.301118,-122.72649,0.434898,10.021955,102,79.283574,-122.705647,1.680635,2.79915,1997.898904,3,0,0,8,167.54214699244625,-12.43737292593323,167.10724899244624,-14.118007925933231,1.2457370000000196,6.813599999999997e-05,-0.006024676742283283,7.22372040906737,430.9895254590918,-1950.858287920716,-270.2628822650556,429.36371120749817,1,1,2,0,2,1,2,0,1,1,0
978000.0,101,79.30121,-122.726519,0.110089,10.054435,102,79.283604,-122.705612,1.922431,2.815474,2007.343434,3,0,0,8,167.5477522445893,-12.431704784022404,167.43766324458932,-14.354135784022404,1.812342000000001,1.6324000000000005e-05,-0.07513043741470608,7.240527103776429,432.83515563518154,-1960.122799742195,-271.5180615305421,412.47682099121454,1,1,2,0,2,1,2,0,1,1,0
979000.0,101,79.301295,-122.726516,0.133404,9.979041,102,79.283614,-122.705953,-0.950621,2.764535,2016.714325,3,0,0,8,167.79684452106343,-12.182950514717431,167.66344052106342,-11.232329514717431,1.084024999999997,-5.093900000000007e-05,0.0691001548791584,7.21485944839595,426.2903027426891,-1971.145161181122,-272.66630215127583,445.1486369381265,1,1,2,0,2,1,2,1,1,0,0
980000.0,101,79.301384,-122.72651,0.18386,9.968175,102,79.283648,-122.70582,0.183872,2.795396,2025.990466,3,0,0,8,167.7607078447858,-12.218962398146658,167.5768478447858,-12.402834398146657,1.2000000026546331e-05,3.086100000000025e-05,0.023016552880751853,7.172742071281785,429.49992282564295,-1979.9412073634064,-275.8418743853295,435.851095867277,1,1,2,0,2,1,2,1,1,1,0
981000.0,101,79.301467,-122.72651,0.161098,9.885467,102,79.283673,-122.7058,0.348341,2.796446,2035.14489,3,0,0,8,167.78799318653043,-12.191657401003178,167.62689518653042,-12.539998401003178,0.18724300000002359,1.0499999999997733e-06,0.010793396557463846,7.0890336067003386,430.49342024417075,-1989.0927928127405,-280.499872363099,433.52140961966245,1,1,2,0,2,1,2,0,1,1,0
982000.0,101,79.301558,-122.726493,0.330258,9.920465,102,79.283714,-122.705563,2.266746,2.847975,2044.143143,3,0,0,8,167.69577304192424,-12.283661371609773,167.36551504192425,-14.550407371609772,1.936487999999997,5.152899999999993e-05,-0.05546058168240759,7.074553684453332,435.61194582295184,-1997.1888798334173,-283.07531359365197,419.94769460206277,1,1,2,0,2,1,2,0,1,1,0
983000.0,101,79.301644,-122.726489,0.338205,9.882867,102,79.283733,-122.705609,1.864323,2.826981,2052.941208,3,0,0,8,167.7688343359813,-12.210649203442115,167.4306293359813,-14.074972203442115,1.5261179999999968,-2.099399999999996e-05,-0.03363354379631688,7.0572102399619485,434.92878329790557,-2006.341086895123,-284.78803331017303,425.3644895518632,1,1,2,0,2,1,2,1,1,0,0
984000.0,101,79.301734,-122.726417,1.053188,9.906224,102,79.283748,-122.705717,0.95421,2.793012,2061.482848,3,0,0,8,167.9202542831488,-12.05940611878827,166.8670662831488,-13.01361611878827,0.09897799999998824,-3.396899999999992e-05,0.1355690071077728,7.111925798929256,431.41249307257453,-2015.8360036022516,-282.1737168954298,469.75344650645815,1,1,2,0,1,1,2,1,1,0,0
985000.0,101,79.301828,-122.726416,0.959615,9.97523,102,79.283762,-122.705848,-0.156806,2.755536,2069.69621,3,0,0,8,168.04669351452773,-11.933096585590521,167.08707851452772,-11.776290585590521,1.1164210000000026,-3.747599999999984e-05,0.17460303256515178,7.218305274828846,428.66404400588453,-2024.8183965642168,-278.85936210041604,477.5026978655982,1,1,2,0,2,1,2,0,1,0,0
986000.0,101,79.301919,-122.726435,0.685588,10.005099,102,79.283773,-122.706031,-1.716143,2.712343,2077.489489,3,0,0,8,168.19013263065787,-11.789818610753583,167.50454463065788,-10.073675610753583,2.401730999999984,-4.319300000000004e-05,0.20094472421081777,7.293256334334991,425.18861234754127,-2033.51351626574,-277.14773696924624,481.03482314855864,1,1,2,0,2,1,2,0,1,0,0
987000.0,101,79.302009,-122.726456,0.407874,10.001945,102,79.28378,-122.706326,-4.286387,2.661389,2084.745394,3,0,0,8,168.39600463476643,-11.584215833033412,167.98813063476643,-7.297828833033411,4.694260999999983,-5.095400000000039e-05,0.27011769615026804,7.347746687931252,419.33867374191897,-2042.135753202657,-276.4983316588647,494.1372528648508,1,1,2,0,2,1,2,0,1,0,0
988000.0,101,79.302093,-122.726466,0.282113,9.928775,102,79.283814,-122.706131,-2.481554,2.690873,2091.314065,3,0,0,8,168.3122855021045,-11.667733530899207,168.03017250210448,-9.186179530899206,2.763666999999998,2.9484000000000065e-05,0.16539585319606948,7.240305110861982,423.65280553104816,-2047.9533243783894,-281.728505960823,470.32020327664964,1,1,2,0,2,1,2,1,1,1,0
989000.0,101,79.30218,-122.726494,-0.033628,9.898884,102,79.28386,-122.705803,0.379589,2.759857,2097.004047,3,0,0,8,168.13932717046558,-11.840342056046948,168.17295517046557,-12.219931056046947,0.4132170000000315,6.898399999999993e-05,-0.024093979678710332,7.139085862170824,431.00248314229316,-2052.233620390124,-287.67364310502006,424.0739091443869,1,1,2,0,2,1,2,1,1,1,0
990000.0,101,79.302276,-122.726492,-0.009033,10.004862,102,79.283881,-122.705837,0.084251,2.746891,2101.619633,3,0,0,8,168.20632752636996,-11.773377069468918,168.21536052636995,-11.857628069468918,0.09328399999998283,-1.296599999999959e-05,-0.005616507028032936,7.257973845388022,429.5457247507195,-2057.2543722542996,-283.4935223737602,427.95361188142624,1,1,2,0,2,1,2,1,1,0,0
991000.0,101,79.302351,-122.726491,0.005452,9.795349,102,79.283925,-122.705558,2.364646,2.814405,2104.966106,3,0,0,8,168.07168791399224,-11.907743517682912,168.06623591399224,-14.272389517682912,2.3591940000000022,6.751399999999962e-05,-0.11518785945625931,6.9833404806103765,435.07056044349235,-2059.51351412031,-296.2189491122795,401.05263104074515,1,1,2,0,2,1,2,0,1,1,0
992000.0,101,79.302449,-122.726473,0.189109,9.944189,102,79.283947,-122.70565,1.574313,2.80234,2106.813634,3,0,0,8,168.17999054848391,-11.799548964100248,167.9908815484839,-13.373861964100248,1.3852040000000443,-1.206499999999977e-05,-0.044168575381766204,7.1428526273879065,431.55525944544956,-2062.1405738826966,-289.2121933463714,418.7971577741559,1,1,2,0,2,1,2,1,1,0,0
993000.0,101,79.302537,-122.72649,-0.003317,9.925514,102,79.284,-122.705347,3.904854,2.897184,2106.890956,3,0,0,8,168.02560996031826,-11.953615118388244,168.02892696031827,-15.858469118388244,3.9081709999999816,9.484400000000015e-05,-0.19787230075966653,7.035055758021403,437.12606227669016,-2061.04592528965,-295.44957203496904,379.0670180373114,1,1,2,0,2,2,2,0,1,1,0
994000.0,101,79.302627,-122.726497,-0.07666,9.946643,102,79.284017,-122.705641,1.509056,2.862267,2112.070021,3,0,0,8,168.22864030414115,-11.750866774559203,168.30530030414116,-13.259922774559202,1.5857159999999908,-3.4917000000000086e-05,-0.08868596076354816,7.085359802591667,430.87648207372604,-2067.6521058443827,-292.6777920771811,404.9656451782577,1,1,2,0,2,1,2,1,1,0,0
995000.0,101,79.302719,-122.726492,-0.014016,9.984885,102,79.28407,-122.705313,3.982472,2.958948,2121.811375,3,0,0,8,168.07585253042157,-11.90333716635279,168.08986853042157,-15.88580916635279,3.9964879999999994,9.66809999999998e-05,-0.2079453245531818,7.033081544054325,438.4013725161831,-2076.0269140007117,-297.7837874100141,376.92365192190664,1,1,2,0,2,1,2,0,1,1,0
996000.0,101,79.302809,-122.726512,-0.220927,9.98504,102,79.284082,-122.70565,1.309047,2.907073,2131.281235,3,0,0,8,168.29694784441838,-11.682553330377512,168.51787484441837,-12.991600330377512,1.5299740000000384,-5.187499999999989e-05,-0.10491389838504799,7.078651475153176,432.3079314665547,-2086.9761750087696,-295.7727746915264,401.3331234290817,1,1,2,0,2,1,2,1,1,0,0
997000.0,101,79.302902,-122.726547,-0.553021,10.049456,102,79.28412,-122.705478,2.608778,2.948051,2140.676915,3,0,0,8,168.21774061778933,-11.761557156077359,168.77076161778933,-14.37033515607736,3.1617989999999736,4.097799999999996e-05,-0.23117981006506494,7.103992226603237,437.1111410971,-2095.5742661005143,-297.0891443530539,368.73310712528115,1,1,2,0,2,1,2,0,1,1,0
998000.0,101,79.302995,-122.726533,-0.361265,10.089168,102,79.284131,-122.705814,-0.056674,2.892294,2149.977264,3,0,0,8,168.45718892749434,-11.52245274999734,168.81845392749435,-11.465778749997341,0.30459100000001627,-5.575699999999983e-05,-0.060753537392227275,7.196674861344004,430.21060688012443,-2106.4949725657457,-293.17970982158243,412.4131169155102,1,1,2,0,2,1,2,1,1,0,0
999000.0,101,79.303083,-122.726556,-0.569351,10.049599,102,79.284156,-122.705789,0.140405,2.891503,2159.155263,3,0,0,8,168.4686676532693,-11.510926856002108,169.03801865326932,-11.651331856002107,0.7097559999999703,-7.909999999999862e-07,-0.10694742613737684,7.157608512359415,431.6232964465503,-2115.5738653389562,-296.38549650636,399.9682314265872,1,1,2,0,2,1,2,0,1,1,0
1000000.0,101,79.303171,-122.726557,-0.53217,10.021285,102,79.284168,-122.706018,-1.697308,2.848083,2168.176389,3,0,0,8,168.6363907067084,-11.343427830238587,169.1685607067084,-9.646119830238588,1.165138000000013,-4.342000000000024e-05,-0.008719376934486572,7.174019327508001,427.20597009598987,-2125.6725789574048,-296.5372975082662,424.62371960024456,1,1,2,0,2,1,2,0,1,0,0
1001000.0,101,79.303258,-122.726527,-0.184801,9.98682,102,79.284187,-122.706087,-2.232152,2.826897,2176.99654,3,0,0,8,168.7290675865811,-11.250848223487115,168.9138685865811,-9.018696223487115,2.047350999999992,-2.1185999999999705e-05,0.07789223984511992,7.16201605316615,425.49098826730744,-2135.0108557277367,-297.7334586463612,448.68987530082813,1,1,2,0,2,1,2,0,1,0,0
1002000.0,101,79.303342,-122.726521,-0.104459,9.908238,102,79.284218,-122.705939,-0.989851,2.843646,2185.559362,3,0,0,8,168.68345345099144,-11.296322827107355,168.78791245099143,-10.306471827107355,0.8853919999999675,1.6748999999999904e-05,0.031060608208839487,7.064999887866691,428.8708481892927,-2143.067782502281,-303.1258517149291,438.2886327466151,1,1,2,0,2,1,2,1,1,1,0
1003000.0,101,79.303427,-122.726518,-0.062834,9.844785,102,79.284238,-122.705966,-1.1944,2.82489,2193.79286,3,0,0,8,168.7368448076986,-11.242960944679723,168.7996788076986,-10.048560944679723,1.1315659999999639,-1.8756000000000218e-05,0.04808761089136087,7.020502856357956,428.48176374822015,-2151.5414220326306,-306.12602890188947,443.20903820754364,1,1,2,0,2,1,2,0,1,0,0
1004000.0,101,79.303514,-122.726532,-0.207456,9.828859,102,79.284244,-122.706285,-3.819636,2.770876,2201.605043,3,0,0,8,168.945339183315,-11.034766256819097,169.15279518331502,-7.215130256819097,3.6121800000000235,-5.401400000000001e-05,0.1489961171954271,7.064073527085973,422.1476214556072,-2160.7536072080047,-305.4241142005119,467.6656809964962,1,1,2,0,2,1,2,0,1,0,0
1005000.0,101,79.303596,-122.726533,-0.203666,9.750398,102,79.284257,-122.70645,-5.169752,2.737015,2208.878379,3,0,0,8,169.0709082036922,-10.909358378594169,169.2745742036922,-5.739606378594169,4.966086000000018,-3.386099999999992e-05,0.21196459522730368,7.024455283087035,418.7901002070116,-2168.8150094423154,-308.41095755096035,484.16823270367234,1,1,2,0,2,1,2,0,1,0,0
1006000.0,101,79.303678,-122.726522,-0.066939,9.662906,102,79.284286,-122.706318,-3.958,2.748008,2215.462702,3,0,0,8,169.03600203297248,-10.944145651908018,169.10294103297247,-6.986145651908018,3.891061000000036,1.099300000000003e-05,0.17839258048326828,6.921445634168084,421.3636109245931,-2175.0236070768815,-313.5104165194663,477.31855852708634,1,1,2,0,2,1,2,1,1,1,0
1007000.0,101,79.303778,-122.726515,0.011529,9.856864,102,79.284307,-122.706342,-4.097036,2.735747,2221.166163,3,0,0,8,169.09579195129922,-10.884386190015054,169.08426295129922,-6.7873501900150535,4.108564999999999,-1.2261000000000078e-05,0.1974411447106385,7.128108055885553,420.1725873072794,-2181.062612703186,-305.1921680164692,480.462946534443,1,1,2,0,2,1,2,0,1,0,0
1008000.0,101,79.303853,-122.726471,0.472796,9.671318,102,79.284348,-122.706079,-1.800843,2.781872,2225.792654,3,0,0,8,168.9990709175072,-10.980892031994552,168.5262749175072,-9.180049031994551,2.273639000000003,4.612499999999997e-05,0.1672269506630858,6.890490699297478,424.7366894992357,-2184.8916868333754,-315.6098018949137,477.6237667159512,1,1,2,0,1,1,2,1,1,1,0
1009000.0,101,79.30394,-122.726475,0.386655,9.680054,102,79.284369,-122.706136,-2.242059,2.772505,2229.147066,3,0,0,8,169.06310278494007,-10.91691223846422,168.67644778494008,-8.674853238464221,2.628714000000002,-9.366999999999682e-06,0.17378847882155357,6.909451022972633,422.9310871977744,-2188.658478917649,-315.3520738133569,477.8351017287579,1,1,2,0,2,1,2,0,1,0,0
1010000.0,101,79.30404,-122.72648,0.301975,9.865663,102,79.284391,-122.706251,-3.149621,2.764061,2230.999082,3,0,0,8,169.16302670215285,-10.81709640257352,168.86105170215285,-7.667475402573521,3.451596000000052,-8.44400000000034e-06,0.20386371500127143,7.105640199646652,419.46162966310044,-2191.2117298712183,-307.0680642457262,482.1512995315611,1,1,2,0,2,1,2,0,1,0,0
1011000.0,101,79.30413,-122.726494,0.127764,9.894153,102,79.28443,-122.706073,-1.606123,2.808351,2235.877131,3,0,0,8,169.09030605229,-10.889628390104034,168.96254205229,-9.283505390104034,1.7338870000000384,4.429000000000016e-05,0.10077674112572893,7.086880730496863,423.16563661791963,-2195.467464781599,-309.05004497238673,454.3412191715127,1,1,2,0,2,1,2,1,1,1,0
1012000.0,101,79.304223,-122.726474,0.319052,9.950047,102,79.284454,-122.706133,-2.06106,2.804426,2245.64055,3,0,0,8,169.16908677163394,-10.810926274441304,168.85003477163394,-8.749866274441304,2.380111999999997,-3.925000000000178e-06,0.15626647930477366,7.1472810086673215,421.98116369307184,-2205.636728315101,-307.43044475986505,470.0963107485831,1,1,2,0,2,1,2,0,1,0,0
1013000.0,101,79.304312,-122.726506,-0.036614,9.947772,102,79.284484,-122.706058,-1.408208,2.818991,2255.131582,3,0,0,8,169.145120564002,-10.834787340520034,169.181734564002,-9.426579340520034,1.371594000000016,1.4565000000000161e-05,0.06292083562275548,7.129630362044045,424.6910918226475,-2214.7812372016137,-310.2253933082298,444.22078787895487,1,1,2,0,2,1,2,1,1,1,0
1014000.0,101,79.304397,-122.726479,0.245198,9.89145,102,79.284511,-122.706016,-1.043891,2.823358,2264.547998,3,0,0,8,169.16830572953202,-10.811587432353209,168.92310772953203,-9.767696432353208,1.28908899999999,4.366999999999788e-06,0.0937673132828847,7.068470008657897,425.56440603844413,-2224.2015582134086,-313.8801784303531,455.0299419529113,1,1,2,0,2,1,2,1,1,0,0
1015000.0,101,79.304495,-122.726491,0.099245,10.030775,102,79.284537,-122.705963,-0.601241,2.826027,2273.868612,3,0,0,8,169.17301056631266,-10.806818722779434,169.07376556631266,-10.205577722779434,0.7004860000000122,2.6690000000000324e-06,0.04702957017240751,7.204888546581628,427.1325859908393,-2233.391192474705,-309.6056759043269,441.70156314782594,1,1,2,0,2,1,2,1,1,1,0
1016000.0,101,79.304584,-122.726505,-0.045222,10.014371,102,79.284567,-122.705838,0.405788,2.839597,2283.066359,3,0,0,8,169.13283140419,-10.846861300203882,169.17805340419,-11.252649300203881,0.4510099999999966,1.3570000000000082e-05,-0.028014883583526183,7.174842096840951,430.4327421618736,-2242.1239158602557,-312.73830341542083,421.6749393821986,1,1,2,0,2,1,2,1,1,1,0
1017000.0,101,79.304672,-122.726499,0.015911,9.993175,102,79.284598,-122.705667,1.746724,2.860696,2292.106661,3,0,0,8,169.0785351943809,-10.900995377778994,169.0626241943809,-12.647719377778994,1.730812999999955,2.109899999999998e-05,-0.08442281471605415,7.133807879118542,434.2700974641877,-2250.5915728645687,-316.36451128953735,407.6102815672003,1,1,2,0,2,1,2,0,1,1,0
1018000.0,101,79.304768,-122.726508,-0.080777,10.082539,102,79.284618,-122.705671,1.693247,2.842952,2300.945337,3,0,0,8,169.11621417730305,-10.863311477958817,169.19699117730306,-12.556558477958816,1.7740239999999972,-1.774399999999998e-05,-0.09821938550458563,7.24081835578485,434.4588615852834,-2259.5563594325467,-313.0043321465919,403.7738971086337,1,1,2,0,2,1,2,0,1,1,0
1019000.0,101,79.304859,-122.726518,-0.169498,10.095457,102,79.284639,-122.70565,1.834535,2.828294,2309.525942,3,0,0,8,169.1372644941245,-10.842230696882567,169.3067624941245,-12.676765696882567,2.0040329999999926,-1.4657999999999838e-05,-0.12040808513889752,7.268568478139502,435.24575021334306,-2268.14267930662,-313.1751179790522,397.6213331030173,1,1,2,0,2,1,2,0,1,1,0
1020000.0,101,79.304949,-122.726506,-0.037768,10.093974,102,79.28467,-122.705462,3.273982,2.848642,2317.776354,3,0,0,8,169.07897748563298,-10.900344764385181,169.11674548563298,-14.174326764385182,3.3117500000000177,2.034799999999981e-05,-0.16934156977196654,7.2499792081120695,439.11599438863124,-2275.7997211164293,-315.864373117188,385.8887648270612,1,1,2,0,2,1,2,0,1,1,0
1021000.0,101,79.305027,-122.726546,-0.43968,9.920972,102,79.284685,-122.705521,2.77184,2.816275,2325.604426,3,0,0,8,169.12160302106554,-10.857737895105686,169.56128302106555,-13.629577895105687,3.2115200000000073,-3.2366999999999814e-05,-0.21232330448326348,7.107699857017423,438.90013266849456,-2283.8131753220023,-323.38622078816525,370.5301678247893,1,1,2,0,2,1,2,1,1,1,0
1022000.0,101,79.30512,-122.726582,-0.770751,9.971013,102,79.284715,-122.705351,4.058676,2.832847,2332.892423,3,0,0,8,169.05070811413353,-10.928430382996554,169.82145911413352,-14.987106382996554,4.82942700000001,1.657200000000003e-05,-0.33463077890280923,7.144368360094077,443.1099544628099,-2290.423678175454,-323.8787021691821,335.55303129405667,1,1,2,0,2,1,2,0,1,1,0
1023000.0,101,79.305208,-122.72655,-0.380835,9.957067,102,79.284733,-122.705371,3.856645,2.809121,2339.489919,3,0,0,8,169.11335072199734,-10.865838866501047,169.49418572199733,-14.722483866501047,4.237480000000005,-2.3725999999999915e-05,-0.2551248135688874,7.154087416017204,441.85157148260697,-2297.3855292225066,-323.93065444830114,359.7675477203787,1,1,2,0,2,1,2,1,1,0,0
1024000.0,101,79.305303,-122.726528,-0.117343,10.037045,102,79.284747,-122.705493,2.845776,2.770751,2345.204729,3,0,0,8,169.22725427681826,-10.752076801859376,169.34459727681826,-13.597852801859375,2.963119000000006,-3.8370000000000014e-05,-0.15811760301615632,7.269689866963427,438.35169541056797,-2303.8734800449965,-318.617313151145,388.17001772280514,1,1,2,0,2,1,2,1,1,0,0
1025000.0,101,79.305389,-122.726509,0.08463,9.981662,102,79.28478,-122.705298,4.322093,2.80179,2349.84041,3,0,0,8,169.16654950968837,-10.812608627878328,169.08191950968836,-15.134701627878329,4.237462999999991,3.1038999999999816e-05,-0.19640831865074698,7.187828987596525,441.6636967217206,-2307.9608167096494,-323.80844270119013,378.5685542958828,1,1,2,0,2,1,2,0,1,1,0
1026000.0,101,79.305483,-122.72649,0.270071,10.050293,102,79.284826,-122.704947,6.86008,2.882816,2353.201516,3,0,0,8,169.026057423758,-10.95277448675372,168.755986423758,-17.81285448675372,6.590009000000009,8.102600000000005e-05,-0.296965135811308,7.188003993222603,447.9614260799673,-2310.170542546394,-326.6745718085893,352.99825506426134,1,1,2,0,2,1,2,0,1,1,0
1027000.0,101,79.305576,-122.726503,0.110326,10.092049,102,79.284845,-122.705095,5.634542,2.852164,2355.057324,3,0,0,8,169.13119981115406,-10.847764746077816,169.02087381115408,-16.482306746077818,5.524216000000024,-3.06519999999999e-05,-0.26060091272611047,7.253646837096017,444.071256946912,-2312.8112153999145,-322.7999772354551,361.08893539169287,1,1,2,0,2,1,2,1,1,0,0
1028000.0,101,79.305675,-122.726535,-0.220955,10.219,102,79.284881,-122.704956,6.526093,2.893434,2355.135487,3,0,0,8,169.07889281573492,-10.899903712635837,169.29984781573492,-17.425996712635836,6.747048000000007,4.1269999999999915e-05,-0.3682635931852891,7.344238889614633,446.19731324650667,-2312.481593392329,-319.993828192313,330.5043755725219,1,1,2,0,2,2,2,0,1,1,0
1029000.0,101,79.305763,-122.726521,-0.054649,10.167811,102,79.284926,-122.704722,8.034221,2.962253,2360.082806,3,0,0,1,168.99251064416652,-10.986069708051737,169.04715964416653,-19.02029070805174,8.088869999999986,6.881899999999997e-05,-0.4237160134406994,7.234628574434466,450.62785310665913,-2316.662554016298,-327.2582960545298,316.0932050434599,1,1,2,0,2,1,2,0,1,1,0
1030000.0,101,79.305853,-122.726509,0.068794,10.150604,102,79.284957,-122.704655,8.331719,2.981504,2369.864945,3,0,0,1,168.99584349419465,-10.98268281086074,168.92704949419465,-19.31440181086074,8.262924999999996,1.9251000000000128e-05,-0.41984415726400776,7.200560306209611,452.36031063656725,-2326.2910408847474,-330.52752139554605,318.1536052421838,1,1,2,0,2,1,2,0,1,0,0
1031000.0,101,79.305933,-122.726501,0.141329,9.988346,102,79.284985,-122.704627,8.376817,2.987294,2379.374397,3,0,0,1,169.01272123856182,-10.965785410704516,168.8713922385618,-19.342602410704515,8.235488000000032,5.78999999999974e-06,-0.4105593754285718,7.0328919776135255,453.48744669809093,-2335.7593319488974,-339.873563083013,318.6504616392777,1,1,2,0,2,1,2,1,1,0,0
1032000.0,101,79.306023,-122.726523,-0.09277,10.002274,102,79.284996,-122.704991,5.611557,2.919663,2388.809916,3,0,0,1,169.22014119327523,-10.758701501011576,169.31291119327523,-16.370258501011577,5.704326999999978,-6.763099999999999e-05,-0.30169037822374467,7.096589800092799,446.79345011702577,-2346.6547312530774,-335.00682354858793,347.09004014797733,1,1,2,0,2,1,2,1,1,0,0
1033000.0,101,79.306117,-122.726464,0.506115,10.070654,102,79.285032,-122.704793,6.927194,2.959156,2398.150787,3,0,0,1,169.18136370562925,-10.797342402931054,168.67524870562926,-17.724536402931054,6.421078999999963,3.949300000000022e-05,-0.2679412363510481,7.132706320465544,450.1348405048796,-2355.5266550290544,-335.58037074273983,362.22511755729073,1,1,2,0,1,1,2,0,1,0,0
1034000.0,101,79.306198,-122.726418,0.949553,9.926587,102,79.285062,-122.704667,7.705826,2.976973,2407.370732,3,0,0,1,169.16797928273266,-10.810648214034623,168.21842628273265,-18.516474214034623,6.7562730000000215,1.7816999999999972e-05,-0.23466916086866185,6.975134164931667,452.417791137901,-2364.4771057365133,-345.14633776984164,373.89934920172493,1,1,2,0,2,1,2,0,1,0,0
1035000.0,101,79.306288,-122.726446,0.580092,9.954107,102,79.285081,-122.704746,7.038653,2.945987,2416.436317,3,0,0,1,169.22813406267372,-10.750543542788078,168.6480420626737,-17.789196542788076,6.4585610000000315,-3.098599999999996e-05,-0.26021924601235547,7.029811639724871,451.629428552695,-2373.8566370742974,-343.229856510678,364.4057271070784,1,1,2,0,2,1,2,1,1,1,0
1036000.0,101,79.306373,-122.726469,0.291689,9.888207,102,79.285093,-122.704952,5.445974,2.892113,2425.305021,3,0,0,1,169.3527033169895,-10.626154100672247,169.0610143169895,-16.072128100672245,5.154284999999959,-5.387399999999998e-05,-0.22414212796261915,7.009020477785429,448.10586547420985,-2383.5489460498648,-343.9455245787513,372.00687522863336,1,1,2,0,2,1,2,1,1,0,0
1037000.0,101,79.306461,-122.726454,0.423838,9.880905,102,79.285104,-122.705156,3.841773,2.840576,2433.922796,3,0,0,1,169.4958076072742,-10.483264996144817,169.0719696072742,-14.325037996144816,3.417935,-5.153700000000017e-05,-0.11723041470306914,7.046441757156605,443.7223090727466,-2393.134072575042,-341.6395419104392,403.9217627134796,1,1,2,0,2,1,2,1,1,0,0
1038000.0,101,79.306542,-122.726433,0.60517,9.773225,102,79.285119,-122.705266,2.947483,2.805129,2442.220988,3,0,0,1,169.59047359918307,-10.388727721428113,168.98530359918308,-13.336210721428113,2.34231299999999,-3.544700000000001e-05,-0.04101647892751445,6.971261797443512,441.2670290914918,-2402.0255542488435,-345.535371509417,427.1483870241793,1,1,2,0,2,1,2,1,1,0,0
1039000.0,101,79.306629,-122.726431,0.581054,9.767236,102,79.285132,-122.705425,1.663695,2.763751,2450.112479,3,0,0,1,169.70276127093823,-10.276598244753684,169.12170727093823,-11.940293244753684,1.0826410000000237,-4.1377999999999915e-05,0.01881118756687203,7.0041477826166485,437.9693619274101,-2410.650119317281,-344.18187294357324,444.44383457492887,1,1,2,0,2,1,2,1,1,0,0
1040000.0,101,79.306721,-122.726436,0.471132,9.834774,102,79.285138,-122.705786,-1.287258,2.705336,2457.486887,3,0,0,1,169.9131696711965,-10.066539646621367,169.4420376711965,-8.779281646621367,1.7583900000000199,-5.8415000000000104e-05,0.14164388800474847,7.129788260689544,430.405308500402,-2419.5026493458577,-338.12046765587775,478.3784994403514,1,1,2,0,2,1,2,0,1,0,0
1041000.0,101,79.306815,-122.726436,0.430607,9.916225,102,79.285146,-122.706108,-3.963515,2.659669,2464.204692,3,0,0,1,170.10595761164421,-9.874068099887838,169.6753506116442,-5.910553099887838,4.394121999999982,-4.56669999999999e-05,0.2583643717707769,7.26263716887355,423.41608086245344,-2427.5550635447785,-332.83139972500163,509.5124088537113,1,1,2,0,2,1,2,0,1,0,0
1042000.0,101,79.306908,-122.726443,0.321476,9.981573,102,79.285168,-122.706056,-3.461808,2.652466,2473.999323,3,0,0,1,170.1095936201025,-9.870374114240205,169.7881176201025,-6.408566114240205,3.7832840000000374,-7.203000000000071e-06,0.21616882919145455,7.333789918087322,424.944393067885,-2437.2309929517605,-331.1486812151544,496.6038625651739,1,1,2,0,2,1,2,1,1,1,0
1043000.0,101,79.307003,-122.726446,0.256147,10.059774,102,79.28517,-122.706559,-7.75362,2.604194,2483.53272,3,0,0,1,170.38790473333066,-9.592554297868602,170.13175773333066,-1.8389342978686027,8.00976700000001,-4.827199999999987e-05,0.3963141768354144,7.479288639251446,414.6925672113078,-2448.665931892363,-327.5588164177929,544.5101841018218,1,1,2,0,2,1,2,0,1,0,0
1044000.0,101,79.307089,-122.726446,0.23755,10.005052,102,79.285188,-122.706551,-7.593377,2.586029,2492.996312,3,0,0,1,170.41342772877985,-9.567023438262716,170.17587772877985,-1.9736464382627155,7.830926999999974,-1.816500000000021e-05,0.38320368029802415,7.441614358638047,415.17778715208794,-2458.181851837064,-330.4722616373248,541.8170212769055,1,1,2,0,2,1,2,1,1,1,0
1045000.0,101,79.307177,-122.726444,0.241722,9.974253,102,79.285209,-122.706465,-6.737431,2.574693,2502.371029,3,0,0,1,170.40253648435532,-9.577832140729898,170.1608144843553,-2.840401140729898,6.979152999999997,-1.1336000000000013e-05,0.3441415110125523,7.417251506410256,417.2080513007357,-2467.3463900936895,-332.4072362671152,531.6062215395165,1,1,2,0,2,1,2,1,1,1,0
1046000.0,101,79.307254,-122.726439,0.271047,9.802401,102,79.285232,-122.706319,-5.371043,2.569816,2511.63273,3,0,0,1,170.35934466872266,-9.620885406432873,170.08829766872265,-4.249842406432872,5.642089999999996,-4.87700000000002e-06,0.28691968895065656,7.2437583512747175,420.6189571515257,-2476.162083404884,-341.0198888990295,518.4978060324186,1,1,2,0,2,1,2,1,1,1,0
1047000.0,101,79.30735,-122.726437,0.27041,9.914238,102,79.285246,-122.706333,-5.449951,2.542607,2520.75089,3,0,0,1,170.4019514566412,-9.578294336537692,170.1315414566412,-4.128343336537691,5.720361000000025,-2.7209000000000037e-05,0.2882777130518819,7.3830143335862335,420.29781365622347,-2485.464704491212,-335.945606870498,517.1693218356448,1,1,2,0,2,1,2,0,1,1,0
1048000.0,101,79.307438,-122.726411,0.507413,9.910867,102,79.285258,-122.706382,-5.84242,2.510818,2529.686945,3,0,0,1,170.46927405309452,-9.511045431896658,169.9618610530945,-3.6686254318966585,6.34983299999999,-3.178899999999985e-05,0.34335307841805884,7.412702501447749,418.8567014333611,-2494.7695491503414,-335.5287704080586,534.1155341753615,1,1,2,0,2,1,2,0,1,0,0
1049000.0,101,79.307534,-122.726405,0.519343,10.010803,102,79.285283,-122.706179,-3.951234,2.512064,2538.392259,3,0,0,1,170.40742749555267,-9.57269841307697,169.88808449555268,-5.621464413076971,4.470576999999992,1.2460000000000805e-06,0.26383891683229477,7.504298780301919,423.0000377481909,-2502.8995642286873,-332.17144124253076,510.7413701163261,1,1,2,0,2,1,2,1,1,1,0
1050000.0,101,79.307629,-122.726437,0.151151,10.084454,102,79.285307,-122.705982,-2.15404,2.513554,2546.805635,3,0,0,1,170.3311541126499,-9.648746776362193,170.1800031126499,-7.494706776362193,2.305191000000036,1.4899999999999912e-06,0.12107862265666791,7.572641016593868,427.74463106587865,-2510.6281032964775,-330.8613768129391,467.833038351421,1,1,2,0,2,1,2,1,1,1,0
1051000.0,101,79.307711,-122.726457,-0.058029,9.96506,102,79.285317,-122.70607,-2.925258,2.473639,2554.850346,3,0,0,1,170.39311155293422,-9.5868561499294,170.45114055293422,-6.6615981499294,2.867229000000009,-3.991500000000014e-05,0.11614514604153259,7.494639147140017,426.3720453636175,-2519.0210736293507,-335.7288995194942,465.37407961383065,1,1,2,0,2,1,2,0,1,1,0
1052000.0,101,79.307809,-122.726486,-0.350785,10.085197,102,79.285316,-122.70649,-6.7733,2.416012,2562.576325,3,0,0,1,170.61478123007737,-9.365570666832276,170.96556623007737,-2.5922706668322766,6.422515000000033,-5.76270000000001e-05,0.22320267598673507,7.685858357821601,417.8830109306065,-2528.2743543029655,-330.10920612305887,491.64480008733256,1,1,2,0,0,1,2,0,1,0,0
1053000.0,101,79.307889,-122.726496,-0.422279,9.935764,102,79.285335,-122.706358,-5.468456,2.403233,2572.38037,3,0,0,1,170.57444543749924,-9.405766926738725,170.99672443749924,-3.937310926738725,5.046177,-1.2778999999999652e-05,0.15579514323337568,7.543198707447226,421.26836205086,-2537.651224084256,-337.1274616398339,473.8215940282122,1,1,2,0,2,1,2,1,1,1,0
1054000.0,101,79.307976,-122.72651,-0.530335,9.914493,102,79.285359,-122.706129,-3.276362,2.404962,2581.946389,3,0,0,1,170.48888188691623,-9.491091701407724,171.01921688691624,-6.214729701407723,2.7460270000000264,1.7289999999996475e-06,0.04568058968667803,7.513037247482821,426.63821144770856,-2546.453807199895,-339.2928501804746,442.14534665661847,1,1,2,0,2,1,2,1,1,1,0
1055000.0,101,79.308063,-122.726502,-0.404632,9.881379,102,79.285361,-122.706348,-5.329579,2.350528,2591.450869,3,0,0,1,170.62751541701363,-9.352681219057965,171.03214741701362,-4.023102219057965,4.9249470000000315,-5.443399999999965e-05,0.14854459159078742,7.540766205248259,422.02336459826563,-2556.856250588604,-339.7504321323048,472.5192187873587,1,1,2,0,2,1,2,0,1,0,0
1056000.0,101,79.308159,-122.726526,-0.608917,9.991076,102,79.285383,-122.706139,-3.289565,2.345796,2600.877639,3,0,0,1,170.55137025564,-9.428597430225963,171.16028725564,-6.139032430225964,2.6806479999999624,-4.73200000000018e-06,0.02842771634967635,7.648580984983884,426.9685406358113,-2565.592009333818,-335.91984284045634,436.5338091746751,1,1,2,0,2,1,2,1,1,1,0
1057000.0,101,79.30824,-122.726538,-0.687409,9.878439,102,79.285402,-122.705964,-1.60777,2.335761,2610.206446,3,0,0,1,170.49170723470107,-9.488076701187987,171.17911623470107,-7.880306701187987,0.920361000000014,-1.0034999999999795e-05,-0.052979318030048156,7.542886595212989,431.180930017519,-2574.346654265734,-341.82328541806066,413.0906124687486,1,1,2,0,2,1,2,1,1,1,0
1058000.0,101,79.308332,-122.726555,-0.806149,9.921613,102,79.285405,-122.706087,-2.78612,2.283611,2619.411987,3,0,0,1,170.57587729524116,-9.404010793360282,171.38202629524116,-6.6178907933602815,1.9799709999999777,-5.215000000000014e-05,-0.028590715618268953,7.639719317728804,428.9059632245859,-2584.0585969264857,-338.9220688993036,419.248323265727,1,1,2,0,2,1,2,0,1,0,0
1059000.0,101,79.308417,-122.726534,-0.518244,9.872653,102,79.285427,-122.705835,-0.333994,2.287064,2628.462747,3,0,0,1,170.49710512339266,-9.482555980400459,171.01534912339267,-9.148561980400459,0.18424999999996317,3.4529999999999282e-06,-0.07596566668045387,7.585224004044681,433.9524650309232,-2592.393039348079,-342.296788287532,407.96931794925206,1,1,2,0,2,1,2,1,1,1,0
1060000.0,101,79.308502,-122.72656,-0.745164,9.82625,102,79.285429,-122.705983,-1.780779,2.230115,2637.319665,3,0,0,1,170.58548562293447,-9.39429535550139,171.33064962293446,-7.61351635550139,1.035615000000007,-5.694899999999992e-05,-0.05849049894583831,7.596381035556789,431.40188261150723,-2601.796961923616,-343.09854179365107,411.35860476001574,1,1,2,0,2,1,2,0,1,0,0
1061000.0,101,79.308586,-122.726554,-0.628415,9.755357,102,79.285447,-122.705786,0.175171,2.224118,2645.934697,3,0,0,1,170.52630125030456,-9.45329204752664,171.15471625030455,-9.62846304752664,0.8035859999999957,-5.997000000000252e-06,-0.11379354959131473,7.530662639789265,435.50719962773644,-2609.8474859387643,-347.3323964331086,396.0254234516429,1,1,2,0,2,1,2,1,1,1,0
1062000.0,101,79.308682,-122.726567,-0.696052,9.893371,102,79.285464,-122.705612,1.88092,2.215533,2654.499703,3,0,0,1,170.47449779170486,-9.504911755496355,171.17054979170487,-11.385831755496355,2.576972000000012,-8.58499999999962e-06,-0.19290466508136106,7.678301685189149,439.2840847710767,-2617.8995714301045,-342.3741044688716,373.3991741158052,1,1,2,0,2,1,2,0,1,1,0
1063000.0,101,79.30877,-122.726563,-0.602375,9.881311,102,79.28547,-122.705641,1.591061,2.170706,2664.31107,3,0,0,1,170.5220944297252,-9.457347540195544,171.1244694297252,-11.048408540195544,2.1934360000000197,-4.482700000000017e-05,-0.16415566623519065,7.710895799773045,438.7248079669283,-2627.941023044263,-342.0097958923432,382.6940311956033,1,1,2,0,2,1,2,1,1,0,0
1064000.0,101,79.308854,-122.726576,-0.687625,9.807307,102,79.285467,-122.705871,-0.754903,2.10179,2673.922436,3,0,0,1,170.6529273533847,-9.326727838771454,171.3405523533847,-8.571824838771454,0.06727799999998751,-6.89160000000002e-05,-0.09000638378877134,7.704993154390431,434.2838828643916,-2638.4197359079167,-343.0479226103924,403.4354871690431,1,1,2,0,2,1,2,1,1,0,0
1065000.0,101,79.308945,-122.72655,-0.351355,9.85454,102,79.285475,-122.705825,-0.273063,2.067996,2683.48502,3,0,0,1,170.67656994207832,-9.303065594676365,171.02792494207833,-9.030002594676365,0.07829200000003311,-3.379399999999988e-05,-0.05057491444162296,7.786382195460899,434.74433474847905,-2648.034972572776,-340.4304967130779,417.53573743157716,1,1,2,0,2,1,2,0,1,0,0
1066000.0,101,79.309027,-122.726543,-0.258936,9.774051,102,79.285472,-122.706033,-2.524166,2.004032,2692.986779,3,0,0,1,170.80435336200384,-9.175493431934392,171.06328936200384,-6.651327431934392,2.265229999999974,-6.39639999999999e-05,0.04408750987938244,7.771863629750099,430.3559410454822,-2658.3776172462126,-342.1394655198785,445.4405427374496,1,1,2,0,2,1,2,0,1,0,0
1067000.0,101,79.309111,-122.726528,-0.077438,9.722375,102,79.285478,-122.706014,-2.323633,1.966075,2702.412899,3,0,0,1,170.8324358320903,-9.147407028437518,170.9098738320903,-6.823774028437518,2.246195,-3.7957000000000016e-05,0.0665721549859054,7.757907711939027,430.55472604693017,-2667.8939455233667,-343.74574977731555,453.4400699083557,1,1,2,0,2,1,2,1,1,0,0
1068000.0,101,79.309208,-122.726535,-0.139569,9.859546,102,79.285475,-122.7062,-4.458666,1.907602,2711.745261,3,0,0,1,170.94875293474706,-9.03126580880339,171.08832193474706,-4.57259980880339,4.319096999999999,-5.8472999999999994e-05,0.12427953507247391,7.957687769778901,426.6058540792165,-2677.97867912,-336.86971677672,468.4797931755766,1,1,2,0,2,1,2,0,1,0,0
1069000.0,101,79.309302,-122.726572,-0.505404,9.936886,102,79.285479,-122.706206,-4.540957,1.867632,2720.961882,3,0,0,1,170.9688671866395,-9.011121092943208,171.4742711866395,-4.470164092943208,4.035552999999993,-3.997000000000006e-05,0.06021183708829966,8.074729919418495,427.112440165495,-2687.230642641762,-333.6550352457399,447.25632613811365,1,1,2,0,2,1,2,1,1,1,0
1070000.0,101,79.309402,-122.726571,-0.449836,10.106968,102,79.285486,-122.706132,-3.66993,1.837498,2730.036468,3,0,0,1,170.971697975768,-9.008218570148012,171.421533975768,-5.338288570148012,3.2200940000000173,-3.0133999999999885e-05,0.03826542825028979,8.272926572100713,428.40367789986595,-2696.2139020062523,-326.4672047227218,440.92034601718456,1,1,2,0,2,1,2,1,1,1,0
1071000.0,101,79.309496,-122.726559,-0.285332,10.152867,102,79.285484,-122.70629,-5.623861,1.784588,2739.1346,3,0,0,1,171.08079503840375,-8.899288547258392,171.36612703840376,-3.275427547258392,5.338528999999994,-5.2910000000000013e-05,0.12432401219421707,8.3767429056024,424.6796238739493,-2706.012855472686,-324.10086505329474,465.0582510668954,1,1,2,0,2,1,2,0,1,0,0
1072000.0,101,79.309589,-122.726587,-0.542766,10.188322,102,79.285482,-122.706419,-7.289408,1.735722,2748.951862,3,0,0,1,171.15895413121473,-8.821228694542976,171.70172013121473,-1.5318206945429758,6.7466420000000085,-4.886600000000008e-05,0.12371748034709615,8.466171111706634,422.4967188763585,-2716.290275749626,-323.1679133887332,462.89781999596147,1,1,2,0,2,1,2,0,1,1,0
1073000.0,101,79.309675,-122.726597,-0.601931,10.104955,102,79.285487,-122.706374,-6.730798,1.701645,2758.617779,3,0,0,1,171.16444662957238,-8.815682149933668,171.7663776295724,-2.084884149933668,6.128867000000014,-3.407699999999991e-05,0.09328313149170733,8.414480457414154,423.72100285950813,-2725.8819788007377,-326.0298890274775,454.47076779156885,1,1,2,0,2,1,2,1,1,1,0
1074000.0,101,79.30976,-122.726537,0.05836,10.02461,102,79.285487,-122.706437,-7.60659,1.65806,2768.249749,3,0,0,1,171.24762770606478,-8.73262193108215,171.18926770606478,-1.1260319310821503,7.664949999999976,-4.358499999999998e-05,0.22968886600851288,8.381135193978684,421.2288088548692,-2736.014064918028,-328.2801890344232,496.86817180244947,1,1,2,0,1,1,2,0,1,0,0
1075000.0,101,79.309843,-122.726547,-0.0444,9.928752,102,79.285482,-122.70662,-10.168727,1.609558,2777.840054,3,0,0,1,171.35268190221046,-8.627737723100049,171.39708190221046,1.5409892768999516,10.124326999999994,-4.8502000000000045e-05,0.27646942958788456,8.344473767279759,417.6534281840414,-2746.263093647956,-333.31703117708315,511.01174254652796,1,1,2,0,2,1,2,0,1,0,0
1076000.0,101,79.309921,-122.726546,-0.038064,9.765211,102,79.285481,-122.706689,-11.214175,1.568297,2787.37944,3,0,0,1,171.4100417936993,-8.57044661149742,171.44810579369928,2.643728388502579,11.176110999999992,-4.126099999999999e-05,0.29851030841469633,8.226855227283115,416.32870552555426,-2756.1122167811186,-340.44507421431246,519.878608351018,1,1,2,0,2,1,2,0,1,0,0
1077000.0,101,79.310007,-122.726537,0.060918,9.756117,102,79.285478,-122.706809,-13.031225,1.526711,2796.856951,3,0,0,1,171.49553706484545,-8.485078093787278,171.43461906484546,4.546146906212721,13.092143000000021,-4.158600000000012e-05,0.3546187924308025,8.268717375605961,413.61724006842985,-2766.1036826328823,-342.14772226197033,538.6484136976903,1,1,2,0,2,1,2,0,1,0,0
1078000.0,101,79.310092,-122.72649,0.547039,9.720172,102,79.285517,-122.706224,-4.346624,1.567962,2806.259881,3,0,0,1,171.28325612001998,-8.696830392777164,170.73621712001997,-4.350206392777164,4.893663000000004,4.125100000000015e-05,0.21163929311777896,8.156276759153096,425.28780694505514,-2773.8465712749867,-339.6514467290159,497.18411144888273,1,1,2,0,1,1,2,1,1,1,0
1079000.0,101,79.310185,-122.726479,0.61334,9.804315,102,79.285511,-122.706414,-7.130195,1.513758,2815.673569,3,0,0,1,171.4025159057067,-8.57776810800418,170.7891759057067,-1.447573108004181,7.7435350000000085,-5.420400000000014e-05,0.29284558533877625,8.301701655938249,420.920465318409,-2784.0336939486438,-336.1978511214478,519.4214302290954,1,1,2,0,2,1,2,0,1,0,0
1080000.0,101,79.310276,-122.726491,0.43316,9.852769,102,79.285512,-122.706387,-6.783349,1.476798,2825.495731,3,0,0,1,171.41689491635407,-8.563350772728631,170.98373491635408,-1.7800017727286308,7.216508999999974,-3.695999999999988e-05,0.2489194718809663,8.386027204602795,421.6876645600541,-2793.8513989575595,-334.10521159456613,504.9157690044746,1,1,2,0,2,1,2,1,1,1,0
1081000.0,101,79.310375,-122.726489,0.412469,10.003083,102,79.28553,-122.706064,-1.959125,1.480735,2835.21446,3,0,0,1,171.30993404782194,-8.66999622086061,170.89746504782195,-6.710871220860609,2.371593999999959,3.9369999999998574e-06,0.12263216887999395,8.522954331250048,428.37093975996237,-2802.666475369886,-328.26152153317173,468.6520679729923,1,1,2,0,2,1,2,1,1,1,0
1082000.0,101,79.310463,-122.726474,0.529333,9.98555,102,79.285527,-122.706131,-2.990694,1.432567,2844.91225,3,0,0,1,171.3754045995104,-8.604606240073515,170.8460715995104,-5.613912240073516,3.5200270000000273,-4.816799999999999e-05,0.1669936304536932,8.554507985435656,426.62239753630615,-2812.7422633651377,-328.2091737703322,481.4579795443506,1,1,2,0,2,1,2,0,1,0,0
1083000.0,101,79.310543,-122.726509,0.125169,9.849763,102,79.285525,-122.706164,-3.536736,1.388798,2854.584774,3,0,0,1,171.40241646325265,-8.577592408544497,171.27724746325265,-5.040856408544498,3.661905000000047,-4.3768999999999946e-05,0.10719074392165788,8.463586529550215,426.7422750424356,-2822.5069110002614,-333.5345481147677,462.49425716284594,1,1,2,0,2,1,2,0,1,1,0
1084000.0,101,79.310634,-122.726471,0.504837,9.88214,102,79.285524,-122.706162,-3.540379,1.349326,2864.227034,3,0,0,1,171.44838358722407,-8.53166065543944,170.94354658722406,-4.99128165543944,4.045215999999982,-3.947199999999995e-05,0.1703945994818114,8.535005555420422,425.91151097004297,-2832.383428690341,-331.44404522255655,482.4005317697834,1,1,2,0,2,1,2,0,1,0,0
1085000.0,101,79.310723,-122.726489,0.272693,9.898273,102,79.285517,-122.706339,-6.556486,1.29628,2873.833416,3,0,0,1,171.54620557972132,-8.433994894709294,171.2735125797213,-1.877508894709294,6.8291790000000105,-5.3045999999999925e-05,0.1951223053609321,8.610358863257272,422.4873707815051,-2842.6084718878114,-331.3430110314234,487.25022630729126,1,1,2,0,2,1,2,0,1,0,0
1086000.0,101,79.31081,-122.7265,0.140544,9.869632,102,79.285518,-122.706301,-5.960061,1.261766,2883.425754,3,0,0,1,171.55434447843587,-8.425807845381728,171.41380047843586,-2.4657468453817284,6.100604999999973,-3.451400000000016e-05,0.15522545594798523,8.614656761821863,423.4924112315832,-2852.156772770341,-332.1440552703881,475.1377402065146,1,1,2,0,2,1,2,1,1,1,0
1087000.0,101,79.310906,-122.726506,0.070147,9.980088,102,79.285524,-122.706129,-2.989883,1.243517,2893.252052,3,0,0,1,171.51077357833213,-8.469203838089953,171.44062657833214,-5.479320838089953,3.06003000000004,-1.824899999999996e-05,0.07707995710676366,8.738256244995457,427.11181925448074,-2861.552538440512,-327.52637529833095,452.35776891325935,1,1,2,0,2,1,2,1,1,1,0
1088000.0,101,79.310989,-122.726515,-0.027543,9.89087,102,79.285535,-122.705883,1.29258,1.241121,2903.012908,3,0,0,1,171.43006625095668,-8.54966059752616,171.4576092509567,-9.84224059752616,1.3201229999999669,-2.396000000000065e-06,-0.032751737473254744,8.65006367402731,432.5967299694148,-2870.5999396004986,-332.1400124638105,421.72558177117395,1,1,2,0,2,1,2,1,1,1,0
1089000.0,101,79.311087,-122.726529,-0.172303,10.023957,102,79.285542,-122.705709,4.290203,1.230005,2912.762096,3,0,0,1,171.3834936563913,-8.596048458393271,171.5557966563913,-12.886251458393271,4.462506000000019,-1.1115999999999903e-05,-0.12215902709555873,8.79735322216283,436.39056512237585,-2879.8865086260753,-329.0324753122375,396.46994395565105,1,1,2,0,2,1,2,0,1,1,0
1090000.0,101,79.311182,-122.726541,-0.2743,10.0994,102,79.28553,-122.705987,-0.631879,1.158845,2922.497504,3,0,0,1,171.52692838703092,-8.452875098542592,171.80122838703093,-7.820996098542592,0.35757900000004383,-7.116000000000011e-05,-0.03557015680000748,8.940509734801967,430.6141328788638,-2890.59909524846,-323.51933645060876,419.1104888654472,1,1,2,0,2,1,2,1,1,0,0
1091000.0,101,79.311269,-122.726547,-0.314814,10.048474,102,79.285534,-122.705861,1.708917,1.13842,2932.216855,3,0,0,1,171.50040954979232,-8.479264228538065,171.81522354979234,-10.188181228538065,2.023730999999998,-2.0424999999999917e-05,-0.08916121353375366,8.910408652666915,433.3885173888288,-2900.0120823440725,-326.0754689475909,404.3520115697672,1,1,2,0,2,1,2,0,1,1,0
1092000.0,101,79.311364,-122.726515,0.040001,10.12328,102,79.285526,-122.705993,-0.817919,1.084897,2941.917859,3,0,0,1,171.5999575230706,-8.37987740001577,171.5599565230706,-7.5619584000157705,0.8579200000000355,-5.352299999999999e-05,0.0225543492457891,9.038491074678017,429.7664282540314,-2910.357625146593,-321.9119551008984,437.0276025136759,1,1,2,0,2,1,2,1,1,0,0
1093000.0,101,79.311455,-122.726528,-0.09523,10.128381,102,79.285521,-122.706066,-2.316672,1.040061,2951.627801,3,0,0,1,171.6547334113382,-8.325160465359234,171.7499634113382,-6.008488465359234,2.2214419999999677,-4.48360000000001e-05,0.025207763160124394,9.08915607781193,428.39315424383625,-2920.3742878324883,-321.4622251278118,436.49889314911303,1,1,2,0,2,1,2,0,1,1,0
1094000.0,101,79.31154,-122.72653,-0.105555,10.041137,102,79.285524,-122.70593,0.490612,1.021602,2961.457966,3,0,0,1,171.6253540860117,-8.354404187851548,171.7309090860117,-8.845016187851549,0.5961669999999799,-1.8459000000000004e-05,-0.027246259764536367,9.01955541261818,431.32228321227007,-2929.879583257546,-324.9905049505512,422.4697951087956,1,1,2,0,2,1,2,1,1,1,0
1095000.0,101,79.311636,-122.726494,0.264845,10.13544,102,79.285529,-122.705764,3.979435,1.010976,2971.253384,3,0,0,1,171.6022158679405,-8.377414663478488,171.33737086794048,-12.356849663478489,3.714590000000044,-1.0625999999999803e-05,-0.023310067718246494,9.126793158927818,433.93601453957183,-2939.3955513365268,-323.0426659753298,426.4997442345106,1,1,2,0,2,1,2,0,1,0,0
1096000.0,101,79.31173,-122.726484,0.334746,10.176377,102,79.285526,-122.705763,4.068297,0.974507,2981.044258,3,0,0,1,171.63644120607927,-8.34319816575382,171.30169520607927,-12.41149516575382,3.733550999999977,-3.646900000000009e-05,-0.00968258458413706,9.204151892119782,433.6042243237479,-2949.3409848309116,-321.3744105639709,430.5791411904782,1,1,2,0,2,1,2,0,1,0,0
1097000.0,101,79.311805,-122.726458,0.580073,9.942154,102,79.285525,-122.705713,5.23174,0.94645,2990.830124,3,0,0,1,171.65076341828595,-8.328852368455422,171.07069041828595,-13.560592368455422,4.651666999999975,-2.8057e-05,0.014353137402594168,8.999137347895866,434.2879359544009,-2959.1314298811267,-330.2473574127015,439.2148646040448,1,1,2,0,2,1,2,0,1,0,0
1098000.0,101,79.311894,-122.726472,0.38501,9.945771,102,79.285534,-122.70545,10.869797,0.963137,3000.61071,3,0,0,1,171.56618644102858,-8.413157159817418,171.18117644102858,-19.282954159817418,10.484786999999983,1.6687000000000008e-05,-0.11479422598127925,8.99968981100132,440.0900609213254,-2968.161951653745,-337.0506244304005,406.65766140668444,1,1,2,0,2,1,2,0,1,1,0
1099000.0,101,79.311977,-122.726495,0.117272,9.855475,102,79.285528,-122.705505,9.932278,0.916831,3010.388663,3,0,0,1,171.60676972265358,-8.372605319046624,171.48949772265357,-18.304883319046624,9.815005999999983,-4.630600000000007e-05,-0.13796671644310562,8.952364532836665,439.41481637783176,-2978.1461551553452,-338.9333076148801,396.64185797134076,1,1,2,0,2,1,2,1,1,1,0
1100000.0,101,79.312059,-122.726495,0.110432,9.762845,102,79.285526,-122.705473,10.85191,0.88762,3020.222104,3,0,0,1,171.6203884858678,-8.358955109622427,171.5099564858678,-19.210865109622425,10.741477999999972,-2.921099999999999e-05,-0.1482963585353339,8.891080103516318,440.139958783948,-2987.978978201127,-343.5400655006752,394.828449697294,1,1,2,0,2,1,2,0,1,1,0
1101000.0,101,79.312151,-122.726522,-0.178361,9.82774,102,79.285535,-122.705213,16.531045,0.912824,3030.040859,3,0,0,1,171.53374411261075,-8.445317470631847,171.71210511261074,-24.976362470631848,16.709406,2.5204000000000005e-05,-0.2903237938945525,8.952599318703475,446.1035489736501,-2997.0217267818684,-351.9804860695693,376.8689609786935,1,1,2,1,2,1,2,0,1,1,0
1102000.0,101,79.312238,-122.726506,0.002805,9.808059,102,79.28553,-122.70524,16.350637,0.871608,3039.859423,3,0,0,1,171.5792667530154,-8.399837079587263,171.5764617530154,-24.750474079587264,16.347831999999983,-4.121599999999992e-05,-0.24489043442681707,8.971701544876266,445.1600551750943,-3007.087933013998,-351.8222299053667,388.83132087853835,1,1,2,1,2,1,2,1,1,0,0
1103000.0,101,79.312319,-122.726529,-0.235115,9.718318,102,79.285526,-122.705238,16.781852,0.837626,3049.678286,3,0,0,1,171.5958696865915,-8.383209578120832,171.8309846865915,-25.165061578120834,17.016967000000022,-3.398200000000007e-05,-0.2817258538152378,8.916283832192264,445.72372448126816,-3016.930229477381,-356.113328741621,379.93559754177005,1,1,2,1,2,1,2,0,1,1,0
1104000.0,101,79.312409,-122.726551,-0.444345,9.75618,102,79.285516,-122.705376,13.942962,0.775803,3059.498319,3,0,0,1,171.67165059220588,-8.30754265244042,172.11599559220588,-22.25050465244042,14.387307000000021,-6.182299999999997e-05,-0.2625954489408131,9.00294180995848,443.1554549273823,-3027.2335897204775,-348.5046853277503,368.54312682810775,1,1,2,0,2,1,2,1,1,1,0
1105000.0,101,79.312505,-122.726548,-0.366101,9.880558,102,79.285513,-122.705353,14.869654,0.74818,3069.322194,3,0,0,1,171.69404044090714,-8.285133148351912,172.06014144090713,-23.154787148351915,15.23575500000004,-2.7623000000000064e-05,-0.25513170004688185,9.157231253539939,443.3915975190735,-3037.1273634522568,-345.21138097053057,376.35023870113514,1,1,2,1,2,1,2,0,1,0,0
1106000.0,101,79.312586,-122.726564,-0.507107,9.772705,102,79.285525,-122.705034,22.451899,0.799597,3079.158752,3,0,0,1,171.58583701154447,-8.393007400245684,172.09294401154446,-30.844906400245684,22.959006000000045,5.1417000000000047e-05,-0.3918662583829212,9.033334302455323,450.5657965687402,-3046.015279505435,-368.90244630135834,419.1258175210974,1,1,2,1,2,1,2,0,1,0,0
1107000.0,101,79.312677,-122.726574,-0.568088,9.823327,102,79.285509,-122.705418,13.355059,0.691355,3088.993247,3,0,0,1,171.7620810218622,-8.217130883404694,172.3301690218622,-21.572189883404697,13.923146999999972,-0.00010824199999999994,-0.2570892593027849,9.150185219410078,442.60314541819594,-3057.1198431984185,-345.1947514785834,368.12004705101924,1,1,2,0,2,1,2,1,1,1,0
1108000.0,101,79.312774,-122.72658,-0.57195,9.961195,102,79.285492,-122.705923,-2.64101,0.604358,3098.833125,3,0,0,1,171.98699375223413,-7.9927084726831135,172.55894375223411,-5.351698472683113,2.069059999999979,-8.69970000000001e-05,-0.07158748026620632,9.356982616864824,431.97079925080726,-3068.5775149394362,-328.63332954748506,408.49551591298297,1,1,2,0,2,1,2,1,1,0,0
1109000.0,101,79.312866,-122.726598,-0.699617,9.999182,102,79.285476,-122.706348,-18.661256,0.570183,3108.673937,3,0,0,1,172.17347394902927,-7.806628195666327,172.87309094902926,10.854627804333674,17.96163899999999,-3.4174999999999957e-05,0.06034964599791037,9.458229882997216,423.3213149957539,-3079.7163361019707,-344.4289500020796,478.44062730081924,1,1,2,0,2,1,2,0,1,0,0
1110000.0,101,79.312947,-122.726615,-0.823692,9.872752,102,79.285464,-122.70656,-27.547556,0.554623,3118.524228,3,0,0,1,172.2738303320169,-7.7064634194100785,173.0975223320169,19.841092580589923,26.723863999999992,-1.5560000000000017e-05,0.11457749055040511,9.37998792268373,419.2506546768714,-3090.2139487705394,-373.35748009877085,618.9600845451474,1,1,2,0,2,1,2,0,1,0,0
1111000.0,101,79.313036,-122.726569,-0.285972,9.883466,102,79.28546,-122.706558,-28.35367,0.529046,3128.375964,3,0,0,1,172.31626466240286,-7.664072321114701,172.60223666240285,20.6895976788853,28.067698000000007,-2.5576999999999962e-05,0.2019210102313342,9.417765018585062,418.2790944738855,-3100.28688531546,-375.31826271275145,657.858867023136,1,1,2,0,2,1,2,0,1,0,0
1112000.0,101,79.313125,-122.726563,-0.196279,9.887764,102,79.285462,-122.706416,-23.07918,0.497796,3138.215494,3,0,0,1,172.288708085603,-7.691495259927324,172.484987085603,15.387684740072677,22.882901000000004,-3.125e-05,0.16126485658895406,9.429751580138628,421.0904210696528,-3109.835903076728,-359.051748020829,552.7866742294057,1,1,2,0,2,1,2,1,1,1,0
1113000.0,101,79.313221,-122.726547,-0.011086,9.994068,102,79.285457,-122.706425,-24.360593,0.473373,3148.06488,3,0,0,1,172.32584282628991,-7.654385081532693,172.33692882628992,16.706207918467307,24.349507000000017,-2.4423000000000027e-05,0.19332221479882858,9.562840360873173,420.3900541547223,-3119.8693387796234,-358.578741271321,579.1357711379326,1,1,2,0,2,1,2,0,1,0,0
1114000.0,101,79.313305,-122.726553,-0.076484,9.922215,102,79.285445,-122.706628,-34.44501,0.469195,3157.921399,3,0,0,1,172.4259714609995,-7.554450018799058,172.5024554609995,26.890559981200944,34.36852600000003,-4.178000000000015e-06,0.25213859997011767,9.53527539052723,416.23637025578495,-3130.369761919254,-399.80131927284464,855.7137326598114,1,1,2,1,2,1,2,0,1,0,0
1115000.0,101,79.313397,-122.726541,0.051646,9.956061,102,79.285449,-122.706449,-26.874634,0.43316,3167.782644,3,0,0,1,172.38700029062252,-7.593257090043252,172.33535429062252,19.281376909956748,26.92628000000002,-3.603499999999998e-05,0.20477990058528336,9.569679212430708,419.67190417583777,-3139.860247283795,-368.39131245092585,627.5074314030844,1,1,2,0,2,1,2,1,1,1,0
1116000.0,101,79.313481,-122.72653,0.158641,9.880964,102,79.285469,-122.705982,-3.016061,0.435302,3177.655932,3,0,0,1,172.23388652275844,-7.745922783845958,172.07524552275845,-4.7298617838459585,3.174701999999968,2.1420000000000326e-06,0.050262256022273515,9.446227094339958,429.395341205306,-3148.5102609211817,-333.53938477468824,446.16510175397764,1,1,2,0,2,1,2,1,1,1,0
1117000.0,101,79.313574,-122.726508,0.375034,9.957137,102,79.285473,-122.705774,6.915048,0.439405,3187.530842,3,0,0,1,172.18896680564612,-7.790659732026111,171.81393280564612,-14.70570773202611,6.540013999999985,4.102999999999968e-06,0.012271458465903225,9.520715035516737,433.2056944823437,-3157.9559361981765,-334.16870982843216,437.941113625167,1,1,2,0,2,1,2,0,1,1,0
1118000.0,101,79.313684,-122.7265,0.409004,10.261233,102,79.285489,-122.705356,23.289519,0.51498,3197.373213,3,0,0,1,172.0626874102036,-7.916536252521644,171.6536834102036,-31.206055252521644,22.880515000000003,7.557500000000001e-05,-0.1303626525157531,9.787952785062986,441.52387258334136,-3166.7415639974397,-354.33040901388983,497.1382213129355,1,1,2,1,2,1,2,0,1,0,0
1119000.0,101,79.31377,-122.726466,0.720172,10.164886,102,79.285498,-122.705061,32.250424,0.575294,3207.233996,3,0,0,1,171.98758000510114,-7.991387192727328,171.26740800510115,-40.24181119272733,31.53025200000002,6.031399999999998e-05,-0.1792259546967723,9.677543170143535,447.04915577530323,-3175.9245830810773,-392.4591279704978,727.2815331192829,1,1,2,1,2,1,2,0,1,0,0
1120000.0,101,79.313861,-122.726445,0.860827,10.170174,102,79.285486,-122.705277,27.051551,0.491213,3217.100096,3,0,0,1,172.10356142985702,-7.8756386442164015,171.24273442985702,-34.9271896442164,26.190724000000046,-8.408099999999996e-05,-0.0706060902161963,9.731553007891028,441.9747885398302,-3186.5955679970407,-370.02208638025473,587.0007429561857,1,1,2,1,2,1,2,1,1,1,0
1121000.0,101,79.31395,-122.726454,0.707492,10.142458,102,79.285472,-122.705548,17.471402,0.404874,3226.978627,3,0,0,1,172.2279476230254,-7.751509892787224,171.52045562302538,-25.222911892787224,16.76391000000001,-8.6339e-05,0.0036813329746122198,9.755488859093818,436.3917136039498,-3197.335348600865,-344.2125885294906,466.20407023388026,1,1,2,1,2,1,2,1,1,1,0
1122000.0,101,79.31404,-122.726467,0.513214,10.121779,102,79.285458,-122.705881,-0.137673,0.332997,3236.867015,3,0,0,1,172.37301035945785,-7.606761589619674,171.85979635945785,-7.469088589619673,0.6508870000000115,-7.187700000000003e-05,0.0914624763118605,9.788376914896377,429.6076578660813,-3208.230872786095,-327.30794780584495,459.5652832430565,1,1,2,0,2,1,2,1,1,1,0
1123000.0,101,79.314124,-122.726478,0.362946,10.029451,102,79.285457,-122.705762,7.39036,0.326326,3246.711744,3,0,0,1,172.3479017218669,-7.631742484859345,171.9849557218669,-15.022102484859346,7.027413999999965,-6.670999999999982e-06,0.021557258278996537,9.705634623239693,432.3244552652498,-3217.799358879781,-334.30154695193517,440.34794132385576,1,1,2,0,2,1,2,0,1,1,0
1124000.0,101,79.314216,-122.726491,0.200637,10.055883,102,79.285454,-122.705712,10.99833,0.311697,3256.580969,3,0,0,1,172.34995498855216,-7.629627310607252,172.14931798855216,-18.62795731060725,10.797693000000038,-1.4629000000000003e-05,-0.024252292983840414,9.749849363672604,433.52295320654815,-3227.5962350789873,-337.54131374531767,430.0331523586843,1,1,2,0,2,1,2,0,1,1,0
1125000.0,101,79.314312,-122.726467,0.422275,10.150908,102,79.28545,-122.705702,12.284068,0.290813,3266.457191,3,0,0,1,172.38122265301297,-7.598373399619307,171.95894765301296,-19.882441399619307,11.861792999999977,-2.0884000000000012e-05,0.012939424733293625,9.866477541264114,433.07091466654066,-3237.6213743279955,-335.99039914738887,444.2170642893585,1,1,2,0,2,1,2,0,1,0,0
1126000.0,101,79.314395,-122.726459,0.474188,10.037624,102,79.285437,-122.705965,-8.099919,0.241329,3276.342163,3,0,0,1,172.50415216413495,-7.475710174141017,172.02996416413495,0.6242088258589833,8.574107000000026,-4.9484e-05,0.11707506759593836,9.798358773457371,427.41306406809395,-3248.343584308076,-334.3555149314555,467.3847678017949,1,1,2,0,2,1,2,1,1,0,0
1127000.0,101,79.314492,-122.726489,0.122558,10.132725,102,79.285423,-122.706285,-37.699139,0.242649,3286.242593,3,0,0,1,172.63694904733867,-7.343198245856358,172.51439104733868,30.355940754143646,37.82169700000003,1.3200000000000155e-06,0.17005783355995727,9.940709990019172,421.1518977666374,-3259.144283252112,-415.4102116811123,999.6669806324933,1,1,2,1,2,1,2,0,1,0,0
1128000.0,101,79.314579,-122.726498,0.028513,10.086252,102,79.285411,-122.706506,-55.789082,0.272373,3296.089589,3,0,0,1,172.7378378633214,-7.242517741330391,172.7093248633214,48.54656425866961,55.81759499999998,2.972399999999997e-05,0.23026461991598285,9.933111490790223,416.657163853694,-3269.6488170021544,-590.2461382763142,2651.547437922313,1,1,2,1,2,1,2,0,1,0,0
1129000.0,101,79.314664,-122.72648,0.201898,9.997991,102,79.285409,-122.706451,-54.965455,0.246344,3305.963148,3,0,0,1,172.74594524957698,-7.234373995704038,172.54404724957698,47.73108100429596,55.16735300000005,-2.602899999999997e-05,0.23693865944404746,9.85651017333558,417.4412285845797,-3279.50227269503,-583.4348850099982,2532.8366014724256,1,1,2,1,2,1,2,1,1,1,0
1130000.0,101,79.31475,-122.726482,0.167787,9.954022,102,79.285405,-122.706415,-55.343583,0.225162,3315.844269,3,0,0,1,172.75437918665372,-7.225902716664748,172.58659218665372,48.117680283335254,55.51137,-2.1182000000000005e-05,0.2143627160121984,9.82594005081542,418.2047195170547,-3289.3659007221754,-592.4189417670184,2589.7453379385506,1,1,2,1,2,1,2,0,1,0,0
1131000.0,101,79.314843,-122.726473,0.242321,10.002584,102,79.285417,-122.706061,-19.058718,0.168545,3325.739387,3,0,0,1,172.6512321771403,-7.32871072118929,172.40891117714028,11.73000727881071,19.301039000000003,-5.6617000000000004e-05,0.0973399693019466,9.843188432475445,425.3914087042699,-3298.4215345591797,-354.37123037330406,497.4828558202723,1,1,2,0,2,1,2,1,1,1,0
1132000.0,101,79.314937,-122.726484,0.112244,10.077651,102,79.285429,-122.705699,21.649483,0.205394,3335.645333,3,0,0,1,172.53901032808596,-7.440566051927539,172.42676632808596,-29.09004905192754,21.537239,3.684899999999999e-05,-0.05603309470918992,9.886726522143336,433.1373097357293,-3307.404096641288,-360.7016502077741,487.3005498749622,1,1,2,1,2,1,2,0,1,1,0
1133000.0,101,79.31502,-122.726506,-0.125294,9.96569,102,79.285424,-122.705714,22.049689,0.183474,3345.49451,3,0,0,1,172.558465548906,-7.421103950182145,172.683759548906,-29.470792950182144,22.174982999999997,-2.1919999999999993e-05,-0.09067095556348696,9.795611710831942,433.2898410143955,-3317.3172037225895,-366.28640602992834,483.0439981304135,1,1,2,1,2,1,2,0,1,1,0
1134000.0,101,79.315111,-122.726531,-0.362824,9.994574,102,79.285417,-122.705789,15.800221,0.149726,3355.372562,3,0,0,1,172.60038667969746,-7.379231947240262,172.96321067969745,-23.179452947240264,16.16304500000001,-3.3748e-05,-0.1040579390277471,9.850304714313534,432.1347546062319,-3327.429125268314,-351.69955871777785,418.56509746090376,1,1,2,1,2,1,2,1,1,1,0
1135000.0,101,79.315192,-122.726544,-0.469232,9.875999,102,79.285402,-122.706169,-44.322901,0.137024,3365.258808,3,0,0,1,172.75307431924273,-7.2269049247344395,173.22230631924273,37.09599607526556,43.853669000000025,-1.2701999999999991e-05,0.01485884014991827,9.777638986585623,424.5130658287336,-3338.376177389581,-479.04855765774346,1413.1212486588404,1,1,2,1,2,1,2,0,1,0,0
1136000.0,101,79.315273,-122.726546,-0.459821,9.756997,102,79.285389,-122.706473,-74.102186,0.210602,3375.159795,3,0,0,1,172.88159855214252,-7.098677438984494,173.34141955214253,67.00350856101551,73.64236500000004,7.3578e-05,0.12424397470665921,9.698994161095325,418.2503873628797,-3349.144705033696,-1277.9304010351095,9063.880764981535,1,1,2,1,2,1,2,0,1,0,0
1137000.0,101,79.315351,-122.726541,-0.370071,9.620681,102,79.285389,-122.706361,-70.718001,0.16865,3385.070645,3,0,0,1,172.86248141870985,-7.1176894301758,173.23255241870984,63.6003115698242,70.34793000000002,-4.1952000000000014e-05,0.09705039839581034,9.564789080848346,420.5992648926773,-3358.8390151974318,-1074.420648486993,6937.651127767753,1,1,2,1,2,1,2,1,1,1,0
1138000.0,101,79.315437,-122.726523,-0.152432,9.619887,102,79.285386,-122.706312,-71.483181,0.146602,3394.921924,3,0,0,1,172.87258110625183,-7.107559278877073,173.02501310625183,64.37562172112293,71.33074900000003,-2.2047999999999983e-05,0.11341937871776347,9.573294649585513,421.22949707198336,-3368.688258187799,-1117.5453566107508,7350.357604282458,1,1,2,1,2,1,2,0,1,0,0
1139000.0,101,79.315531,-122.726519,-0.098193,9.731621,102,79.285378,-122.706433,-83.256831,0.181133,3404.804356,3,0,0,1,172.93993085890696,-7.040332350189222,173.03812385890697,76.21649864981079,83.15863800000005,3.453099999999998e-05,0.1632020479861811,9.710338253076594,418.48404675177864,-3378.9885772595962,-2999.5552461238963,25763.71355230486,1,1,2,1,2,1,2,0,1,0,0
1140000.0,101,79.315609,-122.726538,-0.2832,9.605835,102,79.285374,-122.706408,-86.270382,0.168178,3414.695609,3,0,0,1,172.9436143102328,-7.036605661416743,173.22681431023278,79.23377633858325,85.98718199999996,-1.2954999999999994e-05,0.12034255702325111,9.594777991764111,419.4819177812944,-3388.8318079802084,-5498.06124826114,49375.682943378975,1,1,2,1,2,1,2,0,1,0,0
1141000.0,101,79.3157,-122.726514,-0.011222,9.677938,102,79.285373,-122.706338,-87.499727,0.13991,3424.59796,3,0,0,1,172.948890057319,-7.0312847111211445,172.960112057319,80.46844228887885,87.48850500000003,-2.8267999999999988e-05,0.13788127846384854,9.671834359882288,420.38543517955384,-3398.697879118569,-8115.471007989378,75108.569749683,1,1,2,1,2,1,2,0,1,0,0
1142000.0,101,79.315792,-122.726503,0.102188,9.75428,102,79.285362,-122.706548,-96.451255,0.21355,3434.512692,3,0,0,1,173.0487334983051,-6.9316584253314355,172.94654549830508,89.51959657466857,96.55344300000002,7.363999999999998e-05,0.22959467527214977,9.778258511629451,415.66217113779527,-3409.267134003157,-999,6391.842586437843,1,1,2,1,2,1,2,0,1,1,0
1143000.0,101,79.31589,-122.726524,-0.118389,9.911803,102,79.285366,-122.706363,-95.411732,0.143522,3444.365996,3,0,0,1,172.99909746443865,-6.98109203723345,173.11748646443866,88.43063996276655,95.29334300000005,-7.002799999999997e-05,0.12240175124639775,9.92531771125769,419.8164743096234,-3418.6856015579015,-999,6519.2842416369995,1,1,2,1,2,1,2,1,1,0,0
1144000.0,101,79.315981,-122.726523,-0.095984,9.938466,102,79.285385,-122.705879,36.041303,0.053521,3454.252489,3,0,0,1,172.84979602368318,-7.129918871325478,172.94578002368317,-43.17122187132548,36.13728699999996,-9.000100000000001e-05,-0.04813933617522903,9.895175344798245,429.9540367538889,-3427.3896457860947,-429.0535008506131,914.8378790584131,1,1,2,1,2,1,2,1,1,1,0
1145000.0,101,79.316068,-122.726511,0.03144,9.915273,102,79.285375,-122.706109,-78.074058,0.051834,3464.148358,3,0,0,1,172.9548696661426,-7.025083019157604,172.9234296661426,71.04897498084239,78.10549799999995,-1.687000000000001e-06,0.056156012638287026,9.90456015589684,424.8816317611246,-3437.993520242018,-1685.2910153340836,13264.25066188554,1,1,2,1,2,1,2,0,1,0,0
1146000.0,101,79.316156,-122.726514,0.003589,9.894386,102,79.285376,-122.705972,-5.04037,0.013981,3474.056045,3,0,0,1,172.926860277327,-7.052954838883137,172.923271277327,-2.0125848388831367,5.0439589999999725,-3.7853e-05,0.0018481205364679777,9.880459044530975,427.78226037844877,-3447.6176907404547,-350.28126780543585,428.63669676698845,1,1,2,0,2,1,2,1,1,1,0
1147000.0,101,79.316252,-122.726507,0.074722,10.011456,102,79.285381,-122.705738,69.980075,0.08675,3483.969688,3,0,0,1,172.87036398369298,-7.109228075437464,172.79564198369297,-77.08930307543747,69.90535299999999,7.2769e-05,-0.06845162607233393,9.981748892090675,432.41199188956153,-3457.031191090546,-1018.1965173208487,6716.152368221625,1,1,2,1,2,1,2,0,1,0,0
1148000.0,101,79.316341,-122.726512,0.015248,9.99053,102,79.285374,-122.705839,80.104157,0.045098,3493.824947,3,0,0,1,172.92475764488705,-7.054928742578546,172.90950964488704,-87.15908574257854,80.088909,-4.1651999999999994e-05,-0.041768265046050364,9.982779210959269,430.3437688429648,-3467.220356553299,-2029.4112068404845,16795.499284821726,1,1,2,1,2,1,2,0,1,0,0
1149000.0,101,79.316437,-122.726485,0.284986,10.096437,102,79.28536,-122.706286,-106.141604,0.119196,3503.712973,3,0,0,1,173.1096310541775,-6.870521090399736,172.8246450541775,99.27108290960027,106.42659,7.4098e-05,0.1647159052858793,10.129450052212345,420.3403086448852,-3478.407483619023,-999,6666.620216607057,1,1,2,1,2,1,2,0,1,1,0
1150000.0,101,79.316523,-122.726497,0.142074,10.025513,102,79.285375,-122.705879,72.275791,0.032847,3513.610252,3,0,0,1,172.9839893214218,-6.995751103780974,172.8419153214218,-79.27154210378097,72.13371700000005,-8.6349e-05,-0.00642802040593601,10.015482383235987,429.1758791101821,-3487.3005416438523,-1146.4268290822456,8005.83683543339,1,1,2,1,2,1,2,1,1,0,0
1151000.0,101,79.316621,-122.726549,-0.395612,10.14766,102,79.285361,-122.706256,-105.534479,0.106129,3523.523205,3,0,0,1,173.11800914505466,-6.862050627551601,173.51362114505466,98.67242837244841,105.13886699999998,7.3282e-05,0.032185734965095816,10.175841383660641,422.2054299763044,-3498.136411158375,-999,6682.992353452212,1,1,2,1,0,1,2,0,1,1,0
1152000.0,101,79.316713,-122.726579,-0.656483,10.162359,102,79.285349,-122.706598,-106.068148,0.230094,3533.43988,3,0,0,1,173.2450881524561,-6.7352781937618,173.9015711524561,99.3328698062382,105.41166500000003,0.000123965,0.10466933110166704,10.225377475750546,415.6121408011644,-3508.9120727075915,-999,6726.38381200875,1,1,2,1,2,1,2,0,1,0,0
1153000.0,101,79.316805,-122.726595,-0.75833,10.183867,102,79.285353,-122.706393,-108.904149,0.153572,3543.297027,3,0,0,1,173.1900040395093,-6.790145145387229,173.9483340395093,102.11400385461278,108.14581900000002,-7.652200000000001e-05,0.010505455086937315,10.232730202218168,420.15424615313344,-3518.298485203683,-999,6718.016283442968,1,1,2,1,2,1,2,0,1,1,0
1154000.0,101,79.316886,-122.726601,-0.769845,10.030653,102,79.285341,-122.706741,-107.586417,0.27818,3553.188987,3,0,0,1,173.32379436373154,-6.656690873726089,174.09363936373154,100.9297261262739,106.81657200000001,0.00012460799999999998,0.13040740469473136,10.11379796504864,413.0876160553946,-3529.0948696230535,-999,6597.004587941307,1,1,2,1,2,1,2,1,1,1,0
1155000.0,101,79.316979,-122.72659,-0.590296,10.069963,102,79.28534,-122.706665,-109.900416,0.248767,3563.090761,3,0,0,1,173.321860312135,-6.658561052279638,173.91215631213498,103.24185494772037,109.31011999999998,-2.9412999999999994e-05,0.1301669880028745,10.154105470828018,414.35823754274475,-3538.915514971222,-999,6627.432728037746,1,1,2,1,2,1,2,0,1,0,0
1156000.0,101,79.317066,-122.726605,-0.696389,10.02873,102,79.285342,-122.706508,-113.469463,0.190556,3573.004921,3,0,0,1,173.28261984370914,-6.697632507749617,173.97900884370915,106.77183049225039,112.77307400000001,-5.821099999999998e-05,0.05290277136491779,10.103880133685127,417.94153539608936,-3548.477002670438,-999,6562.20899009274,1,1,2,1,2,1,2,0,1,1,0
1157000.0,101,79.317152,-122.726592,-0.501991,9.968311,102,79.285359,-122.706054,-153.214453,0.027524,3582.92007,3,0,0,1,173.15136646155275,-6.828452552495032,173.65335746155276,146.38600044750495,152.71246200000002,-0.00016303200000000002,-0.07493144461977765,9.992499070151394,427.25164529691045,-3557.3546716064016,-999,6434.8084089946515,1,1,2,1,2,1,2,0,1,1,0
1158000.0,101,79.317242,-122.726613,-0.675177,9.978461,102,79.285377,-122.705589,79.751668,0.153911,3592.779042,3,0,0,1,173.00658294320104,-6.972758515349403,173.68175994320103,-86.72442651534939,80.42684500000001,0.000126387,-0.2690395635783921,9.950385123112513,437.43990794994863,-3566.0492946070135,-2038.4345189477167,16717.52759140678,1,1,2,1,2,1,2,1,1,0,0
1159000.0,101,79.317331,-122.726595,-0.432128,9.981336,102,79.285382,-122.705378,79.977375,0.226292,3602.672427,3,0,0,1,172.96139645382598,-7.01775535639288,173.393524453826,-86.99513035639288,80.40950299999997,7.2381e-05,-0.2981176670317949,9.941668927947632,441.46446328671084,-3575.5220239737087,-2102.774407342218,17330.55678885227,1,1,2,1,2,1,2,1,1,0,0
1160000.0,101,79.317421,-122.726578,-0.220791,9.984835,102,79.285372,-122.705566,85.754199,0.153703,3612.575507,3,0,0,1,173.05026741931283,-6.929085824710199,173.27105841931282,-92.6832848247102,85.97498999999999,-7.258899999999999e-05,-0.19175794465008744,9.973381400348726,437.116232442513,-3586.0327930892613,-4913.529376995442,45421.278145608805,1,1,2,1,2,1,2,0,1,0,0
1161000.0,101,79.317502,-122.726586,-0.288567,9.865894,102,79.285363,-122.705728,98.317973,0.094736,3622.489988,3,0,0,1,173.11984210733434,-6.8596624573251415,173.40840910733434,-105.17763545732514,98.60654,-5.8967000000000006e-05,-0.14342823579392355,9.879474006927175,433.9490508639609,-3596.4040282502333,-999,6279.92076464493,1,1,2,1,2,1,2,0,1,1,0
1162000.0,101,79.317584,-122.726562,-0.018344,9.768332,102,79.285365,-122.705596,94.095402,0.138802,3632.350426,3,0,0,1,173.10156716187524,-6.877831277239123,173.11991116187525,-100.97323327723913,94.11374600000005,4.406600000000001e-05,-0.1415750318676825,9.778244377200634,436.280464594669,-3606.054488422969,-999,6169.461243336145,1,1,2,1,2,1,2,1,1,1,0
1163000.0,101,79.317676,-122.726581,-0.212803,9.831828,102,79.28537,-122.705377,88.765177,0.212809,3642.244952,3,0,0,1,173.04262756980646,-6.9365370029794535,173.25543056980646,-95.70171400297944,88.97798,7.400699999999998e-05,-0.24927601578971526,9.827174140397135,441.188277566372,-3615.4254513276164,-16977.464706626866,163269.0922328597,1,1,2,1,2,1,2,1,1,0,0
1164000.0,101,79.317776,-122.726601,-0.396714,10.014013,102,79.285366,-122.70537,91.449553,0.211815,3652.149078,3,0,0,1,173.05598796127018,-6.923150077528226,173.45270196127018,-98.37270307752821,91.84626699999995,-9.939999999999948e-07,-0.2810833425127797,10.01913119469783,441.5426133153009,-3625.359707472204,-999,6385.775724575762,1,1,2,1,2,1,2,0,1,1,0
1165000.0,101,79.317867,-122.726581,-0.15265,10.037324,102,79.285371,-122.705146,88.057202,0.286352,3662.06402,3,0,0,1,173.00829533905696,-6.970642242346502,173.16094533905695,-95.0278442423465,88.20985200000001,7.4537e-05,-0.3129292563391836,10.027580549955534,445.76708774460343,-3634.832126806168,-10720.866960885154,103910.25501559103,1,1,2,1,2,1,2,1,1,0,0
1166000.0,101,79.317947,-122.726598,-0.320379,9.883074,102,79.28537,-122.705085,88.989148,0.302804,3671.925881,3,0,0,1,173.00037859360648,-6.978482340829028,173.3207575936065,-95.96763034082903,89.309527,1.645200000000002e-05,-0.3580194597640797,9.877577492898972,447.471113989956,-3644.5588591353844,-20115.304469855466,195162.8295881507,1,1,2,1,2,1,2,0,1,0,0
1167000.0,101,79.31803,-122.726564,0.054661,9.808233,102,79.285377,-122.704817,86.148997,0.392236,3681.821514,3,0,0,1,172.94131238889767,-7.03731860970153,172.88665138889766,-93.18631560970152,86.094336,8.943199999999995e-05,-0.38199316735110134,9.781885148101516,452.44408448872395,-3653.9162567530766,-5672.019383990913,51857.46689448895,1,1,2,1,2,1,2,1,1,1,0
1168000.0,101,79.318122,-122.726557,0.118469,9.861937,102,79.285364,-122.705267,93.274597,0.228033,3691.726653,3,0,0,1,173.11013648141736,-6.868943571040991,172.99166748141735,-100.14354057104099,93.15612799999997,-0.00016420299999999997,-0.2072694196401099,9.874941480796913,442.86397160342443,-3665.067145786858,-999,6204.481846111784,1,1,2,1,2,1,2,0,1,1,0
1169000.0,101,79.318201,-122.726561,0.075779,9.730681,102,79.285366,-122.70511,91.209547,0.278672,3701.645775,3,0,0,1,173.07465936177795,-6.904262486285363,172.99888036177794,-98.11380948628536,91.13376799999998,5.063899999999996e-05,-0.2657401789658814,9.736554979224815,446.32927589784555,-3674.6389783286,-999,6054.881049012154,1,1,2,1,2,1,2,1,1,1,0
1170000.0,101,79.318295,-122.726553,0.15206,9.837023,102,79.285361,-122.705171,94.78663,0.253558,3711.509019,3,0,0,1,173.11727061720669,-6.861719028453413,172.96521061720668,-101.64834902845341,94.63457,-2.511399999999997e-05,-0.22656676703702022,9.85814658242987,444.7782864333511,-3684.762064779184,-999,6167.395927321397,1,1,2,1,2,1,2,0,1,0,0
1171000.0,101,79.318388,-122.726554,0.123323,9.900168,102,79.285367,-122.704922,90.33913,0.33515,3721.40821,3,0,0,1,173.0557476672213,-6.922996320274027,172.9324246672213,-97.26212632027402,90.21580699999998,8.1592e-05,-0.31383509938578846,9.902128786807538,449.93149326955194,-3694.1089205408707,-999,6199.618636515771,1,1,2,1,2,1,2,1,1,0,0
1172000.0,101,79.318482,-122.726546,0.194806,9.982687,102,79.285355,-122.705286,100.202011,0.206143,3731.317507,3,0,0,1,173.1956646137983,-6.783444905106329,173.0008586137983,-106.98545590510633,100.00720499999994,-0.00012900700000000002,-0.16894262249585038,10.019141200493673,442.083149199515,-3705.0361438504938,-999,6310.007709607508,1,1,2,1,2,1,2,0,1,0,0
1173000.0,101,79.318572,-122.726521,0.433744,9.991262,102,79.28535,-122.705334,105.076991,0.189459,3741.236672,3,0,0,1,173.23802023533105,-6.741161011842275,172.80427623533106,-111.81815201184229,104.64324700000003,-1.6684000000000005e-05,-0.10730154678243388,10.040257170708697,440.5120314145599,-3715.2121051289455,-999,6323.795258925811,1,1,2,1,2,1,2,0,1,0,0
1174000.0,101,79.318665,-122.726508,0.519369,10.04111,102,79.28538,-122.704682,85.013381,0.40785,3751.101262,3,0,0,1,173.04911481994426,-6.92943852921235,172.52974581994425,-91.94281952921234,84.494012,0.000218391,-0.31528790403111256,10.005245889142673,453.9525466714589,-3723.531625103846,-4411.5296507930525,40425.76659107295,1,1,2,1,2,1,2,1,1,0,0
1175000.0,101,79.318758,-122.726517,0.386449,10.087197,102,79.28539,-122.704349,82.908457,0.518951,3761.001493,3,0,0,1,172.95867238345713,-7.019544906164331,172.57222338345713,-89.92800190616433,82.52200799999997,0.00011110100000000006,-0.4469454280402404,10.022900457174183,461.04326365578726,-3732.635977347088,-3124.59458891406,27600.722371483353,1,1,2,1,2,1,2,1,1,1,0
1176000.0,101,79.318839,-122.726527,0.258591,9.946964,102,79.28538,-122.704594,85.494249,0.422923,3770.911741,3,0,0,1,173.05134057835042,-6.927107624339828,172.79274957835042,-92.42135662433982,85.23565799999994,-9.602800000000006e-05,-0.37672281102646393,9.913638217016167,456.20456899166095,-3743.2142270571135,-4931.763709027004,45170.260709387985,1,1,2,1,2,1,2,0,1,0,0
1177000.0,101,79.31893,-122.726513,0.372758,9.983803,102,79.285372,-122.70476,88.609912,0.356855,3780.8308,3,0,0,1,173.12795215615338,-6.850672915148319,172.75519415615338,-95.46058491514832,88.23715400000003,-6.606800000000002e-05,-0.29179726750881063,9.974934684439377,452.38586025350605,-3753.6686816594956,-15560.675605327468,151518.21657736634,1,1,2,1,2,1,2,0,1,0,0
1178000.0,101,79.319021,-122.726533,0.137287,10.00526,102,79.285367,-122.70478,90.511125,0.343953,3790.696699,3,0,0,1,173.14736570936643,-6.831259358899511,173.01007870936644,-97.34238435889952,90.37383799999998,-1.2901999999999969e-05,-0.3199656317406881,10.008299578283172,452.2911377311133,-3763.617168435094,-999,6236.084996406827,1,1,2,1,2,1,2,0,1,1,0
1179000.0,101,79.319102,-122.726511,0.357885,9.880796,102,79.285364,-122.704774,91.983005,0.340759,3800.59794,3,0,0,1,173.1692446758521,-6.809396111581708,172.8113596758521,-98.79240111158171,91.62511999999998,-3.1940000000000303e-06,-0.2788371972814738,9.892394549662669,452.03155340441094,-3773.6205660160163,-999,6111.344141709651,1,1,2,1,2,1,2,0,1,1,0
1180000.0,101,79.319196,-122.726515,0.284703,9.958696,102,79.285367,-122.70461,90.530002,0.391342,3810.509111,3,0,0,1,173.13529438744519,-6.843181316368615,172.85059138744518,-97.37318331636861,90.24529899999999,5.058300000000005e-05,-0.3418406530128553,9.962193026558305,455.45214676221315,-3783.192174212632,-999,6170.091031953678,1,1,2,1,2,1,2,1,1,0,0
1181000.0,101,79.31928,-122.726523,0.182181,9.872375,102,79.285391,-122.704035,83.648304,0.587253,3820.427937,3,0,0,1,172.96675987532979,-7.011142956951064,172.78457887532977,-90.65944695695106,83.46612299999998,0.000195911,-0.5522574457163412,9.807356658745247,467.7928646882193,-3791.6802947449123,-3607.6218082060764,31626.320053187275,1,1,2,1,2,1,2,1,1,0,0
1182000.0,101,79.319387,-122.726542,-0.036412,10.142535,102,79.285413,-122.703503,80.701672,0.767904,3830.29511,3,0,0,1,172.81406188719964,-7.16329951641631,172.85047388719966,-87.86497151641632,80.73808400000001,0.00018065100000000002,-0.7642597478478629,10.018458845621819,479.1306149154993,-3800.2097946745794,-2439.1233913896644,20682.472374069992,1,1,2,1,2,1,2,1,1,1,0
1183000.0,101,79.319476,-122.726524,0.154029,10.117611,102,79.285405,-122.703629,81.928495,0.708783,3840.197332,3,0,0,1,172.8786310011115,-7.098871896863562,172.7246020011115,-89.02736689686355,81.77446600000002,-5.912099999999998e-05,-0.674562244735287,10.018055037853914,476.07528332652316,-3810.5731686067243,-2812.01467621408,24401.743242142755,1,1,2,1,2,1,2,0,1,0,0
1184000.0,101,79.319567,-122.726534,0.035903,10.133759,102,79.285394,-122.703924,83.697436,0.59173,3850.109398,3,0,0,1,172.98716763508943,-6.990615306863128,172.95126463508944,-90.68805130686313,83.66153299999996,-0.00011705300000000007,-0.5818035378050327,10.068797606457894,470.0661626848305,-3821.3060829076076,-3559.669505768181,32060.283485533455,1,1,2,1,2,1,2,0,1,0,0
1185000.0,101,79.319655,-122.726559,-0.217934,10.091909,102,79.285392,-122.703872,84.413177,0.599201,3860.027885,3,0,0,1,172.98182039413086,-6.995886882849073,173.19975439413088,-91.40906388284908,84.63111100000003,7.471000000000005e-06,-0.6347408420666145,10.033501374056389,471.63467457526883,-3831.106368494074,-4003.847165105806,36400.39214576444,1,1,2,1,2,1,2,0,1,0,0
1186000.0,101,79.319736,-122.726558,-0.18543,9.956258,102,79.28538,-122.704211,87.149408,0.470144,3869.896299,3,0,0,1,173.10450624301228,-6.8735351226103,173.28993624301228,-94.0229431226103,87.33483799999999,-0.00012905699999999997,-0.5017842693240664,9.932824801584285,464.6149483236923,-3841.9045166177766,-7775.702359885091,73473.22353961667,1,1,2,1,2,1,2,0,1,0,0
1187000.0,101,79.319813,-122.726536,0.05157,9.774992,102,79.285384,-122.704019,86.349405,0.529147,3879.799474,3,0,0,1,173.06714863906677,-6.910725678005274,173.01557863906677,-93.26013067800528,86.29783499999996,5.9003000000000024e-05,-0.5192751640421598,9.741296297652791,468.3151947514591,-3851.4315308487026,-6288.966785771881,57479.368945876486,1,1,2,1,2,1,2,1,1,1,0
1188000.0,101,79.319903,-122.72654,-0.000384,9.814259,102,79.285383,-122.70396,86.928388,0.540218,3889.712409,3,0,0,1,173.066087808572,-6.911724600099644,173.066471808572,-93.84011260009964,86.92877199999998,1.1070999999999942e-05,-0.5395076672140602,9.785311922096609,469.5832371009244,-3861.2632917430533,-7380.396225197954,68448.38352310909,1,1,2,1,2,1,2,0,1,0,0
1189000.0,101,79.319993,-122.72653,0.105586,9.843566,102,79.285408,-122.703375,82.412694,0.738307,3899.63047,3,0,0,1,172.9045320137128,-7.0727153833333345,172.79894601371282,-89.48540938333333,82.30710799999997,0.00019808900000000006,-0.713703044605296,9.746065605871994,481.69399342127974,-3869.765974739853,-3112.842327812025,26525.327864066498,1,1,2,1,2,1,2,1,1,1,0
1190000.0,101,79.320091,-122.726497,0.43159,9.987652,102,79.285408,-122.703251,82.711068,0.768425,3909.500092,3,0,0,1,172.89685257981577,-7.080305394969242,172.46526257981577,-89.79137339496924,82.27947799999998,3.0117999999999978e-05,-0.6869823938191193,9.889876262104796,483.4330971295615,-3879.495251955817,-3214.313362570168,27962.907686066603,1,1,2,1,2,1,2,1,1,0,0
1191000.0,101,79.320178,-122.72651,0.267795,9.945835,102,79.285433,-122.702668,80.23142,0.963583,3919.404194,3,0,0,1,172.72953283666004,-7.247039491231967,172.46173783666003,-87.47845949123197,79.96362500000004,0.00019515799999999994,-0.9031263835932655,9.782236111075926,496.0136307248005,-3887.8914226197203,-2447.2498808375267,20124.820821496247,1,1,2,1,2,1,2,1,1,1,0
1192000.0,101,79.320259,-122.726478,0.577826,9.826924,102,79.285421,-122.702979,81.346096,0.836953,3929.317974,3,0,0,1,172.85196502311186,-7.124944341470921,172.27413902311187,-88.47104034147092,80.76826999999997,-0.00012663000000000003,-0.7283219914415495,9.700491720217661,488.9382892779511,-3898.77917944546,-2796.3556472867585,23278.753027062765,1,1,2,1,2,1,2,0,1,0,0
1193000.0,101,79.320353,-122.726492,0.373646,9.921026,102,79.28543,-122.702673,80.891511,0.930202,3939.235535,3,0,0,1,172.7731001990856,-7.203494722463226,172.3994541990856,-88.09500572246321,80.51786499999997,9.324900000000003e-05,-0.8537744370356185,9.77356000593703,495.55192163050947,-3907.9412602001894,-2637.901979806786,21944.173404908637,1,1,2,1,2,1,2,1,1,1,0
1194000.0,101,79.320444,-122.726544,-0.184313,9.951163,102,79.285419,-122.702908,82.0756,0.830954,3949.106336,3,0,0,1,172.8487094836074,-7.128065254737551,173.0330224836074,-89.20366525473754,82.25991299999998,-9.924800000000001e-05,-0.8550306179476869,9.836550914639645,491.62326492699236,-3918.3858179635486,-2974.5002388422927,25423.357178607104,1,1,2,1,0,1,2,0,1,0,0
1195000.0,101,79.320533,-122.726527,0.00615,9.947713,102,79.285451,-122.702212,79.172857,1.066806,3959.011339,3,0,0,1,172.6573198802002,-7.318787652804909,172.6511698802002,-86.49164465280491,79.16670700000003,0.00023585199999999996,-1.0467473507584963,9.747317023138645,505.97528394245035,-3926.5455293896607,-2235.6251597742594,17958.710386014,1,1,2,1,2,1,2,1,1,1,0
1196000.0,101,79.320628,-122.726522,0.050058,10.028849,102,79.285437,-122.702669,79.948396,0.887798,3968.925939,3,0,0,1,172.81743606220098,-7.159125439280181,172.76737806220098,-87.10752143928018,79.89833800000002,-0.00017900799999999995,-0.8654091763944236,9.873893274124393,496.2400122225365,-3937.7809689641717,-2382.1652692238085,19645.922636066527,1,1,2,1,2,1,2,0,1,0,0
1197000.0,101,79.320707,-122.726527,0.000906,9.871792,102,79.285436,-122.702569,80.49261,0.906142,3978.842942,3,0,0,1,172.80233950965354,-7.174118813415533,172.80143350965355,-87.66672881341553,80.49170400000003,1.8344000000000026e-05,-0.8935394108156842,9.722120161154848,498.5200677351046,-3947.4889359146537,-2554.8613996364097,20967.244183624764,1,1,2,1,2,1,2,0,1,0,0
1198000.0,101,79.320799,-122.726541,-0.14102,9.935491,102,79.28544,-122.70236,80.600184,0.963611,3988.714893,3,0,0,1,172.75394179738203,-7.222297397037456,172.89496179738202,-87.82248139703745,80.74120400000004,5.7468999999999995e-05,-0.9751261274202411,9.778081265513734,503.0994874422504,-3956.859537989104,-2564.405527638367,21212.366420550847,1,1,2,1,2,1,2,0,1,0,0
1199000.0,101,79.320883,-122.726569,-0.42333,9.85298,102,79.285444,-122.702149,80.690534,1.020546,3998.620773,3,0,0,1,172.69943374848063,-7.276570595567455,173.12276374848062,-87.96710459556745,81.11386400000004,5.6934999999999955e-05,-1.0799024958903696,9.687620542230874,508.122381307555,-3966.2047012076237,-2596.7677870392035,21314.335201334954,1,1,2,1,2,1,2,0,1,0,0
1200000.0,101,79.320983,-122.72656,-0.292577,10.025814,102,79.285432,-122.702498,81.824072,0.880094,4008.53617,3,0,0,1,172.82775912073376,-7.148596998945126,173.12033612073375,-88.97266899894512,82.116649,-0.00014045199999999992,-0.9223446981919672,9.900522406317865,500.4759672104163,-3977.1706064038876,-2901.9826083980397,24849.443244646092,1,1,2,1,2,1,2,0,1,0,0
1201000.0,101,79.321078,-122.726545,-0.115025,10.103589,102,79.285427,-122.702525,82.698033,0.854609,4018.452569,3,0,0,1,172.86002167053968,-7.116375715807946,172.97504667053968,-89.81440871580794,82.81305800000001,-2.5485000000000092e-05,-0.8679617869500742,9.994948980193586,499.46893946717387,-3987.291289561152,-3222.194618886067,28311.736186917562,1,1,2,1,2,1,2,0,1,0,0
1202000.0,101,79.321162,-122.726562,-0.270704,10.014331,102,79.285422,-122.70255,83.574761,0.830449,4028.32564,3,0,0,1,172.8799639906116,-7.09644125364452,173.1506679906116,-90.67120225364451,83.84546499999999,-2.415999999999996e-05,-0.8725470118189991,9.921286437123763,499.3048482044379,-3997.2618291076396,-3658.9076004295616,32415.886787571253,1,1,2,1,2,1,2,0,1,0,0
1203000.0,101,79.321257,-122.726553,-0.153207,10.081187,102,79.285434,-122.702177,82.460327,0.947179,4038.232373,3,0,0,1,172.78973400229972,-7.186313562768081,172.94294100229973,-89.64664056276808,82.61353400000002,0.00011673,-0.96594664671691,9.956869081722319,506.8425597857783,-4006.2989551373985,-3138.405388210176,27359.130345803114,1,1,2,1,2,1,2,1,1,1,0
1204000.0,101,79.321342,-122.726542,-0.039088,10.006779,102,79.285424,-122.702378,83.697933,0.860191,4048.148546,3,0,0,1,172.87049956387685,-7.105756314470153,172.90958756387684,-90.80368931447016,83.73702100000003,-8.698799999999996e-05,-0.8618196295604983,9.91235335980309,502.4253989958046,-4016.8489352881843,-3763.4016315593676,33399.9749555044,1,1,2,1,2,1,2,0,1,0,0
1205000.0,101,79.321436,-122.726546,-0.071499,10.07,102,79.285415,-122.702567,85.099004,0.779546,4058.022472,3,0,0,1,172.94455298753246,-7.031884672910994,173.01605198753245,-92.13088867291098,85.170503,-8.064500000000008e-05,-0.7892621115081329,10.003392236863434,498.4461120985581,-4027.294111011862,-4750.752107192128,43617.67704219512,1,1,2,1,2,1,2,0,1,0,0
1206000.0,101,79.321513,-122.726542,-0.026661,9.88558,102,79.285411,-122.702596,86.035614,0.756089,4067.929853,3,0,0,1,172.96981335073454,-7.006656733462298,172.99647435073453,-93.04227073346229,86.062275,-2.3456999999999952e-05,-0.7588798229892422,9.83330566359969,497.883111058662,-4037.34636817937,-5909.086879555686,54215.268220315906,1,1,2,1,2,1,2,0,1,0,0
1207000.0,101,79.3216,-122.726538,0.02055,9.853868,102,79.285412,-122.702465,86.056911,0.788136,4077.846615,3,0,0,1,172.94952885630457,-7.026816431199403,172.92897885630458,-93.0837274311994,86.036361,3.204699999999994e-05,-0.7827361217579567,9.799670741170027,500.5296457098266,-4047.01162454873,-5958.317777552752,54501.78417571059,1,1,2,1,2,1,2,1,1,0,0
1208000.0,101,79.321684,-122.726526,0.137267,9.799741,102,79.285412,-122.702362,86.231391,0.8101,4087.721377,3,0,0,1,172.93936891425588,-7.03688695115208,172.80210191425587,-93.26827795115209,86.09412400000002,2.1964000000000093e-05,-0.7848704469345602,9.74646725649977,502.4610736972078,-4056.722682831774,-6264.151136670762,57167.28951577402,1,1,2,1,2,1,2,0,1,0,0
1209000.0,101,79.321771,-122.726521,0.182851,9.781494,102,79.285414,-122.702203,86.049945,0.851368,4097.629392,3,0,0,1,172.91127075892135,-7.064833778826765,172.72841975892135,-93.11477877882676,85.86709399999995,4.126799999999997e-05,-0.8181294194722044,9.722796115711384,505.6731627832867,-4066.308065877822,-6007.012210436351,54517.21215844578,1,1,2,1,2,1,2,1,1,1,0
1210000.0,101,79.321859,-122.726525,0.127905,9.794222,102,79.285413,-122.702135,86.394087,0.859952,4107.546729,3,0,0,1,172.90768001231714,-7.068353773025271,172.77977501231715,-93.46244077302526,86.26618200000001,8.584000000000037e-06,-0.8363852596843958,9.74011218990194,507.15247708943576,-4076.1178216411568,-6500.684315291769,59446.051329968366,1,1,2,1,2,1,2,0,1,0,0
1211000.0,101,79.321944,-122.726513,0.241225,9.747478,102,79.285407,-122.702221,87.472253,0.815872,4117.422311,3,0,0,1,172.9533037528205,-7.022826326621112,172.7120787528205,-94.49507932662111,87.23102800000004,-4.4080000000000005e-05,-0.7740397177351942,9.711409046285906,505.1180861832359,-4086.3213537521947,-9057.335014352671,84125.089542038,1,1,2,1,2,1,2,0,1,0,0
1212000.0,101,79.322035,-122.726525,0.093409,9.802571,102,79.285419,-122.701863,85.832404,0.925583,4127.330946,3,0,0,1,172.86235250018578,-7.113414003976344,172.76894350018577,-92.94581800397634,85.73899499999999,0.00010971100000000001,-0.9071544446051106,9.735292017355395,512.8352511600895,-4095.3462299269427,-5678.1848559736945,51393.16264036728,1,1,2,1,2,1,2,1,1,1,0
1213000.0,101,79.322126,-122.726526,0.072259,9.857203,102,79.285404,-122.702407,87.964608,0.724344,4137.248846,3,0,0,1,173.03789346647315,-6.938406600046382,172.96563446647315,-94.90301460004638,87.89234900000002,-0.00020123900000000006,-0.7114555140939809,9.831468765038649,501.48785106529044,-4106.742985501071,-11022.965460010222,104523.29734555315,1,1,2,1,2,1,2,0,1,0,0
1214000.0,101,79.322219,-122.726511,0.215329,9.915864,102,79.285401,-122.702411,88.737736,0.711192,4147.12523,3,0,0,1,173.06128491571204,-6.915033817163676,172.84595591571204,-95.65276981716367,88.52240699999999,-1.3151999999999941e-05,-0.6737537058156325,9.900127210140257,501.0043419143593,-4116.751428333451,-16695.483661742197,161528.61546735605,1,1,2,1,2,1,2,0,1,0,0
1215000.0,101,79.322308,-122.726503,0.283825,9.925326,102,79.285405,-122.702225,88.090517,0.762715,4157.034472,3,0,0,1,173.0264821564726,-6.949661665456265,172.7426571564726,-95.04017866545627,87.806692,5.152299999999999e-05,-0.7131247803583131,9.899790102926353,504.7079445235566,-4126.282284591194,-11670.737737794967,111685.53702348121,1,1,2,1,2,1,2,1,1,1,0
1216000.0,101,79.322398,-122.726542,-0.140523,9.932233,102,79.285391,-122.702749,91.369071,0.572857,4166.952921,3,0,0,1,173.18348762607772,-6.793132766207133,173.32401062607772,-98.16220376620714,91.50959399999999,-0.00018985800000000008,-0.5970531294164619,9.945890126842418,494.57618960711847,-4137.498161752357,-999,5799.341031148823,1,1,2,1,0,1,2,0,1,1,0
1217000.0,101,79.322494,-122.726565,-0.358763,10.045322,102,79.285391,-122.702645,91.147716,0.598667,4176.830092,3,0,0,1,173.165009120565,-6.811486474560307,173.523772120565,-97.95920247456031,91.50647900000001,2.581e-05,-0.661446226936196,10.057116424249001,497.0860371871845,-4147.145414507462,-999,5902.184445371822,1,1,2,1,2,1,2,1,1,0,0
1218000.0,101,79.322574,-122.726592,-0.611996,9.902837,102,79.285416,-122.702053,85.940771,0.790635,4186.739928,3,0,0,1,173.00015221513655,-6.975735130550891,173.61214821513656,-92.91650613055089,86.55276699999996,0.00019196800000000002,-0.8944252278921843,9.846304891472371,510.22420621394144,-4155.533958963973,-5785.486221638667,53015.721639747804,1,1,2,1,2,1,2,1,1,0,0
1219000.0,101,79.322662,-122.726596,-0.598602,9.893085,102,79.285403,-122.702463,88.284207,0.637913,4196.658914,3,0,0,1,173.13332800213055,-6.842958286690636,173.73193000213055,-95.12716528669063,88.88280900000001,-0.00015272200000000002,-0.740983863717182,9.873444841801094,501.7498039818984,-4166.556512836443,-12635.672042504199,120916.17400734471,1,1,2,1,2,1,2,0,1,0,0
1220000.0,101,79.322763,-122.726617,-0.744579,10.074421,102,79.285396,-122.702599,90.130721,0.581485,4206.536856,3,0,0,1,173.1853036753046,-6.791095611832938,173.92988267530458,-96.92181661183294,90.87529999999998,-5.642799999999992e-05,-0.7124004798998045,10.074896995388599,499.14202371587896,-4176.818114431987,-146682.0920945526,1477295.247922558,1,1,2,1,2,1,2,0,1,0,0
1221000.0,101,79.322848,-122.726605,-0.563104,9.996581,102,79.285401,-122.702375,88.835692,0.647513,4216.447272,3,0,0,1,173.14027173768267,-6.835919229191305,173.70337573768268,-95.6716112291913,89.398796,6.602799999999997e-05,-0.7456243162174578,9.982941007887371,503.60835314439316,-4186.263993610465,-17194.003230621474,167912.78802943949,1,1,2,1,2,1,2,1,1,1,0
1222000.0,101,79.322941,-122.726624,-0.713518,10.042719,102,79.285406,-122.702154,87.82939,0.711693,4226.366784,3,0,0,1,173.08906574371937,-6.886889388973262,173.80258374371937,-94.71627938897326,88.54290800000001,6.418000000000001e-05,-0.8362434843096559,10.014984745855815,508.54304898804537,-4195.6596811734435,-10013.510618121994,96410.8527800923,1,1,2,1,2,1,2,1,1,1,0
1223000.0,101,79.323032,-122.726619,-0.601044,10.054412,102,79.285401,-122.702202,88.871592,0.683868,4236.245482,3,0,0,1,173.1213118182497,-6.8546953902332834,173.7223558182497,-95.7262873902333,89.47263600000002,-2.782499999999999e-05,-0.7892062037291705,10.040391266909657,507.36479817231833,-4205.752815530292,-17218.794347181116,169184.1997878335,1,1,2,1,2,1,2,0,1,0,0
1224000.0,101,79.323109,-122.726609,-0.450382,9.868681,102,79.285409,-122.701922,87.414895,0.767436,4246.156466,3,0,0,1,173.05859371258612,-6.9171481833348665,173.5089757125861,-94.33204318333486,87.86527699999999,8.356799999999997e-05,-0.8442284390633764,9.833762223171927,513.1660523284108,-4215.033254494119,-8818.480292979137,82794.47790876187,1,1,2,1,2,1,2,1,1,1,0
1225000.0,101,79.323201,-122.726608,-0.406732,9.926844,102,79.285422,-122.701534,85.502795,0.887322,4256.076289,3,0,0,1,172.96546054114364,-7.009901073994274,173.37219254114365,-92.51269607399428,85.90952699999997,0.00011988600000000005,-0.9550582906194133,9.857018548839893,521.2316831298422,-4224.038696589988,-5334.309514761329,48572.13177110444,1,1,2,1,2,1,2,1,1,1,0
1226000.0,101,79.3233,-122.726605,-0.331648,10.065357,102,79.285409,-122.701951,87.450463,0.730874,4265.955728,3,0,0,1,173.10238980742787,-6.873384507533002,173.43403780742787,-94.323847507533,87.78211099999999,-0.00015644800000000003,-0.7884120132247151,10.032676816143331,512.3217909849594,-4235.080241947958,-8959.523691320986,85903.11660154528,1,1,2,1,2,1,2,0,1,0,0
1227000.0,101,79.323398,-122.726589,-0.138388,10.178901,102,79.285411,-122.701823,87.325094,0.76238,4275.867269,3,0,0,1,173.08869922382124,-6.88696503290238,173.22708722382123,-94.21205903290239,87.46348200000006,3.1505999999999925e-05,-0.7861346615914822,10.143291827839324,514.5264127508513,-4244.79722397752,-8562.72212333517,82842.99510124049,1,1,2,1,2,1,2,1,1,1,0
1228000.0,101,79.323489,-122.726569,0.073525,10.176319,102,79.285405,-122.701908,88.491095,0.720718,4285.787233,3,0,0,1,173.13507916385075,-6.840688265318902,173.06155416385076,-95.3317832653189,88.41756999999996,-4.1661999999999975e-05,-0.7074092953403053,10.157332446789415,512.2758782156648,-4255.061178308036,-14386.116371598859,142198.3157308188,1,1,2,1,2,1,2,0,1,0,0
1229000.0,101,79.323578,-122.726547,0.287348,10.151252,102,79.285395,-122.702149,90.674545,0.62821,4295.6674,3,0,0,1,173.22504835038413,-6.750977506625776,172.93770035038412,-97.42552250662577,90.38719699999996,-9.250799999999992e-05,-0.5772564363390953,10.158520103625058,506.75926516638873,-4265.671513207596,-999,5883.105579355664,1,1,2,1,2,1,2,0,1,1,0
1230000.0,101,79.323668,-122.726579,-0.05791,10.139714,102,79.285381,-122.702784,96.431716,0.408176,4305.579486,3,0,0,1,173.4087863570208,-6.567832021368681,173.4666963570208,-102.99954802136868,96.48962599999999,-0.00022003400000000006,-0.41585537786039534,10.185432293905963,494.2151429376834,-4277.12124012812,-999,5898.651663319624,1,1,2,1,0,1,2,0,1,0,0
1231000.0,101,79.323747,-122.726574,-0.002998,9.956482,102,79.285375,-122.702918,100.094229,0.359605,4315.499542,3,0,0,1,173.46134218967677,-6.515412771134359,173.46434018967676,-106.60964177113436,100.09722699999998,-4.857099999999997e-05,-0.3545595887367125,10.019509078411911,491.4212827088838,-4287.428299097603,-999,5723.70627133983,1,1,2,1,2,1,2,0,1,1,0
1232000.0,101,79.32384,-122.726553,0.204611,10.016114,102,79.285389,-122.7025,92.574404,0.488839,4325.380424,3,0,0,1,173.3661224447088,-6.6102424087592135,173.1615114447088,-99.18464640875922,92.36979300000002,0.00012923400000000002,-0.4525768064511241,10.03800717139088,499.6873534049846,-4296.420412525937,-999,5731.746099033152,1,1,2,1,2,1,2,1,1,0,0
1233000.0,101,79.32392,-122.72651,0.63448,9.884766,102,79.285375,-122.703088,101.679145,0.289689,4335.293044,3,0,0,1,173.55428710226266,-6.422697786839534,172.91980710226267,-108.10184278683954,101.04466500000001,-0.00019915000000000004,-0.17423210161118774,9.942801922599575,486.6876489707785,-4307.888219266382,-999,5633.652014521471,1,1,2,1,2,1,2,0,1,1,0
1234000.0,101,79.324001,-122.726495,0.741109,9.773067,102,79.285371,-122.703141,104.847042,0.270586,4345.213149,3,0,0,1,173.58686674973274,-6.390184955149041,172.84575774973274,-111.23722695514904,104.105933,-1.910299999999998e-05,-0.13514296958052066,9.84158426441232,485.3460530838818,-4318.02229255459,-999,5524.8393085673015,1,1,2,1,2,1,2,0,1,1,0
1235000.0,101,79.324087,-122.726527,0.346792,9.742845,102,79.285362,-122.703405,118.829199,0.193374,4355.094734,3,0,0,1,173.66550101492575,-6.311778656770893,173.31870901492576,-125.1409776567709,118.48240700000002,-7.7212e-05,-0.11043764077863427,9.835911517618753,480.509690900998,-4328.505582653759,-999,5510.019168474251,1,1,2,1,2,1,2,0,1,1,0
1236000.0,101,79.324157,-122.726529,0.30768,9.4988,102,79.285351,-122.703725,153.283657,0.133072,4365.007878,3,0,0,1,173.76486299526383,-6.212729150003164,173.45718299526382,-159.49638615000316,152.97597699999994,-6.030199999999999e-05,-0.008817098646542135,9.61752869846996,474.0791616717502,-4339.186873536409,-999,5289.227987299193,1,1,2,2,2,1,2,0,1,1,0
1237000.0,101,79.324248,-122.72654,0.156382,9.586088,102,79.285357,-122.703495,126.532312,0.168739,4374.927996,3,0,0,1,173.7131561476839,-6.264199180547757,173.55677414768388,-132.79651118054775,126.37592999999998,3.5667e-05,-0.10942132564615506,9.68649857581052,479.08120103758023,-4348.617731302324,-999,5341.009672414053,1,1,2,1,2,1,2,1,1,0,0
1238000.0,101,79.324339,-122.726552,0.020206,9.651009,102,79.285348,-122.703726,155.084034,0.133483,4384.81027,3,0,0,1,173.7882738369343,-6.1892966838817784,173.7680678369343,-161.2733306838818,155.063828,-3.525600000000001e-05,-0.052831323330782054,9.772067690347416,474.44882117371634,-4359.066347279466,-999,5419.65796603409,1,1,2,2,2,1,2,0,1,0,0
1239000.0,101,79.324433,-122.726559,-0.060292,9.771479,102,79.285348,-122.703663,147.325909,0.14171,4394.723928,3,0,0,1,173.78424089029014,-6.193260843035798,173.84453289029014,-153.5191698430358,147.38620100000003,8.227000000000013e-06,-0.0867859892030673,9.890758689706395,475.8290262437702,-4368.888318682415,-999,5525.698260487988,1,1,2,1,2,1,2,1,1,0,0
1240000.0,101,79.32452,-122.726574,-0.201899,9.764998,102,79.28535,-122.703526,132.451708,0.163642,4404.644026,3,0,0,1,173.75677198642398,-6.220580384011745,173.95867098642398,-138.67228838401175,132.65360700000002,2.1932000000000006e-05,-0.15515252805897264,9.875390576683815,479.00232075135165,-4378.52095718318,-999,5496.552089516848,1,1,2,1,2,1,2,1,1,1,0
1241000.0,101,79.324604,-122.726549,0.066081,9.715053,102,79.285344,-122.703668,150.098446,0.143883,4414.526979,3,0,0,1,173.81575318727187,-6.1617632792842985,173.74967218727187,-156.26020927928428,150.03236499999997,-1.9759e-05,-0.06052262492681446,9.839776298208214,475.559398696489,-4388.837170211525,-999,5456.910107425975,1,1,2,1,2,1,2,0,1,1,0
1242000.0,101,79.324702,-122.726572,-0.168008,9.86097,102,79.285372,-122.703012,99.248314,0.292406,4424.44114,3,0,0,1,173.6449657446698,-6.331883512003236,173.8129737446698,-105.58019751200322,99.41632199999998,0.000148523,-0.3175202521267414,9.907921204133432,489.7369149186457,-4397.253364941627,-999,5503.465064816746,1,1,2,1,2,1,2,1,1,0,0
1243000.0,101,79.324801,-122.726558,-0.013177,10.015737,102,79.285369,-122.703002,100.288573,0.291789,4434.361193,3,0,0,1,173.66233663479034,-6.314516548730002,173.67551363479035,-106.60308954873,100.30174999999997,-6.169999999999787e-07,-0.2894006704096195,10.067851997388935,489.4987880671436,-4407.26106856233,-999,5654.075185145766,1,1,2,1,2,1,2,0,1,0,0
1244000.0,101,79.324895,-122.726578,-0.209988,10.091226,102,79.285364,-122.703115,105.131688,0.253945,4444.244812,3,0,0,1,173.70283663337824,-6.274107931281105,173.91282463337825,-111.4057959312811,105.341676,-3.7844000000000046e-05,-0.28212440147587803,10.157447631801928,487.4674426242169,-4417.429958852808,-999,5733.548631552781,1,1,2,1,2,1,2,0,1,0,0
1245000.0,101,79.324987,-122.726557,0.010979,10.113072,102,79.285356,-122.703289,114.548945,0.201786,4454.159468,3,0,0,1,173.77038930319708,-6.2067468710379075,173.7594103031971,-120.75569187103791,114.53796599999998,-5.2158999999999986e-05,-0.18160803106893167,10.196907929904725,483.3347524643356,-4427.857730712933,-999,5766.761644949005,1,1,2,1,2,1,2,0,1,0,0
1246000.0,101,79.325069,-122.726556,0.025514,9.982468,102,79.285348,-122.703541,137.306721,0.142945,4464.079451,3,0,0,1,173.8514561211538,-6.1259286556083445,173.82594212115382,-143.43264965560834,137.28120700000005,-5.8841e-05,-0.09248198447468019,10.08753074769831,478.1318651556395,-4438.4000793487785,-999,5652.221216308597,1,1,2,1,2,1,2,0,1,1,0
1247000.0,101,79.325154,-122.726537,0.215028,9.914963,102,79.285354,-122.703305,116.349405,0.193686,4473.963726,3,0,0,1,173.80615796458838,-6.171013578092858,173.5911299645884,-122.52041857809286,116.13437699999997,5.074100000000001e-05,-0.13635256903477644,10.000859554228468,482.70716244893384,-4447.847256469618,-999,5553.830370088342,1,1,2,1,2,1,2,1,1,1,0
1248000.0,101,79.32524,-122.72652,0.376606,9.876098,102,79.285349,-122.7034,124.903889,0.169904,4483.878866,3,0,0,1,173.84974041264647,-6.127541181542089,173.47313441264646,-131.0314301815421,124.52728300000001,-2.3781999999999997e-05,-0.07442521607308526,9.973103985281755,480.38600702867063,-4458.071216256252,-999,5520.013271036976,1,1,2,1,2,1,2,0,1,1,0
1249000.0,101,79.325337,-122.726515,0.383894,10.007987,102,79.285347,-122.703395,125.848321,0.171334,4493.798762,3,0,0,1,173.86484904873143,-6.112432541893401,173.48095504873143,-131.9607535418934,125.464427,1.4299999999999867e-06,-0.0718230790338772,10.108102655584181,480.2705969999877,-4468.060817290876,-999,5644.735770581265,1,1,2,1,2,1,2,0,1,0,0
1250000.0,101,79.325428,-122.726493,0.574812,10.017509,102,79.285342,-122.703494,136.906654,0.152071,4503.68368,3,0,0,1,173.91122017442507,-6.066180311239856,173.33640817442506,-142.97283431123986,136.331842,-1.9262999999999975e-05,-0.0033956396123699384,10.12805345554321,477.70279652688396,-4478.277205320003,-999,5659.558488395448,1,1,2,1,2,1,2,0,1,0,0
1251000.0,101,79.325523,-122.726481,0.648571,10.098405,102,79.28534,-122.703505,139.282267,0.151333,4513.599297,3,0,0,1,173.93183676527067,-6.045586317424027,173.28326576527067,-145.32785331742403,138.633696,-7.380000000000164e-07,0.015588955549577913,10.212458219726498,477.1395540242805,-4488.308864134063,-999,5735.140877894936,1,1,2,1,2,1,2,0,1,0,0
1252000.0,101,79.325612,-122.726508,0.323002,10.084755,102,79.28534,-122.703429,132.187542,0.164988,4523.519088,3,0,0,1,173.91820610221566,-6.059115766209556,173.59520410221566,-138.24665776620955,131.86454000000003,1.3655e-05,-0.06539597834133187,10.195394007965511,479.25829205950487,-4498.059184692055,-999,5702.183006249521,1,1,2,1,2,1,2,1,1,1,0
1253000.0,101,79.325703,-122.72654,-0.026939,10.094023,102,79.285334,-122.703592,151.990205,0.141402,4533.40464,3,0,0,1,173.96689308735134,-6.01055750251709,173.99383208735134,-158.0007625025171,152.01714400000003,-2.3585999999999997e-05,-0.07115151026796766,10.218861089275451,476.47490403378004,-4508.2956087416815,-999,5714.743766710093,1,1,2,2,2,1,2,0,1,0,0
1254000.0,101,79.325797,-122.726523,0.137515,10.142482,102,79.285323,-122.704104,-145.70253,0.184154,4543.320724,3,0,0,1,174.12016396656807,-5.857806431939873,173.98264896656806,139.84472356806012,145.840045,4.2752000000000014e-05,0.1281116997600221,10.294586675063444,465.42898355190994,-4519.418000406437,-999,5795.335342362251,1,1,2,1,2,1,2,1,1,0,0
1255000.0,101,79.325876,-122.726503,0.335188,9.969915,102,79.285336,-122.703717,167.300765,0.11666,4553.240397,3,0,0,1,174.034262961256,-5.9433468083227,173.699074961256,-173.2441118083227,166.96557699999994,-6.749400000000001e-05,0.03267926946809671,10.083550597273426,473.23520815437655,-4528.581074755734,-999,5567.914945067384,1,1,2,2,2,1,2,0,1,1,0
1256000.0,101,79.325967,-122.726503,0.30666,9.994325,102,79.285331,-122.70381,-177.50285,0.123072,4563.126572,3,0,0,1,174.07237235302782,-5.905328798068923,173.76571235302782,171.59752120193107,177.80951000000002,6.412000000000001e-06,0.05885384679322535,10.117136979578317,471.2439554959527,-4538.728152963229,-999,5593.461685551246,1,1,2,2,2,1,2,0,1,0,0
1257000.0,101,79.326051,-122.72649,0.412736,9.910996,102,79.28532,-122.704345,-129.56971,0.235693,4573.043115,3,0,0,1,174.2279349023262,-5.750304728021812,173.81519890232622,123.81940527197817,129.98244599999998,0.00011262100000000002,0.25307823088618775,10.060879195293793,459.9165485586696,-4549.857151604959,-999,5546.942803555444,1,1,2,1,2,1,2,1,1,1,0
1258000.0,101,79.32614,-122.726486,0.419133,9.923423,102,79.28531,-122.704721,-119.622959,0.348262,4582.962659,3,0,0,1,174.33999578171233,-5.6386172457308845,173.92086278171234,113.98434175426911,120.04209199999997,0.000112569,0.3753347693346749,10.095299994020861,451.99523772218544,-4560.61915082424,-999,5586.134571793035,1,1,2,1,2,1,2,1,1,0,0
1259000.0,101,79.326228,-122.7265,0.236456,9.906328,102,79.285313,-122.704583,-122.483661,0.299381,4592.849447,3,0,0,1,174.31249012388756,-5.665973540346209,174.07603412388755,116.81768745965378,122.72011699999996,-4.888100000000001e-05,0.29342389872798535,10.06702892338479,455.1643846426635,-4570.239755829126,-999,5537.5143361683195,1,1,2,1,2,1,2,0,1,1,0
1260000.0,101,79.326328,-122.726513,0.082824,10.071329,102,79.285319,-122.704363,-128.820709,0.22579,4602.766441,3,0,0,1,174.26551650272242,-5.71271820455048,174.18269250272243,123.10799079544951,128.903533,-7.359100000000002e-05,0.19047419039771452,10.212862944158323,459.90200872181816,-4579.73242152524,-999,5660.383775376295,1,1,2,1,2,1,2,0,1,0,0
1261000.0,101,79.326412,-122.726527,-0.06437,9.97241,102,79.285344,-122.703735,154.840305,0.078345,4612.685847,3,0,0,1,174.1088860256841,-5.868717827992799,174.17325602568408,-160.7090228279928,154.90467499999994,-0.00014744499999999998,-0.04451148890228529,10.043315830014002,473.438080113581,-4588.3250873725665,-999,5461.819173836877,1,1,2,2,2,1,2,0,1,1,0
1262000.0,101,79.326494,-122.726526,-0.048529,9.868278,102,79.285341,-122.703758,161.716823,0.08027,4622.573239,3,0,0,1,174.12711479727002,-5.850512636654087,174.17564379727003,-167.5673356366541,161.76535199999995,1.924999999999996e-06,-0.03354013671131579,9.944492240453776,472.989966638851,-4598.31097701949,-999,5354.303737256994,1,1,2,2,2,1,2,0,1,1,0
1263000.0,101,79.326585,-122.726526,-0.037671,9.904624,102,79.285331,-122.704184,-131.544525,0.153774,4632.490498,3,0,0,1,174.25026810662033,-5.727777925611787,174.2879391066203,125.8167470743882,131.506854,7.3504e-05,0.10857857856064491,10.006605063160677,464.09867548015757,-4609.184378333964,-999,5417.754641450197,1,1,2,1,2,1,2,1,1,0,0
1264000.0,101,79.326675,-122.726531,-0.089244,9.936664,102,79.285336,-122.703972,-152.875238,0.096221,4642.409761,3,0,0,1,174.20665849191832,-5.771174305657981,174.29590249191833,147.10406369434202,152.785994,-5.7552999999999996e-05,0.02839264374297979,10.022290160820951,468.607992634946,-4618.698403042433,-999,5416.416990323034,1,1,2,1,2,1,2,0,1,1,0
1265000.0,101,79.326766,-122.726541,-0.184092,9.954634,102,79.285339,-122.703824,175.855155,0.076047,4652.297746,3,0,0,1,174.17866861363603,-5.799008924569822,174.36276061363603,178.34583607543019,176.039247,-2.0173999999999997e-05,-0.03748083235006003,10.030430717350248,471.8671481038122,-4628.305922470668,-999,5409.566125584413,1,1,2,2,2,1,2,0,1,1,0
1266000.0,101,79.326855,-122.726566,-0.417954,9.956286,102,79.28534,-122.703749,157.56695,0.078814,4662.214906,3,0,0,1,174.16552800155986,-5.812051270067433,174.58348200155987,-163.37900127006742,157.98490400000003,2.766999999999992e-06,-0.10270291846021243,10.02887093753716,473.9367509143952,-4638.063365873875,-999,5393.5767583938605,1,1,2,2,2,1,2,1,1,1,0
1267000.0,101,79.32695,-122.726567,-0.39021,10.041655,102,79.285341,-122.703653,138.16298,0.091382,4672.134037,3,0,0,1,174.1540410859446,-5.823442866750432,174.5442510859446,-143.98642286675044,138.55319000000003,1.2568000000000009e-05,-0.12934072657128132,10.109505842741278,475.87690726202857,-4647.835800545093,-999,5462.571671407688,1,1,2,1,2,1,2,1,1,0,0
1268000.0,101,79.327034,-122.726591,-0.609593,9.957501,102,79.285363,-122.703065,91.330095,0.252573,4682.022608,3,0,0,1,174.00789792927762,-5.968984648118635,174.6174909292776,-97.29907964811864,91.93968800000005,0.00016119099999999998,-0.35844483209629846,9.962800264660892,488.7627662826565,-4656.44141594403,-999,5298.007872596404,1,1,2,1,2,1,2,1,1,1,0
1269000.0,101,79.32712,-122.726561,-0.250152,9.906352,102,79.285384,-122.702508,83.368681,0.433776,4691.939716,3,0,0,1,173.8841531361087,-6.092211589553711,174.1343051361087,-89.46089258955371,83.618833,0.000181203,-0.4741247055678824,9.856165074925231,499.8749464268953,-4665.235614254962,-4199.224757831769,36753.275842426076,1,1,2,1,2,1,2,1,1,0,0
1270000.0,101,79.327217,-122.726563,-0.243923,10.025671,102,79.285381,-122.702544,84.447503,0.414404,4701.858765,3,0,0,1,173.90721998475848,-6.069178146766465,174.15114298475848,-90.51668114676646,84.69142599999998,-1.9372e-05,-0.45514135470904676,9.9854833519549,499.04951297425345,-4675.299501594254,-4941.618981662762,44703.424588022324,1,1,2,1,2,1,2,0,1,0,0
1271000.0,101,79.327304,-122.726543,-0.020141,9.98625,102,79.285376,-122.702664,86.150467,0.367531,4711.747913,3,0,0,1,173.9556604909583,-6.020875206046961,173.9758014909583,-92.17134220604697,86.17060800000002,-4.6872999999999997e-05,-0.3702122109028032,9.96157464212775,496.13792843914007,-4685.553921536276,-7132.387931312154,66398.89601618184,1,1,2,1,2,1,2,0,1,0,0
1272000.0,101,79.327397,-122.726523,0.182259,10.039802,102,79.285369,-122.702828,88.673987,0.307188,4721.665007,3,0,0,1,174.01606085113397,-5.960655647109916,173.83380185113398,-94.63464264710991,88.49172800000002,-6.034299999999998e-05,-0.2751689833853642,10.032642497040822,492.2320661652182,-4695.937396448874,-20231.996473134972,198349.38537902644,1,1,2,1,2,1,2,0,1,0,0
1273000.0,101,79.327482,-122.726522,0.171363,9.970987,102,79.285362,-122.703057,93.343084,0.227952,4731.584013,3,0,0,1,174.08658113135715,-5.89036136963107,173.91521813135714,-99.23344536963107,93.17172099999999,-7.923600000000003e-05,-0.19774241466619355,9.984235361289977,487.4737935298222,-4706.40590819564,-999,5275.817674385473,1,1,2,1,2,1,2,0,1,1,0
1274000.0,101,79.327576,-122.726551,-0.13412,10.040888,102,79.28536,-122.703058,94.690886,0.224592,4741.47373,3,0,0,1,174.0929416955956,-5.883973288142673,174.2270616955956,-100.57485928814268,94.82500599999997,-3.359999999999974e-06,-0.24734375500677347,10.059227618168299,487.96912024246853,-4716.297199071524,-999,5338.308234528892,1,1,2,1,2,1,2,0,1,0,0
1275000.0,101,79.327667,-122.726552,-0.130894,10.052165,102,79.285371,-122.70269,87.865787,0.340548,4751.390841,3,0,0,1,174.01209898685252,-5.96445340105978,174.14299298685253,-93.83024040105978,87.99668100000002,0.000115956,-0.3632762389372738,10.039456614309303,495.6577306222789,-4725.466996817676,-12655.48843925828,122397.50878327769,1,1,2,1,2,1,2,1,1,0,0
1276000.0,101,79.327757,-122.72656,-0.20115,10.048915,102,79.28536,-122.703219,96.335993,0.16339,4761.309835,3,0,0,1,174.15577726532902,-5.821287071895559,174.35692726532903,-102.15728007189556,96.53714300000001,-0.00017715800000000001,-0.19767093800946034,10.066884579195126,484.81631776836235,-4736.562517574665,-999,5328.009119513423,1,1,2,1,2,1,2,0,1,1,0
1277000.0,101,79.327852,-122.726543,-0.00987,10.118712,102,79.285368,-122.702926,89.085997,0.255315,4771.200112,3,0,0,1,174.09918263275017,-5.877610493513941,174.10905263275018,-94.96360749351395,89.095867,9.192500000000001e-05,-0.2570256044501979,10.114639145371498,490.5114671773608,-4745.919195405283,-29037.703894349797,289044.09719790606,1,1,2,1,2,1,2,1,1,0,0
1278000.0,101,79.327938,-122.726546,-0.039233,10.057714,102,79.285387,-122.702404,82.737748,0.424825,4781.117264,3,0,0,1,173.97839692569352,-5.997880313464503,174.0176299256935,-88.7356283134645,82.77698100000003,0.00016951,-0.4283039978321604,10.004009048935732,501.5556246726862,-4754.737032421251,-3864.119221809921,33921.56334842939,1,1,2,1,2,1,2,1,1,1,0
1279000.0,101,79.328019,-122.72657,-0.286478,9.932336,102,79.28538,-122.702576,84.46537,0.36053,4791.03627,3,0,0,1,174.02730359190872,-5.94911907426605,174.3137815919087,-90.41448907426604,84.751848,-6.4295e-05,-0.408510557868712,9.897439680163005,498.52900028209484,-4765.028580851666,-5090.871886707012,45648.96018066145,1,1,2,1,2,1,2,0,1,0,0
1280000.0,101,79.328097,-122.726571,-0.274121,9.774224,102,79.285384,-122.702398,83.968437,0.413512,4800.9271,3,0,0,1,173.99342028521863,-5.982826486152967,174.26754128521864,-89.95126348615297,84.24255799999997,5.2981999999999975e-05,-0.4579856428743406,9.730661821654067,502.3818358463842,-4774.5694581319085,-4773.65557279825,41710.262449847665,1,1,2,1,2,1,2,1,1,1,0
1281000.0,101,79.32818,-122.726577,-0.310336,9.707962,102,79.285379,-122.702491,85.449537,0.37545,4810.844312,3,0,0,1,174.02709607646318,-5.949236181078305,174.3374320764632,-91.39877318107831,85.75987300000003,-3.806199999999998e-05,-0.4268483257838986,9.678032485451093,500.6074461324197,-4784.727283678719,-6331.072434930475,56530.49252660264,1,1,2,1,2,1,2,0,1,0,0
1282000.0,101,79.328266,-122.726594,-0.469109,9.681064,102,79.285372,-122.702664,87.834044,0.312693,4820.76335,3,0,0,1,174.0782777246961,-5.898207820810695,174.5473867246961,-93.7322518208107,88.30315300000001,-6.275700000000001e-05,-0.3917323892803316,9.668921578129558,497.35644981262556,-4795.0386691384465,-13016.146759108256,121144.48544851184,1,1,2,1,2,1,2,0,1,0,0
1283000.0,101,79.328358,-122.726594,-0.422475,9.767438,102,79.285362,-122.70303,94.351355,0.189174,4830.654724,3,0,0,1,174.18195759295665,-5.794887593807475,174.60443259295664,-100.14624259380747,94.77383000000003,-0.000123519,-0.2606490418310395,9.78152557690702,489.6814381465303,-4805.771233801945,-999,4971.263554175931,1,1,2,1,2,1,2,0,1,1,0
1284000.0,101,79.32845,-122.726564,-0.07484,9.826791,102,79.285353,-122.703378,118.132486,0.082294,4840.572012,3,0,0,1,174.28799026671462,-5.689226352990227,174.3628302667146,-123.82171235299023,118.20732599999997,-0.00010688,-0.08540755349172473,9.865585222193346,481.7740028528489,-4816.537263795731,-999,5054.753511791938,1,1,2,1,2,1,2,0,1,0,0
1285000.0,101,79.32854,-122.726588,-0.315048,9.85856,102,79.285353,-122.703313,112.278222,0.100211,4850.491098,3,0,0,1,174.27807938828525,-5.699049773486018,174.59312738828524,-117.97727177348602,112.59327000000002,1.7916999999999988e-05,-0.14693888821706136,9.896401401442738,483.5960852398621,-4826.323519835562,-999,5071.3778836312185,1,1,2,1,2,1,2,1,1,0,0
1286000.0,101,79.328636,-122.726586,-0.267009,9.97647,102,79.285358,-122.703092,98.087086,0.16444,4860.383009,3,0,0,1,174.2366654772717,-5.740248483503957,174.50367447727172,-103.82733448350396,98.35409499999997,6.422900000000001e-05,-0.2092967477854429,9.999494773342484,488.0778111198346,-4835.814620564809,-999,5161.226593137211,1,1,2,1,2,1,2,1,1,0,0
1287000.0,101,79.32872,-122.726579,-0.177064,9.895459,102,79.285359,-122.70301,96.512044,0.187992,4870.300385,3,0,0,1,174.22938378731473,-5.747456472545581,174.40644778731473,-102.25950047254558,96.68910799999998,2.355199999999999e-05,-0.21735946361334893,9.916732309314595,489.68954140547345,-4845.619670709748,-999,5068.528988518991,1,1,2,1,2,1,2,1,1,1,0
1288000.0,101,79.328805,-122.726571,-0.079463,9.841678,102,79.285348,-122.70346,141.788369,0.061424,4880.219532,3,0,0,1,174.35320484853287,-5.624085455689211,174.43266784853287,-147.4124544556892,141.86783199999996,-0.000126568,-0.0516442454686277,9.889931296793794,480.1926104975049,-4856.537628531039,-999,5041.754433058092,1,1,2,1,2,1,2,0,1,1,0
1289000.0,101,79.328898,-122.72655,0.142721,9.914715,102,79.285349,-122.70338,125.803958,0.078308,4890.111971,3,0,0,1,174.35076489712077,-5.626467428056219,174.20804389712077,-131.43042542805622,125.66123699999997,1.6884000000000003e-05,-0.03881257375127676,9.9604954933875,481.3732192920595,-4866.361568221777,-999,5103.402173384871,1,1,2,1,2,1,2,1,1,0,0
1290000.0,101,79.328985,-122.726532,0.318356,9.891811,102,79.285344,-122.703496,156.454971,0.062585,4900.027289,3,0,0,1,174.39499104271596,-5.582372952612122,174.07663504271596,-162.03734395261213,156.136615,-1.5723000000000002e-05,0.02996137492998041,9.949032878988232,478.58519956313376,-4876.599598050244,-999,5087.959896428301,1,1,2,2,2,1,2,0,1,1,0
1291000.0,101,79.329079,-122.726554,0.061705,9.968704,102,79.285341,-122.703553,174.552442,0.065018,4909.94421,3,0,0,1,174.41578520750818,-5.561613176686292,174.3540802075082,179.8859448233137,174.49073700000002,2.4330000000000045e-06,0.004563387206677547,10.033422565684756,477.7803229333778,-4886.642825941978,-999,5159.3423785907735,1,1,2,2,2,1,2,0,1,0,0
1292000.0,101,79.32916,-122.726541,0.189826,9.843535,102,79.285367,-122.702888,88.713282,0.220931,4919.837169,3,0,0,1,174.26570503077568,-5.711052670497546,174.07587903077567,-94.42433467049756,88.52345600000001,0.00015591299999999996,-0.18826284544584576,9.8385198426857,491.5671666227541,-4895.21802274142,-22325.855735270026,214790.22680949664,1,1,2,1,2,1,2,1,1,0,0
1293000.0,101,79.329257,-122.726524,0.347293,9.975032,102,79.285366,-122.702853,89.454048,0.228972,4929.752618,3,0,0,1,174.2740978856872,-5.702642124443718,173.9268048856872,-95.15669012444371,89.10675500000002,8.04100000000002e-06,-0.1684992535219227,9.972666992686593,491.83935556260985,-4905.155952974137,-51335.69568695476,507114.26852381753,1,1,2,1,2,1,2,0,1,0,0
1294000.0,101,79.329347,-122.726496,0.597828,9.977185,102,79.285366,-122.702776,89.360666,0.25013,4939.669644,3,0,0,1,174.27398690352325,-5.7027049539528445,173.67615890352326,-95.06337095395284,88.76283799999999,2.115800000000001e-05,-0.14601370065855251,9.973850884579345,492.83829351638514,-4915.022544027539,-44474.89450916299,438711.9896360092,1,1,2,1,2,1,2,1,1,1,0
1295000.0,101,79.329441,-122.726533,0.178445,10.052663,102,79.28536,-122.702929,93.589032,0.197407,4949.563116,3,0,0,1,174.31464472121365,-5.662161118749041,174.13619972121364,-99.25119311874904,93.41058699999996,-5.272300000000002e-05,-0.16571133792099219,10.064971818807717,490.3305077637317,-4925.2158361257425,-999,5139.962556864972,1,1,2,1,2,1,2,0,1,1,0
1296000.0,101,79.329539,-122.726509,0.395231,10.158612,102,79.28535,-122.703367,126.315168,0.065159,4959.478701,3,0,0,1,174.43875499276132,-5.538504822117175,174.04352399276132,-131.85367282211718,125.91993699999995,-0.000132248,0.017571118360656883,10.196959196944423,480.6216102272225,-4936.13531555358,-999,5274.207197635219,1,1,2,1,2,1,2,0,1,0,0
1297000.0,101,79.329626,-122.726494,0.519398,10.110158,102,79.28537,-122.702815,86.552281,0.23024,4969.395839,3,0,0,1,174.319108320732,-5.6576238139773505,173.799710320732,-92.20990481397735,86.03288299999997,0.000165081,-0.13817388401580302,10.095896473438309,491.9100091639226,-4944.989337456135,-8307.602548355104,78930.43189097717,1,1,2,1,2,1,2,1,1,0,0
1298000.0,101,79.329713,-122.726497,0.439751,10.05844,102,79.285383,-122.702389,82.349341,0.366541,4979.289816,3,0,0,1,174.22646859632678,-5.7498419831315415,173.78671759632678,-88.09918298313154,81.90958999999998,0.000136301,-0.2860793277889303,10.00934513729652,500.900060052339,-4954.03130809252,-3826.2633413571493,33349.64435317792,1,1,2,1,2,1,2,1,1,1,0
1299000.0,101,79.329798,-122.726492,0.461148,9.975977,102,79.285377,-122.702535,84.048427,0.312312,4989.20554,3,0,0,1,174.27406332200786,-5.702395632614537,173.81291532200785,-89.75082263261454,83.58727900000002,-5.4229000000000026e-05,-0.23033731137932434,9.943270925547434,497.77394343039373,-4964.311938386673,-4939.584411056471,44155.952421677895,1,1,2,1,2,1,2,0,1,0,0
1300000.0,101,79.32988,-122.726519,0.151943,9.87684,102,79.285376,-122.702504,84.8706,0.317173,4999.122794,3,0,0,1,174.27092566083556,-5.70547629765877,174.11898266083557,-90.57607629765877,84.71865699999995,4.861000000000004e-06,-0.28971040684935995,9.848448297319687,499.0357875235111,-4974.152389328372,-5779.409190599965,51957.35527017323,1,1,2,1,2,1,2,0,1,0,0
1301000.0,101,79.329972,-122.726512,0.205678,9.926997,102,79.285365,-122.703195,91.605925,0.088665,5009.017269,3,0,0,1,174.44914947134387,-5.5279383651165315,174.24347147134387,-97.13386336511653,91.40024700000004,-0.000228508,-0.05299473103628891,9.929417876041326,484.51792211685506,-4985.528696566472,-999,4952.7988989293635,1,1,2,1,2,1,2,0,1,1,0
1302000.0,101,79.330061,-122.726486,0.450293,9.92678,102,79.285355,-122.703574,-128.245954,0.044187,5018.955796,2,0,0,1,174.55698338747962,-5.420502414316344,174.10669038747963,122.82545158568367,128.696247,-4.4478e-05,0.11271743931435611,9.95382688973974,476.0767472443703,-4996.325471077241,-999,4982.446491929546,1,1,2,1,2,1,2,0,1,0,0
1303000.0,101,79.33015,-122.726474,0.534233,9.923963,102,79.285347,-122.703828,-111.97215,0.124568,5028.935906,2,0,0,1,174.63138061685777,-5.3463665636266695,174.09714761685777,106.62578343637333,112.50638299999997,8.0381e-05,0.20805103588695578,9.970139460202407,470.5225053593051,-5006.875764247246,-999,4999.529657390068,1,1,2,1,2,1,2,1,1,0,0
1304000.0,101,79.330233,-122.726481,0.427786,9.847736,102,79.285345,-122.703826,-114.157575,0.124192,5038.977494,2,0,0,1,174.63936935210793,-5.338368981657341,174.21158335210794,108.81920601834265,114.58536100000003,-3.7600000000000136e-07,0.1868409004486762,9.898286789107878,470.7625209205394,-5016.938990453747,-999,4915.609515301763,1,1,2,1,2,1,2,0,1,1,0
1305000.0,101,79.330325,-122.726468,0.519739,9.903599,102,79.285344,-122.703799,-117.348015,0.115814,5049.108121,2,0,0,1,174.64710121255328,-5.330623360931458,174.1273622125533,112.01739163906855,117.86775400000002,-8.377999999999997e-06,0.1927056334540429,9.956395804666297,471.03058343153924,-5027.088919744736,-999,4963.899598712632,1,1,2,1,2,1,2,0,1,0,0
1306000.0,101,79.330411,-122.726469,0.464286,9.866287,102,79.285359,-122.703322,103.373514,0.053229,5059.365455,2,0,0,1,174.5434702083618,-5.433784660247844,174.07918420836182,-108.80729866024784,102.90922799999998,-6.2585e-05,0.02816321551162492,9.878274844557126,481.0976901697914,-5036.439597549111,-999,4858.716514352161,1,1,2,1,2,1,2,1,1,1,0
1307000.0,101,79.330504,-122.726475,0.361574,9.923832,102,79.285361,-122.703193,95.429217,0.092723,5069.800132,2,0,0,1,174.52283567829724,-5.454286530537994,174.16126167829725,-100.883503530538,95.06764299999998,3.9494e-05,-0.02968154824797313,9.93240747204352,483.90746446655294,-5046.653043776714,-999,4896.936647187672,1,1,2,1,2,1,2,1,1,0,0
1308000.0,101,79.330594,-122.726489,0.18959,9.946515,102,79.285368,-122.70288,86.646577,0.191544,5080.478675,2,0,0,1,174.4565149005092,-5.520285981799229,174.2669249005092,-92.16686298179923,86.45698699999997,9.8821e-05,-0.15830336405431528,9.935256206429328,490.78028024772897,-5056.718133695977,-8836.50678012951,82741.22378218948,1,1,2,1,2,1,2,1,1,0,0
1309000.0,101,79.330684,-122.726494,0.114685,9.963268,102,79.285368,-122.702771,87.272652,0.223646,5091.485435,2,0,0,1,174.44090748050175,-5.535781377527961,174.32622248050174,-92.80843337752796,87.15796699999999,3.210200000000002e-05,-0.2034498996532401,9.952606242330173,493.22396671658066,-5067.539250314051,-10858.86402790151,103020.75139753301,1,1,2,1,2,1,2,0,1,0,0
1310000.0,101,79.330777,-122.726475,0.304646,10.008858,102,79.285359,-122.702983,94.644076,0.152332,5102.921092,2,0,0,1,174.50699024479505,-5.46992559961091,174.20234424479506,-100.1140015996109,94.33943,-7.131400000000002e-05,-0.09861427167233558,10.02105018473437,488.47360407107413,-5079.487888488788,-999,4946.93503714884,1,1,2,1,2,1,2,0,1,1,0
1311000.0,101,79.330865,-122.726482,0.205309,9.993361,102,79.285352,-122.703077,104.13786,0.123238,5114.892284,2,0,0,1,174.5385610451924,-5.438440285730709,174.3332520451924,-109.57630028573071,103.93255099999999,-2.9093999999999996e-05,-0.08369590886751782,10.023398442098294,486.8140269342462,-5091.673121882707,-999,4938.190104641786,1,1,2,1,2,1,2,0,1,1,0
1312000.0,101,79.330954,-122.726513,-0.123757,9.983187,102,79.285338,-122.703635,-137.502521,0.090152,5127.483348,2,0,0,1,174.67279929453616,-5.304719884428137,174.79655629453617,132.19780111557188,137.378764,-3.3086e-05,0.03933954487590807,10.049633418183515,476.0524194696336,-5105.336382446743,-999,4961.08715456367,1,1,2,1,2,1,2,0,1,0,0
1313000.0,101,79.331033,-122.726503,-0.012007,9.833467,102,79.285344,-122.703272,132.043152,0.075676,5140.823088,2,0,0,1,174.59967725196606,-5.377495052135836,174.61168425196607,-137.42064705213582,132.05515899999995,-1.4476000000000003e-05,-0.058260792675306636,9.884146252988467,483.82301969267155,-5118.005207864615,-999,4775.26255693866,1,1,2,1,2,1,2,1,1,1,0
1314000.0,101,79.331133,-122.726475,0.274486,9.99977,102,79.28533,-122.703495,-169.227924,0.085868,5155.119352,2,0,0,1,174.67090125853014,-5.306517684852662,174.39641525853014,163.92140631514735,169.50241000000003,1.0192000000000007e-05,0.06395450835754274,10.084010122942626,478.78827262647934,-5132.837161196549,-999,4970.800774176853,1,1,2,2,2,1,2,0,1,0,0
1315000.0,101,79.331228,-122.726474,0.256382,10.074753,102,79.285326,-122.703304,154.331295,0.104882,5170.561731,2,0,0,1,174.6386138950257,-5.338618343423058,174.3822318950257,-159.66991334342308,154.07491299999998,1.9014000000000005e-05,-0.000349957677249782,10.169183725547443,483.12355182438773,-5147.94136017052,-999,5034.275033505038,1,1,2,2,2,1,2,1,1,0,0
1316000.0,101,79.331313,-122.726471,0.265637,10.00133,102,79.285317,-122.703159,141.689341,0.146626,5187.357437,2,0,0,1,174.61690254352456,-5.3601901572124415,174.35126554352456,-147.04953115721244,141.423704,4.1744000000000006e-05,-0.044528722755535925,10.11627422436188,486.6499326965302,-5164.479549984264,-999,4961.420759317766,1,1,2,1,2,1,2,1,1,1,0
1317000.0,101,79.3314,-122.726507,-0.119991,9.970129,102,79.285292,-122.703822,-145.392281,0.214643,5205.751145,2,0,0,1,174.7735188243523,-5.204189989260659,174.8935098243523,140.18809101073933,145.27228999999997,6.8017e-05,0.1010276786208856,10.146771173886593,474.2067188198177,-5184.1077314707645,-999,4985.799812662283,1,1,2,1,0,1,2,0,1,0,0
1318000.0,101,79.33149,-122.726519,-0.235166,9.978156,102,79.28527,-122.703933,-145.957871,0.277995,5225.689318,2,0,0,1,174.80873367102794,-5.169072421441167,175.04389967102793,140.78879857855884,145.72270500000002,6.335199999999999e-05,0.1146678122164479,10.20842588757095,472.8244203254414,-5204.254597519534,-999,5028.387166099616,1,1,2,1,2,1,2,0,1,0,0
1319000.0,101,79.331572,-122.726551,-0.549499,9.869958,102,79.285255,-122.703663,-165.680097,0.271444,5245.627666,2,0,0,1,174.75065283676742,-5.22685649592444,175.3001518367674,160.45324050407555,165.13059799999996,-6.550999999999973e-06,-0.02751927361700099,10.132514289412962,479.9239035765609,-5223.627346689314,-999,4919.60260587822,1,1,2,2,2,1,2,0,1,1,0
1320000.0,101,79.331663,-122.726529,-0.269826,9.913136,102,79.285246,-122.70317,162.002634,0.294464,5265.566188,2,0,0,1,174.65471680838533,-5.322329697695369,174.92454280838533,-167.32496369769538,162.27245999999997,2.3019999999999986e-05,-0.13766578094928222,10.193082162361126,490.52708936340713,-5242.668257176828,-999,4952.816376164405,1,1,2,2,2,1,2,1,1,0,0
1321000.0,101,79.33175,-122.726523,-0.189607,9.881525,102,79.285223,-122.702949,154.407522,0.370193,5285.504882,2,0,0,1,174.61847198114012,-5.358363254832024,174.8080789811401,-159.76588525483203,154.597129,7.572899999999999e-05,-0.19261182822382805,10.215343977616975,495.71345587038513,-5262.207714193243,-999,4952.217140998222,1,1,2,2,2,1,2,1,1,1,0
1322000.0,101,79.331845,-122.726533,-0.271116,9.982329,102,79.285198,-122.702682,148.144467,0.459707,5305.443746,2,0,0,1,174.56952284603562,-5.407040195841422,174.84063884603563,-153.55150719584142,148.41558299999997,8.951399999999998e-05,-0.28985871067070673,10.372683889681376,502.09587405843376,-5281.631667886734,-999,5085.122643752871,1,1,2,1,2,1,2,1,1,0,0
1323000.0,101,79.331935,-122.726522,-0.14055,9.980972,102,79.285201,-122.701787,125.528482,0.643231,5325.382778,2,0,0,1,174.37992923114675,-5.5957651528120005,174.52047923114674,-131.124247152812,125.66903200000002,0.000183524,-0.5479624939512614,10.35472838247728,521.5228455714664,-5299.784491256794,-999,5044.6556077913465,1,1,2,1,2,1,2,1,1,1,0
1324000.0,101,79.33203,-122.726529,-0.18958,10.065537,102,79.285155,-122.702111,139.640319,0.636709,5345.321975,2,0,0,1,174.46806897937296,-5.5079368997176426,174.65764897937296,-145.14825589971764,139.82989899999995,-6.5220000000000275e-06,-0.4456272031225748,10.55065046605314,515.2915685744018,-5320.426826465527,-999,5220.143822198319,1,1,2,1,2,1,2,0,1,0,0
1325000.0,101,79.33212,-122.726515,-0.031859,10.061176,102,79.285103,-122.702651,158.852222,0.650104,5365.261337,2,0,0,1,174.60903977188957,-5.367510488675941,174.64089877188957,-164.21973248867596,158.88408099999998,1.3395000000000045e-05,-0.24013550858666594,10.66749590035994,504.07294786502587,-5341.529713250474,-999,5321.859634356167,1,1,2,2,2,1,2,0,1,0,0
1326000.0,101,79.332209,-122.726569,-0.576399,10.053915,102,79.285067,-122.702354,154.629208,0.759151,5385.200861,2,0,0,1,174.54462010959094,-5.431585241974008,175.12101910959095,-160.060793241974,155.20560700000004,0.000109047,-0.42641819099799494,10.739340050306874,511.97395925953936,-5360.808798899216,-999,5368.480505694379,1,1,2,2,2,1,2,1,1,0,0
1327000.0,101,79.332288,-122.726575,-0.596627,9.89117,102,79.285033,-122.701933,149.078401,0.883673,5405.140545,2,0,0,1,174.46218774984052,-5.513598012271587,175.05881474984054,-154.5919990122716,149.675028,0.000124522,-0.5570842823097217,10.648711405334323,521.6103407717046,-5379.913285881374,-999,5258.265339850405,1,1,2,1,2,1,2,1,1,1,0
1328000.0,101,79.332379,-122.726561,-0.399308,9.928522,102,79.284986,-122.701773,149.959365,0.994599,5425.080388,2,0,0,1,174.4456763891697,-5.529965905587849,174.8449843891697,-155.48933090558785,150.358673,0.00011092599999999997,-0.5671039412862307,10.789275977294189,525.0906564712016,-5399.6089690596,-999,5379.037408726804,1,1,2,1,2,1,2,0,1,0,0
1329000.0,101,79.33246,-122.726539,-0.146191,9.809884,102,79.284928,-122.701972,156.694879,1.079786,5445.020388,2,0,0,1,174.51086448158793,-5.464994975905235,174.65705548158792,-162.1598739759052,156.84107,8.51869999999999e-05,-0.45222316509763927,10.801539434225841,520.8543305029253,-5420.051456594487,-999,5371.130731234432,1,1,2,2,2,1,2,0,1,1,0
1330000.0,101,79.332544,-122.726547,-0.214918,9.755129,102,79.284889,-122.701484,151.732142,1.214653,5464.960543,2,0,0,1,174.41507417326574,-5.560297892432645,174.62999217326575,-157.29243989243267,151.94706000000002,0.00013486700000000008,-0.6118442807796397,10.824857706312141,531.8557423643954,-5439.018588482749,-999,5375.600334483413,1,1,2,1,2,1,2,1,1,0,0
1331000.0,101,79.332635,-122.72657,-0.435259,9.809984,102,79.284834,-122.70135,152.850033,1.33448,5484.900852,2,0,0,1,174.39733790831824,-5.577879881241764,174.83259690831824,-158.42791288124175,153.2852919999999,0.00011982700000000013,-0.6834741673583871,10.997141510345267,535.4861541140119,-5458.698740086552,-999,5529.408088213619,1,1,2,2,2,1,2,0,1,0,0
1332000.0,101,79.332726,-122.726572,-0.413938,9.858054,102,79.284811,-122.700464,144.170708,1.503609,5504.841313,2,0,0,1,174.215070823119,-5.75927437819158,174.629008823119,-149.92998237819157,144.58464599999996,0.00016912899999999985,-0.9513906709410955,11.076869769575259,554.8583044150897,-5476.806564352366,-999,5602.968192515675,1,1,2,1,2,1,2,1,1,0,0
1333000.0,101,79.332811,-122.726559,-0.251656,9.808063,102,79.284752,-122.700293,145.57398,1.628512,5524.781924,2,0,0,1,174.1975872116771,-5.77660273119094,174.4492432116771,-151.35058273119094,145.82563600000003,0.000124903,-0.9637447625006303,11.151257658944107,558.5454671069518,-5496.475440582939,-999,5658.089500970344,1,1,2,1,2,1,2,0,1,0,0
1334000.0,101,79.332903,-122.726555,-0.183139,9.860344,102,79.284676,-122.701083,156.438129,1.643156,5544.722683,2,0,0,1,174.39129549267,-5.583674666738456,174.57443449267,-162.02180366673846,156.621268,1.46440000000001e-05,-0.6883510816135123,11.366457987498897,541.9084583321171,-5518.177675117287,-999,5838.733394451438,1,1,2,2,2,1,2,0,1,0,0
1335000.0,101,79.332993,-122.726559,-0.211048,9.890982,102,79.284618,-122.700768,155.290682,1.78565,5564.66359,2,0,0,1,174.33873799260166,-5.6359187028644,174.54978599260167,-160.9266007028644,155.50173000000007,0.0001424939999999999,-0.782861337633975,11.513071156645918,548.9371718083321,-5537.5219052640105,-999,5968.591326845412,1,1,2,2,2,1,2,1,1,0,0
1336000.0,101,79.333083,-122.726547,-0.064668,9.914716,102,79.284577,-122.700024,150.131944,1.948168,5584.604641,2,0,0,1,174.19473246526317,-5.779204934575318,174.25940046526318,-155.91114893457532,150.19661199999996,0.00016251799999999995,-0.9813865604961503,11.604111364446867,564.8702607239893,-5555.963515433516,-999,6050.828832535756,1,1,2,1,2,1,2,1,1,0,0
1337000.0,101,79.333189,-122.726526,0.143261,10.154141,102,79.284503,-122.70005,152.763153,2.069723,5604.545837,2,0,0,1,174.22619162472432,-5.747791957874985,174.08293062472433,-158.51094495787498,152.619892,0.0001215550000000003,-0.9218606022086119,11.994345986033743,563.8256997174103,-5576.1128592750165,-999,6416.184617119677,1,1,2,2,2,1,2,0,1,0,0
1338000.0,101,79.333277,-122.726527,0.123879,10.11794,102,79.284433,-122.699867,153.385574,2.211056,5624.487175,2,0,0,1,174.20497855195674,-5.768824223806966,174.08109955195675,-159.15439822380696,153.26169500000003,0.00014133299999999994,-0.9686422192308562,12.094692110139212,567.9036235969857,-5595.743154938841,-999,6499.16104172108,1,1,2,2,2,1,2,0,1,0,0
1339000.0,101,79.33336,-122.72652,0.189679,10.011426,102,79.284351,-122.700086,157.058237,2.325221,5644.428654,2,0,0,1,174.27295030577102,-5.701074546928763,174.083271305771,-162.75931154692876,156.86855799999995,0.00011416499999999985,-0.8732172221183603,12.152670710785573,563.2547729288951,-5616.254881223704,-999,6531.580660089844,1,1,2,2,2,1,2,0,1,0,0
1340000.0,101,79.333444,-122.726518,0.195468,9.928277,102,79.28428,-122.69985,156.977317,2.472526,5664.370272,2,0,0,1,174.24064708034155,-5.73314783365367,174.04517908034154,-162.71046483365367,156.78184899999997,0.0001473049999999998,-0.9331229912110157,12.203808759224422,568.4222654061006,-5635.77738262504,-999,6565.912120041648,1,1,2,2,2,1,2,1,1,0,0
1341000.0,101,79.333528,-122.72652,0.159992,9.852984,102,79.284229,-122.699113,153.286561,2.634902,5684.312028,2,0,0,1,174.09822257556493,-5.874846164814464,173.93823057556494,-159.16140716481448,153.12656900000002,0.00016237600000000007,-1.1569503144416826,12.206613887035955,584.48025707963,-5654.183058652205,-999,6565.129963844855,1,1,2,2,2,1,2,1,1,1,0
1342000.0,101,79.333607,-122.726529,0.047737,9.717669,102,79.284139,-122.699481,157.445587,2.738947,5704.25392,2,0,0,1,174.19471431267115,-5.778707196524749,174.14697731267114,-163.22429419652474,157.39784999999995,0.00010404500000000016,-1.042455857463242,12.24712614707432,576.9743154792536,-5674.99898000983,-999,6576.300617820685,1,1,2,2,2,1,2,0,1,0,0
1343000.0,101,79.333698,-122.726554,-0.20795,9.781948,102,79.284046,-122.70006,162.53148,2.840398,5724.195947,2,0,0,1,174.3337268829619,-5.640239009765401,174.54167688296192,-168.17171900976538,162.73942999999997,0.00010145099999999996,-0.8881382963231607,12.491288164769266,565.1727507867436,-5696.226733673737,-999,6790.212927444196,1,1,2,2,2,1,2,0,1,0,0
1344000.0,101,79.333796,-122.726597,-0.626119,9.926433,102,79.28397,-122.699756,161.780975,2.991767,5744.138108,2,0,0,1,174.27987539501999,-5.693749520088663,174.90599439501997,-167.47472452008867,162.40709400000003,0.00015136899999999986,-1.043849258506397,12.767624910732694,572.5139230063947,-5715.5358814149395,-999,7055.013814059763,1,1,2,2,2,1,2,1,1,0,0
1345000.0,101,79.33388,-122.72662,-0.816789,9.854211,102,79.283883,-122.699751,162.899692,3.138067,5764.080401,2,0,0,1,174.29335738349806,-5.680240017757467,175.11014638349806,-168.57993201775744,163.71648099999993,0.0001463000000000001,-1.0632078619491914,12.852547270369204,573.1519766173074,-5735.513898587641,-999,7120.990031306866,1,1,2,2,2,1,2,0,1,0,0
1346000.0,101,79.333967,-122.726628,-0.825134,9.842295,102,79.283803,-122.699458,162.28735,3.289464,5784.022825,2,0,0,1,174.24889334813042,-5.7244082776602365,175.07402734813041,-168.01175827766025,163.11248400000005,0.00015139700000000022,-1.1425346591617573,12.974799146401956,579.6011897221276,-5754.9094259591675,-999,7228.77802517175,1,1,2,2,2,1,2,1,1,0,0
1347000.0,101,79.334051,-122.726595,-0.420225,9.78149,102,79.283704,-122.700143,166.90735,3.403272,5803.965378,2,0,0,1,174.4200772451878,-5.55392991794789,174.8403022451878,-172.4612799179479,167.32757499999997,0.0001138079999999997,-0.8426706612774313,13.096030979435419,564.3436525098003,-5776.463481308834,-999,7311.73870280727,1,1,2,2,2,1,2,0,1,0,0
1348000.0,101,79.334143,-122.726592,-0.35339,9.841076,102,79.283616,-122.700005,166.947829,3.554049,5823.90806,2,0,0,1,174.4115871615204,-5.5622873448023,174.7649771615204,-172.51011634480233,167.30121899999995,0.00015077700000000016,-0.8633375460880434,13.303118354890382,567.1416530278331,-5796.2276902079875,-999,7499.405018587885,1,1,2,2,2,1,2,1,1,0,0
1349000.0,101,79.334237,-122.726565,-0.046519,9.933742,102,79.283534,-122.699675,166.032555,3.702171,5843.850868,2,0,0,1,174.36775560496864,-5.605821160392325,174.41427460496863,-171.63837616039234,166.079074,0.00014812199999999985,-0.9016603229598433,13.52644773849367,573.5328760700733,-5815.638658607595,-999,7704.2349804867135,1,1,2,2,2,1,2,1,1,0,0
1350000.0,101,79.334323,-122.726562,-0.011908,9.883405,102,79.283434,-122.699974,168.197298,3.846538,5863.793801,2,0,0,1,174.45079236019606,-5.523081163534725,174.46270036019607,-173.72037916353472,168.20920600000005,0.0001443669999999999,-0.7888335037471584,13.648618294993696,567.0323699875719,-5836.313222577443,-999,7801.787546855628,1,1,2,2,2,1,2,0,1,0,0
1351000.0,101,79.334409,-122.726569,-0.085203,9.847273,102,79.283345,-122.69975,167.79085,3.994729,5883.736859,2,0,0,1,174.42189828107882,-5.55174825254204,174.50710128107883,-173.34259825254205,167.87605299999996,0.00014819100000000018,-0.8594524305387927,13.75163886573188,571.9140474157114,-5855.875147945332,-999,7887.223796847447,1,1,2,2,2,1,2,1,1,0,0
1352000.0,101,79.3345,-122.726552,0.095492,9.884969,102,79.283259,-122.699438,167.025427,4.14083,5903.68004,2,0,0,1,174.38024167362576,-5.593114980470584,174.28474967362575,-172.61854198047058,166.92993500000006,0.00014610100000000026,-0.9132186694565005,13.920069047739105,578.1243382270878,-5875.305120948519,-999,8037.793856739411,1,1,2,2,2,1,2,1,1,0,0
1353000.0,101,79.334584,-122.726546,0.159744,9.82087,102,79.283156,-122.69967,168.656475,4.2867,5923.623342,2,0,0,1,174.4493384578736,-5.524252065745109,174.28959445787362,-174.18072706574512,168.496731,0.0001458699999999995,-0.8157742512392097,14.02379339261957,572.9675319883696,-5895.847835992242,-999,8117.5295501375085,1,1,2,2,2,1,2,0,1,0,0
1354000.0,101,79.334677,-122.726558,0.013952,9.900451,102,79.283056,-122.699772,169.623344,4.435294,5943.566765,2,0,0,1,174.4883173631651,-5.485361598483663,174.4743653631651,-175.10870559848365,169.60939199999996,0.0001485940000000001,-0.7964671902516688,14.26320519824262,570.8719341708608,-5916.087484544881,-999,8335.886200957104,1,1,2,2,2,1,2,0,1,0,0
1355000.0,101,79.334771,-122.726533,0.266428,9.966851,102,79.282948,-122.700321,172.270998,4.577748,5963.510307,2,0,0,1,174.62657872261755,-5.347664275893634,174.36015072261756,-177.61866227589363,172.00456999999994,0.00014245399999999987,-0.5693050396901298,14.502903555061042,558.461723243742,-5937.303738681967,-999,8551.103084855122,1,1,2,2,2,1,2,0,1,0,0
1356000.0,101,79.334855,-122.726558,-0.008638,9.902699,102,79.282854,-122.700101,171.775501,4.718944,5983.453968,2,0,0,1,174.59505791137602,-5.378944340354113,174.603695911376,-177.1544453403541,171.78413899999998,0.00014119599999999987,-0.6765479711731097,14.573109275031644,563.6065752710332,-5956.850595363811,-999,8602.418151193575,1,1,2,2,2,1,2,1,1,0,0
1357000.0,101,79.334944,-122.726576,-0.193295,9.896976,102,79.282753,-122.70011,172.181177,4.865754,6003.397745,2,0,0,1,174.61274782941018,-5.361245579040191,174.8060428294102,-177.5424225790402,172.3744719999999,0.00014681000000000034,-0.6953309909039065,14.71743774371916,563.639844354021,-5976.880006368512,-999,8726.823525082782,1,1,2,2,2,1,2,0,1,0,0
1358000.0,101,79.335034,-122.72654,0.19692,9.921984,102,79.282643,-122.700582,174.217149,5.013436,6023.341638,2,0,0,1,174.7355730896365,-5.238919501547617,174.53865308963648,-179.45606850154763,174.02022900000009,0.00014768199999999965,-0.4710455602555679,14.909847577710796,552.6557895307286,-5997.934316609568,-999,8897.382034954313,1,1,2,2,2,1,2,0,1,0,0
1359000.0,101,79.335122,-122.726515,0.428378,9.912099,102,79.282543,-122.700492,174.144617,5.154634,6043.285645,2,0,0,1,174.74118091154867,-5.2332478084224805,174.31280291154866,-179.3778648084225,173.71623900000003,0.00014119800000000015,-0.4517568504743713,15.039561973785952,553.8967051732724,-6017.848438359117,-999,9007.258245594872,1,1,2,2,2,1,2,1,1,0,0
1360000.0,101,79.335215,-122.726537,0.170951,9.976491,102,79.282432,-122.701007,176.131095,5.304028,6063.229766,2,0,0,1,174.86005189706532,-5.114861265894528,174.68910089706532,178.7540437341055,175.96014399999996,0.000149394,-0.32811667819873847,15.268386949795033,543.1971202665716,-6038.848572686893,-999,9216.787525961185,1,1,2,2,2,1,2,0,1,0,0
1361000.0,101,79.335306,-122.726529,0.239271,9.991586,102,79.282344,-122.700533,174.708434,5.417806,6083.173999,2,0,0,1,174.78429257780536,-5.190162674078409,174.54502157780536,-179.89859667407842,174.46916300000004,0.00011377799999999994,-0.4579264113786137,15.386215727728295,552.9945503239476,-6057.986705946264,-999,9313.332720323047,1,1,2,2,2,1,2,1,1,0,0
1362000.0,101,79.335402,-122.726512,0.386366,10.0912,102,79.282245,-122.700333,174.268711,5.549958,6103.118343,2,0,0,1,174.76689235040766,-5.207383078190383,174.38052635040765,-179.47609407819039,173.88234499999993,0.00013215200000000048,-0.48618811515103544,15.613185341050265,556.6533666163771,-6077.67970018968,-999,9520.156851199263,1,1,2,2,2,1,2,1,1,0,0
1363000.0,101,79.335495,-122.726493,0.540635,10.128826,102,79.282136,-122.700516,175.06995,5.693185,6123.062798,2,0,0,1,174.82655221310193,-5.147921709728129,174.28591721310192,179.78212829027186,174.52931500000005,0.00014322699999999954,-0.39369650486560664,15.800497358417795,552.1230274674218,-6098.1192338943165,-999,9687.879540389207,1,1,2,2,2,1,2,0,1,0,0
1364000.0,101,79.33559,-122.726495,0.469626,10.192909,102,79.282025,-122.700749,175.973631,5.836248,6143.007361,2,0,0,1,174.8918763596444,-5.0828245540086066,174.4222503596444,178.9435444459914,175.50400500000006,0.00014306300000000062,-0.32625004002160984,16.0144098184024,546.9458481728586,-6118.610109858828,-999,9882.257247163372,1,1,2,2,2,1,2,0,1,0,0
1365000.0,101,79.335679,-122.726494,0.440042,10.154643,102,79.281919,-122.700756,176.143471,5.971411,6162.952033,2,0,0,1,174.91183136768373,-5.062877407788915,174.47178936768373,178.7936515922111,175.70342899999997,0.00013516299999999948,-0.32363831117637964,16.11223282593147,546.5836872486016,-6138.666307423181,-999,9959.957073413403,1,1,2,2,2,1,2,0,1,0,0
1366000.0,101,79.335778,-122.726494,0.399086,10.271766,102,79.281807,-122.701047,177.133827,6.112874,6182.896811,2,0,0,1,174.98858171985785,-4.986413004778346,174.58949571985784,177.87975999522166,176.73474099999999,0.0001414629999999999,-0.23411782323855107,16.376743944433155,540.1024327942192,-6159.261509106732,-999,10205.700722426835,1,1,2,2,2,1,2,0,1,0,0
1367000.0,101,79.335873,-122.726456,0.733259,10.318998,102,79.281703,-122.70094,176.931367,6.238469,6202.841696,2,0,0,1,174.99338042516084,-4.981546497570926,174.26012142516083,178.0870865024291,176.19810800000005,0.00012559500000000056,-0.20190194870350442,16.547676796763245,541.3271797800305,-6179.175510540833,-999,10357.523358466911,1,1,2,2,2,1,2,1,1,0,0
1368000.0,101,79.335958,-122.726508,0.170491,10.207764,102,79.281599,-122.700789,176.612412,6.359843,6222.786685,2,0,0,1,174.97115957958553,-5.003567867718588,174.80066857958553,178.3840201322814,176.44192099999992,0.00012137399999999942,-0.34542942979659996,16.556448949785995,545.4719110246117,-6198.833319367157,-999,10343.000546716761,1,1,2,2,0,1,2,0,1,1,0
1369000.0,101,79.336036,-122.72652,0.032688,10.010831,102,79.281499,-122.700526,176.003371,6.473241,6242.731778,2,0,0,1,174.93412213049876,-5.040335091342719,174.90143413049876,178.9562939086573,175.970683,0.00011339800000000011,-0.44545922818463235,16.468328436895963,551.2400538500801,-6218.346601395133,-999,10234.064819164583,1,1,2,2,2,1,2,1,1,1,0
1370000.0,101,79.336132,-122.726533,-0.099404,10.10936,102,79.281388,-122.700654,176.48314,6.602784,6262.676974,2,0,0,1,174.97534145232927,-4.99922877386937,175.07474545232927,178.51763122613065,176.58254400000004,0.00012954299999999998,-0.4225686241171614,16.699694362717523,548.5132423584528,-6238.610109922499,-999,10445.148992251641,1,1,2,2,2,1,2,0,1,0,0
1371000.0,101,79.336213,-122.726544,-0.199976,9.959786,102,79.281289,-122.700321,175.710784,6.707942,6282.622272,2,0,0,1,174.92544844325604,-5.048783755085067,175.12542444325604,179.24043224491496,175.91075999999998,0.00010515800000000031,-0.5364559208851506,16.648879920550975,555.7097976864957,-6257.9972222257875,-999,10374.25269483059,1,1,2,2,2,1,2,1,1,1,0
1372000.0,101,79.336297,-122.726566,-0.416765,9.896268,102,79.281193,-122.699921,174.797336,6.808403,6302.56767,2,0,0,1,174.86092472985152,-5.112892794376905,175.27768972985152,-179.9102287943769,175.21410099999997,0.00010046100000000013,-0.6893624293667187,16.676359824872478,564.54347564674,-6277.232662490211,-999,10383.192804862992,1,1,2,2,2,1,2,1,1,0,0
1373000.0,101,79.336387,-122.726586,-0.580366,9.917442,102,79.281093,-122.699604,174.140409,6.91393,6322.513169,2,0,0,1,174.8140148408109,-5.15947153373598,175.3943808408109,-179.29988053373597,174.720775,0.00010552699999999948,-0.8063048727655209,16.794738399986073,571.4855105007846,-6296.632201698467,-999,10483.923503641254,1,1,2,2,2,1,2,1,1,0,0
1374000.0,101,79.336475,-122.726569,-0.357592,9.901582,102,79.281002,-122.699049,172.898983,7.004055,6342.458767,2,0,0,1,174.728112591062,-5.244845122619788,175.085704591062,-178.14382812261977,173.25657500000005,9.012500000000046e-05,-0.9276318440259921,16.85172126089842,582.7579028556207,-6315.62953613925,-999,10524.861486732143,1,1,2,2,2,1,2,1,1,0,0
1375000.0,101,79.336557,-122.726563,-0.271956,9.80142,102,79.280888,-122.699238,173.590364,7.123352,6362.404463,2,0,0,1,174.7835357580293,-5.189613572083542,175.0554917580293,-178.77997757208354,173.86232,0.00011929699999999955,-0.8417455047510413,16.88013464360048,578.4618546852811,-6336.053379942153,-999,10530.47194402979,1,1,2,2,2,1,2,0,1,0,0
1376000.0,101,79.336652,-122.726561,-0.219612,9.910007,102,79.280784,-122.69902,173.247034,7.229904,6382.350255,2,0,0,1,174.7611017981183,-5.21183528188063,174.9807137981183,-178.45886928188065,173.46664599999997,0.00010655200000000064,-0.8881402640912869,17.08967981280566,582.7638932585243,-6355.688870784405,-999,10721.225944194997,1,1,2,2,2,1,2,1,1,0,0
1377000.0,101,79.336742,-122.726545,-0.045674,9.922652,102,79.280703,-122.698244,171.527178,7.300532,6402.296145,2,0,0,1,174.63365388895124,-5.338536383337665,174.67932788895124,-176.86571438333766,171.57285200000007,7.062799999999924e-05,-1.0835722343839773,17.143501854215266,598.7653530254009,-6374.235325142791,-999,10762.998552087016,1,1,2,2,2,1,2,1,1,0,0
1378000.0,101,79.33683,-122.726564,-0.236606,9.906164,102,79.280591,-122.698312,171.942564,7.412244,6422.242129,2,0,0,1,174.66177801964972,-5.310460403130445,174.8983840196497,-177.25302440313044,172.17916999999994,0.0001117120000000007,-1.0798504552931805,17.245150287617765,597.4921031951264,-6394.387941790983,-999,10844.202313779759,1,1,2,2,2,1,2,0,1,0,0
1379000.0,101,79.336917,-122.726557,-0.142835,9.882088,102,79.280475,-122.698567,172.778429,7.523107,6442.188208,2,0,0,1,174.72986265934722,-5.242633216699626,174.8726976593472,-178.02106221669962,172.92126399999995,0.00011086300000000016,-0.9703406999747585,17.345486832024655,591.7253040012763,-6414.955188611908,-999,10919.718305705399,1,1,2,2,2,1,2,0,1,0,0
1380000.0,101,79.336998,-122.726521,0.245648,9.772637,102,79.280359,-122.698826,173.586904,7.632858,6462.13438,2,0,0,1,174.80308560834155,-5.16970014837185,174.55743760834156,-178.75660414837185,173.341256,0.00010975099999999927,-0.8106615183894272,17.357641924001264,585.3333319271187,-6435.5703426901555,-999,10907.024993960104,1,1,2,2,2,1,2,0,1,1,0
1381000.0,101,79.337094,-122.726473,0.705006,9.90665,102,79.280248,-122.698832,173.78076,7.737246,6482.080646,2,0,0,1,174.8318964800189,-5.140942339956878,174.12689048001891,-178.92170233995685,173.07575399999996,0.00010438800000000015,-0.7163054745915229,17.597609585243408,583.8938893678729,-6455.729039171846,-999,11125.062449159952,1,1,2,2,2,1,2,1,1,0,0
1382000.0,101,79.33718,-122.726478,0.600134,9.857412,102,79.280135,-122.698947,174.212647,7.841793,6502.027003,2,0,0,1,174.87016226562164,-5.102784646044924,174.27002826562165,-179.31543164604494,173.61251300000004,0.00010454700000000016,-0.6874927296241065,17.65869458035267,581.3656741891498,-6475.984025660947,-999,11165.54971957762,1,1,2,2,2,1,2,0,1,0,0
1383000.0,101,79.337273,-122.726476,0.562922,9.933865,102,79.280027,-122.698843,174.138798,7.938094,6521.973451,2,0,0,1,174.86918878895642,-5.103657893979298,174.30626678895644,-179.2424558939793,173.57587599999994,9.630100000000042e-05,-0.7130327166683433,17.829980753158267,583.2595125811422,-6495.84067204026,-999,11317.046028688479,1,1,2,2,2,1,2,1,1,0,0
1384000.0,101,79.337365,-122.726484,0.430598,9.973494,102,79.279915,-122.698895,174.408665,8.036874,6541.919989,2,0,0,1,174.8953573016701,-5.07753261833619,174.46475930167009,-179.4861976183362,173.97806700000007,9.877999999999875e-05,-0.7080982019555331,17.971848076794384,582.0673712711443,-6515.973811931664,-999,11438.588963818665,1,1,2,2,2,1,2,0,1,0,0
1385000.0,101,79.337456,-122.726473,0.509588,9.994911,102,79.279799,-122.699117,175.037588,8.136742,6561.866616,2,0,0,1,174.95627040757287,-5.016848468847962,174.44668240757287,179.94556353115203,174.52800000000002,9.986800000000073e-05,-0.6149525198305127,18.100758420367033,576.8933170901954,-6536.458336658467,-999,11546.260040859996,1,1,2,2,2,1,2,0,1,0,0
1386000.0,101,79.33754,-122.726471,0.491889,9.919165,102,79.279697,-122.698808,174.498572,8.216117,6581.813333,2,0,0,1,174.91622854843718,-5.05658865802071,174.4243395484372,-179.5551606580207,174.00668299999995,7.937500000000064e-05,-0.7025279416111092,18.09707146094585,583.2287819566658,-6555.921822166119,-999,11523.662856498604,1,1,2,2,2,1,2,1,1,1,0
1387000.0,101,79.337629,-122.726457,0.591297,9.92633,102,79.279579,-122.699367,175.819178,8.31229,6601.760136,2,0,0,1,175.038613528361,-4.934766732546218,174.447316528361,179.24605526745378,175.22788099999997,9.617300000000029e-05,-0.5035635915764095,18.215971868477414,570.9489627349957,-6577.024720588373,-999,11620.92947972742,1,1,2,2,2,1,2,0,1,0,0
1388000.0,101,79.337717,-122.726485,0.255624,9.914624,102,79.279469,-122.699327,175.839618,8.399603,6621.707027,2,0,0,1,175.04299468319815,-4.930318759078833,174.78737068319813,179.23006324092117,175.58399399999996,8.731299999999997e-05,-0.5651454492736556,18.29199436746935,572.1696195245057,-6596.9406453229785,-999,11676.764194117948,1,1,2,2,2,1,2,0,1,0,0
1389000.0,101,79.337805,-122.72651,-0.01887,9.891482,102,79.279355,-122.69949,176.278822,8.49107,6641.654004,2,0,0,1,175.08496934879477,-4.888479699020586,175.10383934879476,178.83269830097942,176.29769199999998,9.146699999999974e-05,-0.5543379825790085,18.364649717704513,569.0455963101149,-6617.231673303369,-999,11729.06332417492,1,1,2,2,2,1,2,0,1,0,0
1390000.0,101,79.337901,-122.726528,-0.207346,10.002762,102,79.279242,-122.699612,176.619732,8.579409,6661.601066,2,0,0,1,175.12110631790307,-4.852444925263119,175.32845231790307,178.5278230747369,176.82707799999997,8.833899999999951e-05,-0.5420627773433309,18.56717898633488,566.5684306281565,-6637.464047055011,-999,11911.17409643674,1,1,2,2,2,1,2,0,1,0,0
1391000.0,101,79.337995,-122.726562,-0.52548,10.0681,102,79.279134,-122.699529,176.532515,8.657834,6681.548213,2,0,0,1,175.1166870376685,-4.856749237125593,175.6421670376685,178.6107357628744,177.057995,7.84249999999993e-05,-0.6159807698605481,18.709660520630607,568.7784187197431,-6657.295068798,-999,12033.745966808536,1,1,2,2,2,1,2,0,1,0,0
1392000.0,101,79.338092,-122.726535,-0.210243,10.165551,102,79.279022,-122.699584,176.723617,8.739651,6701.495443,2,0,0,1,175.14852298291487,-4.8249938690438565,175.35876598291486,178.45138913095616,176.93385999999998,8.181700000000091e-05,-0.5367947216760535,18.890848247217072,566.7662570443284,-6677.4858429221495,-999,12194.509719109721,1,1,2,2,2,1,2,1,1,0,0
1393000.0,101,79.338175,-122.726542,-0.265253,10.053315,102,79.278908,-122.699827,177.281013,8.824729,6721.442757,2,0,0,1,175.20666811986277,-4.767080636605921,175.47192111986277,177.95190636339407,177.546266,8.507799999999932e-05,-0.4651648206209049,18.86800147153432,561.6563277728739,-6697.935122491143,-999,12151.58515907566,1,1,2,2,2,1,2,0,1,1,0
1394000.0,101,79.338269,-122.726561,-0.426484,10.10539,102,79.278795,-122.699958,177.59917,8.904875,6741.390153,2,0,0,1,175.243159650845,-4.7306991621644165,175.669643650845,177.6701308378356,178.02565399999997,8.014600000000094e-05,-0.4482456280977832,19.002168558330474,559.0444982864707,-6718.170170805514,-999,12265.500730587528,1,1,2,2,2,1,2,0,1,0,0
1395000.0,101,79.338364,-122.726569,-0.47029,10.177625,102,79.278682,-122.700115,177.958692,8.983824,6761.337631,2,0,0,1,175.28604467164354,-4.687960555556977,175.75633467164354,177.35334744444302,178.42898200000002,7.894899999999971e-05,-0.40354200832232073,19.155405073410908,555.6552025655641,-6738.466728881172,-999,12398.721029554266,1,1,2,2,2,1,2,0,1,0,0
1396000.0,101,79.338444,-122.726553,-0.272275,10.018835,102,79.278585,-122.699703,177.209414,9.030072,6781.285189,2,0,0,1,175.2298412025192,-4.7437748997453815,175.5021162025192,178.04681110025462,177.48168900000002,4.6248000000000286e-05,-0.4872452938890335,19.038085565838433,563.9237516003814,-6757.796890772297,-999,12261.493406769081,1,1,2,2,2,1,2,1,1,1,0
1397000.0,101,79.338529,-122.72652,0.078232,9.941572,102,79.278495,-122.699106,176.118304,9.062219,6801.232828,2,0,0,1,175.14420223470157,-4.82885965851419,175.06597023470155,179.05283634148583,176.04007199999995,3.2147000000000145e-05,-0.5999067920715564,18.982992607606008,575.7124075824498,-6776.82250058392,-999,12187.209953928266,1,1,2,2,2,1,2,1,1,1,0
1398000.0,101,79.338611,-122.726517,0.109777,9.843471,102,79.278386,-122.699119,176.227003,9.131235,6821.180546,2,0,0,1,175.1622925537632,-4.810785062874573,175.0525155537632,178.96221193712543,176.11722599999996,6.901599999999952e-05,-0.5820086974503836,18.95489681887112,575.2549581894068,-6796.8805914336435,-999,12139.062899531336,1,1,2,2,2,1,2,0,1,1,0
1399000.0,101,79.33869,-122.726496,0.317331,9.711362,102,79.278288,-122.698725,175.558227,9.178012,6841.128343,2,0,0,1,175.11100257631452,-4.861708516262786,174.79367157631452,179.58006448373723,175.24089599999996,4.677700000000051e-05,-0.6570139038784051,18.86165938331748,583.0392143335528,-6816.238132573366,-999,12026.783073046332,1,1,2,2,2,1,2,1,1,1,0
1400000.0,101,79.338782,-122.726555,-0.323242,9.78714,102,79.278194,-122.6983,174.843966,9.217938,6855.678536,2,0,0,1,175.04136655711184,-4.930868937563609,175.36460855711184,-179.7748349375636,175.16720800000002,3.992599999999946e-05,-0.8836161728992561,18.967623266675975,592.5807538093848,-6830.020222458043,-999,12122.108419523,1,1,2,2,0,1,2,1,1,0,0
1401000.0,101,79.338869,-122.726566,-0.410175,9.772225,102,79.278086,-122.698544,175.404526,9.273478,6865.585897,2,0,0,1,175.09770954982787,-4.87475490099581,175.50788454982788,179.72071909900419,175.814701,5.554000000000059e-05,-0.812950597872817,19.01564030898675,586.7106772795346,-6840.470765250845,-999,12158.243912777982,1,1,2,2,2,1,2,0,1,0,0
1402000.0,101,79.338961,-122.726561,-0.317426,9.837207,102,79.278014,-122.697773,174.029042,9.267881,6875.772184,2,0,0,1,174.97782429567286,-4.99388745165279,175.29525029567287,-179.0229294516528,174.34646800000002,-5.597000000001629e-06,-1.0185843943770603,19.054656469941015,601.9140524338261,-6849.3753437631685,-999,12193.313001582594,1,1,2,2,2,1,2,1,1,0,0
1403000.0,101,79.339044,-122.726532,0.002128,9.762533,102,79.277909,-122.698572,175.620496,9.298603,6886.036001,2,0,0,1,175.13645397952246,-4.836071395051512,175.13432597952246,179.5434326049485,175.61836799999998,3.07220000000008e-05,-0.7097006354024529,19.033985305210983,583.8187158995335,-6861.242417669959,-999,12154.353465514414,1,1,2,2,2,1,2,0,1,1,0
1404000.0,101,79.339149,-122.726541,-0.08274,10.019028,102,79.277812,-122.698743,176.013335,9.326799,6896.398849,2,0,0,1,175.18030739836615,-4.792377163566068,175.26304739836615,179.19428783643392,176.09607499999998,2.8195999999999443e-05,-0.6629074909851582,19.3232481091482,579.4377327113876,-6872.013460289409,-999,12432.187178876671,1,1,2,2,2,1,2,0,1,0,0
1405000.0,101,79.33924,-122.72655,-0.165804,10.037996,102,79.277717,-122.69904,176.626228,9.348847,6906.888198,2,0,0,1,175.24432547396694,-4.728642088558124,175.41012947396695,178.64512991144187,176.79203199999995,2.2047999999999847e-05,-0.5792222833828088,19.370598218607007,572.6287314055335,-6883.109828823057,-999,12468.119242151557,1,1,2,2,2,1,2,0,1,0,0
1406000.0,101,79.339331,-122.726557,-0.221634,10.049791,102,79.277633,-122.698958,176.525289,9.35186,6917.539147,2,0,0,1,175.24244409081086,-4.730436016383031,175.46407809081086,178.74427498361698,176.74692299999992,3.0130000000010425e-06,-0.6056722860120703,19.38438378719787,573.738132928817,-6893.705274023604,-999,12471.333478637856,1,1,2,2,2,1,2,1,1,0,0
1407000.0,101,79.339411,-122.726521,0.158485,9.902015,102,79.277555,-122.69874,176.171108,9.340883,6928.39654,2,0,0,1,175.22335632882485,-4.749344937703209,175.06487132882484,179.0795470622968,176.01262300000002,-1.097700000000046e-05,-0.5963667727867513,19.222010540435612,576.9388123385312,-6904.333437943258,-999,12298.469509564124,1,1,2,2,2,1,2,1,1,1,0
1408000.0,101,79.339497,-122.726501,0.35555,9.873854,102,79.277474,-122.698767,176.271716,9.333693,6939.517677,2,0,0,1,175.2441461151428,-4.728601335238869,174.8885961151428,178.99968266476114,175.91616599999998,-7.1899999999995856e-06,-0.5456506568184059,19.18760343618832,575.3555892475531,-6915.625173136343,-999,12252.828001981623,1,1,2,2,2,1,2,1,1,1,0
1409000.0,101,79.339584,-122.726488,0.458808,9.854376,102,79.27739,-122.699168,177.061732,9.327873,6950.975767,2,0,0,1,175.3276123772989,-4.6455418860659785,174.8688043772989,178.292726113934,176.60292400000003,-5.819999999999937e-06,-0.3992364018618361,19.169670102504284,566.2139239605924,-6927.87600247972,-999,12223.77040582053,1,1,2,2,2,1,2,0,1,1,0
1410000.0,101,79.339665,-122.726514,0.154594,9.747356,102,79.277322,-122.698925,176.646186,9.295544,6962.864351,2,0,0,1,175.29300832584917,-4.679881606638966,175.13841432584917,178.67393239336104,176.49159199999997,-3.232900000000072e-05,-0.5175048650790439,19.026944136746515,571.3735219378076,-6939.381259799395,-999,12068.658476240109,1,1,2,2,2,1,2,1,1,1,0
1411000.0,101,79.339762,-122.726494,0.341199,9.879681,102,79.277292,-122.697855,174.65762,9.190527,6975.240475,1,0,0,1,175.12458100733048,-4.847277149555238,174.7833820073305,-179.50489714955523,174.31642099999993,-0.00010501700000000014,-0.7968694371492239,19.030110109231664,592.8219472710307,-6950.003008841939,-999,12062.789436120622,1,1,2,2,2,1,2,1,1,1,0
1412000.0,101,79.339851,-122.726477,0.486347,9.883627,102,79.277237,-122.697362,173.779797,9.138884,6985.148895,1,0,0,1,175.0552617198947,-4.916128698459329,174.5689147198947,-178.69592569845932,173.29345,-5.1643000000000325e-05,-0.9063023841709095,18.968352684364113,602.0840261181809,-6959.152240813032,-999,11994.067858569246,1,1,2,2,2,1,2,1,1,1,0
1413000.0,101,79.339944,-122.726527,-0.067242,9.952054,102,79.277174,-122.697211,173.555363,9.098762,6995.057417,1,0,0,1,175.0335774583979,-4.937615447745985,175.1008194583979,-178.492978447746,173.62260499999996,-4.0121999999998434e-05,-1.0329529763704084,18.993312034050426,605.5755557145902,-6968.795198127698,-999,12013.091387638959,1,1,2,2,0,1,2,0,1,0,0
1414000.0,101,79.34003,-122.726518,0.027474,9.903234,102,79.277105,-122.69747,174.111822,9.060306,7004.966039,1,0,0,1,175.0907894033755,-4.880666849647542,175.0633154033755,-178.99248884964754,174.08434799999998,-3.8456000000000047e-05,-0.9247235652598215,18.915736736096143,599.4646074669565,-6979.268686039952,-999,11921.964847969193,1,1,2,2,2,1,2,0,1,1,0
1415000.0,101,79.340111,-122.726537,-0.169194,9.800738,102,79.277053,-122.69713,173.509991,8.999421,7014.874762,1,0,0,1,175.0408224966458,-4.930280986967181,175.2100164966458,-178.4402719869672,173.67918500000002,-6.088500000000074e-05,-1.0461456322091907,18.742444202776632,606.4074774272664,-6988.614876916946,-999,11743.283816672743,1,1,2,2,2,1,2,1,1,1,0
1416000.0,101,79.340204,-122.72652,0.019105,9.875421,102,79.277016,-122.696503,172.3369,8.918384,7024.783584,1,0,0,1,174.94881936416166,-5.021684705856164,174.92971436416167,-177.35858470585617,172.317795,-8.103700000000025e-05,-1.1859552076211854,18.714156903868307,618.5011401203462,-6997.5024645730355,-999,11711.638076093179,1,1,2,2,2,1,2,1,1,1,0
1417000.0,101,79.34029,-122.72654,-0.181013,9.844367,102,79.276958,-122.696604,172.595029,8.861398,7034.692506,1,0,0,1,174.97374918818934,-4.996834474358892,175.15476218818935,-177.59186347435892,172.77604200000007,-5.69860000000002e-05,-1.1731724415103426,18.63181167329463,616.3245577800257,-7007.641735523429,-999,11618.833400177406,1,1,2,2,2,1,2,0,1,1,0
1418000.0,101,79.340377,-122.726582,-0.600604,9.829067,102,79.276902,-122.696793,173.017099,8.799886,7044.601526,1,0,0,1,175.00949180677824,-4.961236302464691,175.61009580677825,-177.9783353024647,173.617703,-6.151199999999868e-05,-1.1728611504182902,18.5631396269587,612.8148790515535,-7017.896307593506,-999,11540.220771485143,1,1,2,2,2,1,2,0,1,1,0
1419000.0,101,79.340467,-122.726574,-0.467934,9.852549,102,79.276864,-122.696383,172.24619,8.717235,7054.510646,1,0,0,1,174.95259742732412,-5.017735657703031,175.42053142732414,-177.26392565770306,172.71412400000008,-8.265100000000025e-05,-1.2565663867852195,18.489753113573045,620.6551097816331,-7027.155021004538,-999,11461.69281942637,1,1,2,2,2,1,2,1,1,1,0
1420000.0,101,79.340561,-122.726578,-0.466683,9.929314,102,79.276813,-122.69654,172.604272,8.645898,7064.419863,1,0,0,1,174.9893877905001,-4.981095636491142,175.4560707905001,-177.58536763649116,173.07095500000003,-7.133699999999977e-05,-1.1937892211523473,18.50295535160579,617.0082282907312,-7037.423452299177,-999,11461.490839883716,1,1,2,2,2,1,2,0,1,1,0
1421000.0,101,79.340654,-122.726586,-0.503765,9.986641,102,79.276777,-122.696214,171.98446,8.558872,7074.329178,1,0,0,1,174.94412071401254,-5.026034508033269,175.44788571401253,-177.01049450803328,172.488225,-8.70260000000016e-05,-1.2812684852372427,18.461509252701667,623.4412994463233,-7046.804542829809,-999,11415.139579925826,1,1,2,2,2,1,2,1,1,1,0
1422000.0,101,79.340747,-122.726579,-0.383709,10.03929,102,79.276726,-122.696832,173.266527,8.474344,7084.238591,1,0,0,1,175.05870429734128,-4.912065073400544,175.4424132973413,-178.17859207340055,173.650236,-8.452799999999882e-05,-1.060857288058091,18.45495555323906,610.2009813915223,-7057.909830574665,-999,11387.469600990782,1,1,2,2,2,1,2,0,1,1,0
1423000.0,101,79.340838,-122.726569,-0.24979,10.058521,102,79.276681,-122.697043,173.728069,8.391826,7094.148101,1,0,0,1,175.10556318679795,-4.865423345442409,175.35535318679794,-178.59349234544243,173.97785900000002,-8.251800000000031e-05,-0.9606364079385238,18.400022930515654,605.2740047371904,-7068.279893871727,-999,11318.892647173763,1,1,2,2,2,1,2,0,1,1,0
1424000.0,101,79.340921,-122.726615,-0.703981,9.956902,102,79.276653,-122.696703,173.041297,8.290691,7104.057707,1,0,0,1,175.0503994845095,-4.920207745499408,175.7543804845095,-177.96150474549938,173.74527799999998,-0.00010113499999999931,-1.1267849276094002,18.185769996930333,612.9339749120458,-7077.5665201243155,-999,11101.863753872783,1,1,2,2,2,1,2,1,1,1,0
1425000.0,101,79.341012,-122.7266,-0.492068,9.980461,102,79.27661,-122.697183,174.062645,8.20042,7113.967409,1,0,0,1,175.14197622964116,-4.8291174055637285,175.63404422964115,-178.89176240556372,174.554713,-9.027100000000132e-05,-0.9339730921904883,18.136522507354954,602.4602334710784,-7088.411243953058,-999,11034.927511515158,1,1,2,2,2,1,2,0,1,1,0
1426000.0,101,79.341098,-122.726606,-0.510214,9.936043,102,79.276569,-122.697787,175.346533,8.107801,7123.877207,1,0,0,1,175.24958472699961,-4.722096525701672,175.7597987269996,179.93137047429835,175.85674700000004,-9.261899999999912e-05,-0.7462567033430011,18.01672353475837,589.966957715096,-7099.4059927023845,-999,10900.41063949264,1,1,2,2,2,1,2,0,1,1,0
1427000.0,101,79.34119,-122.72663,-0.706095,9.978593,102,79.276531,-122.698893,177.695162,8.003905,7133.7871,1,0,0,1,175.43631260172592,-4.536431866709411,176.14240760172592,177.76840613329057,178.401257,-0.00010389600000000066,-0.44485625132369655,17.975265133170517,567.6152885165899,-7111.169472904484,-999,10846.820125044798,1,1,2,2,2,1,2,0,1,1,0
1428000.0,101,79.341282,-122.726651,-0.8609,10.015528,102,79.276512,-122.69853,176.913027,7.882824,7143.697088,1,0,0,1,175.3812880590668,-4.591079071634256,176.2421880590668,178.49589392836575,177.77392700000007,-0.00012108099999999932,-0.5749871552292682,17.88578298437519,575.242300801554,-7120.498885644756,-999,10747.398347805927,1,1,2,2,2,1,2,1,1,1,0
1429000.0,101,79.341375,-122.726657,-0.845123,10.059248,102,79.276489,-122.698369,176.563333,7.772231,7153.607171,1,0,0,1,175.3622379632563,-4.609965063046771,176.2073609632563,178.82670193695324,177.40845600000006,-0.00011059300000000061,-0.6142782292297283,17.816407698091066,578.4110297672996,-7130.184867002127,-999,10668.464668503268,1,1,2,2,2,1,2,1,1,1,0
1430000.0,101,79.341465,-122.726649,-0.687812,10.064413,102,79.276504,-122.697343,174.244541,7.595589,7163.517348,1,0,0,1,175.20162668573985,-4.769576006128668,175.88943868573986,-179.01411700612866,174.93235300000003,-0.0001766419999999993,-0.8825235727071792,17.620987210521267,599.2250158144967,-7138.410899879544,-999,10468.765387441215,1,1,2,2,2,1,2,1,1,1,0
1431000.0,101,79.341554,-122.726645,-0.589734,10.055125,102,79.276486,-122.697098,173.685447,7.482251,7173.427618,1,0,0,1,175.1702614760547,-4.8007043956660045,175.75999547605468,-178.486151395666,174.2751810000001,-0.0001133380000000006,-0.9264421936816031,17.4914489417209,603.9670744871482,-7147.956880369424,-999,10331.005865798723,1,1,2,2,2,1,2,1,1,1,0
1432000.0,101,79.341649,-122.726639,-0.47839,10.117522,102,79.276473,-122.696798,172.985729,7.365662,7183.337982,1,0,0,1,175.1304708637708,-4.8402061071736,175.6088608637708,-177.8259351071736,173.46411899999998,-0.00011658899999999938,-0.9839443703155382,17.427704999465305,609.7722829350898,-7157.410308666673,-999,10259.656466888835,1,1,2,2,2,1,2,1,1,1,0
1433000.0,101,79.341738,-122.726622,-0.261478,10.100883,102,79.276445,-122.69726,174.061472,7.259301,7193.248439,1,0,0,1,175.21680610753475,-4.7543415461586,175.47828410753476,-178.8158135461586,174.32295,-0.00010636100000000059,-0.7971541408724739,17.32112156114619,599.812952534956,-7168.196950917799,-999,10137.508946327094,1,1,2,2,2,1,2,0,1,1,0
1434000.0,101,79.34182,-122.7266,-0.024398,9.975128,102,79.276466,-122.696239,171.562621,7.092026,7203.158989,1,0,0,1,175.05945390043905,-4.910712088418334,175.08385190043904,-176.47333308841834,171.58701900000005,-0.00016727500000000007,-1.044849187700724,16.9903948204863,620.3503023469374,-7176.3963744479415,-999,9806.155213761058,1,1,2,2,2,1,2,1,1,1,0
1435000.0,101,79.341919,-122.726587,0.110288,10.107305,102,79.276488,-122.695238,169.036169,6.940286,7213.069631,1,0,0,1,174.90548827267202,-5.063706859169462,174.79520027267202,-174.09987585916946,168.92588099999995,-0.00015173999999999933,-1.3005126235144693,16.920894285056477,640.5125568932802,-7184.574946795148,-999,9741.693446993964,1,1,2,2,2,1,2,1,1,1,0
1436000.0,101,79.342006,-122.726581,0.156962,10.06167,102,79.276474,-122.695146,168.787788,6.831542,7222.980364,1,0,0,1,174.8994109575988,-5.069699663234061,174.7424489575988,-173.85748766323405,168.63082599999996,-0.00010874400000000062,-1.300784491847277,16.76278561664028,642.1557242294646,-7194.378455750636,-999,9574.235757964436,1,1,2,2,2,1,2,1,1,1,0
1437000.0,101,79.342101,-122.726593,0.025095,10.125975,102,79.276452,-122.695578,169.857003,6.715502,7232.89119,1,0,0,1,174.9761238689091,-4.993399458254039,174.9510288689091,-174.85040245825402,169.83190799999994,-0.00011603999999999993,-1.1782016669447157,16.736521467345824,633.3905490544823,-7205.104536281766,-999,9530.19832135538,1,1,2,2,2,1,2,0,1,1,0
1438000.0,101,79.342186,-122.726599,-0.033278,10.057578,102,79.276444,-122.695395,169.354719,6.602716,7242.802106,1,0,0,1,174.9527753833207,-5.016562220410032,174.9860533833207,-174.37128122041003,169.38799699999993,-0.00011278599999999982,-1.2255487917761174,16.546657349216837,637.1985644442694,-7214.718313014598,-999,9333.876502297626,1,1,2,2,2,1,2,1,1,1,0
1439000.0,101,79.342276,-122.726627,-0.314509,10.056169,102,79.27643,-122.695478,169.542666,6.490596,7252.713113,1,0,0,1,174.9695368643505,-4.999854780904238,175.28404586435047,-174.54252078090423,169.85717500000004,-0.00011212,-1.2332647004490693,16.43880689629642,635.956972147892,-7224.7772442518,-999,9216.88570618694,1,1,2,2,2,1,2,0,1,1,0
1440000.0,101,79.34236,-122.726617,-0.186577,9.966795,102,79.276433,-122.695065,168.388673,6.371855,7262.62421,1,0,0,1,174.9110197715434,-5.057975864022663,175.0975967715434,-173.44664886402268,168.57525000000004,-0.00011874099999999998,-1.3149289216626991,16.20820019339466,644.2145606506483,-7233.995992224754,-999,8982.972111344556,1,1,2,2,2,1,2,1,1,1,0
1441000.0,101,79.342448,-122.726606,-0.056861,9.944771,102,79.276416,-122.695559,169.677398,6.249832,7272.535397,1,0,0,1,174.9999721192342,-4.9695197476631,175.0568331192342,-174.6469177476631,169.73425900000007,-0.00012202300000000044,-1.1297787229897722,16.093440994509415,633.8467496144181,-7244.860895739903,-999,8846.3353865658,1,1,2,2,2,1,2,0,1,1,0
1442000.0,101,79.342533,-122.726562,0.396231,9.884465,102,79.276409,-122.695529,169.549352,6.135771,7282.446674,1,0,0,1,175.00913081413148,-4.960374805842454,174.61289981413148,-174.50972680584246,169.153121,-0.00011406099999999953,-1.0446026368184955,15.918216478432315,633.5509062101512,-7254.835822325268,-999,8657.176935339554,1,1,2,2,2,1,2,1,1,1,0
1443000.0,101,79.342619,-122.72658,0.177463,9.843318,102,79.276408,-122.695324,168.917903,6.019764,7292.35804,1,0,0,1,174.9800190591936,-4.9892674269342425,174.80255605919362,-173.90717042693424,168.74044000000004,-0.00011600699999999974,-1.1266031669357355,15.750782877307351,638.1042528332215,-7264.386329626805,-999,8484.655057351816,1,1,2,2,2,1,2,1,1,1,0
1444000.0,101,79.34271,-122.726552,0.442177,9.893044,102,79.276406,-122.695194,168.484665,5.904882,7302.269495,1,0,0,1,174.97074735869128,-4.998438893238745,174.5285703586913,-173.48310389323876,168.04248799999993,-0.0001148820000000006,-1.1024445168216113,15.678773849264278,640.1486610213402,-7274.156271994721,-999,8401.606608866066,1,1,2,2,2,1,2,1,1,1,0
1445000.0,101,79.342806,-122.726542,0.509091,9.989414,102,79.276408,-122.694977,167.777527,5.78965,7312.181038,1,0,0,1,174.9448493268062,-5.024133512809623,174.4357583268062,-172.8016605128096,167.26843599999995,-0.00011523199999999978,-1.1369581765843484,15.64743528407409,644.3099089071271,-7283.739168433398,-999,8362.50561356887,1,1,2,2,2,1,2,1,1,1,0
1446000.0,101,79.342888,-122.726529,0.595385,9.894947,102,79.276403,-122.695099,168.070567,5.67372,7322.09267,1,0,0,1,174.9729102773841,-4.996205215251468,174.3775252773841,-173.0667722152515,167.47518199999996,-0.00011592999999999964,-1.0699758396187666,15.445597030343748,641.6111009585424,-7293.927355217797,-999,8147.43659461776,1,1,2,2,2,1,2,0,1,1,0
1447000.0,101,79.342981,-122.726509,0.747729,9.947784,102,79.276394,-122.695521,169.274435,5.551501,7332.004389,1,0,0,1,175.05080602090524,-4.918743796240332,174.30307702090525,-174.19317879624035,168.52670600000005,-0.0001222190000000003,-0.9033440642249012,15.401452377949564,632.5492527942832,-7304.667672324638,-999,8085.8887384144655,1,1,2,2,2,1,2,0,1,1,0
1448000.0,101,79.343062,-122.726525,0.528229,9.832168,102,79.276386,-122.695901,170.382019,5.432481,7341.916196,1,0,0,1,175.1151545067991,-4.854752989254815,174.58692550679908,-175.23677198925483,169.85379,-0.0001190199999999999,-0.8170042222322066,15.187870310652475,625.1890588177323,-7315.249282821585,-999,7859.75420237257,1,1,2,2,2,1,2,0,1,1,0
1449000.0,101,79.343155,-122.726536,0.372693,9.911348,102,79.276378,-122.696556,172.380626,5.309116,7351.82809,1,0,0,1,175.22459887572575,-4.745941439221161,174.85190587572575,-177.12656743922116,172.00793299999998,-0.00012336499999999974,-0.6394738438972274,15.173378872702983,612.0397619029656,-7326.307637190975,-999,7831.943691565796,1,1,2,2,2,1,2,0,1,1,0
1450000.0,101,79.34324,-122.72651,0.608309,9.853094,102,79.276372,-122.696996,173.746571,5.195312,7361.740071,1,0,0,1,175.30486114912634,-4.66613707441624,174.69655214912635,-178.41270807441623,173.138262,-0.00011380400000000001,-0.46129817421256925,15.016937645870534,602.5875078950371,-7337.0365385689565,-999,7666.19479115098,1,1,2,2,2,1,2,0,1,1,0
1451000.0,101,79.343336,-122.726482,0.832369,9.966568,102,79.276372,-122.697102,174.047139,5.082149,7371.652138,1,0,0,1,175.33275538637966,-4.638374506976612,174.50038638637966,-178.6855135069766,173.21477,-0.00011316300000000012,-0.38228569330741036,15.020260097568968,599.8219599476757,-7347.2082357889185,-999,7661.131542260498,1,1,2,2,2,1,2,0,1,1,0
1452000.0,101,79.343426,-122.726496,0.62178,9.97392,102,79.27638,-122.696914,173.353137,4.961989,7381.564291,1,0,0,1,175.30653316492592,-4.664398229458756,174.68475316492592,-178.01753522945876,172.73135700000006,-0.00012016000000000027,-0.4661123324947045,14.901969317358706,603.9955110619691,-7356.811864169378,-999,7531.526284802857,1,1,2,2,2,1,2,1,1,1,0
1453000.0,101,79.343517,-122.726537,0.152363,9.996548,102,79.276378,-122.697241,174.427795,4.851452,7391.47653,1,0,0,1,175.3581217033863,-4.613090723246393,175.2057587033863,-179.0408857232464,174.27543200000008,-0.00011053699999999988,-0.4444932733002054,14.82503970868868,598.1734407294905,-7367.232440227924,-999,7444.577816676766,1,1,2,2,0,1,2,0,1,1,0
1454000.0,101,79.343599,-122.726509,0.425555,9.892346,102,79.276382,-122.697308,174.609655,4.739107,7401.388854,1,0,0,1,175.37845703294764,-4.592848740901128,174.95290203294763,-179.20250374090114,174.1841,-0.00011234500000000036,-0.3717212090192897,14.610222906796157,596.3573090038898,-7377.324374603103,-999,7221.794419365379,1,1,2,2,2,1,2,1,1,1,0
1455000.0,101,79.343691,-122.726523,0.244603,9.934165,102,79.276395,-122.697029,173.53461,4.616639,7411.301263,1,0,0,1,175.33774793473083,-4.633269919012336,175.09314493473082,-178.16787991901234,173.29000699999995,-0.00012246799999999957,-0.47743739264681806,14.521351906201506,602.4045037868442,-7386.778406366521,-999,7121.157133779724,1,1,2,2,2,1,2,1,1,1,0
1456000.0,101,79.343781,-122.726531,0.143655,9.956451,102,79.276393,-122.697669,175.845057,4.506912,7421.213757,1,0,0,1,175.44343087223263,-4.5282080093401404,175.29977587223263,179.62673499065986,175.70140199999997,-0.00010972700000000035,-0.3015800089167027,14.45148647175525,589.5659430801464,-7397.7581486451745,-999,7045.177646707034,1,1,2,2,2,1,2,0,1,1,0
1457000.0,101,79.343867,-122.726519,0.253384,9.912846,102,79.276405,-122.697462,175.000598,4.387567,7431.126335,1,0,0,1,175.4177906011661,-4.553656659886507,175.1644066011661,-179.5542546598865,174.74721399999999,-0.00011934500000000003,-0.3385177623621643,14.283624038802824,593.6683436783189,-7407.374467680487,-999,6866.720566520964,1,1,2,2,2,1,2,1,1,1,0
1458000.0,101,79.343952,-122.726539,0.025018,9.848815,102,79.276407,-122.697802,176.276796,4.283432,7441.038998,1,0,0,1,175.47359101194323,-4.498170691706202,175.44857301194324,179.2250333082938,176.251778,-0.00010413499999999942,-0.27385039630564245,14.123205456997082,587.2363080649898,-7417.830874874881,-999,6698.598915603136,1,1,2,2,2,1,2,0,1,1,0
1459000.0,101,79.344046,-122.726553,-0.116517,9.936842,102,79.276407,-122.698323,178.314084,4.184174,7450.951743,1,0,0,1,175.5592845385801,-4.412975362252197,175.6758015385801,177.2729406377478,178.43060099999997,-9.925800000000074e-05,-0.1433082557081319,14.119184217002395,576.908813339707,-7428.583855460319,-999,6690.555631064647,1,1,2,2,2,1,2,0,1,1,0
1460000.0,101,79.344135,-122.726563,-0.211452,9.932917,102,79.276415,-122.698366,178.470343,4.076641,7460.864573,1,0,0,1,175.5697426429402,-4.4025496807742055,175.78119464294022,177.1271073192258,178.68179499999997,-0.00010753299999999922,-0.14548108358063314,14.008037611255745,576.3185985689863,-7438.572245370072,-999,6569.609358685636,1,1,2,2,2,1,2,0,1,1,0
1461000.0,101,79.344223,-122.726555,-0.115203,9.917479,102,79.276468,-122.697243,173.606206,3.887412,7470.777485,1,0,0,1,175.39767910184128,-4.57351756460841,175.51288210184129,-178.1797235646084,173.72140899999994,-0.00018922900000000053,-0.4528480012199536,13.780691200037378,599.449964059116,-7446.688926695706,-999,6321.932138576007,1,1,2,2,2,1,2,1,1,1,0
1462000.0,101,79.344306,-122.726547,-0.016227,9.841908,102,79.276554,-122.69562,165.919263,3.68923,7480.69048,1,0,0,1,175.14509934792977,-4.8245103359962656,175.16132634792976,-170.74377333599625,165.93549000000002,-0.0001981820000000001,-0.9003361702056916,13.420290500863192,633.1105946688053,-7453.851422753256,-999,5958.97321849581,1,1,2,2,2,1,2,1,1,1,0
1463000.0,101,79.344393,-122.726546,-0.005491,9.825626,102,79.276571,-122.695344,164.434016,3.596083,7490.603557,1,0,0,1,175.10717548620065,-4.8621639646047035,175.11266648620065,-169.2961799646047,164.43950700000005,-9.314699999999964e-05,-0.9659431576731925,13.289812010953426,638.8896395391134,-7463.307690068167,-999,5822.353135351782,1,1,2,2,2,1,2,1,1,1,0
1464000.0,101,79.344477,-122.726549,-0.041598,9.765056,102,79.276576,-122.695531,165.120065,3.495341,7500.516716,1,0,0,1,175.14152565361047,-4.827994599747435,175.18312365361047,-169.94805959974744,165.1616630000001,-0.00010074200000000033,-0.9046734732412017,13.143181899131015,635.2546894144682,-7473.566918585285,-999,5662.841427794286,1,1,2,2,2,1,2,0,1,1,0
1465000.0,101,79.344569,-122.726579,-0.3453,9.834601,102,79.276602,-122.695006,162.279412,3.407226,7510.429957,1,0,0,1,175.05980703258024,-4.909167845614757,175.40510703258025,-167.18857984561475,162.624712,-8.811499999999972e-05,-1.0963447020548547,13.079982930288681,646.7669687921481,-7482.529694366902,-999,5602.3530935324015,1,1,2,2,2,1,2,1,1,1,0
1466000.0,101,79.344658,-122.726569,-0.208252,9.848303,102,79.276621,-122.694691,160.430931,3.324872,7520.343279,1,0,0,1,175.017435889392,-4.951239275805424,175.225687889392,-165.3821702758054,160.639183,-8.235400000000003e-05,-1.1494378282929794,12.981060048552362,653.161239160575,-7491.92521516724,-999,5498.4917063852035,1,1,2,2,2,1,2,1,1,1,0
1467000.0,101,79.344749,-122.726575,-0.250256,9.878237,102,79.276634,-122.694576,159.560024,3.239674,7530.256682,1,0,0,1,175.00432259315403,-4.964233666304663,175.25457859315404,-164.52425766630466,159.81027999999998,-8.51980000000001e-05,-1.1745240596597202,12.913842227586352,655.7391653682931,-7501.651274473357,-999,5424.031140720208,1,1,2,2,2,1,2,1,1,1,0
1468000.0,101,79.34484,-122.726595,-0.435855,9.915138,102,79.276642,-122.694695,159.886573,3.144466,7540.170166,1,0,0,1,175.02573593797214,-4.942917598473787,175.46159093797215,-164.8294905984738,160.322428,-9.520799999999996e-05,-1.1567429721621898,12.867547742248917,653.7950832307374,-7511.771969474298,-999,5366.419910450699,1,1,2,2,2,1,2,0,1,1,0
1469000.0,101,79.344932,-122.726617,-0.623835,9.962101,102,79.276644,-122.695459,163.675283,3.007615,7550.083731,1,0,0,1,175.14725750154722,-4.822125154783111,175.77109250154723,-168.49740815478313,164.29911800000002,-0.00013685100000000006,-0.9538475990809598,12.847870881921287,638.7001605170932,-7523.019769352351,-999,5321.287067270165,1,1,2,2,2,1,2,0,1,1,0
1470000.0,101,79.345016,-122.726632,-0.720947,9.886261,102,79.276646,-122.696406,168.770067,2.874418,7559.997375,1,0,0,1,175.29737922538635,-4.6729192545799805,176.01832622538635,-173.44298625457998,169.49101400000006,-0.00013319700000000002,-0.6841782601974848,12.704861460731928,619.799549648235,-7534.547685711647,-999,5158.002200336136,1,1,2,2,2,1,2,0,1,1,0
1471000.0,101,79.345107,-122.726595,-0.286462,9.934497,102,79.27665,-122.696938,171.763499,2.780295,7569.911099,1,0,0,1,175.3913639963663,-4.579493605769267,175.6778259963663,-176.34299260576927,172.049961,-9.412299999999974e-05,-0.4479728923335302,12.685989553690648,608.2360329455698,-7545.435903577077,-999,5130.385444215637,1,1,2,2,2,1,2,0,1,1,0
1472000.0,101,79.345203,-122.726586,-0.163225,10.03258,102,79.27666,-122.697004,172.029231,2.695426,7579.824903,1,0,0,1,175.4087167833278,-4.562214512334836,175.57194178332782,-176.59144551233484,172.192456,-8.48690000000003e-05,-0.4023498964166436,12.701924624379169,606.7443427309157,-7555.501761147501,-999,5137.804239481401,1,1,2,2,2,1,2,0,1,0,0
1473000.0,101,79.345291,-122.726608,-0.379331,10.004713,102,79.276665,-122.697503,175.069361,2.612332,7589.738786,1,0,0,1,175.48788707264328,-4.483512941903154,175.86721807264328,-179.55287394190313,175.44869199999994,-8.3094e-05,-0.29076564045834974,12.607158742576985,597.0836325496692,-7566.216093626592,-999,5037.674734676834,1,1,2,2,2,1,2,0,1,1,0
1474000.0,101,79.345385,-122.726595,-0.212034,10.072544,102,79.27667,-122.697956,177.953533,2.537282,7599.652748,1,0,0,1,175.56557212436553,-4.406285799794038,175.77760612436552,177.64018120020597,178.165567,-7.505000000000006e-05,-0.12788161520543684,12.608138736074766,587.5908865617013,-7576.902984743409,-999,5039.650118922616,1,1,2,2,2,1,2,0,1,0,0
1475000.0,101,79.345478,-122.726608,-0.323141,10.105364,102,79.276675,-122.698925,-175.596797,2.478114,7609.566788,1,0,0,1,175.71850675486473,-4.254290577040245,176.04164775486473,171.34250642295976,175.273656,-5.916799999999967e-05,0.13326394125821053,12.576003035787831,568.1045994207802,-7588.330769355643,-999,5024.272459113089,1,1,2,2,2,1,2,1,1,1,0
1476000.0,101,79.345558,-122.726602,-0.234561,9.959638,102,79.276689,-122.698838,-176.103963,2.390139,7619.480906,1,0,0,1,175.7101308287339,-4.262586904380586,175.9446918287339,171.8413760956194,175.869402,-8.797500000000013e-05,0.1216277944364827,12.344169882919044,569.9555122566248,-7598.133980849961,-999,4783.926908801286,1,1,2,2,2,1,2,0,1,1,0
1477000.0,101,79.34565,-122.726601,-0.209477,9.995046,102,79.276695,-122.69931,-172.724117,2.339741,7629.395103,1,0,0,1,175.78819450711222,-4.184988014639729,175.99767150711222,168.53912898536026,172.51464,-5.039799999999994e-05,0.25977894453681816,12.315880227696262,560.3309055965991,-7608.79089697658,-999,4765.821218916299,1,1,2,2,2,1,2,1,1,1,0
1478000.0,101,79.345737,-122.726586,-0.035515,9.953935,102,79.276729,-122.698648,-177.350988,2.195715,7639.309377,1,0,0,1,175.69202416265466,-4.280522579610147,175.72753916265467,173.07046542038987,177.31547300000003,-0.0001440260000000002,0.09531050061031301,12.147301746394495,573.8461191375588,-7617.7259329192775,-999,4566.705967556063,1,1,2,2,2,1,2,0,1,1,0
1479000.0,101,79.345824,-122.726593,-0.102416,9.922065,102,79.276738,-122.698842,-175.809796,2.131415,7649.223728,1,0,0,1,175.72556977820602,-4.24716071516551,175.82798577820603,171.5626352848345,175.70738,-6.42999999999998e-05,0.13800190894897119,12.047766843168123,570.1249371331365,-7627.947377706349,-999,4464.26920678142,1,1,2,2,2,1,2,1,1,1,0
1480000.0,101,79.345906,-122.726593,-0.094815,9.821891,102,79.276753,-122.698743,-176.49771,2.049142,7659.138156,1,0,0,1,175.71452383849933,-4.258109368188347,175.80933883849934,172.23960063181167,176.40289500000003,-8.227300000000026e-05,0.10892528266043942,11.867192487087143,572.3363684193304,-7637.724031023879,-999,4272.251099172447,1,1,2,2,2,1,2,0,1,1,0
1481000.0,101,79.345994,-122.726612,-0.287863,9.834512,102,79.276768,-122.698667,-177.041028,1.970332,7669.052662,1,0,0,1,175.70448321238484,-4.268056637914703,175.99234621238483,172.77297136208531,176.753165,-7.880999999999982e-05,0.052300287855491366,11.80209294307801,574.4174129816952,-7647.5102725130555,-999,4189.909359230425,1,1,2,2,2,1,2,0,1,1,0
1482000.0,101,79.346084,-122.726636,-0.505182,9.85649,102,79.276774,-122.699091,-173.364955,1.923739,7678.967243,1,0,0,1,175.77086090633406,-4.202071999608997,176.27604290633406,169.16288300039102,172.85977300000002,-4.6592999999999884e-05,0.13537346999944408,11.76696120723676,566.2884723364054,-7658.058192855805,-999,4156.7611628575205,1,1,2,2,2,1,2,1,1,1,0
1483000.0,101,79.346168,-122.726634,-0.44038,9.788444,102,79.276782,-122.699398,-170.57197,1.877218,7688.881901,1,0,0,1,175.82270318800624,-4.150533352718738,176.26308318800625,166.42143664728127,170.13159,-4.652100000000004e-05,0.23227040019639053,11.640015676799726,560.0813022258428,-7668.455765173479,-999,4038.3683310123147,1,1,2,2,2,1,2,1,1,1,0
1484000.0,101,79.346255,-122.726636,-0.428975,9.787532,102,79.276803,-122.6991,-172.969138,1.777252,7698.796634,1,0,0,1,175.7808618874314,-4.192079853427653,176.2098368874314,168.77705814657233,172.540163,-9.9966e-05,0.1442638489978501,11.55114538952177,566.410623739402,-7677.9325743981935,-999,3926.4849457544065,1,1,2,2,2,1,2,0,1,1,0
1485000.0,101,79.346356,-122.726609,-0.107303,9.983107,102,79.27681,-122.699587,-168.298342,1.748246,7708.711443,1,0,0,1,175.86492437999163,-4.10852243839462,175.97222737999164,164.18981956160536,168.191039,-2.9006000000000088e-05,0.3358753581725152,11.695001594963811,555.8601442999835,-7688.644328580815,-999,4092.910932935261,1,1,2,2,2,1,2,1,1,0,0
1486000.0,101,79.346443,-122.726613,-0.141915,9.946775,102,79.276823,-122.699568,-168.175683,1.679396,7718.626327,1,0,0,1,175.8658055833974,-4.107618629639839,176.0077205833974,164.06806437036016,168.033768,-6.884999999999986e-05,0.31949053074432615,11.590504562024819,556.4566844977178,-7698.541961575277,-999,3977.940612279873,1,1,2,2,2,1,2,1,1,1,0
1487000.0,101,79.346531,-122.726603,-0.030347,9.930645,102,79.27683,-122.699998,-163.795784,1.658758,7728.541286,1,0,0,1,175.93755348105273,-4.036303094171171,175.96790048105274,159.75948090582884,163.765437,-2.0638000000000157e-05,0.45763612172058693,11.523504383524788,547.518263416024,-7709.1227880111255,-999,3933.337669048393,1,1,2,2,2,1,2,1,1,1,0
1488000.0,101,79.346618,-122.726565,0.364104,9.906088,102,79.276848,-122.699818,-165.07444,1.571189,7738.45632,1,0,0,1,175.91997543077932,-4.0537416034745455,175.55587143077932,161.02069839652546,165.438544,-8.7569e-05,0.46763244466690274,11.424067064493077,550.5888084540467,-7718.844355248595,-999,3831.445006961526,1,1,2,2,2,1,2,0,1,1,0
1489000.0,101,79.346707,-122.726547,0.510832,9.896852,102,79.276873,-122.699386,-169.093871,1.453895,7748.371429,1,0,0,1,175.8608326394322,-4.112477572295088,175.3500006394322,164.98139342770492,169.604703,-0.000117294,0.3633138341779403,11.324094099017495,559.2718515149381,-7728.161152424718,-999,3701.3395856815573,1,1,2,2,2,1,2,0,1,1,0
1490000.0,101,79.34679,-122.726557,0.374572,9.827657,102,79.276897,-122.698993,-173.260132,1.351557,7758.286611,1,0,0,1,175.8031764165028,-4.169737782022833,175.4286044165028,169.09039421797718,173.634704,-0.00010233800000000004,0.22286913583770473,11.169663683660428,567.7739673089006,-7737.48304427662,-999,3511.136602610971,1,1,2,2,2,1,2,0,1,1,0
1491000.0,101,79.346879,-122.726566,0.246967,9.838263,102,79.27693,-122.698337,178.524134,1.236759,7768.201867,1,0,0,1,175.7057373924862,-4.266523337316837,175.4587703924862,177.20934266268316,178.27716700000002,-0.00011479799999999995,0.010552785299841605,11.074520326087365,581.6741927393017,-7746.393701585491,-999,3369.5036661439403,1,1,2,2,2,1,2,0,1,1,0
1492000.0,101,79.346975,-122.726542,0.47062,9.948788,102,79.276945,-122.698267,177.495687,1.177831,7778.117197,1,0,0,1,175.70372812669305,-4.268487396047714,175.23310812669305,178.2358256039523,177.02506699999998,-5.892799999999987e-05,0.030252273165155635,11.125158486420034,582.6886407304265,-7756.260766518288,-999,3413.2530016575192,1,1,2,2,2,1,2,1,1,0,0
1493000.0,101,79.347065,-122.726545,0.394876,9.957278,102,79.276961,-122.698111,175.097759,1.117599,7788.0326,1,0,0,1,175.6842086801988,-4.287850596029752,175.28933268019878,-179.38560959602975,174.70288299999999,-6.023200000000006e-05,-0.02688153556105531,11.070552297098708,586.077168359742,-7765.949094050912,-999,3340.671660325094,1,1,2,2,2,1,2,1,1,1,0
1494000.0,101,79.347149,-122.726516,0.663597,9.885041,102,79.276999,-122.697338,162.505196,1.050251,7797.948076,1,0,0,1,175.57462922456412,-4.396698952890857,174.9110322245641,-166.90189495289087,161.8415990000001,-6.734799999999997e-05,-0.20124021280963805,10.886048827355332,601.6937214930687,-7774.699920994245,-999,3126.2428182659364,1,1,2,2,2,1,2,1,1,1,0
1495000.0,101,79.347246,-122.726529,0.467332,10.006129,102,79.277012,-122.697311,161.441284,1.002517,7807.863624,1,0,0,1,175.57387070450034,-4.397418161656678,175.10653870450034,-165.83870216165667,160.973952,-4.7733999999999947e-05,-0.23746351423396406,10.95618025535314,602.5618678549669,-7784.577931165539,-999,3181.690479357736,1,1,2,2,2,1,2,1,1,0,0
1496000.0,101,79.347342,-122.726519,0.517598,10.102978,102,79.277029,-122.697107,157.245787,0.965152,7817.779245,1,0,0,1,175.54959191480805,-4.42150631141838,175.03199391480806,-161.66729331141838,156.72818900000004,-3.7365000000000094e-05,-0.2820333709051275,10.992602419649247,606.6299026562799,-7794.207623918932,-999,3203.916169939127,1,1,2,2,2,1,2,1,1,0,0
1497000.0,101,79.347433,-122.72648,0.862387,10.114643,102,79.277063,-122.696424,144.598296,0.972719,7827.694939,1,0,0,1,175.45622926833644,-4.514236123623625,174.59384226833643,-149.11253212362362,143.735909,7.56699999999999e-06,-0.41126665750241,10.906370834369064,620.1151684269048,-7803.093312009865,-999,3099.4433360357893,1,1,2,1,2,1,2,1,1,1,0
1498000.0,101,79.347526,-122.72647,0.888554,10.152923,102,79.277092,-122.695844,134.427873,1.01097,7837.610704,1,0,0,1,175.37462678876201,-4.595278485129382,174.48607278876202,-139.02315148512938,133.53931899999998,3.825099999999992e-05,-0.5645190795559875,10.859392065006183,632.0275611351033,-7812.085682416763,-999,3037.2099465929987,1,1,2,1,2,1,2,1,1,1,0
1499000.0,101,79.347607,-122.726491,0.61,10.002952,102,79.277096,-122.69659,143.972314,0.847675,7847.52654,1,0,0,1,175.48858120356084,-4.482036489520875,174.87858120356083,-148.4543504895209,143.36231399999997,-0.00016329499999999996,-0.3920876832515997,10.687927737271561,617.268980037128,-7823.212371033289,-999,2862.927866974173,1,1,2,1,2,1,2,0,1,1,0
1500000.0,101,79.347698,-122.726499,0.478122,10.026446,102,79.277145,-122.69555,125.13804,0.96485,7857.442448,1,0,0,1,175.3339292116834,-4.635658654048622,174.85580721168338,-129.77369865404862,124.659918,0.00011717500000000003,-0.7053554935184976,10.581414693194303,639.1896570079593,-7831.400794622012,-999,2740.21448217233,1,1,2,1,2,1,2,1,1,1,0
1501000.0,101,79.347785,-122.726494,0.494752,9.976845,102,79.277149,-122.695995,129.392942,0.842421,7867.358427,1,0,0,1,175.4068659575153,-4.563164097657942,174.9121139575153,-133.95610609765794,128.89819,-0.00012242900000000002,-0.5648833546769142,10.511103165031987,630.0139418083363,-7842.092262401345,-999,2659.3113918082395,1,1,2,1,2,1,2,0,1,1,0
1502000.0,101,79.347883,-122.726505,0.334497,10.113934,102,79.277168,-122.695685,123.264566,0.873834,7877.274477,1,0,0,1,175.36390219525845,-4.605812422336961,175.02940519525845,-127.87037842233697,122.930069,3.1413000000000026e-05,-0.671607890080347,10.593064674872682,636.6957120868041,-7851.5012421960355,-999,2731.185011591993,1,1,2,1,2,1,2,1,1,0,0
1503000.0,101,79.347965,-122.726521,0.151217,9.977277,102,79.2772,-122.695012,113.38592,0.99478,7887.190597,1,0,0,1,175.2640691411792,-4.704968422297656,175.1128521411792,-118.09088842229765,113.23470300000002,0.000120946,-0.8867286621246593,10.372092664169882,651.1940256174331,-7860.262200105374,-999,2512.4397752990844,1,1,2,1,2,1,2,1,1,1,0
1504000.0,101,79.348052,-122.72652,0.148798,9.955699,102,79.277224,-122.69454,107.727701,1.086752,7897.106788,1,0,0,1,175.19786779066456,-4.770706937147163,175.04906979066456,-112.49840793714716,107.57890300000003,9.197199999999994e-05,-1.0092918344801256,10.28657446891829,661.1057169467862,-7869.385925985328,-999,2431.811841836951,1,1,2,1,2,1,2,1,1,1,0
1505000.0,101,79.348133,-122.726506,0.275071,9.83413,102,79.277226,-122.69503,109.862709,0.936928,7907.023049,1,0,0,1,175.27844985756582,-4.690620123578575,175.00337885756582,-114.55332912357856,109.58763799999997,-0.00014982399999999995,-0.8339772106850314,10.152354344564873,650.8536269795471,-7880.190546786596,-999,2269.3446787257963,1,1,2,1,2,1,2,0,1,1,0
1506000.0,101,79.34823,-122.726506,0.252794,9.963246,102,79.277249,-122.694594,104.657874,1.026981,7916.939379,1,0,0,1,175.2183239393615,-4.7503175984066965,174.96552993936152,-109.4081915984067,104.40508,9.005299999999993e-05,-0.9495983699383406,10.22302318307804,659.9493183460695,-7889.385022165889,-999,2341.282827109849,1,1,2,1,2,1,2,1,1,0,0
1507000.0,101,79.348314,-122.726525,0.039794,9.881146,102,79.277252,-122.694991,105.943135,0.901211,7926.855779,1,0,0,1,175.2800709642591,-4.688942012360612,175.2402769642591,-110.63207701236061,105.90334100000001,-0.00012576999999999993,-0.859682913063997,10.128691125311756,652.2626067591524,-7899.974432419985,-999,2228.183119206787,1,1,2,1,2,1,2,0,1,1,0
1508000.0,101,79.348402,-122.726521,0.074199,9.876915,102,79.277279,-122.694405,99.916623,1.037234,7936.772248,1,0,0,1,175.19747439092131,-4.7709666748577275,175.12327539092132,-104.68758967485773,99.842424,0.000136023,-1.0089463376197902,10.055533866364561,664.480611558993,-7908.907587871106,-999,2164.0002556224813,1,1,2,1,2,1,2,1,1,1,0
1509000.0,101,79.348496,-122.726507,0.211252,9.964148,102,79.277306,-122.693811,95.381831,1.182394,7946.688786,1,0,0,1,175.11574661782635,-4.852124501885941,174.90449461782634,-100.23395550188594,95.17057900000003,0.00014515999999999995,-1.1404435616652928,10.074980088172234,676.6056703848767,-7917.832243003206,-999,2196.3630884013596,1,1,2,1,2,1,2,1,1,0,0
1510000.0,101,79.348585,-122.72651,0.161652,9.960022,102,79.277308,-122.694279,95.858771,1.032922,7956.605393,1,0,0,1,175.19073510305398,-4.7775929463647575,175.02908310305398,-100.63636394636477,95.69711899999999,-0.00014947200000000005,-0.9994257932229774,10.065419669424898,667.0736651281981,-7928.592693864978,-999,2152.419412878518,1,1,2,1,2,1,2,0,1,1,0
1511000.0,101,79.348678,-122.726538,-0.140962,10.002632,102,79.277309,-122.695379,98.185625,0.707024,7966.522068,1,0,0,1,175.35595292374813,-4.613428526986534,175.49691492374814,-102.79905352698654,98.32658700000002,-0.0003258979999999999,-0.7244297889914311,10.103268231465284,645.0109790141025,-7940.3674157360165,-999,2154.2353831431174,1,1,2,1,2,1,2,0,1,0,0
1512000.0,101,79.348771,-122.726482,0.441295,10.064137,102,79.277312,-122.695671,98.540492,0.613918,7976.438811,1,0,0,1,175.4133598142361,-4.55636359566123,174.9720648142361,-103.09685559566122,98.09919699999995,-9.310600000000003e-05,-0.529596632230195,10.155010428245477,637.847898029713,-7950.894676991148,-999,2196.655869342653,1,1,2,1,1,1,2,1,1,0,0
1513000.0,101,79.348868,-122.726472,0.500362,10.153795,102,79.277327,-122.695425,94.751043,0.671117,7986.355622,1,0,0,1,175.38365893586433,-4.585832561759028,174.88329693586434,-99.33687556175903,94.25068099999999,5.7199e-05,-0.5801394358958817,10.208993985268613,642.7675187268055,-7960.447602862592,-999,2239.22967642097,1,1,2,1,2,1,2,1,1,0,0
1514000.0,101,79.348955,-122.726505,0.128484,10.10547,102,79.27733,-122.695663,94.439054,0.593681,7996.272501,1,0,0,1,175.4193677839895,-4.550325153486447,175.2908837839895,-98.98937915348644,94.31056999999998,-7.743599999999995e-05,-0.5692389093988051,10.151394682937147,638.5981305184696,-7970.73185710993,-999,2171.637599197901,1,1,2,1,2,1,2,0,1,1,0
1515000.0,101,79.349036,-122.726509,0.073456,9.96874,102,79.277335,-122.695826,93.612661,0.538475,8006.189448,1,0,0,1,175.44769584006127,-4.522153335365,175.37423984006128,-98.13481433536501,93.53920499999998,-5.520599999999998e-05,-0.5246245478187583,10.002661686944863,635.44427996766,-7980.932279146524,-999,2014.8057144022957,1,1,2,1,2,1,2,1,1,1,0
