time (ms),BID,b_lat (deg),b_lon (deg),b_head (deg),b_sp (mps),RID,r_lat (deg),r_lon (deg),r_head (deg),r_speed (mps),dist (m),beh_phase,colregs,avoidance,beh_label,abs_b_r,abs_r_b,rel_b_r,rel_r_b,abs_dheading,r_accel,dvx,dvy,xr,yr,cpa_time (s),cpa_dist (m),S_side,S_beam,S_reg_b_r,S_reg_r_b,S_drel_bear,S_ddist,S_accel,S_dabs_heading,S_cpa_t,S_cpa_ddist,S_cpa_tdist
0.0,101,-61.140227,-144.336497,114.473364,0.828369,102,-61.164779,-144.363331,-63.120387,54.517939,3094.002877,0,-1,0,7,-152.20797928739478,27.815524802093922,93.31865671260522,90.93591180209393,177.593751,0.0,49.38168015962789,-24.991675275984054,-1442.6204396271455,-2737.097015097247,-0.930770809505369,3093.579024729861,1,1,1,1,0,2,2,0,1,0,0
1000.0,101,-61.140278,-144.336545,-155.440879,6.253953,102,-61.164216,-144.365835,-64.934916,147.206824,3100.396957,2,-1,0,7,-149.45707556403252,30.568579689992312,5.983803435967474,95.50349568999232,90.50596300000001,0.09268888500000001,130.7445932110296,-68.05197756791277,-1575.5712886827691,-2670.2128014923037,-1.147762747430722,3096.0194268427363,1,0,0,1,1,1,2,1,1,0,0
2000.0,101,-61.140271,-144.336542,-124.126301,0.798259,102,-61.165381,-144.361593,122.583135,97.861652,3110.648867,2,-1,0,7,-154.3075348248058,25.714407590577878,-30.1812338248058,-96.86872740942212,113.29056400000002,-0.04934517200000001,-83.12010043143017,52.2528909731784,-1348.5925215976217,-2803.111589726558,-3.565833248105257,3090.8812666591375,0,0,1,1,1,1,2,0,1,1,0
3000.0,101,-61.140271,-144.336612,-92.075932,2.821172,102,-61.165977,-144.359413,121.020993,113.6363,3117.737259,2,-1,0,7,-156.84162107067516,23.17835060497852,-64.76568907067517,-97.84264239502149,146.90307500000006,0.015774648,-100.20319033210845,58.46051236306401,-1226.1253865167193,-2866.5139372931817,-3.3421952364040832,3093.81932905878,0,0,1,1,1,1,2,0,1,0,0
4000.0,101,-61.140257,-144.336627,-46.43064,1.913534,102,-61.165866,-144.360189,124.294217,61.596856,3119.738364,2,-1,0,7,-156.07359176150675,23.947046470983352,-109.64295176150675,-100.34717052901665,170.724857,-0.052039444000000004,-52.27499390373694,36.02516597274885,-1265.250241632871,-2851.650274115211,-9.277125517346887,3066.063823829105,0,1,1,1,1,1,2,0,1,1,0
5000.0,101,-61.140289,-144.336625,-173.313895,2.814303,102,-61.165959,-144.359807,123.273117,50.886972,3115.125082,2,-1,0,7,-156.46699931588213,23.553306082348502,16.846895684117868,-99.7198109176515,63.412987999999984,-0.010709884000000003,-42.87247853664905,25.12298726456093,-1243.798427836557,-2856.040921873637,-7.369117582924918,3092.976320423052,1,0,0,1,0,0,2,1,1,0,0
6000.0,101,-61.140311,-144.33654,128.419681,4.075409,102,-61.165971,-144.359531,120.837003,41.946414,3104.129098,2,-1,0,7,-156.63189075376636,23.38824734850551,74.94842824623368,-97.44875565149448,7.582677999999987,-0.008940558000000003,-32.82340704889514,18.96909855181609,-1231.2124783514837,-2849.5145709755357,-9.435522005405796,3083.2072121422643,1,0,1,1,0,0,2,1,1,1,0
7000.0,101,-61.140284,-144.336576,-12.704599,2.188012,102,-61.166192,-144.357943,115.579964,51.341062,3087.367466,2,-1,0,7,-158.31152707590064,21.707188562071092,-145.60692807590064,-93.87277543792891,128.284563,0.009394648000000004,-46.789991807203904,24.301991329761094,-1140.9669707468086,-2868.8032769397264,-6.037498229694663,3071.801152724813,0,1,1,1,1,0,2,0,1,1,0
8000.0,101,-61.140289,-144.336629,-92.729989,2.176974,102,-61.16596,-144.358329,110.454483,35.935047,3065.810225,2,-1,0,7,-157.82200261142953,22.197004684900712,-65.09201361142952,-88.25747831509929,156.81552800000003,-0.015406015000000004,-35.84384940686525,12.454287335493328,-1157.2980104249073,-2838.988138541812,4.277719064129557,3061.558989213424,0,0,1,1,0,0,2,0,0,1,0
9000.0,101,-61.140309,-144.336666,-132.906674,2.812058,102,-61.165976,-144.357315,105.71292,38.767578,3040.727874,2,-1,0,7,-158.79555217675212,21.222534538901442,-25.888878176752115,-84.49038546109855,121.380406,0.002832531000000003,-39.37859097338802,8.584472934614443,-1099.8219811004412,-2834.857600234774,11.609926284307196,3004.0653986826173,0,0,1,1,0,0,2,1,0,1,0
10000.0,101,-61.14028,-144.336625,22.446461,2.618516,102,-61.165797,-144.357099,98.372249,33.434225,3013.617546,2,-1,0,7,-158.84657691477577,21.171356498269176,178.70696208522423,-77.20089250173082,75.92578800000001,-0.0053333530000000025,-32.078113835818705,7.288280891512681,-1087.5137533734887,-2810.552356705452,13.564282739948306,2981.661292103953,1,1,2,1,0,0,2,1,0,1,0
11000.0,101,-61.140287,-144.336612,107.407479,0.853255,102,-61.165467,-144.357444,83.755404,25.01932,2985.873719,2,-1,0,7,-158.24910895277674,21.76913800825978,94.3434120472233,-61.98626599174022,23.652074999999968,-0.008414904999999997,-24.056693395327006,-2.9766937612835687,-1106.480843583088,-2773.290826544982,59.455395263709285,2616.4262411084424,1,1,1,1,1,0,2,1,0,1,0
12000.0,101,-61.140315,-144.336659,-148.475815,3.093096,102,-61.165123,-144.357766,63.344245,20.511519,2957.58542,2,-1,0,7,-157.69119115511035,22.327296653135114,-9.215376155110334,-41.016948346864886,148.17994,-0.0045078010000000005,-19.948766996351246,-11.83867740442998,-1122.6946929471337,-2736.2141990394166,111.70923021655943,1794.8084672056007,0,0,0,1,1,0,2,0,0,1,0
13000.0,101,-61.140353,-144.33674,-138.336706,5.359649,102,-61.164378,-144.359482,3.499931,22.69962,2928.601477,2,-1,0,7,-155.46301132828307,24.556908523224994,-17.12630532828308,21.056977523224994,141.836637,0.0021881009999999996,-4.948588173743325,-26.661284208104018,-1216.1913891768004,-2664.1293354450318,158.55616486052668,1621.6605044513276,0,0,0,0,1,0,2,1,0,1,0
14000.0,101,-61.140377,-144.336678,154.375565,3.188991,102,-61.164411,-144.358101,35.051391,21.768756,2898.72875,2,-1,0,7,-156.73849096955192,23.280273567235092,48.88594403044806,-11.77111743276491,119.32417400000003,-0.0009308639999999997,-11.122890724615079,-20.69606245356878,-1144.7903259570353,-2663.096595257436,154.72705036475946,789.1184101669814,1,0,1,0,0,0,2,1,0,1,0
15000.0,101,-61.140452,-144.336842,-141.380815,9.531448,102,-61.164231,-144.357708,37.17136,22.876903,2868.023501,2,-1,0,7,-157.0624634740631,22.95581317378097,-15.681648474063081,-14.215546826219029,178.552175,0.0011081469999999988,-19.77121485928787,-25.676079367297753,-1117.7472512162926,-2641.2496823827014,135.4276121963056,1769.7284550873972,0,0,0,0,1,0,2,0,0,0,0
16000.0,101,-61.140515,-144.336898,-151.773294,8.131153,102,-61.164065,-144.35724,40.404425,24.014114,2837.318414,2,-1,0,7,-157.38453824032416,22.633279424115123,-5.611244240324169,-17.77114557588488,167.822281,0.0011372110000000006,-19.411159800283357,-25.45068712156707,-1091.0750344990404,-2619.1470083820022,128.30365106851323,1541.4659931659114,0,0,0,0,0,0,2,1,0,1,0
17000.0,101,-61.140534,-144.336936,-138.518763,3.857856,102,-61.163775,-144.357291,31.355094,24.49702,2806.613492,2,-1,0,7,-157.10137285555643,22.916456172412975,-18.582609855556427,-8.438637827587026,169.87385700000002,0.00048290599999999985,-15.302137907045356,-23.809648061219413,-1092.0585795568827,-2585.4375552878155,119.71419436028391,785.8246902979281,0,0,0,0,1,0,2,0,0,1,0
18000.0,101,-61.140543,-144.336956,-131.805637,2.011116,102,-61.163495,-144.357301,25.057449,25.210919,2775.908741,2,-1,0,7,-156.85328503668433,23.164535209019075,-25.047648036684336,-1.8929137909809235,156.863086,0.0007138990000000013,-12.176606181488774,-24.178779247294408,-1091.1734841072482,-2552.4517166719247,114.25932037616084,366.40696150267775,0,0,1,0,1,0,2,1,0,1,0
19000.0,101,-61.140557,-144.337017,-118.984019,3.183593,102,-61.163256,-144.357159,23.441957,25.668935,2745.204168,2,-1,0,7,-156.83123439666838,23.186408021645903,-37.847215396668375,-0.2555489783540956,142.425976,0.00045801600000000065,-12.996475298725292,-25.092972125288057,-1080.07529883884,-2523.803334818853,112.68719073630214,490.037776389501,0,0,1,0,1,0,2,1,0,0,0
20000.0,101,-61.140598,-144.337051,-152.517422,4.562574,102,-61.163146,-144.356465,34.030303,25.85211,2714.499778,2,-1,0,7,-157.44917352065747,22.56783123534424,-4.931751520657457,-11.462471764655763,173.452275,0.00018317499999999853,-16.57318126165734,-25.47241474693364,-1041.0183887998212,-2506.9482960250043,112.01731070811675,885.989818417007,0,0,0,0,0,0,2,0,0,0,0
21000.0,101,-61.140665,-144.337067,-169.965646,6.973579,102,-61.162826,-144.356656,23.668142,26.323182,2683.795577,2,-1,0,7,-156.9106370710932,23.10652094683161,13.055008928906801,-0.5616210531683912,166.36621200000002,0.0004710719999999995,-11.782207675928227,-30.975939794580256,-1052.4942973884317,-2468.8083062663236,129.21975042192844,1604.2858951309352,1,0,0,0,0,0,2,1,0,0,0
22000.0,101,-61.140735,-144.337064,-178.527568,7.727812,102,-61.162481,-144.35696,13.208483,27.574622,2653.091573,2,-1,0,7,-156.18982514898616,23.827601747389764,22.337742851013843,10.619118747389765,168.263949,0.0012514400000000023,-6.499237118040449,-34.57039798550538,-1071.0736899218584,-2427.2816164344817,127.95424438587969,2010.4602087119265,1,0,0,0,0,0,2,0,0,0,0
23000.0,101,-61.140749,-144.337115,-141.32044,3.266327,102,-61.161943,-144.357943,-5.347502,33.3029,2622.387772,2,-1,0,7,-154.64043339915992,25.377809789584973,-13.319993399159927,30.72531178958497,135.97293799999997,0.005728278,1.062362200046751,-35.70782758514625,-1123.162248977029,-2369.6886270579907,78.03846127316248,1276.0878352160582,0,0,0,1,1,0,2,1,0,1,0
24000.0,101,-61.140762,-144.337182,-116.578831,3.524668,102,-61.161534,-144.358524,-12.053782,36.330287,2591.684181,2,-1,0,7,-153.6398521174701,26.37884124688362,-37.061021117470105,38.43262324688362,104.52504899999997,0.0030273869999999973,4.434665401079502,-37.10631475450386,-1150.7390288890579,-2322.2029587090597,66.98926815510899,1457.0191652029046,0,0,1,1,1,0,2,1,0,0,0
25000.0,101,-61.140823,-144.337259,-147.145399,7.168588,102,-61.161618,-144.357166,11.146909,27.449018,2560.980808,2,-1,0,7,-155.21671135635606,24.800725109933264,-8.07131235635606,13.653816109933263,158.292308,-0.008881268999999999,-9.195613188611706,-32.9531567211548,-1073.5306169237845,-2325.113914084979,116.84018206597935,1525.1391745076219,0,0,0,0,0,0,2,0,0,0,0
26000.0,101,-61.140828,-144.33723,179.175325,1.366882,102,-61.161763,-144.355398,46.581929,27.12809,2530.277661,2,-1,0,7,-157.2876228943626,22.72829039984659,23.537052105637372,-23.853638600153413,132.59339599999993,-0.00032092799999999854,-19.68503000137307,-20.01232800720142,-976.9536688875552,-2334.066530886122,88.8889707034451,951.5782081790654,1,0,1,1,0,0,2,1,0,1,0
27000.0,101,-61.140892,-144.33727,-166.046777,6.409961,102,-61.161497,-144.355494,37.084832,26.03931,2499.574748,2,-1,0,7,-156.89786094151663,23.118101387410583,9.148916058483366,-13.966730612589416,156.868391,-0.00108878,-17.24725282460359,-26.993514326125442,-980.7617847291859,-2299.1259735938975,109.66517548746255,1125.3385441177647,1,0,0,0,1,0,2,0,0,0,0
28000.0,101,-61.140927,-144.337392,-129.712465,6.694834,102,-61.161279,-144.35539,33.300457,25.647409,2468.872078,2,-1,0,7,-156.9002705998303,23.11549376272234,-27.187805599830284,-10.18496323727766,163.012922,-0.0003919010000000007,-19.231255557964975,-25.71374595860856,-968.6194270944734,-2270.9261861591212,99.10636903432557,977.5270757254143,0,0,1,0,1,0,2,0,0,1,0
29000.0,101,-61.140947,-144.337495,-114.954496,5.988727,102,-61.161071,-144.355239,31.05299,25.432549,2438.169661,2,-1,0,7,-156.96098932130693,23.054552549802832,-42.00649332130692,-7.998437450197169,146.00748600000003,-0.00021485999999999806,-18.548525420522175,-24.314459696263484,-954.196659000885,-2243.6978476997306,96.45829214877054,841.1251993090398,0,0,1,0,1,0,2,1,0,1,0
30000.0,101,-61.140992,-144.337498,-160.810363,4.950716,102,-61.160978,-144.354568,40.727008,25.815916,2407.467506,2,-1,0,7,-157.61067570474404,22.404275810051278,3.1996872952559556,-18.32273218994872,158.462629,0.0003833669999999998,-18.471021256766022,-24.239628342023153,-916.9998050807532,-2225.985433449132,97.85897645005527,902.4568001062744,1,0,0,0,0,0,2,0,0,0,0
31000.0,101,-61.141056,-144.33745,168.352633,6.854485,102,-61.160973,-144.353416,56.759761,28.919896,2376.765623,2,-1,0,7,-158.86116591151952,21.152818619989226,32.78620108848048,-35.60694238001077,111.59287199999994,0.00310398,-22.804173600708335,-22.565804815284558,-857.1307647119003,-2216.8314502593494,87.73466058717665,1167.8914995326907,1,0,1,1,0,0,2,1,0,0,0
32000.0,101,-61.141077,-144.337538,-135.515738,4.280763,102,-61.160715,-144.353422,47.681779,27.305621,2346.064022,2,-1,0,7,-158.68779821499132,21.32611447731111,-23.17206021499132,-26.35566452268889,176.802483,-0.0016142750000000027,-23.18982880578572,-21.437526554486908,-852.676115839217,-2185.6257311809272,76.57661600076555,1071.4964961294945,0,0,1,1,1,0,2,0,0,1,0
33000.0,101,-61.141123,-144.337597,-146.801354,5.731441,102,-61.160508,-144.353203,44.259919,26.956823,2315.362717,2,-1,0,7,-158.77847970454124,21.235189478786797,-11.977125704541237,-23.0247295212132,168.93872700000003,-0.00034879799999999863,-21.95176940646079,-24.101907461098783,-838.1027836791316,-2158.353130343344,83.01509952298211,996.7526722259629,0,0,0,1,0,0,2,1,0,1,0
34000.0,101,-61.141206,-144.3377,-150.230372,9.845406,102,-61.160238,-144.353252,35.518929,26.328383,2284.661717,2,-1,0,7,-158.4884466536146,21.525175219244115,-8.258074653614614,-13.993753780755885,174.250699,-0.0006284400000000013,-20.184431222562274,-29.975388625785783,-837.7599372774308,-2125.520512396505,99.58897305126182,1453.8125617568635,0,0,0,0,0,0,2,0,0,0,0
35000.0,101,-61.14124,-144.337709,-159.196079,4.866,102,-61.159811,-144.353913,14.597374,27.47041,2253.961036,2,-1,0,7,-157.17546909481302,22.838723832829995,2.020609905186973,8.241349832829995,173.793453,0.0011420270000000023,-8.65149200746701,-31.132428489211293,-874.3345711152172,-2077.4694725937525,95.5742079297861,899.2418085080592,1,0,0,0,0,0,2,1,0,1,0
36000.0,101,-61.141229,-144.337664,77.905898,1.317555,102,-61.159704,-144.353283,25.680769,26.264551,2223.260687,2,-1,0,7,-157.81526078446097,22.198419739549447,124.27884121553905,-3.4823492604505546,52.22512899999998,-0.0012058590000000003,-10.093605400472384,-23.39415362095784,-839.4902669595857,-2058.6753444969986,90.20424821085913,87.7528458605421,1,1,1,0,0,0,2,1,0,1,1
37000.0,101,-61.141263,-144.337752,-135.399807,4.346722,102,-61.159308,-144.353851,9.060563,28.098635,2192.560684,2,-1,0,7,-156.71619578624342,23.297905140359102,-21.316388786243408,14.237342140359102,144.46037,0.0018340840000000008,-7.477002278728691,-30.84300142254155,-866.6882568750138,-2013.9944931447797,88.01989157157331,731.1796724180223,0,0,0,0,1,0,2,0,0,0,0
38000.0,101,-61.141338,-144.337836,-151.235209,8.582026,102,-61.159051,-144.353905,6.536804,28.114746,2161.861042,2,-1,0,7,-156.3665291272121,23.64754551042076,-5.131320127212092,17.11074151042076,157.77201300000002,1.6110999999998654e-05,-7.33042272863729,-35.45499614318216,-866.6561120033707,-1980.5429428428272,103.2308826818545,1683.1014292616126,0,0,0,0,0,0,2,0,0,0,0
39000.0,101,-61.141341,-144.337866,-121.922705,2.734435,102,-61.158713,-144.354268,-1.12439,29.887633,2131.161776,2,-1,0,7,-155.51433729009355,24.500028994963674,-33.59163229009356,25.624418994963676,120.798315,0.0017728870000000008,-1.7343986448785422,-31.327778224709476,-883.2930894885653,-1939.4957678595792,72.98480919075263,832.4578509223733,0,0,1,1,1,0,2,1,0,1,0
40000.0,101,-61.141428,-144.337996,-146.004528,10.170023,102,-61.158599,-144.353741,9.16501,26.763561,2100.462903,2,-1,0,7,-156.14007652491748,23.87371430112595,-10.135548524917482,14.70870430112595,155.169538,-0.0031240720000000016,-9.949193469342552,-34.853670448275885,-849.6414388170557,-1920.9512831730199,112.55404358504884,2020.119410257716,0,0,0,0,0,0,2,0,0,0,0
41000.0,101,-61.141462,-144.337994,-161.404072,4.774909,102,-61.158707,-144.351989,46.102714,26.914878,2069.763445,2,-1,0,7,-158.6217329806755,21.390525053124733,2.7823390193245245,-24.712188946875266,152.493214,0.00015131700000000237,-20.91710931278988,-23.187523092933294,-754.4776167163895,-1927.3516140373104,76.21108720876443,854.7852021693204,1,0,0,1,0,0,2,1,0,1,0
42000.0,101,-61.141518,-144.338052,-155.846046,6.53645,102,-61.158511,-144.351786,42.946585,26.374371,2039.06423,2,-1,0,7,-158.70130767370685,21.310721745573968,-2.855261673706849,-21.63586325442603,161.20736899999997,-0.0005405070000000016,-20.64393659200107,-25.26993338311979,-740.649231326667,-1899.7951600635026,79.80832262229171,914.4189929787142,0,0,0,0,1,0,2,0,0,0,0
43000.0,101,-61.141549,-144.33797,147.951314,4.54375,102,-61.158256,-144.351817,34.681603,25.725646,2008.365267,2,-1,0,7,-158.20864485280083,21.803483528542042,53.840041147199145,-12.87811947145796,113.26971100000003,-0.0006487249999999989,-12.227197592799284,-25.006158980218757,-745.5608998040352,-1864.8511979177797,95.28540715595108,666.4690776600622,1,0,1,0,0,0,2,1,0,1,0
44000.0,101,-61.14156,-144.33811,-108.9638,4.996283,102,-61.158175,-144.351031,45.985494,26.905462,1977.666569,2,-1,0,7,-159.4374636803321,20.57385362757415,-50.47366368033208,-25.411640372425854,154.949294,0.001179815999999999,-24.074542292359457,-20.3186494247062,-694.6148739511907,-1851.6682302793886,61.13825929059786,987.6885442596484,0,0,1,1,1,0,2,0,0,0,0
45000.0,101,-61.141579,-144.338192,-114.113618,4.925989,102,-61.157946,-144.350926,40.26164,26.313757,1946.971015,3,-1,0,7,-159.4286393751104,20.582514131064148,-45.315021375110405,-19.679125868935852,154.375258,-0.0005917050000000011,-21.502162048158645,-22.09255932551948,-684.1144362185545,-1822.8229676541546,66.81209557267543,828.548530569527,0,0,1,0,0,0,2,1,0,1,0
46000.0,101,-61.141634,-144.338227,-154.271771,6.073084,102,-61.157592,-144.351341,23.127206,26.154215,1916.276094,3,-1,0,7,-158.37594514984252,21.63554117571896,-4.104174149842521,-1.4916648242810417,177.398977,-0.0001595419999999983,-12.90903520882023,-29.52335229573612,-706.1762436809881,-1781.4121312308691,86.68740597568618,880.6698091297604,0,0,0,0,0,0,2,0,0,0,0
47000.0,101,-61.141697,-144.338277,-158.438061,7.261495,102,-61.157437,-144.350916,28.738724,25.862107,1885.581837,3,-1,0,7,-158.82614350162928,21.18492677475029,-0.3880825016292704,-7.55379722524971,172.823215,-0.00029210799999999893,-15.103569460025634,-29.42979038826437,-681.0705044647394,-1758.2837745860138,87.6041207594209,1041.3748767881198,0,0,0,0,0,0,2,1,0,0,0
48000.0,101,-61.141718,-144.338363,-127.09362,5.089471,102,-61.157111,-144.351228,16.173577,26.548789,1854.888278,3,-1,0,7,-158.04232582776368,21.968942381490884,-30.948705827763675,5.795365381490882,143.267197,0.0006866819999999976,-11.454740003821147,-28.567605077234028,-693.5827135677937,-1720.335299673218,79.29374226587554,585.6719494563005,0,0,1,0,1,0,2,1,0,1,0
49000.0,101,-61.141766,-144.338371,-163.620589,5.254903,102,-61.156957,-144.350804,22.963793,25.808124,1824.195452,3,-1,0,7,-158.4552576109368,21.55563221216766,5.165331389063198,-1.4081607878323403,173.415618,-0.0007406649999999999,-11.550888296532612,-28.80450578656057,-669.8950634245148,-1696.7408909721453,83.4326494546901,765.1597719230771,1,0,0,0,0,0,2,0,0,0,0
50000.0,101,-61.141825,-144.338424,-158.749116,6.769123,102,-61.156755,-144.350592,23.67929,25.654535,1793.503396,3,-1,0,7,-158.53746004447373,21.473197662952302,0.21165595552625405,-2.2060923370477,177.57159400000003,-0.0001535890000000002,-12.756776663801233,-29.80346183851435,-656.2300518180812,-1669.1364685232816,85.69384221947718,986.8428346529178,1,0,0,0,1,0,2,0,0,0,0
51000.0,101,-61.14183,-144.338474,-119.013816,2.984426,102,-61.156514,-144.350551,20.152842,25.788699,1762.81215,3,-1,0,7,-158.3590293562335,21.651548634106657,-39.34521335623349,1.4987066341066573,139.16665800000004,0.00013416400000000194,-11.494756952339639,-25.657342890102225,-650.1062874388549,-1638.5568318554263,72.66431197532464,292.0178052235244,0,0,1,0,1,0,2,1,0,1,0
52000.0,101,-61.141872,-144.338525,-146.871757,4.952742,102,-61.156136,-144.351053,5.286996,28.087007,1732.121759,3,-1,0,7,-157.03792962134946,22.97304337268142,-10.16617262134946,17.686047372681422,152.158753,0.0022983079999999985,-5.294812795275375,-32.115185612625226,-675.7382361588252,-1594.8741719001578,71.36631801994227,758.0429002877253,0,0,0,0,0,0,2,0,0,0,0
53000.0,101,-61.141906,-144.33848,166.070449,3.981359,102,-61.156115,-144.349961,28.967275,25.788133,1701.432267,3,-1,0,7,-158.7046510288741,21.30540492198525,35.224899971125865,-7.661870078014751,137.10317400000008,-0.0022988740000000015,-11.531023291185441,-26.426223467684416,-617.9186819188419,-1585.2596827411085,76.93369096067087,522.4968074688754,1,0,1,0,0,0,2,1,0,1,0
54000.0,101,-61.141948,-144.338576,-143.297964,5.724474,102,-61.155923,-144.349716,29.479791,25.625836,1670.743725,3,-1,0,7,-158.9658168689542,21.043940400597382,-15.667852868954185,-8.435850599402617,172.77775499999998,-0.0001622969999999988,-16.0321505384456,-26.89766400671351,-599.6714700509857,-1559.4161479969885,71.30973724193721,651.2335808633692,0,0,0,0,1,0,2,0,0,0,0
55000.0,101,-61.141971,-144.338664,-123.14849,5.251203,102,-61.155635,-144.349882,19.810081,25.916266,1640.056187,3,-1,0,7,-158.3935520102961,21.616273565133636,-35.24506201029611,1.8061925651336352,142.958571,0.00029043000000000065,-13.17971471853776,-27.253985474017004,-603.9165549698951,-1524.8177239100653,70.37832549792249,509.3251420511086,0,0,1,0,1,0,2,1,0,1,0
56000.0,101,-61.14202,-144.338659,-168.479971,5.1153,102,-61.155409,-144.34979,18.264236,25.866495,1609.369708,3,-1,0,7,-158.14620063327928,21.86354873264785,10.333770366720728,3.5993127326478493,173.255793,-4.9770999999999785e-05,-9.128132425575226,-29.575626294645716,-599.0709717123531,-1493.7151093430173,74.52854464019931,715.1421628791346,1,0,0,0,0,0,2,0,0,0,0
57000.0,101,-61.142062,-144.338715,-152.640603,5.373189,102,-61.155184,-144.349685,17.259932,25.824902,1578.684353,3,-1,0,7,-158.03550218266403,21.974106158918207,-5.394899182664034,4.714174158918208,169.900535,-4.159299999999888e-05,-10.131791512010151,-29.434119577321145,-590.4784826975763,-1464.0968027689278,72.43588217498782,683.2139964256036,0,0,0,0,1,0,2,1,0,1,0
58000.0,101,-61.142084,-144.338768,-135.439418,3.900586,102,-61.154818,-144.350142,3.765433,28.210826,1548.000186,3,-1,0,7,-156.68864477434596,23.321317403993508,-21.24922677434597,19.55588440399351,139.20485099999996,0.0023859239999999993,-4.589555733498042,-30.929128849090716,-612.5862715886681,-1421.633791001441,60.649869967712796,563.932731352516,0,0,0,0,1,0,2,1,0,1,0
59000.0,101,-61.142153,-144.338809,-161.080703,7.337913,102,-61.154652,-144.349803,10.471313,26.498384,1517.317282,3,-1,0,7,-157.00651204066392,23.00311730148085,4.074190959336079,12.531804301480848,171.552016,-0.0017124419999999994,-7.195117046730053,-32.99857175093829,-592.7043461751399,-1396.765296061213,74.76648954927451,1071.8213730515224,1,0,0,0,0,0,2,0,0,0,0
60000.0,101,-61.142172,-144.338846,-143.550548,3.546035,102,-61.154484,-144.349459,16.646685,25.519373,1486.635716,3,-1,0,7,-157.4195387553717,22.58975687269862,-13.868990755371698,5.943071872698617,160.19723299999998,-0.000979011,-9.417259138373835,-27.302206998388378,-570.8390827660892,-1372.6720269873654,64.58951572198261,392.55162752903374,0,0,0,0,1,0,2,1,0,1,0
61000.0,101,-61.14223,-144.338956,-140.448111,7.61319,102,-61.154449,-144.348391,39.561359,25.893681,1455.955576,3,-1,0,7,-159.56874058611587,20.43952326580973,-19.120629586115854,-19.121835734190274,179.99053,0.0003743079999999992,-21.33969673422021,-25.83268747375672,-508.24986075424664,-1364.363851151437,56.24648092797188,697.685905104088,0,0,0,0,1,0,2,0,0,0,0
62000.0,101,-61.142275,-144.338967,-161.115781,5.520026,102,-61.154111,-144.348746,22.631439,25.850167,1425.276951,3,-1,0,7,-158.267937366171,21.740627773640618,2.847843633829001,-0.8908112263593821,176.25278,-4.351400000000183e-05,-11.73378599929802,-29.082591775971835,-527.7325085315932,-1323.9761276136396,65.40303891308686,625.8339466520255,1,0,0,0,0,0,2,1,0,1,0
63000.0,101,-61.142287,-144.339018,-128.61251,3.169151,102,-61.153996,-144.348113,33.934966,25.800359,1394.599944,3,-1,0,7,-159.45700507281472,20.550960967479877,-30.844495072814738,-13.384005032520125,162.54747600000002,-4.980799999999874e-05,-16.87941472915774,-23.3835384937787,-489.37929541355743,-1305.9161186788888,53.58938291207127,418.5229076693707,0,0,1,0,1,0,2,1,0,1,0
64000.0,101,-61.142319,-144.339079,-137.142981,4.470633,102,-61.153765,-144.348031,29.271839,25.658246,1363.924662,3,-1,0,7,-159.32719207314503,20.680648710183732,-22.184211073145036,-8.591190289816268,166.41482,-0.00014211300000000192,-15.586491683093573,-25.659149323418333,-481.50748341192684,-1276.1038464913922,56.12122335529178,426.023158778219,0,0,0,0,0,0,2,0,0,0,0
65000.0,101,-61.142312,-144.339041,76.038663,0.618432,102,-61.153493,-144.348121,21.057642,25.883632,1333.251226,3,-1,0,7,-158.60499572927216,21.40295715467661,125.35634127072785,0.34531515467660867,54.981021,0.0002253860000000003,-8.700007151000898,-24.00590077154195,-486.36418414253694,-1241.3737197209662,53.03355339267949,40.38946182811836,1,1,1,0,0,0,2,1,0,1,1
66000.0,101,-61.142414,-144.339127,-161.541106,10.008862,102,-61.153213,-144.348245,13.769691,26.49424,1302.579764,3,-1,0,7,-157.83622185675867,22.171764303357204,3.704884143241344,8.402073303357204,175.31079700000004,0.0006106080000000027,-9.475199178171477,-35.22672081248609,-491.40522985952776,-1206.3311906972317,72.11708228174116,1347.850596328296,1,0,0,0,1,0,2,0,0,0,0
67000.0,101,-61.142457,-144.339173,-154.536112,6.13102,102,-61.153072,-144.347749,23.399895,25.577195,1271.90347,3,-1,0,7,-158.70490965208694,21.302601784288314,-4.168797652086937,-2.0972932157116873,177.93600700000002,-0.0009170450000000016,-12.793869859228503,-29.009038558241794,-461.9189548296467,-1185.0608913330689,59.1239492940932,606.3871767944914,0,0,0,0,1,0,2,0,0,1,0
68000.0,101,-61.142505,-144.339167,-174.3381,5.457515,102,-61.152779,-144.347919,14.241292,26.358231,1241.228855,3,-1,0,7,-157.65782667716212,22.349838902790975,16.680273322837877,8.108546902790975,171.42060800000002,0.0007810360000000003,-7.022710297297504,-30.97908794607626,-471.8370996804269,-1148.0500084272348,57.43657102320242,634.9856298485237,1,0,0,0,0,0,2,1,0,0,0
69000.0,101,-61.142525,-144.339344,-111.321152,7.489412,102,-61.152438,-144.348283,3.036487,28.442568,1210.556047,3,-1,0,7,-156.4879759311002,23.519853423723454,-45.16682393110021,20.483366423723453,114.357639,0.0020843370000000016,-8.483471253769379,-31.125748696756965,-482.94106216722423,-1110.0512931396727,53.437852487468014,554.0332878133668,0,0,1,0,1,0,2,1,0,1,0
70000.0,101,-61.142531,-144.339325,-128.977622,1.606874,102,-61.152265,-144.347977,9.464624,26.656476,1179.885186,3,-1,0,7,-156.78840527623336,23.219172699331043,-27.810783276233366,13.754548699331043,138.442246,-0.001786092,-5.6325244822108385,-27.304360645100015,-465.02567456657283,-1084.3800874860062,45.62368567996896,263.28086142390293,0,0,1,0,0,0,2,0,0,1,0
71000.0,101,-61.142589,-144.339405,-148.341752,6.528941,102,-61.15213,-144.347479,20.202161,25.242661,1149.216429,3,-1,0,7,-157.7903173866019,22.216754336934102,-9.4485653866019,2.0145933369341016,168.543913,-0.0014138150000000032,-12.143863472048682,-29.247126559617172,-434.4006469647388,-1063.9522915056523,55.04687829942231,594.0721218489164,0,0,0,0,0,0,2,0,0,0,0
72000.0,101,-61.142642,-144.339438,-158.971346,6.248948,102,-61.152008,-144.346884,31.861862,25.123552,1118.549949,3,-1,0,7,-159.0146474415904,20.991874237376525,-0.04330144159038696,-10.869987762623474,169.16679200000002,-0.00011910899999999813,-15.504387589168813,-27.170791591889845,-400.58547854889173,-1044.3587806801156,51.167727379921274,523.3514256358912,0,0,0,0,0,0,2,0,0,1,0
73000.0,101,-61.142649,-144.339482,-125.536831,2.872144,102,-61.151825,-144.346567,33.548897,25.339731,1087.885937,3,-1,0,7,-159.56791093193914,20.438294555079462,-34.03107993193913,-13.110602444920534,159.08572800000002,0.00021617900000000034,-16.3411470286008,-22.78786418388001,-379.7776371807193,-1019.4433570433416,42.432750960514014,317.9846570668941,0,0,1,0,1,0,2,1,0,1,0
74000.0,101,-61.142693,-144.339474,-175.032413,4.34356,102,-61.151689,-144.345978,41.609149,26.349773,1057.224611,3,-1,0,7,-160.76968776088742,19.236008847403035,14.26272523911257,-22.373140152596967,143.358438,0.0010100419999999985,-17.873569433830543,-24.028761100095043,-348.21407537739185,-998.2338582782942,42.26197183182367,407.5242658617698,1,0,0,0,0,0,2,1,0,0,0
75000.0,101,-61.142746,-144.339527,-159.154179,6.069293,102,-61.151365,-144.346268,24.822017,26.030532,1026.566209,3,-1,0,7,-159.32558371060867,20.68032046934206,-0.17140471060866957,-4.1416965306579385,176.02380399999998,-0.0003192409999999981,-13.087425250525765,-29.297738802235443,-362.43650318273376,-960.457163345302,46.83647923253665,481.97621601685,0,0,0,0,1,0,2,0,0,0,0
76000.0,101,-61.142778,-144.339571,-149.417355,4.499092,102,-61.151103,-144.346311,18.348142,26.296596,995.911003,3,-1,0,7,-158.6628986253804,21.343004672184694,-9.245543625380407,2.994862672184695,167.76549699999998,0.0002660640000000001,-10.566958790914207,-28.832962733073284,-362.3666628706291,-927.6470921295823,43.17439811568876,330.7927874301297,0,0,0,0,1,0,2,1,0,1,0
77000.0,101,-61.142847,-144.339658,-150.581082,8.170002,102,-61.150999,-144.34555,34.365744,26.322198,965.259296,3,-1,0,7,-160.77470552325389,19.230455044011993,-10.193623523253876,-15.135288955988006,175.05317399999998,2.5601999999999238e-05,-18.871220035440828,-28.844182106645373,-317.8439886510203,-911.4278399263574,40.957502134446536,529.1215426342474,0,0,0,0,1,0,2,0,0,0,0
78000.0,101,-61.142857,-144.339721,-120.189173,4.128323,102,-61.150809,-144.345258,34.841549,26.309857,934.611433,3,-1,0,7,-161.42943268822896,18.57541694453298,-41.24025968822896,-16.266132055467022,155.03072199999997,-1.2340999999999269e-05,-18.599453033177056,-23.6693784671151,-297.64794720559723,-885.9482096706373,34.11999433524775,345.9540325267197,0,0,1,0,1,0,2,1,0,1,0
79000.0,101,-61.142878,-144.339774,-126.529868,3.781262,102,-61.150587,-144.34512,31.097442,26.099758,903.967806,3,-1,0,7,-161.49957348916473,18.505108849950528,-34.96970548916474,-12.592333150049473,157.62731,-0.0002100989999999996,-16.518817615518994,-24.599730572338522,-286.8395754910742,-857.2519187593306,34.759671707357626,287.3573207858836,0,0,1,0,0,0,2,0,0,1,0
80000.0,101,-61.142945,-144.339748,178.925555,6.651794,102,-61.150324,-144.345179,22.660457,26.079651,873.328861,3,-1,0,7,-160.4486154134559,19.556141369143717,20.625829586544114,-3.1043156308562843,156.26509800000002,-2.0107000000002984e-05,-9.92295658887605,-30.71703605463296,-292.26134977364325,-822.974241932301,43.40883305351432,528.8689681188888,1,0,0,0,0,0,2,1,0,0,0
81000.0,101,-61.142957,-144.33982,-129.111321,3.542461,102,-61.150048,-144.345306,14.249765,26.572114,843.094793,3,-1,1,7,-159.52954453897837,20.47526040969166,-30.418223538978367,6.225495409691661,143.36108600000003,0.0004924630000000007,-9.289380366844185,-27.989228653944632,-294.85077020240317,-789.855590152252,34.94367536480721,190.52859538183287,0,0,1,0,1,0,2,1,0,1,1
82000.0,101,-61.143005,-144.339879,-147.653571,5.712544,102,-61.149815,-144.345245,12.780174,26.453855,813.681713,3,-1,1,7,-159.18315574190987,20.821544099781978,-11.529584741909872,8.041370099781977,160.433745,-0.00011825899999999834,-8.908308261785095,-30.624606348458265,-289.16765093715895,-760.5655788438626,37.01691448075604,375.26454321893607,0,0,0,0,0,0,2,0,0,0,0
83000.0,101,-61.143034,-144.339949,-134.515333,5.017102,102,-61.149648,-144.344857,20.658479,25.614958,785.47648,3,-1,1,7,-160.29969948431554,19.704599212621684,-25.78436648431554,-0.953879787378316,155.173812,-0.0008388969999999994,-12.614385690265017,-27.485405460728916,-264.7842756915215,-739.501580782426,34.354704722516296,265.220837186521,0,0,1,0,1,0,2,1,0,1,0
84000.0,101,-61.143032,-144.340104,-93.014591,6.991047,102,-61.149538,-144.34404,38.189773,26.680066,758.780984,3,-1,1,7,-163.726652252682,16.276795111226996,-70.71206125268199,-21.912977888773007,131.204364,0.0010651079999999986,-23.476806700938326,-21.337319485147216,-212.62576392121326,-728.3809897278544,23.297647872083505,406.5245247878609,0,0,1,0,1,0,2,1,0,0,0
85000.0,101,-61.143042,-144.340246,-97.49972,7.514425,102,-61.149301,-144.344048,29.850352,25.813379,733.77972,3,-1,1,7,-163.66374835008503,16.33958164567061,-66.16402835008503,-13.510770354329392,127.35007200000001,-0.0008666869999999989,-20.298400365298235,-23.369468897649607,-206.3931068696638,-704.1552122365963,26.369244246621896,340.4101434658612,0,0,1,0,0,0,2,1,0,1,0
86000.0,101,-61.14298,-144.340342,-46.152465,8.080144,102,-61.149106,-144.343789,30.521446,25.781742,709.160627,3,-1,1,7,-164.80977188271447,15.193247181249966,-118.65730688271447,-15.328198818750035,76.67391100000003,-3.1636999999999914e-05,-18.92082179740011,-16.611948314839154,-185.8175223857628,-684.3834037010611,24.348935184326326,392.30790905336215,0,1,1,0,1,0,2,1,0,0,0
87000.0,101,-61.142939,-144.340321,-9.966955,4.83624,102,-61.148944,-144.343235,38.451169,26.956873,685.985619,3,-1,1,7,-166.82136566294687,13.181186569070068,-156.85441066294686,-25.269982430929932,48.41812399999998,0.0011751310000000003,-17.600119250812625,-16.347712667085563,-156.39635590436862,-667.9194931536639,23.056287602070352,383.25058836603864,0,1,1,1,1,0,2,1,0,1,0
88000.0,101,-61.142927,-144.340338,-24.745571,2.105549,102,-61.148679,-144.343395,25.518669,25.883661,665.032574,3,-1,1,7,-165.61636902535898,14.386308449905236,-140.87079802535897,-11.132360550094763,50.26423999999997,-0.0010732120000000016,-12.032175712604806,-21.44637134521717,-165.20284268807197,-644.1865764270826,26.121927549985543,171.11789687010517,0,1,1,0,0,0,2,0,0,1,1
89000.0,101,-61.142828,-144.340383,-11.910267,9.759233,102,-61.148444,-144.343396,19.743089,25.620459,646.687154,3,-1,1,7,-165.48571408686274,14.516924846723775,-153.57544708686274,-5.226164153276226,31.653355999999974,-0.0002632019999999997,-10.668778670657431,-14.565269192219922,-162.07363378176458,-626.0482508412543,32.74619983022631,239.38473907687285,0,1,1,0,1,0,2,1,0,0,0
90000.0,101,-61.142748,-144.340453,-19.857291,9.586315,102,-61.148208,-144.343419,14.587492,25.518607,629.891428,3,-1,1,7,-165.3116096190458,14.690988145676084,-145.4543186190458,0.10349614567608434,34.44478299999997,-0.00010185200000000094,-9.683333372800787,-15.679665723732265,-159.71649606748701,-609.3060412894357,33.08318599997421,184.4134420787978,0,1,1,0,0,0,2,0,0,1,1
91000.0,101,-61.142682,-144.340419,2.821887,7.661696,102,-61.147994,-144.343318,14.256425,25.231052,613.969234,3,-1,1,7,-165.2462865712023,14.756252508301616,-168.0681735712023,0.4998275083016157,11.434537999999975,-0.00028755500000000113,-5.836253451840139,-16.801613419667362,-156.35624377159584,-593.7263219128693,34.00782521687022,47.67957295607342,0,1,2,0,1,0,2,1,0,1,1
92000.0,101,-61.142595,-144.34041,2.798599,9.30599,102,-61.147748,-144.343418,8.024993,25.505143,597.780879,3,-1,1,7,-164.26841095928984,15.734223583288486,-167.06700995928983,7.709230583288486,5.226393999999971,0.0002740910000000021,-3.106278641987112,-15.960486875115238,-162.07702812698497,-575.3894474627921,36.46324615300497,49.25375908249746,0,1,2,0,0,0,2,1,0,0,1
93000.0,101,-61.142551,-144.340205,55.182525,9.821054,102,-61.147446,-144.34377,-3.302173,27.63362,580.850073,3,-1,1,7,-160.63647088925552,19.36665149395593,144.18100411074448,22.66882449395593,58.48469799999998,0.002128477,9.654589583527452,-21.980269877540067,-192.5870384543804,-547.9936495284195,21.041093537830168,404.86222348076467,1,1,1,1,0,0,2,0,0,0,0
94000.0,101,-61.142509,-144.340025,62.205115,10.461149,102,-61.14718,-144.343954,-7.12404,28.363908,565.150704,3,-1,1,7,-157.90775152308612,22.095689662164247,139.88713347691387,29.219729662164248,69.32915499999996,0.0007302879999999981,12.771799105219529,-23.26682434906353,-212.5525637651715,-523.6570689569161,16.42686282921912,445.4121987987208,1,1,1,1,1,0,2,0,0,0,0
95000.0,101,-61.14246,-144.339768,66.960678,13.630784,102,-61.147023,-144.34366,2.23459,25.200004,550.575956,3,-1,1,7,-157.6281038424975,22.375304933201473,135.4112181575025,20.140714933201473,64.726088,-0.0031639039999999986,11.56096963737901,-19.846259405245657,-209.55847860313625,-509.13566696004796,21.1567364145237,462.8382135997665,1,1,1,0,1,0,2,1,0,0,0
96000.0,101,-61.142421,-144.33965,60.934339,9.272453,102,-61.146839,-144.343523,5.915931,23.987287,537.057657,3,-1,1,7,-157.0700672510886,22.93332487997229,141.9955937489114,17.01739387997229,55.01840800000002,-0.0012127170000000014,5.632364818486906,-19.354870063637694,-209.24042757660018,-494.62043064342896,26.64926323277496,359.9620149496847,1,1,1,0,0,0,2,1,0,1,0
97000.0,101,-61.142375,-144.339461,62.190993,10.832704,102,-61.146559,-144.343756,-2.334878,25.96185,521.900098,3,-1,1,7,-153.64778658936322,26.35597514060788,144.1612204106368,28.69085314060788,64.525871,0.001974563,10.639296094015606,-20.88656122811645,-231.66517565427554,-467.66543455924045,17.026555662868766,427.74949232821757,1,1,1,1,0,0,2,0,0,0,0
98000.0,101,-61.14236,-144.3393,76.243156,9.199093,102,-61.146245,-144.344062,-9.398597,28.878953,504.144597,3,-1,1,7,-149.39570602800126,30.608464712331486,134.36113797199874,40.007061712331485,85.641753,0.0029171030000000008,13.65118991717118,-26.30372461778392,-256.6629997397049,-433.9192082046019,11.347573165948338,433.28216381870993,1,1,1,1,1,0,2,0,0,0,0
99000.0,101,-61.142353,-144.339151,83.152237,8.323918,102,-61.14603,-144.344076,-7.889352,27.481286,488.408054,3,-1,1,7,-147.1232359690997,32.88107752820918,129.72452703090028,40.770429528209185,91.04158899999999,-0.0013976669999999985,12.036633077965263,-26.22870056561311,-265.1244498947582,-410.18465753861244,11.776275057063248,419.2940480951918,1,1,1,1,1,0,2,0,0,1,0
100000.0,101,-61.142329,-144.339057,67.789998,6.46726,102,-61.145718,-144.34431,-11.355587,29.967913,475.113288,3,-1,1,7,-143.20390284761996,36.80069791676855,149.00609915238005,48.15628491676855,79.14558499999998,0.0024866269999999986,11.888023912085227,-26.936624121052184,-284.57815631114573,-380.45750010312594,9.009865772498818,415.2079298795638,1,1,1,1,0,0,2,1,0,1,0
101000.0,101,-61.142318,-144.33884,82.005658,10.178952,102,-61.145498,-144.344308,-9.00984,28.307828,463.307034,3,-1,1,7,-140.3148552834579,39.6899337802809,137.6794867165421,48.69977378028091,91.01549799999998,-0.0016600849999999986,14.513152591198786,-26.542909818561736,-295.85319019877227,-356.5449447167723,7.537646965010099,434.4078516120894,1,1,1,1,1,0,2,0,0,0,0
102000.0,101,-61.142279,-144.338531,75.427919,15.287139,102,-61.14533,-144.344166,-3.374359,25.298645,451.454422,3,-1,1,7,-138.29009613723002,41.71483918598009,146.28198486276997,45.08919818598009,78.802278,-0.0030091830000000003,16.284449555761007,-21.408573644836707,-300.3794455474032,-337.02119196867835,4.849544628027845,445.2971875037644,1,1,1,1,0,0,2,1,0,0,0
103000.0,101,-61.142248,-144.338315,74.166778,13.000249,102,-61.145127,-144.344079,0.083634,24.471361,441.208143,3,-1,1,7,-135.98632785645412,44.018720443653784,149.84689414354588,43.93508644365378,74.083144,-0.0008272839999999988,12.47129840757673,-20.924371338511612,-306.5646550434525,-317.30543286807654,7.1194400394263,429.6988801311621,1,1,1,1,0,0,2,1,0,1,0
104000.0,101,-61.142207,-144.338049,72.304982,14.511104,102,-61.144822,-144.344143,-1.738485,27.326614,433.63285,3,-1,1,7,-131.64399267056444,48.36134464544534,156.05102532943556,50.09982964544534,74.04346700000002,0.0028552529999999977,14.653578150242035,-22.903382474973096,-324.0486669786449,-288.149110754286,3.643136332554572,429.37387069475244,1,1,1,1,0,0,2,1,0,1,0
105000.0,101,-61.142145,-144.337879,58.075444,12.325012,102,-61.144695,-144.343885,6.901171,23.568654,425.186081,3,-1,1,7,-131.34176736402827,48.663492874053816,170.58278863597172,41.76232187405382,51.17427300000003,-0.0037579600000000007,7.628852122194372,-16.880403689980735,-319.22239948462317,-280.8563033713472,9.349011812458313,409.4682476795701,1,1,2,1,0,0,2,1,0,1,0
106000.0,101,-61.142109,-144.337622,71.089173,13.622775,102,-61.14454,-144.343652,13.73286,22.206043,416.446833,3,-1,1,7,-129.87592147308146,50.12935978006229,159.03490552691852,36.396499780062285,57.356313,-0.0013626109999999975,7.615863542165603,-17.156152244235244,-319.5957307751442,-266.99538120730006,10.67715029521897,409.5793057508483,1,1,2,1,1,0,2,0,0,0,0
107000.0,101,-61.14206,-144.337342,69.924767,15.420132,102,-61.144235,-144.343618,9.88104,25.677925,409.272803,3,-1,1,7,-125.6838392640141,54.321657433928344,164.3913937359859,44.440617433928345,60.04372699999999,0.0034718819999999973,10.076835036908825,-20.004005186426202,-332.4310513322124,-238.73379188048932,4.694762508087133,406.41698722423683,1,1,2,1,0,0,2,0,0,1,0
108000.0,101,-61.141986,-144.337177,53.608761,13.000556,102,-61.144064,-144.34341,14.642739,24.181245,402.925238,3,-1,1,7,-124.63860813996011,55.36685089092345,-178.2473691399601,40.72411189092345,38.96602200000001,-0.0014966799999999978,4.352441989728595,-15.682683953107137,-331.5081684722484,-229.02201128610318,11.393962115759114,384.40931890179434,0,1,2,1,1,0,2,1,0,1,0
109000.0,101,-61.142005,-144.336806,91.748083,17.300937,102,-61.143883,-144.343202,18.282356,23.622895,395.28581,3,-1,1,7,-121.31837902624639,58.68722276009649,146.93353797375363,40.40486676009649,73.46572700000002,-0.0005583500000000008,9.882381551014666,-22.95822777509907,-337.6895596198332,-205.46686572564255,5.860376303549201,401.9112159800178,1,1,1,1,0,0,2,0,0,0,0
110000.0,101,-61.141986,-144.336617,81.867805,12.318826,102,-61.143573,-144.343101,14.799393,27.010129,387.831974,3,-1,1,7,-116.89385651302014,63.11182233710249,161.23833848697984,48.312429337102486,67.06841199999997,0.0033872339999999994,5.295605705618857,-24.371507056195263,-345.88640879022273,-175.43156007668514,6.530617781702614,380.8177269191612,1,1,2,1,0,0,2,1,0,1,0
111000.0,101,-61.141946,-144.336424,69.639362,11.606031,102,-61.143246,-144.343002,12.521044,29.991515,382.372292,3,-1,1,7,-112.2710553089371,67.73470585855517,178.0895826910629,55.21366185855517,57.11831799999999,0.0029813860000000004,4.3787946540667635,-25.24014637744531,-353.84781382223343,-144.9147830366498,4.464826408167411,374.7860664832124,1,1,2,1,0,0,2,1,0,1,0
112000.0,101,-61.141959,-144.336145,92.580461,13.901151,102,-61.143014,-144.342819,14.629888,29.178077,377.06878,3,-1,1,7,-108.13802215103786,71.86782308933185,159.28151684896216,57.23793508933185,77.95057300000002,-0.0008134380000000014,6.517427747090808,-28.85791423179822,-358.33198867030495,-117.3842014338933,2.2429919300678343,376.6493907278677,1,1,2,1,1,0,2,0,0,0,0
113000.0,101,-61.141968,-144.335816,93.105265,16.643253,102,-61.142834,-144.342573,19.068174,27.187187,370.309016,3,-1,1,7,-104.87460781789338,75.13131011087452,162.02012718210662,56.063136110874524,74.03709100000003,-0.001990889999999997,7.736953084204842,-26.59701483845727,-357.8999385824372,-95.05998786858726,-0.7409528740710772,370.39606357782543,1,1,2,1,0,0,2,1,1,1,0
114000.0,101,-61.141945,-144.335578,81.687872,14.044875,102,-61.142602,-144.342329,21.210798,27.607906,364.557613,3,-1,1,7,-101.40322580281985,78.60268686380292,176.90890219718017,57.39188886380292,60.47707399999996,0.0004207189999999983,3.9087886995282712,-23.707219332047092,-357.3612620464043,-72.07760806837953,0.9900718666255643,364.48666794019715,1,1,2,1,0,0,2,1,0,1,0
115000.0,101,-61.141951,-144.335283,91.024649,15.323987,102,-61.142424,-144.342016,26.205326,26.659284,355.733982,3,-1,1,7,-98.28455673382284,81.72134016314801,170.69079426617716,55.516014163148014,64.819323,-0.0009486220000000003,3.5490832059287705,-24.193203373585444,-352.02177776446484,-51.25752558524515,-0.03584369203040689,355.73412757372427,1,1,2,1,1,0,2,0,1,1,0
116000.0,101,-61.141992,-144.335051,106.401216,13.851517,102,-61.142354,-144.341659,36.025989,23.318132,350.343307,3,-1,1,7,-96.47856853945231,83.52721887921727,157.12021546054768,47.50122987921727,70.375227,-0.003341152000000001,-0.42673880462656477,-22.7696856472536,-348.1060601090295,-39.52978212771931,6.0090122057061635,358.9779311063383,1,1,1,1,1,0,2,0,0,0,0
117000.0,101,-61.141987,-144.3348,90.622966,13.468812,102,-61.142317,-144.341251,48.104722,21.34382,338.883437,3,-1,1,7,-96.05302095330448,83.95262896046107,173.3240130466955,35.84790696046107,42.51824400000004,-0.0019743119999999976,-2.419610476151906,-14.39922945175743,-336.9940737079649,-35.734831168534626,16.30322357023851,357.97006242801564,1,1,2,1,0,0,2,1,0,1,0
118000.0,101,-61.142038,-144.334592,111.829371,12.746219,102,-61.14242,-144.340754,71.878784,19.734282,323.63409,3,-1,1,7,-97.32204308939447,82.68335371649151,150.84858591060555,10.804569716491514,39.950586999999985,-0.0016095380000000006,-6.923218349284232,-10.877523483015409,-320.995010737944,-41.24593666623802,37.318103383819924,370.0221309778529,1,1,1,0,1,0,2,1,0,0,0
119000.0,101,-61.142109,-144.334328,118.647166,15.461581,102,-61.142482,-144.340263,84.589298,20.891863,312.500265,3,-1,1,7,-97.42174951999782,82.58344847791422,143.9310844800022,-2.005849522085782,34.057867999999985,0.0011575810000000004,-7.229869071570096,-9.382488323312362,-309.88220029016423,-40.36629247771908,45.8893064150475,390.80321419149885,1,1,1,0,1,0,2,1,0,0,0
120000.0,101,-61.14216,-144.334099,115.099803,13.997734,102,-61.142627,-144.33977,99.771084,22.676406,306.606482,3,-1,1,7,-99.68524634265813,80.3197204431723,145.2149506573419,-19.4513635568277,15.328719000000035,0.0017845429999999993,-9.671523083748198,-2.0893252003702254,-302.23636536094693,-51.582111800706166,33.50456442941798,28.54287220589964,1,1,1,0,0,0,2,1,0,1,1
121000.0,101,-61.142124,-144.333789,81.337887,15.761405,102,-61.142843,-144.339243,113.486694,26.139819,300.585483,3,-1,1,7,-105.27989528203793,74.72488145463258,173.38221771796208,-38.76181254536742,32.14880699999998,0.0034634129999999994,-8.39257876755932,12.791441328750842,-289.9597712726254,-79.21466804746495,11.514561834590081,297.78705876622377,1,1,2,1,0,0,2,0,0,0,0
122000.0,101,-61.14207,-144.333608,64.32396,12.611582,102,-61.142852,-144.338808,107.093634,24.92976,291.391119,3,-1,1,7,-107.3088816828276,72.69567259382028,-171.6328416828276,-34.39796140617972,42.76967400000001,-0.0012100589999999975,-12.462211946640442,12.792081670998947,-278.19538201445255,-86.69552270968191,11.694640435928138,270.885852195062,0,1,2,1,1,0,2,0,0,1,0
123000.0,101,-61.142015,-144.333333,66.686578,15.065668,102,-61.142902,-144.338316,105.407933,25.477018,279.375292,3,-1,1,7,-110.2471997897234,69.75716443336283,-176.9337777897234,-35.65076856663717,38.72135500000002,0.0005472579999999994,-10.725727093872273,12.731377226780786,-262.1122039521346,-96.68374382200885,10.518045436486279,274.7055795525981,0,1,2,1,1,0,2,1,0,0,0
124000.0,101,-61.141923,-144.333183,45.533216,13.608024,102,-61.142804,-144.337885,92.200531,24.214684,265.037387,3,-1,1,7,-111.2191163144319,68.78500179881074,-156.7523323144319,-23.41552920118926,46.66731500000003,-0.0012623340000000028,-14.48537009390244,10.462134598964031,-247.06867270496429,-95.92646910834893,12.029165166047452,233.4269520670274,0,1,1,1,0,0,2,0,0,1,0
125000.0,101,-61.141854,-144.333038,46.252703,11.587858,102,-61.142767,-144.337403,88.211529,24.701817,253.061329,3,-1,1,7,-113.43276719714618,66.57105576221082,-159.68547019714617,-21.64047323778918,41.95882599999999,0.00048713300000000005,-16.31875473306345,7.241825406326253,-232.19069021325834,-100.63557826900455,11.621110021481634,189.6287748642836,0,1,2,0,1,0,2,1,0,1,1
126000.0,101,-61.141792,-144.33282,56.630101,12.897643,102,-61.142532,-144.337062,67.730692,24.740366,244.397468,3,-1,1,7,-109.87387970765944,70.12983552051114,-166.50398070765945,2.3991435205111316,11.100590999999952,3.854900000000327e-05,-12.123754413573721,-2.2813750555836236,-229.8419376747271,-83.08312735289817,18.928979411342578,39.90057541126496,0,1,2,0,1,0,2,1,0,1,1
127000.0,101,-61.141727,-144.332574,60.110547,14.493626,102,-61.142354,-144.336743,58.714569,24.885725,239.412899,3,-1,1,7,-107.30942138381089,72.6942299050749,-167.4199683838109,13.979660905074908,1.3959780000000137,0.00014535899999999912,-8.701307226832068,-5.700620554156246,-228.5703408171457,-71.23296642930192,22.492506711955173,65.7813747989031,0,1,2,0,1,0,2,1,0,0,1
128000.0,101,-61.141739,-144.332348,89.96464,12.293472,102,-61.142145,-144.336523,48.343892,24.832717,241.326363,3,-1,1,7,-101.3936070773493,78.61004946306792,168.6417529226507,30.266157463067927,41.62074800000005,-5.300800000000194e-05,-6.260234490838263,-16.49768183595982,-236.57059809357563,-47.67353140323962,12.833346704929177,226.53801713561273,1,1,2,1,0,1,2,0,0,0,0
129000.0,101,-61.141731,-144.332024,87.11122,15.993322,102,-61.141885,-144.336323,38.048188,26.4482,239.166923,3,-1,1,7,-94.24665022622406,85.75711491078653,178.64212977377593,47.70892691078652,49.06303200000002,0.001615483000000001,-0.3276621486618261,-20.021742616303822,-238.5102940675569,-17.710355193938316,2.6234928494513157,240.18749948617392,1,1,2,1,0,0,2,0,0,0,0
130000.0,101,-61.141776,-144.331879,111.960184,10.904349,102,-61.141644,-144.336078,33.924703,27.600803,229.992654,3,-1,1,7,-86.27526327065988,93.72841428127094,161.76455272934012,59.80371128127094,78.035481,0.0011526029999999992,-5.290916098819727,-26.98018041344404,-229.5068322968984,14.941044910147882,2.018969470617282,229.57006258839468,1,1,2,1,1,0,2,0,0,1,0
131000.0,101,-61.141808,-144.331713,111.571998,9.980839,102,-61.141513,-144.335771,38.178285,25.454785,219.489796,3,-1,1,7,-81.43629438043484,98.56725967958961,166.99170761956515,60.38897467958961,73.39371299999999,-0.002146017999999998,-6.452126223175069,-23.67943889366888,-217.04268380555268,32.684001508452106,1.9002560131940855,219.0205508770394,1,1,2,1,0,0,2,1,0,1,0
132000.0,101,-61.141839,-144.331526,109.388762,10.423056,102,-61.141516,-144.335407,52.588733,21.239348,207.080544,3,-1,1,7,-80.21799638853611,99.78540265287067,170.3932416114639,47.196669652870675,56.800028999999995,-0.0042154370000000016,-7.038370008094764,-16.363790266799768,-204.06986458752868,35.182979842015186,5.479067810338398,207.3104860412193,1,1,2,1,0,0,2,1,0,1,0
133000.0,101,-61.141962,-144.33127,133.547329,17.487805,102,-61.14156,-144.334994,70.429837,19.597019,193.656706,3,-1,1,7,-77.39431676290667,102.60894477804865,149.05835423709334,32.179107778048646,63.11749199999997,-0.001642329,-5.789681226737574,-18.61252104472387,-188.9886341950538,42.263647782208544,6.589872817861253,223.4931499934477,1,1,1,1,1,0,2,0,0,0,0
134000.0,101,-61.142093,-144.331161,151.203464,16.188864,102,-61.141546,-144.334504,77.116016,21.380946,178.058307,3,-1,1,7,-71.27380209411635,108.7291257621942,137.52273390588365,31.6131097621942,74.087448,0.001783927000000002,-13.044462918623461,-18.95435383087685,-168.6325379865164,57.164917772462125,5.810443941891194,191.3312191990429,1,1,1,1,1,0,2,0,0,1,1
135000.0,101,-61.142198,-144.331111,161.063702,12.773243,102,-61.141625,-144.334034,90.4646,22.212914,160.679103,3,-1,1,7,-67.89608901148321,112.10647100399083,131.04020898851678,21.64187100399083,70.59910200000002,0.0008319679999999998,-18.067052844147856,-11.901836493446847,-148.86966257704682,60.461539056501294,6.052190433105022,138.26339167812515,1,1,1,0,1,0,2,1,0,1,1
136000.0,101,-61.142324,-144.331031,162.800649,14.424932,102,-61.141716,-144.333578,99.736367,23.28807,148.173728,3,-1,1,7,-63.68427184180484,116.31795886843494,133.51507915819516,16.58159186843494,63.06428200000005,0.0010751559999999999,-18.687223811913057,-9.841511886235097,-132.81770961234423,65.68797213150205,5.488010072814266,123.46445301390733,1,1,1,0,0,0,2,1,0,1,1
137000.0,101,-61.14241,-144.330905,149.27223,11.875607,102,-61.141935,-144.333263,119.26399,24.106163,141.817983,3,-1,1,7,-67.34650245524634,112.65556272822016,143.38126754475365,-6.608427271779846,30.00824,0.0008180929999999975,-14.961698778955707,1.5755906370061865,-130.87686672060218,54.62221214474956,8.763154896793312,40.815742808156315,1,1,1,0,0,0,2,1,0,1,1
138000.0,101,-61.142467,-144.330606,117.791861,15.01604,102,-61.142211,-144.333061,137.337647,26.136358,143.919587,3,-1,1,7,-77.80929374176111,102.19285639973938,164.3988452582389,-35.14479060026062,19.54578600000002,0.0020301950000000024,-4.428101200750078,12.218239516627651,-140.67422329145143,30.39095957019846,8.318501858525572,125.9309791962769,1,1,2,1,0,1,2,1,0,0,1
139000.0,101,-61.142512,-144.330355,111.677243,14.455619,102,-61.142411,-144.332971,146.597412,24.467693,154.743584,3,-1,1,7,-85.42747360224269,94.57481754945094,162.8952833977573,-52.02259445054905,34.92016899999999,-0.0016686650000000008,-0.03660808352174527,15.086609648529771,-154.25106915894793,12.336306274023784,1.5206981219334816,154.55971566144493,1,1,2,1,1,1,2,0,0,0,1
140000.0,101,-61.142576,-144.330193,124.250499,12.165275,102,-61.142702,-144.332907,157.882238,27.091932,158.408734,3,-1,1,7,-95.49576420166316,84.50661278458121,140.25373679833683,-73.3756252154188,33.63173900000004,0.002624238999999999,-0.1447912677157106,18.251525390130542,-157.6805736247463,-15.171147249094936,-1.0065706886562913,157.8587598088471,1,1,1,1,1,1,2,1,1,0,1
141000.0,101,-61.142586,-144.330153,115.079801,4.853102,102,-61.142869,-144.332863,161.26061,23.896111,157.752972,3,-1,1,7,-102.21024572831274,77.79212775645419,142.70995327168725,-83.46848224354582,46.18080900000007,-0.003195820999999999,-3.2814195378052773,20.572235893140576,-154.18429833911415,-33.36468672875295,-0.4726631401975597,157.5194575666251,1,1,1,1,0,2,2,0,1,1,1
142000.0,101,-61.142589,-144.330103,101.427283,3.224408,102,-61.143107,-144.332702,161.629029,25.381628,153.503175,3,-1,1,7,-112.4399633275274,67.56231294353184,146.1327536724726,-94.06671605646817,60.20174599999996,0.001485516999999998,-4.838992822034736,23.4492410498542,-141.87991694323722,-58.594486969856895,-1.330942603466189,150.8272363445231,1,1,1,1,0,0,2,0,1,1,1
143000.0,101,-61.142618,-144.330025,125.341194,4.7948,102,-61.143331,-144.332464,158.657635,26.215716,152.712015,3,-1,1,7,-121.20493013467127,58.797206006837925,113.45387586532871,-99.86042899316207,33.316441000000054,0.0008340880000000013,-5.62972506878706,21.644380127002588,-130.61759215030747,-79.12018798142584,-2.108048266237131,146.36883079246758,1,1,1,1,1,2,2,1,1,1,1
144000.0,101,-61.14264,-144.329838,106.486844,8.697856,102,-61.143544,-144.332102,152.169722,27.329962,150.292187,3,-1,1,7,-129.60325705065495,50.398725823460595,123.90989894934506,-101.77099617653941,45.68287799999996,0.0011142459999999978,-4.418859984738326,21.70041566959056,-115.79667431941546,-95.80642822799628,-4.156497317781812,134.28083879032778,1,1,1,1,0,0,2,0,1,1,1
145000.0,101,-61.142629,-144.329765,83.564865,5.197328,102,-61.143701,-144.331725,144.824826,26.387307,150.674102,3,-1,1,7,-138.57544579962303,41.4262708240452,137.85968920037698,-103.39855517595481,61.25996100000003,-0.0009426549999999985,-10.036570641317367,22.151349654252794,-99.69099819538633,-112.9795994519094,-3.1008952160128254,138.10788908496167,1,1,1,1,0,2,2,0,1,0,1
146000.0,101,-61.142654,-144.329622,107.706101,7.362332,102,-61.143835,-144.331214,134.747721,27.042868,146.961812,3,-1,1,7,-146.95352835453556,33.04786596536604,105.34037064546442,-101.69985503463397,27.041620000000023,0.0006555609999999987,-12.192634913646614,16.798674162356726,-80.14108120543247,-123.1875857769265,-2.863786511582416,137.38761808854957,1,1,1,1,1,0,2,1,1,1,1
147000.0,101,-61.142622,-144.329572,56.059375,4.682387,102,-61.143901,-144.330917,128.543547,23.213841,152.271721,3,-1,1,7,-153.09161842410953,26.9095595661424,150.84900657589048,-101.63398743385758,72.484172,-0.003829027,-14.271766745890757,17.07909293072115,-68.91287608987513,-135.785465073856,-3.3314837377765834,140.66209619258524,1,1,1,1,0,1,2,0,1,0,1
148000.0,101,-61.14266,-144.329471,121.852977,5.909647,102,-61.143992,-144.330416,121.335474,24.61977,152.877098,3,-1,1,7,-161.0992360727217,18.901591586372575,77.04778692727831,-102.43388241362743,0.5175030000000334,0.0014059290000000004,-16.008972524368126,9.684697756417084,-49.52148330365015,-144.63412385847226,-1.7344179237126198,149.38421490176688,1,0,1,1,1,2,2,1,1,0,1
149000.0,101,-61.142665,-144.329337,98.143942,6.643808,102,-61.144063,-144.33008,118.567146,22.872022,157.812283,3,-1,1,7,-165.61412911254112,14.386521629173465,96.24192888745887,-104.18062437082654,20.423204,-0.0017477479999999978,-13.510713477386187,9.995969134015686,-39.20862385546962,-152.86399340927997,-3.8379497162854306,146.29607518289131,1,1,1,1,0,1,2,0,1,1,1
150000.0,101,-61.142692,-144.329287,125.142651,4.64651,102,-61.14411,-144.329853,116.405659,19.596582,158.55878,3,-1,1,7,-169.0964046030331,10.904091116934119,65.76094439696692,-105.50156788306589,8.736991999999987,-0.0032754399999999997,-13.752477346976132,6.040466591816955,-29.992512981391286,-155.6962937264387,-2.3027748994527455,154.61411576778661,1,0,1,1,1,2,2,1,1,0,1
151000.0,101,-61.142735,-144.329244,148.365297,5.247362,102,-61.144168,-144.329648,117.020121,17.345515,163.125231,3,-1,1,7,-172.25194112264717,7.7484127129873,39.382761877352834,-109.2717082870127,31.34517599999998,-0.0022510670000000024,-12.699950447101175,3.4124725963180262,-21.992113101949727,-161.63597356440928,-1.5122906378560435,161.80794982635464,1,0,1,1,1,1,2,0,1,0,1
152000.0,101,-61.142765,-144.329135,125.103901,6.06024,102,-61.14423,-144.329331,115.140385,17.648931,164.259041,3,-1,1,7,-176.3057038770959,3.6944677858161445,58.59039512290411,-111.44591721418385,9.963516000000027,0.00030341600000000215,-11.019093916648242,4.012922240244018,-10.58369687560639,-163.91771689077711,-3.8332388373618027,157.64812706887284,1,0,1,1,0,1,2,1,1,1,1
153000.0,101,-61.142758,-144.329125,89.612324,1.787091,102,-61.144265,-144.329235,116.023607,13.941621,166.532559,3,-1,1,7,-177.9824926869734,2.01760365447183,92.40518331302661,-114.00600334552817,26.41128299999997,-0.0037073100000000014,-10.741076692480032,6.128858505469299,-5.862756954631199,-166.42932820864056,-6.4641890692915664,147.48030639195096,1,1,1,1,0,1,2,0,1,1,1
154000.0,101,-61.142754,-144.329144,-28.890874,0.435958,102,-61.144267,-144.329323,118.915988,8.05367,166.367412,3,-1,1,7,-176.73218079421838,3.267975979575859,-147.84130679421838,-115.64801202042413,147.80686199999997,-0.005887950999999999,-7.260246058780509,4.2758634488279395,-9.483489571756166,-166.09689702435784,-9.36821780562888,147.95980480169123,0,1,1,1,1,2,2,0,1,0,1
155000.0,101,-61.142761,-144.329168,-118.055879,1.139973,102,-61.144267,-144.329333,117.469199,5.233922,166.391472,3,-1,1,7,-176.9732962319171,3.0268482802432,-58.917417231917085,-114.4423507197568,124.47492199999999,-0.0028197480000000004,-5.649858026715279,1.8780938433659013,-8.785699422813972,-166.15936157791035,-7.399018534381773,160.4474154094758,0,0,1,1,0,2,2,1,1,0,1
156000.0,101,-61.142783,-144.329212,-137.113191,2.91501,102,-61.144265,-144.329227,105.861946,5.187484,166.439765,3,-1,1,7,-179.7201309693358,0.2798821681351846,-42.6069399693358,-105.58206383186482,117.02486300000001,-4.6437999999999314e-05,-6.973776911937451,-0.7179814523186812,-0.8129944448741926,-166.43777940506124,2.597532098721381,165.47976379768434,0,0,1,1,0,2,2,1,0,0,1
157000.0,101,-61.142752,-144.329283,-52.269483,4.16378,102,-61.144257,-144.329299,103.931908,2.241557,166.266924,3,-1,1,7,-179.70603540708734,0.2939786062124523,-127.43655240708733,-103.63792939378756,156.201391,-0.0029459270000000005,-5.468740163149977,3.0877149451668693,-0.8530536561290774,-166.26473563531607,-17.86331060823641,148.51150027953705,0,1,1,1,1,2,2,0,1,1,1
158000.0,101,-61.142734,-144.329191,51.302404,3.347433,102,-61.144247,-144.329407,-81.742516,0.367074,166.276021,3,-1,1,7,-176.05865473383045,3.9415344456852943,132.63894126616955,85.68405044568529,133.04492000000005,-0.0018744829999999997,2.9757947231326614,2.040128425578569,-11.429017698457248,-165.88276798402174,-38.282154987134334,134.9447737181561,1,1,1,1,0,2,2,1,1,1,1
159000.0,101,-61.142739,-144.329148,92.64223,2.403778,102,-61.144239,-144.329509,-79.528229,2.022385,166.381914,3,-1,1,7,-173.37493987400512,6.625376301018999,93.9828301259949,86.153605301019,172.170459,0.0016553109999999998,4.389923771576949,-0.4783830365590485,-19.195751383414137,-165.27088199416602,-0.2705596168003762,166.37773948640444,1,1,1,1,1,2,2,0,1,0,1
160000.0,101,-61.14275,-144.329081,107.636181,3.442111,102,-61.144237,-144.329545,-80.847192,1.99512,166.474071,3,-1,1,7,-171.43610585142108,8.564300534219917,80.92771314857896,89.41149253421992,171.51662700000003,-2.7264999999999872e-05,5.250047561166017,-1.3602222836960982,-24.790025674800475,-164.61795449572256,3.441045210749809,165.57949977609002,1,0,1,1,1,2,2,1,0,1,1
161000.0,101,-61.142737,-144.329072,51.606274,1.648437,102,-61.144245,-144.329407,98.032682,1.002162,166.532037,3,-1,1,7,-173.88068003412045,6.119613369301602,134.51304596587954,-91.91306863069839,46.42640800000004,-0.000992958,0.2996520958288119,1.163821564159093,-17.75220741067823,-165.58314672519555,-999,1036.0774309025269,1,1,1,1,0,2,2,1,1,0,0
162000.0,101,-61.142759,-144.329074,172.070286,1.92575,102,-61.144249,-144.329369,100.202359,1.356493,166.523707,3,-1,1,7,-174.5419858689641,5.458272501245347,13.387728131035885,-94.74408649875465,71.86792700000001,0.00035433099999999994,-1.0693715332247755,-1.6670668976698566,-15.839120341925655,-165.76871616748392,223.6011529520813,304.4596717658644,1,0,0,1,1,2,2,0,0,1,0
163000.0,101,-61.142783,-144.329044,154.141286,2.875191,102,-61.144254,-144.329262,97.766275,2.748898,166.400459,3,-1,1,7,-175.90908665090814,4.091104280327303,29.949627349091884,-93.67517071967269,56.37501100000003,0.0013924050000000002,-1.469659332844526,-2.215839586174039,-11.870885164295418,-165.97648881943127,175.2836412090799,331.44949200260623,1,0,1,1,0,2,2,1,0,0,0
164000.0,101,-61.142767,-144.328977,69.608953,3.139293,102,-61.144232,-144.329479,-68.387089,1.962353,166.169322,3,-1,1,7,-170.6099327910045,9.390506876247159,119.78111420899552,77.77759587624716,137.996042,-0.000786545,4.766960589622428,0.3710085518847198,-27.111343721866586,-163.94272968184495,-8.305219745394062,161.34475617553764,1,1,1,1,0,2,2,0,1,1,1
165000.0,101,-61.142792,-144.328974,156.144141,2.327005,102,-61.144235,-144.329436,-61.005603,0.602885,165.831491,3,-1,1,7,-171.21644961622872,8.783955017826885,32.639409383771294,69.78955801782689,142.850256,-0.0013594680000000002,1.4684508829644283,-2.420432088333759,-25.322818522151707,-163.88666287827468,2692.042754910267,7495.082743837121,1,0,1,1,1,2,2,0,0,0,0
166000.0,101,-61.142773,-144.328745,81.351862,9.219384,102,-61.144245,-144.329297,96.025304,2.034623,165.750225,3,-1,1,7,-169.74180422053306,10.25867923833188,108.90633377946693,-85.76662476166813,14.673442000000023,0.0014317379999999997,7.091180269376236,1.5998516321112328,-29.517513476441458,-163.10074642906673,-9.581651846104123,152.6863199321828,1,1,1,1,0,2,2,1,1,1,1
167000.0,101,-61.142746,-144.328637,67.858661,7.297717,102,-61.144254,-144.32914,97.569025,4.094768,166.21946,3,-1,1,7,-170.85524785447848,9.145192688623606,121.28609114552154,-88.42383231137639,29.710364000000027,0.002060145,2.700471183901989,3.28982085660138,-26.417135857171562,-164.10680612270576,-103.51621999905025,308.55246227971577,1,1,1,1,0,2,2,0,1,0,0
168000.0,101,-61.14277,-144.328627,128.150642,2.884074,102,-61.144249,-144.329167,92.403787,2.320302,166.190201,3,-1,1,7,-170.00678124928007,9.99369169961147,61.8425767507199,-82.41009530038852,35.74685500000004,-0.0017744660000000004,-0.05025523772030738,-1.6842650508438135,-28.839254708600816,-163.6688128394437,6543.203657562346,10860.964248602744,1,0,1,1,1,2,2,0,0,0,0
169000.0,101,-61.142791,-144.328484,109.485048,6.559696,102,-61.14423,-144.329287,-32.039776,0.865381,166.039029,3,-1,1,7,-164.92745652974247,15.073246762751397,85.58749547025752,47.1130227627514,141.52482400000002,-0.0014549209999999999,6.643104259529596,-2.921623978593004,-43.17709090296142,-160.32684732264977,6.047127562182642,165.22327100936639,1,0,1,1,0,2,2,0,0,1,1
170000.0,101,-61.142817,-144.328449,132.100304,4.169202,102,-61.14423,-144.329302,-51.209746,0.733396,165.853445,3,-1,1,7,-163.7570807524866,16.243666331707825,64.14261524751339,67.45341233170782,176.68995,-0.0001319849999999999,3.6650738366275344,-3.254611913178849,-46.39092790061255,-159.23331004186338,54.176622317763034,245.54773842110717,1,0,1,1,1,2,2,0,0,0,0
171000.0,101,-61.142796,-144.3283,77.518432,6.817044,102,-61.144238,-144.329264,104.222633,0.272184,165.6074,3,-1,1,7,-162.11878166575582,17.882062635670902,120.36278633424416,-86.3405703643291,26.704200999999955,-0.00046121200000000007,6.392086035696468,1.54021021548943,-50.848868957959105,-157.607751904709,-14.792820792426534,141.73153794927134,1,1,1,1,0,2,2,1,1,1,1
172000.0,101,-61.14283,-144.328192,116.294547,6.725893,102,-61.144242,-144.329247,112.883954,0.514203,165.330384,3,-1,1,7,-160.17138217185516,19.82954183036243,83.53407082814488,-93.05441216963757,3.410592999999949,0.00024201899999999997,5.556223082592455,-2.77951950757547,-56.081359913626464,-155.52818697530603,3.2111534853074155,164.18588432525323,1,0,1,1,1,2,2,1,0,0,1
173000.0,101,-61.142858,-144.328176,142.618914,3.839932,102,-61.144245,-144.329225,110.420279,0.735838,165.006007,3,-1,1,7,-159.94801230660437,20.052906440780603,57.43307369339561,-90.36737255921939,32.198635000000024,0.00022163500000000003,1.64167791156944,-2.7945312227697623,-56.57604499658786,-155.00365633954613,59.47267999787966,154.6168198441032,1,0,1,1,1,2,2,0,0,1,1
174000.0,101,-61.142884,-144.328153,151.92652,3.288554,102,-61.144225,-144.329302,-50.303936,1.076876,164.613649,3,-1,1,7,-157.53456453598776,22.466441794608315,50.538915464012234,72.77037779460832,157.769544,0.00034103799999999994,2.376200283222626,-3.5894552836639217,-62.90315830244228,-152.12115603252917,688.775108220919,2876.0907566342453,1,0,1,1,1,2,2,0,0,0,0
175000.0,101,-61.142878,-144.327962,89.724894,7.811047,102,-61.144244,-144.329207,109.553211,1.109556,164.606391,3,-1,1,7,-156.2574564963089,23.743633914139885,114.0176495036911,-85.80957708586013,19.828317000000027,3.268000000000004e-05,6.765387861308307,0.4088532319644453,-66.27507079278061,-150.6747455596219,-11.369921507682538,146.41373658474217,1,1,1,1,0,2,2,1,1,1,1
176000.0,101,-61.14291,-144.32788,118.611505,6.129473,102,-61.144228,-144.329241,18.78345,0.45203,164.456136,3,-1,1,7,-153.51067548863404,26.490516518448157,87.87781951136594,7.707066518448158,99.82805499999995,-0.0006575260000000001,5.235433508037952,-3.363165305309473,-73.35254450313519,-147.19111686160298,11.893461371196345,172.866368350299,1,0,1,0,1,2,2,0,0,0,1
177000.0,101,-61.142947,-144.327815,134.226545,5.600317,102,-61.144235,-144.329191,91.578232,0.941072,164.750784,3,-1,1,7,-152.72542514812665,27.27577999665428,73.04802985187337,-64.30245200334572,42.64831299999997,0.0004890420000000001,3.0724023532912144,-3.880286389567319,-75.49790070074096,-146.433902558102,33.83571986081022,180.0925051117168,1,0,1,1,1,2,2,1,0,0,1
178000.0,101,-61.142933,-144.327816,60.319355,1.267921,102,-61.144253,-144.329103,109.61155,2.286233,165.207237,3,-1,1,7,-154.80119833402827,25.199928861753083,144.87944666597173,-84.41162113824691,49.29219499999999,0.001345161,-1.0520399049479467,1.3951849675607928,-70.33869387729848,-149.485448458403,-84.96899980613307,162.69807243443512,1,1,1,1,0,2,2,0,1,1,1
179000.0,101,-61.142942,-144.327623,95.468594,7.81774,102,-61.144228,-144.329169,29.83185,0.66388,165.902575,3,-1,1,7,-149.87878452944923,30.12256950671295,114.65262147055077,0.29071950671295,65.63674400000002,-0.0016223530000000002,7.4519069605098665,-1.3209402236512013,-83.25506355568562,-143.50003060616183,-9.102556108850097,156.28689151876748,1,1,1,0,1,2,2,0,1,1,1
180000.0,101,-61.142966,-144.327514,109.722531,6.826467,102,-61.14423,-144.329146,67.436623,0.677997,164.888384,3,-1,1,7,-148.07266765483791,31.92876170302957,102.20480134516208,-35.50786129697043,42.285908000000006,1.4116999999999934e-05,5.7999120246301406,-2.5638477323021913,-87.20011177346571,-139.94398766944775,-5.326423738023233,163.59557949618826,1,1,1,1,1,0,2,1,1,0,1
181000.0,101,-61.14301,-144.327456,138.527161,6.081379,102,-61.144281,-144.328938,116.488598,4.440683,164.362405,3,-1,1,7,-150.6326762683543,29.368621715277577,70.8401627316457,-87.11997628472241,22.038562999999954,0.003762686,0.05297001584560945,-2.5759611840031535,-80.60444324474125,-143.2407899538023,193.1896793970083,365.86438670332024,1,0,1,1,1,2,2,1,0,0,0
182000.0,101,-61.142972,-144.32737,58.049543,5.292125,102,-61.144301,-144.328846,115.822905,4.769467,164.310952,3,-1,1,7,-151.8094564928042,28.19183623576188,150.1410005071958,-87.63106876423812,57.77336200000002,0.0003287839999999997,0.1971893035230119,4.878054055267089,-77.62136490143119,-144.82062235049665,-999,4729.861939274715,1,1,1,1,0,2,2,0,1,0,0
183000.0,101,-61.143015,-144.327344,147.528172,4.224246,102,-61.144322,-144.328755,116.059253,4.979794,164.242189,3,-1,1,7,-152.48031926564772,27.52091653421909,59.99150873435224,-88.5383364657809,31.468919000000028,0.0002103270000000004,-2.2056155451323547,-1.3761829609426668,-75.8886402604551,-145.65854223810888,83.44752201101464,112.46956103404152,1,0,1,1,1,2,2,1,0,1,1
184000.0,101,-61.143064,-144.327239,137.29032,6.901297,102,-61.144341,-144.328684,116.778202,4.782209,164.016425,3,-1,1,7,-151.36139473130632,28.639870847216123,71.34828526869364,-88.13833115278388,20.512118000000044,-0.00019758500000000012,0.41168616767342314,-2.916506584352493,-78.61033745437389,-143.9506947363926,131.16978773233143,272.98157734888247,1,0,1,1,0,2,2,1,0,0,0
185000.0,101,-61.143067,-144.327142,102.875524,5.193885,102,-61.144331,-144.328706,109.840653,2.697274,163.754048,3,-1,1,7,-149.1567624381381,30.844607364552292,107.9677135618619,-78.99604563544771,6.96512899999999,-0.0020849349999999996,2.5261280992607973,-0.24190315655852868,-83.95521395355611,-140.5948444517043,-27.03660726848757,147.965819369675,1,1,1,1,0,2,2,1,1,1,1
186000.0,101,-61.143103,-144.327102,139.817251,4.660984,102,-61.144329,-144.328714,105.992024,1.665411,163.462277,3,-1,1,7,-147.60300644778636,32.39840539502961,72.57974255221365,-73.59361860497039,33.825226999999984,-0.0010318630000000003,1.4064362477225048,-3.1021200938870055,-87.58022584411536,-138.02036097300456,67.20258038712315,195.24934529230393,1,0,1,1,1,2,2,0,0,0,1
187000.0,101,-61.143142,-144.326999,131.301749,6.392891,102,-61.144278,-144.328835,-27.716742,2.086658,163.124719,3,-1,1,7,-142.04657392934487,37.95503410004436,86.65167707065513,65.67177610004435,159.01849099999998,0.0004212469999999999,5.773127098461364,-6.066695515299159,-100.32508260958836,-128.62562632775877,19.716065451400322,214.33807133375873,1,0,1,1,0,2,2,0,0,0,0
188000.0,101,-61.14316,-144.326867,109.675878,6.863939,102,-61.144338,-144.328697,129.336323,2.20273,162.720741,3,-1,1,7,-143.1407665766392,36.86083619832024,107.18335542336081,-92.47548680167975,19.66044499999998,0.00011607199999999996,4.7594937184972235,-0.9148330618292628,-97.6082136872488,-130.19476246137344,-13.624490474789173,146.37262263437285,1,1,1,1,0,2,2,1,1,1,1
189000.0,101,-61.143168,-144.326835,110.137071,3.250596,102,-61.144332,-144.328714,124.589634,1.040675,162.703644,3,-1,1,7,-142.0799271873513,37.921718503432345,107.7830018126487,-86.66791549656766,14.452562999999998,-0.001162055,2.19516826554379,-0.5282878710124117,-99.99141300066636,-128.35183324366236,-27.673145891851554,148.2594929497009,1,1,1,1,0,2,2,1,1,0,1
190000.0,101,-61.143211,-144.326767,140.03588,5.453605,102,-61.14436,-144.328646,131.656916,2.346181,162.544861,3,-1,1,7,-141.7191096656155,38.282536025762134,78.24501033438452,-93.37437997423785,8.378963999999996,0.0013055060000000001,1.7499714156738375,-2.6204650836856764,-100.69934586471422,-127.594959069424,18.65984986163082,154.8433455123475,1,0,1,1,1,2,2,1,0,0,1
191000.0,101,-61.143218,-144.32676,137.89718,1.903628,102,-61.144339,-144.328679,98.697128,0.640116,162.832916,3,-1,1,7,-140.4383933903973,39.563287334171754,81.66442660960274,-59.13384066582825,39.20005199999997,-0.001706065,0.6435567949554136,-1.3155904160895626,-103.70951076094345,-125.53444113385304,147.86809954010465,210.50084565298602,1,0,1,1,0,2,2,0,0,0,0
192000.0,101,-61.14324,-144.326623,112.131226,6.074712,102,-61.144361,-144.328627,126.864263,1.65407,163.284334,3,-1,1,7,-139.21449466927658,40.7872605015846,108.65427933072343,-86.0770024984154,14.733037000000024,0.001013954,4.303794598556392,-1.2962092997655024,-106.66207506477625,-123.63242079931781,-13.606323135251447,149.23428364615836,1,1,1,1,0,2,2,1,1,1,1
193000.0,101,-61.143291,-144.326513,130.766355,7.734694,102,-61.144363,-144.328627,127.242857,1.140881,164.084075,3,-1,1,7,-136.4179952413744,43.58385627150669,92.81564975862557,-83.65900072849331,3.523497999999961,-0.0005131889999999999,4.949862254087396,-4.3601141429052905,-113.11825922750542,-118.86060364117505,-0.9945979471872989,163.96258356640746,1,1,1,1,1,2,2,1,1,0,1
194000.0,101,-61.143322,-144.326445,131.070596,5.698922,102,-61.144355,-144.328636,101.088127,0.466753,163.083963,3,-1,1,7,-134.33210804331176,45.669810909029565,94.59729595668824,-55.418316090970436,29.982469000000037,-0.0006741280000000001,3.8383811271136543,-3.654360543938507,-116.65416024960899,-113.96572240916967,-1.699657756907438,163.0065958249798,1,1,1,1,0,0,2,0,1,1,1
195000.0,101,-61.143332,-144.326435,134.181026,2.226825,102,-61.144421,-144.328484,134.381134,4.067915,162.555059,3,-1,1,7,-137.75972954604782,42.24206503860796,88.05924445395215,-92.13906896139204,0.20010800000000017,0.0036011620000000006,-1.310402653948428,1.2932779157050818,-109.2761915697249,-120.34475959720999,-3.6787368806879055,162.41449637092956,1,0,1,1,1,2,2,1,1,1,1
196000.0,101,-61.143379,-144.326411,163.675084,4.815458,102,-61.144471,-144.328369,134.403111,5.524168,162.495209,3,-1,1,7,-139.1298744572455,40.87184042729507,57.195041542754495,-93.53127057270493,29.271973000000003,0.0014562530000000002,-2.593108715984275,-0.7560417615678734,-106.32819028134239,-122.87802447731787,58.057004361071165,90.5204646056813,1,0,1,1,1,2,2,0,0,1,1
197000.0,101,-61.143404,-144.326358,141.381712,3.923315,102,-61.144445,-144.328407,121.841563,2.410928,162.426481,3,-1,1,7,-136.47200912696263,43.52978545846354,82.14627887303737,-78.31177754153646,19.540148999999985,-0.00311324,0.40054677614150913,-1.793431035463182,-111.86455701458043,-117.76537103060072,104.55990347497003,168.83003697881927,1,0,1,1,0,2,2,1,0,0,1
198000.0,101,-61.143445,-144.326249,131.426361,6.545672,102,-61.144381,-144.328503,-7.808306,1.921018,162.323582,3,-1,1,7,-130.71126079598474,49.29071333526801,97.86237820401527,57.09901933526801,139.23466700000006,-0.0004899100000000003,5.168976878897301,-6.234195736965193,-123.04227498194301,-105.87513324940207,-999,8094.862884920911,1,1,1,1,0,2,2,0,1,0,0
199000.0,101,-61.143497,-144.326105,129.016415,8.92709,102,-61.144409,-144.328471,91.441133,0.381783,162.046885,3,-1,1,7,-128.6153667367805,51.38670548876878,102.36821826321955,-40.05442751123121,37.575282000000016,-0.001539235,6.554379884003881,-5.610385356826661,-126.61583913406854,-101.13170728598872,-5.943544498934327,160.52521075247296,1,1,1,1,0,2,2,1,1,1,1
200000.0,101,-61.143545,-144.326116,164.07918,5.577707,102,-61.144421,-144.328461,138.98415,0.648259,161.752313,3,-1,1,7,-127.74241838824013,52.259635445317514,68.17840161175985,-86.72451455468249,25.09502999999995,0.00026647600000000003,1.1045819245957311,-4.874626008694797,-127.90897002999758,-99.01063653322882,17.640281523330376,147.9681227782052,1,0,1,1,1,2,2,1,0,1,1
201000.0,101,-61.143599,-144.326111,173.871154,5.905673,102,-61.1444,-144.32849,-20.011823,0.622146,161.413078,3,-1,1,7,-124.90285719011585,55.09922642224795,61.22598880988414,75.11104942224796,166.11702300000007,-2.6113000000000053e-05,0.8434242962586372,-6.456500139268197,-132.3786332045065,-92.35842798760065,-999,6580.836727023952,1,0,1,1,1,2,2,0,1,0,0
202000.0,101,-61.143597,-144.326002,100.127581,4.455062,102,-61.144423,-144.32846,149.992357,0.755944,161.008444,3,-1,1,7,-124.85092092246376,55.15123188103599,135.02149807753625,-94.84112511896402,49.86477599999995,0.00013379799999999997,4.007586784580027,-0.1287646049995509,-132.13023840226657,-92.00716895471429,-31.4253125860719,96.25291857406025,1,1,1,1,0,2,2,1,1,1,1
203000.0,101,-61.143626,-144.325969,138.399061,3.777209,102,-61.144455,-144.328415,149.44145,2.035245,160.991783,3,-1,1,7,-125.0801800475982,54.921962246596,96.52075895240182,-94.51948775340401,11.042389000000071,0.0012793010000000003,1.4730779669377483,-1.0719786295923712,-131.74739640716692,-92.52555178680053,-25.116464588702286,152.46514890260806,1,1,1,1,1,2,2,1,1,0,1
204000.0,101,-61.143654,-144.325912,137.120031,4.275536,102,-61.144438,-144.328423,123.21943,0.67082,160.834011,3,-1,1,7,-122.90212840718442,57.100070816435704,99.9778405928156,-66.1193591835643,13.900601000000051,-0.0013644250000000003,2.348157788707862,-2.765524162816776,-135.03618517657003,-87.36594180404174,-6.876686610274242,159.53675382604703,1,1,1,1,0,2,2,0,1,0,1
205000.0,101,-61.143707,-144.325857,151.182756,6.169927,102,-61.144406,-144.328444,1.12045,1.133383,161.123646,3,-1,1,7,-119.2441802123713,60.758085575017155,89.57306378762871,59.63763557501716,150.06230600000004,0.00046256300000000004,2.9518496004549775,-6.539019711225442,-140.5877338528343,-78.71415622655142,-999,7182.931328252144,1,0,1,1,1,2,2,0,1,0,0
206000.0,101,-61.143723,-144.325755,116.950936,5.36194,102,-61.144461,-144.328377,144.19237,1.998584,161.57676,3,-1,1,7,-120.25252641368908,59.74977002889764,122.79653758631093,-84.44259997110237,27.24143399999997,0.0008652009999999999,3.6103034015193427,-0.8093543278164672,-139.572152778124,-81.40432139006882,-28.7373946603595,110.62337373403827,1,1,1,1,0,2,2,1,1,1,1
207000.0,101,-61.143725,-144.325625,94.754702,6.398296,102,-61.14448,-144.328356,147.424145,2.165921,162.408167,3,-1,1,7,-119.806836154578,60.19555575421836,145.438461845422,-87.22858924578165,52.669443,0.00016733700000000007,5.2101116524287585,1.2948222375819682,-140.9225655656971,-80.7294445830125,-37.23282505268872,62.23643856073554,1,1,1,1,0,2,2,0,1,1,1
208000.0,101,-61.143773,-144.325618,155.645544,4.988303,102,-61.14447,-144.328358,132.79715,1.026463,161.326999,3,-1,1,7,-117.79462138283681,62.207778409029636,86.55983461716318,-70.58937159097036,22.848393999999985,-0.001139458,1.3038971561230888,-3.8470187337927984,-142.71385666950542,-75.22736018804503,8.570357319746122,159.58507299654514,1,0,1,1,1,0,2,1,0,0,1
209000.0,101,-61.143846,-144.325663,-171.38671,7.638952,102,-61.144496,-144.328316,141.043368,1.950404,160.896635,3,-1,1,7,-116.91673763520797,63.08558596006804,54.46997236479203,-77.95778203993194,47.56992200000002,0.0009239410000000002,-2.3703266097027744,-6.036120155330618,-143.46595005413226,-72.83713564788535,24.125236339377157,112.88140908128442,1,0,1,1,1,2,2,0,0,1,1
210000.0,101,-61.143891,-144.32558,152.098606,6.133478,102,-61.144499,-144.328299,133.69973,1.569482,160.821287,3,-1,1,7,-114.86141746031156,65.14096394062638,93.03997653968844,-68.55876605937361,18.39887600000003,-0.000380922,1.7354800701605246,-4.336165058793897,-145.91754908779407,-67.61327695466017,2.394150579314029,160.6152366411846,1,1,1,1,0,2,2,1,0,0,1
211000.0,101,-61.14395,-144.325584,174.091495,6.429705,102,-61.144528,-144.328265,144.629055,2.352868,160.744836,3,-1,1,7,-114.0725755058376,65.92977261432189,71.83592949416237,-78.6992823856781,29.462440000000015,0.000783386,-0.7001243350383667,-4.4769684678933395,-146.76478031123486,-65.56677177398521,25.778334196203474,138.02980180897066,1,0,1,1,1,2,2,0,0,1,1
212000.0,101,-61.143987,-144.325488,139.366876,5.963555,102,-61.144559,-144.328233,149.467752,2.898956,160.636966,3,-1,1,7,-113.35485863009622,66.6475455443959,107.2782653699038,-82.8202064556041,10.100876000000028,0.0005460880000000001,2.410807893834361,-2.0287152777034447,-147.4755360090082,-63.68046108926094,-20.268905902731827,143.90014417804008,1,1,1,1,0,2,2,1,1,0,1
213000.0,101,-61.143999,-144.325495,155.500979,2.009492,102,-61.144561,-144.328225,145.124798,1.988884,160.349615,3,-1,1,7,-113.10240597864176,66.89998505832483,91.39661502135823,-78.22481294167517,10.376181000000031,-0.0009100719999999999,-0.3039341688263544,-0.1968948374145656,-147.490381055411,-62.91729910587294,597.8324439664775,64.5961937321759,1,1,1,1,1,2,2,0,0,1,1
214000.0,101,-61.14402,-144.325483,162.448365,2.387796,102,-61.144525,-144.328245,39.786252,0.680204,160.045846,3,-1,1,7,-110.7507479349709,69.25167112867923,86.80088706502909,29.465419128679237,122.66211299999998,-0.00130868,0.28479632995995074,-2.799327496966469,-149.663765551458,-56.70476261138863,-999,2856.4177014692164,1,0,1,1,1,2,2,0,1,0,0
215000.0,101,-61.14406,-144.325512,-167.107748,4.252321,102,-61.144574,-144.328207,151.665477,1.989012,159.69884,3,-1,1,7,-111.564909890878,68.4374504927178,55.54283810912199,-83.22802650728221,41.226775,0.001308808,-1.8927928096187552,-2.3944143058514316,-148.52020305985104,-58.69811564612792,50.482632026681884,81.68009836270403,1,0,1,1,1,2,2,1,0,1,1
216000.0,101,-61.144133,-144.325364,143.583059,9.207234,102,-61.144537,-144.328222,37.348091,0.619883,159.287833,3,-1,1,7,-106.32684838072318,73.67565476500006,110.09009261927685,36.327563765000065,106.23496799999998,-0.001369129,5.089881863756137,-7.902014733942973,-152.86433900248795,-44.77842787736447,-999,9346.116996913113,1,1,1,1,0,2,2,0,1,0,0
217000.0,101,-61.144199,-144.325339,161.272066,7.813111,102,-61.144558,-144.328207,139.703146,0.793609,159.266342,3,-1,1,7,-104.54180084368528,75.46071106147964,94.18613315631472,-64.24243493852036,21.56891999999999,0.00017372600000000005,1.9953277492861785,-6.794148246096636,-154.164199329719,-39.98959038409422,-0.8899056309879115,159.19032129924562,1,1,1,1,1,2,2,1,1,1,1
218000.0,101,-61.14423,-144.325341,171.368389,4.179762,102,-61.144598,-144.328179,158.055909,2.229665,159.104843,3,-1,1,7,-105.04061792890747,74.96186770186145,83.5909930710925,-83.09404129813856,13.312479999999937,0.0014360559999999998,-0.20592737588822896,-2.064297449314172,-153.65424559184646,-41.288301946861125,30.94882805372431,149.0048014063188,1,0,1,1,1,2,2,1,0,1,1
219000.0,101,-61.144258,-144.325305,153.982185,3.638391,102,-61.14457,-144.328179,99.623649,0.575486,159.392228,3,-1,1,7,-102.67866874964736,77.32384841146741,103.33914625035266,-22.29980058853259,54.35853599999996,-0.0016541789999999995,1.0285950976076184,-3.173460809623531,-155.50565974663326,-34.98388391200022,-18.238223902484588,165.29618138975474,1,1,1,0,0,2,2,0,1,0,1
220000.0,101,-61.14428,-144.325268,143.905421,3.19123,102,-61.144596,-144.328161,148.196386,1.341898,159.844232,3,-1,1,7,-102.75433998646287,77.24819381601095,113.34023901353714,-70.94819218398904,4.2909649999999715,0.000766412,1.1728242587090763,-1.4382347450706912,-155.90017156667133,-35.28902108520818,-36.328770047150634,143.1720668196435,1,1,1,1,0,2,2,1,1,1,1
221000.0,101,-61.144337,-144.325258,170.940365,5.790671,102,-61.144588,-144.328161,129.098832,0.61308,160.675512,3,-1,1,7,-100.15852255596995,79.84402000549234,88.90111244403005,-49.25481199450765,41.84153300000003,-0.0007288180000000001,0.4360264989455723,-5.3317872639716155,-158.15668954969982,-28.338696285150796,4.666783320323749,160.22881521546444,1,0,1,1,1,2,2,0,0,0,1
222000.0,101,-61.144375,-144.325244,170.22461,4.575064,102,-61.14458,-144.328157,75.052044,0.415033,159.59448,3,-1,1,7,-98.29779683149242,81.70475448874562,91.47759316850755,6.652710488745626,95.17256599999996,-0.00019804699999999997,0.3757943481269013,-4.615692521029601,-157.9237395234307,-23.03238028094396,-999,4639.21029413582,1,1,1,0,0,0,2,0,1,0,0
223000.0,101,-61.144422,-144.325178,151.360396,5.795702,102,-61.144629,-144.328126,157.977785,2.140894,159.166282,3,-1,1,7,-98.27956212239256,81.72301985341142,110.36004187760744,-76.2547651465886,6.617389000000003,0.001725861,1.9751094057785512,-3.101917531447479,-157.50732672601285,-22.92045709248761,-16.65394200026587,145.2265809628246,1,1,1,1,0,2,2,1,1,1,1
224000.0,101,-61.144474,-144.32511,148.890042,6.644275,102,-61.144703,-144.328091,165.329518,4.550085,159.089143,3,-1,1,7,-99.04570209541782,80.95690878476489,112.06425590458218,-84.37260921523512,16.439476000000013,0.002409191,2.280625575220788,-1.2869326649279262,-157.1105904851922,-25.01235250568572,-41.76505751897464,100.14987636901486,1,1,1,1,0,2,2,0,1,1,1
225000.0,101,-61.144487,-144.325131,176.324613,2.148388,102,-61.144701,-144.328082,160.466693,2.790736,159.012528,3,-1,1,7,-98.54688030999766,81.45570429501727,85.12850669000233,-79.01098870498272,15.857920000000036,-0.0017593490000000003,-0.7953764629791937,0.4861522660135362,-157.24662905088894,-23.632217692863982,122.53502715633502,102.45480387563005,1,0,1,1,1,2,2,1,0,0,1
226000.0,101,-61.144565,-144.325159,-172.231667,7.636704,102,-61.144749,-144.328064,165.763158,3.803946,158.905876,3,-1,1,7,-97.47834979337668,82.52419452465209,74.75331720662331,-83.23896347534792,22.005175000000037,0.0010132099999999998,-1.9677449029945193,-3.8795026841224876,-157.55424044528417,-20.681845784091916,21.343810389453033,131.1947296582897,1,0,1,1,1,2,2,0,0,0,1
227000.0,101,-61.144638,-144.325131,174.473794,8.126148,102,-61.144744,-144.32806,161.036403,2.181513,158.621042,3,-1,1,7,-94.28983072733375,85.71273461163442,91.23637527266624,-75.32366838836559,13.437390999999934,-0.001622433,0.0736358211502961,-6.025267851236913,-158.1766533477798,-11.86512961842654,1.7663556786328611,158.31143956131592,1,1,1,1,0,2,2,1,0,0,1
228000.0,101,-61.144645,-144.325138,-178.423719,1.949793,102,-61.14481,-144.328045,169.671243,4.147709,158.321067,3,-1,1,7,-96.7091442843455,83.29340178697299,81.7145747156545,-86.37784121302701,11.90503799999999,0.001966196,-0.7973022300343888,2.1314409153549922,-157.23688694369577,-18.49653049287701,16.38688104937234,153.7517234618344,1,0,1,1,1,2,2,1,0,1,1
229000.0,101,-61.144687,-144.325157,-170.254906,4.34905,102,-61.144805,-144.328045,167.559153,2.357897,157.979011,3,-1,1,7,-94.84061426573886,85.1619151649992,75.41429173426114,-82.39723783500081,22.185940999999957,-0.001789812,-1.2441078654801467,-1.9837645429437258,-157.415546256355,-13.330930700873441,41.12598933048733,126.28405578942741,1,0,1,1,1,2,2,0,0,1,1
230000.0,101,-61.144739,-144.325158,-177.482357,5.563994,102,-61.144823,-144.328043,170.24355,2.219875,157.573952,3,-1,1,7,-93.45384920783498,86.54867759617088,84.02850779216503,-83.69487240382912,12.274092999999965,-0.00013802199999999988,-0.6205906969125888,-3.370854391074743,-157.28774226827161,-9.492970085703359,11.275757446536945,152.9714945162636,1,0,1,1,0,2,2,1,0,0,1
231000.0,101,-61.144799,-144.325151,178.36087,6.459908,102,-61.144794,-144.328042,112.076056,0.298922,157.559214,3,-1,1,7,-89.79593367550143,90.20659838401569,91.84319632449854,-21.869457615984302,66.28481399999998,-0.001920953,-0.09222553331153413,-6.344918731659697,-157.5582146657533,0.5611663195483995,0.746264370238576,157.57841607164758,1,1,1,0,0,2,2,0,0,0,1
232000.0,101,-61.144842,-144.325117,165.008782,5.242385,102,-61.144819,-144.328041,170.355031,1.168372,157.745811,3,-1,1,7,-89.06748920030783,90.93507176288732,105.92372879969219,-79.41995923711268,5.346249000000057,0.0008694499999999999,1.1603008803047388,-3.9121060918602426,-157.7249189657806,2.5672602683925048,-11.316721004483627,150.4884113425499,1,1,1,1,0,2,2,1,1,1,1
233000.0,101,-61.144854,-144.325128,-179.326023,1.917749,102,-61.144805,-144.32804,117.634605,0.181425,158.017883,3,-1,1,7,-88.00432797387987,91.99822247923312,91.32169502612012,-25.636382520766873,63.03937200000004,-0.000986947,-0.18328687618586365,-1.8334657471538953,-157.92203889406943,5.502815583109314,12.485670364331414,158.20265282487108,1,1,1,1,1,2,2,0,0,0,1
234000.0,101,-61.144892,-144.325132,-177.611858,3.910481,102,-61.144741,-144.328022,8.900653,2.692181,156.483242,3,-1,1,7,-83.82212053647844,96.18041064759409,93.78973746352158,87.27975764759408,173.487489,0.0025107560000000003,-0.579484012895201,-6.566846683064986,-155.57447900773147,16.840026968608967,-999,6584.532174152242,1,1,1,1,0,0,2,0,1,0,0
235000.0,101,-61.144973,-144.325122,177.732818,8.207334,102,-61.144759,-144.328015,25.415147,0.952741,156.393924,3,-1,1,7,-81.28688435632692,98.71564945661015,100.98029764367305,73.30050245661015,152.31767099999996,-0.00173944,-0.08421385369760281,-9.061445950208304,-154.5890185725918,23.691660998770065,-999,9031.84815283109,1,1,1,1,0,2,2,1,1,0,0
236000.0,101,-61.144997,-144.325182,-147.675738,4.152988,102,-61.144869,-144.328026,178.890474,4.158217,157.450204,3,-1,1,7,-84.67323315344531,95.32925774469797,63.002504846554686,-83.56121625530204,33.433787999999964,0.0032054759999999996,-2.3011635131939787,0.6480151327449741,-156.77024534290987,14.617007722699888,69.87055722555581,30.921722095810516,1,0,1,1,1,1,2,1,0,1,1
237000.0,101,-61.144996,-144.325099,100.370989,2.649907,102,-61.144934,-144.328045,-177.176741,5.34996,158.009903,3,-1,1,7,-87.50426150139431,92.49831873363964,172.1247494986057,-90.32494026636039,82.45227,0.0011917430000000007,2.8701282980072316,4.866427169432691,-157.8600247776598,6.880553994123247,-19.6427570077178,144.21851830489234,1,1,2,1,0,2,2,0,1,0,1
238000.0,101,-61.145034,-144.325136,-168.669724,3.687174,102,-61.14494,-144.328053,-174.765882,3.562188,156.426916,3,-1,1,7,-86.18106822343822,93.82148661264658,82.48865577656179,-91.41263138735343,6.096158000000003,-0.0017877720000000004,-0.39943533566873246,-0.06798001727872727,-156.07957245442267,10.418594517288597,366.8564180961554,36.622994555874996,1,0,1,1,1,0,2,1,0,1,1
239000.0,101,-61.145155,-144.325145,-177.389372,11.934103,102,-61.145035,-144.328057,-177.322287,6.240017,154.942863,3,-1,1,7,-85.12060930766418,94.8819411519845,92.26876269233583,-87.79577184801553,0.06708500000002005,0.002677829,-0.2520575099389796,-5.688513380188368,-154.38134328191043,13.179212461664509,-1.1122210205963488,154.81340966208955,1,1,1,1,0,0,2,1,1,0,1
240000.0,101,-61.145185,-144.325137,178.013589,4.715021,102,-61.145057,-144.328038,178.504389,4.799876,154.527306,3,-1,1,7,-84.77732913480699,95.22521169105957,97.20908186519301,-83.27917730894043,0.49079999999992197,-0.0014401409999999996,0.03815571269360976,0.08605318180774191,-153.88577956053277,14.066099269689257,-532.3779362305708,146.3799935394729,1,1,1,1,0,2,2,0,1,1,1
241000.0,101,-61.145225,-144.325121,171.613279,4.558985,102,-61.145118,-144.328034,178.364167,5.546359,154.671776,3,-1,1,7,-85.6486710703946,94.35388026690964,102.73804992960538,-84.01028673309037,6.750887999999918,0.0007464829999999996,0.5066142887516923,1.0338666644187402,-154.22594435436216,11.735262204116221,-51.68169480591324,143.67270406547271,1,1,1,1,0,2,2,0,1,1,1
242000.0,101,-61.145277,-144.325133,-177.057651,5.603742,102,-61.145225,-144.32804,179.991393,7.969312,154.50034,3,-1,1,7,-87.87850215980777,92.12404392437303,89.17914884019223,-87.86734907562696,2.950955999999991,0.0024229530000000007,-0.2888434459864123,2.3729573811729194,-154.39444151478628,5.719395899291846,10.210543963541557,152.57214274790053,1,0,1,1,1,2,2,1,0,0,1
243000.0,101,-61.145321,-144.325135,-178.365554,4.976019,102,-61.145134,-144.328014,156.772727,1.169078,154.341988,3,-1,1,7,-82.3357494049308,97.66677215515442,96.02980459506921,-59.105954844845584,24.861718999999965,-0.0068002340000000005,-0.6029892294069951,-3.899672937279366,-152.96319033355087,20.584257644472636,0.8541461054711963,154.31258073662923,1,1,1,1,0,2,2,0,0,0,1
244000.0,101,-61.145359,-144.325191,-153.2972,4.93269,102,-61.145134,-144.328019,160.815584,0.662311,154.05319,3,-1,1,7,-80.63947793378743,99.362998958419,72.65772206621257,-61.452585041581,45.88721600000005,-0.0005067670000000001,-2.4342085482765325,-3.7810857187135833,-152.00188893362676,25.056159118777497,12.99930540892835,141.3967189975748,1,0,1,1,1,2,2,0,0,1,1
245000.0,101,-61.145392,-144.325247,-143.371442,4.665193,102,-61.145023,-144.327969,13.224251,4.447453,153.753143,3,-1,1,7,-74.31090376176373,105.69148029001356,69.06053823823628,92.46722929001356,156.59569299999998,0.0037851420000000005,-3.8007829044073436,-8.073427782532043,-148.02479690392505,41.57749973158788,17.820436808711023,202.08541791191308,1,0,1,1,1,2,2,0,0,0,0
246000.0,101,-61.145425,-144.325281,-150.057927,4.254495,102,-61.145029,-144.327974,13.80083,2.485474,153.414615,3,-1,1,7,-73.0549430540206,106.9474155984556,77.00298394597941,93.1465855984556,163.85875700000003,-0.0019619790000000004,-2.7164249937284906,-6.100369964500255,-146.75407075487678,44.713385160048446,-999,6691.739448178792,1,0,1,1,0,2,2,0,1,0,0
247000.0,101,-61.14549,-144.325328,-160.326724,7.11903,102,-61.145076,-144.327997,178.64646,0.520689,153.016289,3,-1,1,7,-72.18271487112784,107.81962276248599,88.14400912887217,-70.826837237514,21.026816000000053,-0.001964785,-2.4089643433084786,-6.182931924935803,-145.6771880902131,46.820311505373375,1.3188647924464052,152.73670200643528,1,0,1,1,0,2,2,1,0,1,1
248000.0,101,-61.145537,-144.325279,167.628314,5.58809,102,-61.145111,-144.328012,-172.034197,1.868307,153.010821,3,-1,1,7,-72.1011491578825,107.9012445307483,120.27053684211751,-80.06455846925166,20.337488999999948,0.001347618,1.4561769115572676,-3.608045285817253,-145.60518420638354,47.025968095501824,-24.766179883559015,117.43612221578516,1,1,1,1,0,2,2,1,1,1,1
249000.0,101,-61.145569,-144.32534,-152.536707,4.375731,102,-61.145173,-144.328043,-169.518169,3.869481,153.208292,3,-1,1,7,-73.11399470723809,106.88837270714319,79.42271229276191,-83.59345829285678,16.981461999999993,0.0020011739999999997,-1.3140503391687344,-0.07770484190914528,-146.602649171794,44.502179647396424,107.16220845194651,53.14511922484748,1,0,1,1,1,2,2,1,0,1,1
250000.0,101,-61.145608,-144.325393,-149.057475,5.027165,102,-61.145177,-144.328045,-168.3828,2.569201,153.491868,3,-1,1,7,-71.38944900322491,108.61287374331268,77.6680259967751,-83.0043262566873,19.325324999999992,-0.0013002799999999998,-2.0674923961690572,-1.7951460520625293,-145.46572568204587,48.98444849056899,24.75589400005685,132.7309847788958,1,0,1,1,1,2,2,0,0,0,1
251000.0,101,-61.145659,-144.325367,177.225684,5.46868,102,-61.145205,-144.328068,-164.511508,2.816954,153.953895,3,-1,1,7,-70.79790497340979,109.20446069067624,111.9764110265902,-86.28403130932378,18.262808000000007,0.0002477529999999999,1.0169481944852814,-2.7476165446545315,-145.3885691441989,50.63561738414493,-35.62527093893927,118.94647690525407,1,1,1,1,0,2,2,1,1,1,1
252000.0,101,-61.145697,-144.325382,-173.382757,4.468408,102,-61.145236,-144.328091,-163.023098,3.138807,153.147614,3,-1,1,7,-70.57714870225941,109.42522396932178,102.80560829774059,-87.5516780306782,10.359658999999994,0.00032185299999999993,0.40156630076646116,-1.4366142739213448,-144.43199967132634,50.92729273027365,-65.97213368537611,125.82747508586189,1,1,1,1,1,2,2,1,1,0,1
253000.0,101,-61.145737,-144.325419,-160.67402,4.722885,102,-61.14526,-144.328102,-164.395531,3.01931,152.621937,3,-1,1,7,-69.77727304996631,110.22507685026784,90.8967469500337,-85.37939214973215,3.7215109999999925,-0.00011949699999999997,-0.7508233555929784,-1.5487320635341004,-143.21370770752085,52.75689128726929,8.316581431842902,151.88431507359522,1,1,1,1,1,2,2,1,0,0,1
254000.0,101,-61.145756,-144.325419,-169.449309,2.488463,102,-61.145277,-144.328111,-164.371878,2.611373,153.970461,3,-1,1,7,-69.76173764537934,110.2406201380015,99.68757135462066,-85.38750186199849,5.07743099999999,-0.000407937,0.2478334531868152,0.06844045038701507,-144.4646668553901,53.26220884373531,-462.55401891879336,90.00593748516009,1,1,1,1,0,1,2,0,1,1,1
255000.0,101,-61.145825,-144.325471,-162.757956,7.221045,102,-61.145332,-144.328154,-162.512952,4.082856,154.746847,3,-1,1,7,-69.1563262360726,110.8460236659037,93.6016297639274,-86.6410243340963,0.24500399999999445,0.0014714829999999996,-0.9135242223985771,-3.002372859732889,-144.61939692104602,55.06193504258961,-3.3807959233788742,154.38474623856897,1,1,1,1,1,2,2,1,1,0,1
256000.0,101,-61.145875,-144.325545,-148.953531,6.709323,102,-61.145358,-144.328166,-163.414367,3.636144,152.956124,3,-1,1,7,-67.76924029384294,112.23305530632301,81.18429070615706,-84.352577693677,14.460836,-0.00044671199999999977,-2.422289706771447,-2.263348558429576,-141.58652889492566,57.86908245850931,16.91316761506012,139.17144461214255,1,0,1,1,1,0,2,0,0,1,1
257000.0,101,-61.145933,-144.325587,-157.748933,6.81254,102,-61.145414,-144.328193,-165.685579,4.708351,152.530448,3,-1,1,7,-67.57588812618911,112.42639433752309,90.17304487381088,-81.88802666247693,7.936645999999996,0.0010722070000000006,-1.4155699155926182,-1.7430603319017086,-140.99694745019787,58.184176343803706,17.664243870610708,146.18657394246648,1,1,1,1,0,2,2,1,0,0,1
258000.0,101,-61.145953,-144.325616,-147.039577,3.442353,102,-61.145494,-144.328242,-165.190534,6.451379,153.869845,3,-1,1,7,-70.09089110148105,109.9114088804201,76.94868589851896,-84.8980571195799,18.150957000000005,0.0017430279999999998,-0.223837311249661,3.3487772533750566,-144.6736600737589,52.3971495521129,21.226638224988175,141.164565765738,1,0,1,1,1,1,2,0,0,1,1
259000.0,101,-61.145993,-144.325593,175.277609,4.226297,102,-61.145527,-144.328276,-162.162723,5.541405,154.696876,3,-1,1,7,-70.20689374325346,109.79545616280447,114.51549725674653,-88.04182083719553,22.559668000000016,-0.000909974,2.045356335240509,1.063081400975558,-145.55761948676746,52.38418514690081,-43.890717291849235,113.6734386564996,1,1,1,1,0,2,2,0,1,1,1
260000.0,101,-61.146024,-144.325643,-152.988157,4.004635,102,-61.145591,-144.328321,-162.135094,6.289183,153.059985,3,-1,1,7,-71.47789422853032,108.52445129947955,81.51026277146968,-89.34045470052047,9.146937000000008,0.0007477780000000003,0.11055221647119695,2.4181541696853244,-145.13165572793486,48.62264404439996,19.26524174507742,147.2755492584407,1,0,1,1,1,0,2,1,0,0,1
261000.0,101,-61.146092,-144.325629,179.875814,6.979535,102,-61.14563,-144.328344,-162.343675,5.623219,152.630534,3,-1,1,7,-70.57774514830494,109.42463278746013,109.54644085169508,-88.23169221253988,17.78051100000002,-0.0006659640000000007,1.7206882893512583,-1.6211928050545712,-143.94487499146868,50.75384589186921,-65.26179590209722,63.49799702214228,1,1,1,1,0,2,2,0,1,1,1
262000.0,101,-61.146144,-144.325637,-177.120173,5.963011,102,-61.145677,-144.328354,-165.76625,5.464014,151.430195,3,-1,1,7,-70.39681896689582,109.6055607217962,106.72335403310417,-84.62818927820376,11.35392299999998,-0.00015920500000000005,1.0438935457681895,-0.6592078568102684,-142.6531233052439,50.80541672889719,-129.4983833045116,35.359129566528225,1,1,1,1,1,0,2,1,1,1,1
263000.0,101,-61.146152,-144.325691,-129.238836,2.781366,102,-61.145724,-144.328373,-166.802421,5.416948,151.380473,3,-1,1,7,-71.70286295643412,108.29948607780703,57.535973043565875,-84.89809292219297,37.56358500000002,-4.7066000000000054e-05,-0.9174702760350759,3.5145131761451798,-143.72685280031226,47.525144816413786,30.313998364976957,130.0724309549153,1,0,1,1,1,2,2,0,0,0,1
264000.0,101,-61.146207,-144.325702,-169.022213,5.468795,102,-61.145739,-144.328379,-166.43418,3.986054,151.292357,3,-1,1,7,-70.08740914850185,109.91493550739837,98.93480385149815,-83.65088449260162,2.588032999999996,-0.0014308939999999994,-0.10643618540566047,-1.4938744939765836,-142.2470870391254,51.52808472570018,-28.567576112470963,145.55710811885228,1,1,1,1,0,2,2,1,1,0,1
265000.0,101,-61.146251,-144.325689,177.452645,5.040441,102,-61.145678,-144.328325,51.528661,0.389225,151.062877,3,-1,1,7,-65.75229779379568,114.25001095190076,116.79505720620432,62.72134995190076,125.92398399999996,-0.003596829,-0.08070899059321207,-5.277606036012553,-137.7358855630416,62.038847794602354,-999,5214.863415248341,1,1,1,1,0,2,2,0,1,0,0
266000.0,101,-61.146309,-144.32568,176.50042,6.19574,102,-61.145755,-144.328383,-165.633676,3.257432,150.835298,3,-1,1,7,-66.98962782015775,113.01273960916004,116.50995217984226,-81.35358439083996,17.86590400000003,0.002868207,1.1864313738950976,-3.0286170933761265,-138.83395249076744,58.96118009792657,-34.23173336705628,107.91916471444489,1,1,1,1,2,2,2,1,1,1,1
267000.0,101,-61.1463,-144.325821,-91.787478,5.330824,102,-61.145703,-144.328339,38.583312,0.347519,150.587774,3,-1,1,7,-63.83605338042714,116.16615201542405,27.951424619572855,77.58284001542404,130.37078999999994,-0.002909913,-5.544960928068973,-0.43793709670913883,-135.1579497799334,66.4003485650495,24.805470650780038,77.30046069034337,1,0,1,1,1,2,2,0,0,1,1
268000.0,101,-61.146357,-144.325925,-134.251055,7.707084,102,-61.145726,-144.328364,-161.517681,0.888609,150.302786,3,-1,1,7,-61.80511238550269,118.19702381906842,72.44594261449731,-80.2852951809316,27.266626000000002,0.0005410899999999999,-5.2388005081585804,-4.535255434275594,-132.4687011074497,71.01387685704078,6.550777740835795,140.6367875950275,1,0,1,1,0,2,2,1,0,0,1
269000.0,101,-61.146412,-144.325971,-150.784289,6.847591,102,-61.145671,-144.328298,27.49589,2.080641,149.958192,3,-1,1,7,-56.581683524595995,123.42035458443212,94.202605475404,95.92446458443212,178.28017899999998,0.001192032,-4.302903051129176,-7.822117114907897,-125.1658802467778,82.58911411292738,-999,8907.804541248852,1,1,1,1,0,2,2,0,1,0,0
270000.0,101,-61.146434,-144.326012,-140.304837,3.956963,102,-61.145698,-144.328322,90.585738,0.221201,149.885675,3,-1,1,7,-56.5668554047156,123.43516781527795,83.7379815952844,32.849429815277944,129.10942500000002,-0.00185944,-2.7485130313677026,-3.0424376320610564,-125.08398447299632,82.58154998887366,12.065127593969537,150.5976717913507,1,0,1,1,1,2,2,1,0,1,1
271000.0,101,-61.146495,-144.325988,178.107016,6.214819,102,-61.145765,-144.328392,-159.738754,3.089813,150.132174,3,-1,1,7,-57.82100370678056,122.18110184454429,124.07198029321944,-78.08014415545574,22.15423000000007,0.0028686119999999996,1.2752987751423035,-3.3128015551546124,-127.07013851188937,79.95529731378355,-37.653546132120475,90.85458485357282,1,1,1,1,0,2,2,1,1,1,1
272000.0,101,-61.146497,-144.326066,-111.54636,3.173566,102,-61.145745,-144.328367,-162.474753,0.987476,150.459695,3,-1,1,7,-55.89409721414286,124.10791812415056,55.65226278585715,-73.41732887584942,50.928393,-0.0021023369999999997,-2.654444758769634,-0.2238629528447299,-124.58101436560085,84.36640729064491,41.50371772593725,94.75987455833554,1,0,1,1,1,2,2,0,0,0,1
273000.0,101,-61.146576,-144.326085,-168.331002,7.725499,102,-61.145687,-144.328282,33.860991,2.317855,151.198263,3,-1,1,7,-50.021018565943294,129.98090568386942,118.30998343405672,96.11991468386942,157.80800699999998,0.0013303790000000002,-2.8540016695651125,-9.490559265877705,-115.86023427681704,97.1458740633808,-999,9841.805912472431,1,1,1,1,0,2,2,0,1,0,0
274000.0,101,-61.146587,-144.326136,-133.290384,3.30482,102,-61.145676,-144.328276,30.10704,1.94835,152.807381,3,-1,1,7,-48.58412203516766,131.41775229098727,84.70626196483232,101.31071229098727,163.39742399999997,-0.00036950500000000017,-3.3828638719854043,-3.9516002153184533,-114.59449942900378,101.08509478996007,-1.7321620298913156,152.93932608785173,1,0,1,1,1,1,2,0,1,1,1
275000.0,101,-61.146633,-144.326249,-132.480453,6.838683,102,-61.145777,-144.328438,-146.763647,3.937767,154.8736,3,-1,1,7,-50.98206045663875,129.01985678776427,81.49839254336126,-84.21649621223571,14.28319399999998,0.001989417,-2.8853153462646617,-1.3248126832895921,-120.32887015037133,97.50279475633032,18.892768783785186,139.09006935847287,1,0,1,1,1,1,2,1,0,1,1
276000.0,101,-61.146679,-144.326335,-136.792759,6.973304,102,-61.145834,-144.328563,-141.104374,5.768666,157.130538,3,-1,1,7,-51.836592525848545,128.16535887777601,84.95616647415144,-90.73026712222395,4.3116150000000175,0.0018308989999999995,-1.1520310566724552,-0.5930152039313104,-123.54415036483512,97.09196095867289,45.00392172829604,143.04585994922903,1,0,1,1,0,1,2,1,0,0,1
277000.0,101,-61.146728,-144.326309,-176.419601,5.433787,102,-61.145864,-144.328659,-134.358759,5.777372,159.562741,3,-1,1,7,-52.698319638351144,127.30373862030673,123.72128136164886,-98.33750237969326,42.06084200000001,8.706000000000103e-06,3.7913478881252445,-1.3839378569747494,-126.92509314127982,96.69689264144179,-43.80040045940466,53.23060492581422,1,1,1,1,0,1,2,0,1,1,1
278000.0,101,-61.146761,-144.326394,-139.492157,5.178884,102,-61.145897,-144.328766,-129.903797,6.065806,162.179583,3,-1,1,7,-52.955346521885794,127.04673100617372,86.5368104781142,-103.04947199382627,9.588359999999994,0.0002884340000000005,1.2892619795259237,-0.046376444878164946,-129.44626843600076,97.70302313669076,-104.79289399556127,93.01541961360991,1,0,1,1,1,1,2,1,1,0,1
279000.0,101,-61.146771,-144.326408,-136.686821,2.18979,102,-61.145957,-144.328889,-133.327389,7.258356,162.840575,3,-1,1,7,-55.78998556525398,124.21218743174123,80.89683543474604,-102.46042356825876,3.359431999999998,0.0011925499999999997,3.777888873112915,3.3871143146741516,-134.66627617429577,91.55351947183092,-7.625088837844091,158.06466802855797,1,0,1,1,1,2,2,1,1,0,1
280000.0,101,-61.146799,-144.326422,-160.991358,2.981564,102,-61.146032,-144.328998,-138.872118,8.317558,162.067706,3,-1,1,7,-58.326464795298214,121.67579140926851,102.66489320470177,-99.45209059073147,22.11923999999999,0.001059202,4.49967871694267,3.4461679889421464,-137.9283261677097,85.09828534510152,-9.600776947139243,151.46246111119854,1,1,1,1,0,2,2,0,1,1,1
281000.0,101,-61.146833,-144.326502,-137.310958,4.958717,102,-61.146062,-144.329026,-140.744143,6.64138,161.21864,3,-1,1,7,-57.667370581806004,122.33484007877894,79.64358741819399,-96.92101692122105,3.433185000000009,-0.0016761780000000002,0.8404573834593698,1.4977296665616477,-136.22288086010164,86.22515070224091,5.512974960073685,160.99546129307907,1,0,1,1,1,2,2,1,0,0,1
282000.0,101,-61.146901,-144.326516,-167.804453,7.062318,102,-61.146087,-144.32904,-143.852282,5.264748,162.526076,3,-1,1,7,-56.24619798896882,123.75601267262104,111.55825501103118,-92.39170532737899,23.952170999999993,-0.0013766319999999998,1.6136056136365289,-2.651659617724821,-135.12950136602856,90.30361698473797,-70.90055936297797,99.8743046440401,1,1,1,1,0,1,2,0,1,1,1
283000.0,101,-61.146947,-144.326531,-169.750879,5.562992,102,-61.146147,-144.329091,-149.889312,5.973064,162.711577,3,-1,1,7,-57.075112958175865,122.92712923528963,112.67576604182413,-87.18355876471037,19.861567000000008,0.000708316,2.006705109190004,-0.3071797929958109,-136.57747020812496,88.44010358076063,-76.88759275793159,67.19839060821216,1,1,1,1,0,2,2,1,1,1,1
284000.0,101,-61.146996,-144.326477,161.346472,5.709476,102,-61.146221,-144.329172,-151.612123,7.202521,164.413645,3,-1,1,7,-59.20993374023356,120.79242669543586,139.44359425976643,-87.59545030456411,47.041405000000054,0.001229457,5.2504978744114705,0.9268547125793791,-141.239321456969,84.16234749911031,-23.052523345775473,107.44500254738473,1,1,1,1,0,1,2,0,1,0,1
285000.0,101,-61.147042,-144.326569,-149.441303,6.053656,102,-61.146222,-144.329179,-148.366685,4.689903,165.050519,3,-1,1,7,-56.935066716321586,123.06721927197059,92.50623628367842,-88.56609572802944,1.0746180000000152,-0.002512618,-0.6180393173927183,-1.2197690654363047,-138.32104798830883,90.04977237941988,-13.541855625115671,164.08844619384215,1,1,1,1,1,2,2,1,1,0,1
286000.0,101,-61.147056,-144.32667,-114.646591,5.216906,102,-61.146304,-144.329256,-153.188419,6.649229,163.013779,3,-1,1,7,-58.92791860167167,121.07434636717268,55.71867239832833,-85.73723463282732,38.54182800000001,0.001959326,-1.7424442125653612,3.758847197628698,-139.6243459825025,84.13402494127615,71.35829362289408,184.72448531233593,1,0,1,1,1,0,2,0,0,0,1
287000.0,101,-61.147096,-144.3267,-148.123182,4.725866,102,-61.14639,-144.329325,-156.229109,7.966014,162.220602,3,-1,1,7,-60.868664441948304,119.13363468649317,87.2545175580517,-84.63725631350684,8.10592699999998,0.0013167850000000002,0.7152388776831682,3.2770772478139154,-141.70068723232563,78.97112732593494,15.392016350919263,155.3519134561376,1,0,1,1,0,2,2,1,0,1,1
288000.0,101,-61.147148,-144.326767,-149.086888,6.457931,102,-61.146435,-144.329363,-156.180007,7.057443,162.137804,3,-1,1,7,-60.35475464589393,119.64751908379266,88.73213335410605,-84.17247391620737,7.0931190000000015,-0.0009085710000000003,-0.46743102410155224,0.9157166628701523,-140.91471165160615,80.19795213150461,193.29016109537483,109.21197491183717,1,0,1,1,0,2,2,1,0,1,1
289000.0,101,-61.147196,-144.326826,-149.211365,6.264468,102,-61.14644,-144.329364,-155.029764,4.650802,162.154667,3,-1,1,7,-58.315468911253596,121.68675401913727,90.89589608874641,-83.28348198086275,5.818398999999999,-0.0024066410000000006,-1.2432847814808594,-1.165484401174286,-137.98599176227617,85.17042977032541,22.238857138445915,156.57289341133168,1,1,1,1,0,2,2,1,0,0,1
290000.0,101,-61.147228,-144.326832,-163.687443,4.04062,102,-61.146506,-144.329437,-154.45739,5.984664,162.254621,3,-1,1,7,-60.13046161849338,119.87181999554845,103.55698138150663,-85.67079000445153,9.230052999999998,0.0013338620000000008,1.445563247229912,1.5217922649570772,-140.70098489458732,80.80714625295677,-16.89881694075103,157.69153458338354,1,1,1,1,0,2,2,0,1,0,1
291000.0,101,-61.147271,-144.326893,-149.807347,5.30899,102,-61.146514,-144.329452,-151.049432,4.19216,162.417117,3,-1,1,7,-58.49231472840468,121.50992659681843,91.31503227159531,-87.44064140318159,1.242085000000003,-0.001792504,-0.6407040486107065,-0.9204708414239757,-138.4719731722179,84.88128498311184,8.082757841695962,162.1428925667078,1,1,1,1,1,2,2,1,0,0,1
292000.0,101,-61.147321,-144.326942,-153.90352,6.056987,102,-61.146467,-144.329397,-126.843972,0.529529,162.650122,3,-1,1,7,-54.21481198902216,125.78733824664484,99.68870801097782,-107.36868975335517,27.059547999999978,-0.0036626310000000004,-2.240604738535509,-5.121979366415649,-131.94422098885943,95.10933042692453,-8.706341781671492,159.65413718027727,1,1,1,1,0,2,2,0,1,1,1
293000.0,101,-61.147348,-144.327011,-134.919384,4.822547,102,-61.146419,-144.329326,26.496039,2.054833,163.010734,3,-1,1,7,-50.25451533609894,129.7475122790304,84.66486866390107,103.25147327903039,161.415423,0.0015253039999999997,-4.3315851656856434,-5.244258353821879,-125.33768551804816,104.22554383738002,-0.6366012071813439,163.05388668856037,1,0,1,1,1,2,2,0,1,0,1
294000.0,101,-61.147343,-144.326989,-138.959998,0.181988,102,-61.146398,-144.32929,31.277021,2.393095,163.522598,3,-1,1,7,-49.60134496687244,130.40067038596277,89.35865303312758,99.12364938596276,170.237019,0.0003382620000000003,-1.3619291360535113,-2.1825643060441817,-124.53121032858274,105.9793268084294,-10.319475782436982,161.7743547421035,1,0,1,1,0,2,2,0,1,1,1
295000.0,101,-61.147424,-144.327115,-146.86566,8.989177,102,-61.146373,-144.329233,38.148064,2.954009,164.232265,3,-1,1,7,-44.20152019357721,135.800334877642,102.66413980642278,97.652270877642,174.98627600000003,0.0005609139999999999,-6.738198569226947,-9.850541550641875,-114.50012779935545,117.73681497714084,-999,11891.299904017033,1,1,1,1,0,2,2,0,1,0,0
296000.0,101,-61.147484,-144.327182,-149.720364,7.886508,102,-61.146414,-144.329293,144.893231,0.384069,165.223589,3,-1,1,7,-43.593823888745675,136.40802505227427,106.12654011125431,-8.485205947725717,65.386405,-0.0025699399999999997,-4.19741959438548,-6.496389833611194,-113.92851787962593,119.66255544568935,-5.203783937886233,160.63978523239805,1,1,1,0,0,2,2,1,1,1,1
297000.0,101,-61.147517,-144.327127,166.574293,4.33107,102,-61.146508,-144.329439,-150.425899,4.777717,166.316904,3,-1,1,7,-47.87561138614388,132.12641360393383,145.55009561385612,-77.44768739606616,42.999808,0.004393648,3.3636430359581078,-0.05744264268740462,-123.35565086999904,111.55579749427692,-37.31319756438969,109.43360260875355,1,1,1,1,0,1,2,1,1,1,1
298000.0,101,-61.147546,-144.327172,-156.727851,3.700274,102,-61.146517,-144.329463,-145.504302,3.570043,167.416583,3,-1,1,7,-47.05496735757794,132.94703923991895,109.67288364242205,-81.54865876008103,11.223548999999991,-0.001207674,0.5598991237743807,-0.4568965708825812,-122.55021913139242,114.06031761416232,-333.02235774439356,74.4020348250104,1,1,1,1,1,1,2,1,1,1,1
299000.0,101,-61.147585,-144.327234,-146.582802,5.054627,102,-61.146535,-144.329505,-140.997246,3.331319,168.479676,3,-1,1,7,-46.22636723993258,133.77562184080247,100.3564347600674,-85.22713215919754,5.585555999999997,-0.00023872399999999995,-0.6871499088631658,-1.6301888333877552,-121.65558080495053,116.55608471493512,-40.07502513114805,157.7425639934204,1,1,1,1,1,1,2,1,1,0,1
300000.0,101,-61.147617,-144.327309,-134.710471,5.201402,102,-61.14653,-144.329502,-135.453693,1.974235,169.458519,3,-1,1,7,-44.23343086653107,135.7684898972866,90.47704013346893,-88.77781710271341,0.7432219999999745,-0.0013570840000000002,-2.311587905822199,-2.25230904751599,-118.21143056216275,121.41765664894187,-0.020332648353599367,169.45850603220805,1,1,1,1,1,2,2,1,1,0,1
301000.0,101,-61.147675,-144.327366,-151.704423,6.834025,102,-61.146587,-144.329608,-140.347334,4.279547,170.308828,3,-1,1,7,-44.84002318277618,135.16194049934097,106.86439981722381,-84.49072550065904,11.357089000000002,0.002305312,-0.5085503916747522,-2.722515552780946,-120.08981261408205,120.76230289725451,-47.69245973172872,144.62921289508523,1,1,1,1,0,2,2,0,1,1,1
302000.0,101,-61.147685,-144.327412,-124.806074,3.272193,102,-61.14668,-144.329763,-142.807642,7.459554,171.001168,3,-1,1,7,-48.464851348303554,131.53720780379066,76.34122265169644,-85.65515019620932,18.001567999999992,0.003180007,1.8224865009186266,4.074589644953883,-128.0027685568911,113.38734805583555,13.523498526854231,163.3978765337244,1,0,1,1,1,2,2,0,0,0,1
303000.0,101,-61.147729,-144.327433,-160.434101,4.724477,102,-61.146755,-144.32989,-142.526982,8.604689,171.531532,3,-1,1,7,-50.59832268630118,129.40382930840923,109.83577831369882,-88.06918869159074,17.907118999999994,0.0011451350000000007,3.652803411624943,2.3773535698311017,-132.5449863179072,108.88017759102351,-10.90369565100023,163.60884590279792,1,1,1,1,0,2,2,1,1,0,1
304000.0,101,-61.14777,-144.327429,-176.213393,4.56455,102,-61.146798,-144.329967,-141.167916,7.806301,171.939113,3,-1,1,7,-51.56418810702777,128.43803483339425,124.64920489297222,-90.39404916660578,35.045477000000005,-0.0007983880000000001,4.593418019440326,1.5264214244596976,-134.6807780656218,106.88379951548079,-18.25330441415549,144.01654173034072,1,1,1,1,0,2,2,0,1,1,1
305000.0,101,-61.1478,-144.32748,-149.481128,4.038698,102,-61.14683,-144.330023,-140.017392,6.710521,172.332853,3,-1,1,7,-51.67648581648306,128.32574150398966,97.80464218351696,-91.65686649601037,9.463736000000011,-0.0010957800000000004,2.2609388990946293,1.6626818001338712,-135.19890539932095,106.86378339711298,-15.030447828449486,166.22370392477288,1,1,1,1,1,2,2,1,1,0,1
306000.0,101,-61.147789,-144.327593,-85.058918,4.941609,102,-61.146919,-144.330154,-143.154605,8.612423,172.929224,3,-1,1,7,-54.856389568673094,125.14585351819544,30.20252843132691,-91.69954148180454,58.095687,0.0019019019999999998,0.241261865925404,7.317774832501986,-141.4062700985599,99.5428716184906,32.2116078187635,201.98381129664938,1,0,1,1,1,2,2,0,0,0,0
307000.0,101,-61.147864,-144.327701,-141.145326,8.883217,102,-61.146986,-144.330217,-147.108877,8.487224,169.763025,3,-1,1,7,-54.12813115196591,125.87407252244297,87.01719484803411,-87.017050477557,5.963550999999995,-0.0001251990000000003,-0.9639222194050534,0.20904247223007655,-137.5639770856,99.47681571875505,178.44282179046408,71.07654909783403,1,0,1,1,0,0,2,1,0,1,1
308000.0,101,-61.147921,-144.327641,173.46155,6.531954,102,-61.147144,-144.330346,-154.221811,12.306803,167.1131,3,-1,1,7,-59.23757375757372,120.76479545766689,127.30087624242628,-85.01339354233312,32.31663900000001,0.003819579000000001,6.095878427189164,4.592615984019738,-143.59953526175528,85.4749183340815,-7.909492088802057,154.7043480628916,1,1,1,1,0,0,2,0,1,0,1
309000.0,101,-61.147946,-144.327666,-167.388715,3.46615,102,-61.147211,-144.330395,-155.229637,10.701664,168.621706,3,-1,1,7,-60.83391913414298,119.16847110281012,106.55479586585702,-85.60189189718989,12.159077999999994,-0.0016051390000000013,3.7270261434302814,6.3345252780705,-147.2422842522668,82.17657490139808,-0.5085140106677518,168.57799647413006,1,1,1,1,1,1,2,1,1,0,1
310000.0,101,-61.148019,-144.327749,-154.799931,8.078996,102,-61.147355,-144.330515,-157.020876,13.120978,168.121821,3,-1,1,7,-63.55206135643506,116.45036129015196,91.24786964356493,-86.52876270984802,2.2209450000000004,0.002419314,1.6824955526203649,4.769701099901174,-150.52609474819337,74.8788454519296,4.160401523585647,166.86303912666025,1,1,1,1,1,2,2,1,0,1,1
311000.0,101,-61.148057,-144.327802,-147.629377,5.585029,102,-61.147357,-144.33052,-154.858318,8.440799,170.37265,3,-1,1,7,-61.91201408443014,118.09036652112746,85.71736291556986,-87.05131547887254,7.228940999999992,-0.004680178999999999,0.5959518440461897,2.923987644004522,-150.30711522792473,80.21602695148803,18.31810721847992,163.4122492676194,1,0,1,1,1,1,2,0,0,1,1
312000.0,101,-61.148111,-144.327788,-176.95064,5.867551,102,-61.147379,-144.330535,-154.4,6.259398,169.412657,3,-1,1,7,-61.093093266229545,118.90931274020353,115.85754673377045,-86.69068725979645,22.550639999999987,-0.0021814010000000003,2.392464958558352,-0.21431428772198924,-148.30490101097686,81.89203067407719,-65.9268326343846,68.41496803466102,1,1,1,1,0,2,2,0,1,1,1
313000.0,101,-61.148152,-144.327777,175.877954,4.806595,102,-61.147496,-144.330601,-160.589261,8.950127,166.633404,3,-1,1,7,-64.29561893856086,115.70685451150987,119.82642706143915,-83.70388448849013,23.53278499999996,0.002690729,3.319970506068993,3.647243925676692,-150.14400544557796,72.27357025486896,-9.292499596257434,159.69343757616818,1,1,1,1,0,0,2,0,1,0,1
314000.0,101,-61.148216,-144.327754,171.881877,6.782447,102,-61.147608,-144.330672,-161.984077,10.478569,168.357853,3,-1,1,7,-66.6469168199972,113.35563896375903,121.47120618000281,-84.66028403624097,26.134045999999955,0.001528442,4.198604347590962,3.2503306880789875,-154.5658974927696,66.73642183264133,-14.871009622067849,147.408402904137,1,1,1,1,0,1,2,0,1,1,1
315000.0,101,-61.148246,-144.327699,148.22048,4.594372,102,-61.147686,-144.330714,-162.855295,9.928436,167.699817,3,-1,1,7,-68.94911379323457,111.05352695114459,142.83040620676542,-86.0911780488554,48.92422499999998,-0.0005501330000000006,5.346398941194307,5.581660735091573,-156.5078297785331,60.2372628847559,-8.77599596110531,154.7220738587951,1,1,1,1,0,2,2,0,1,0,1
316000.0,101,-61.148264,-144.327772,-136.539215,3.117023,102,-61.147745,-144.330759,-161.731444,8.851823,170.363113,3,-1,1,7,-70.19871178427465,109.80390443689649,66.34050321572536,-88.46465156310353,25.192228999999998,-0.0010766130000000001,0.630723980491851,6.143193760727543,-160.29007922639192,57.712050497688686,7.486605405182464,165.42777149080257,1,0,1,1,1,1,2,1,0,0,1
317000.0,101,-61.148307,-144.327822,-149.883904,5.095964,102,-61.14784,-144.330813,-162.995118,9.62195,169.133488,3,-1,1,7,-72.0715939982008,107.93102572804334,77.8123100017992,-89.07385627195669,13.11121399999999,0.0007701270000000004,0.25705083535949225,4.7932144531255245,-160.92068822629662,52.0640842022712,10.003518127281115,163.5438807087236,1,0,1,1,0,0,2,1,0,1,1
318000.0,101,-61.148338,-144.327776,163.593448,3.770743,102,-61.147955,-144.330834,-167.820572,10.829086,165.661922,3,-1,1,7,-75.45124257333778,104.55143583816267,120.95530942666221,-87.62799216183731,28.585980000000035,0.0012071360000000001,3.3497046049925654,6.968137077113631,-160.3498435981991,41.61490188342601,-4.167939823391005,162.5487418065873,1,1,1,1,0,0,2,0,1,1,1
319000.0,101,-61.148361,-144.327827,-148.666787,3.164635,102,-61.148022,-144.330841,-169.86626,9.561408,167.648391,3,-1,1,7,-76.88068916331383,103.12195071089393,71.78609783668617,-87.01178928910605,21.199473000000012,-0.0012676780000000002,0.036640175931217156,6.709150725940201,-163.27268784727167,38.05275821824579,5.901225463754113,163.4961575645047,1,0,1,1,1,1,2,1,0,0,1
320000.0,101,-61.148448,-144.327873,-165.121992,8.852789,102,-61.148154,-144.330862,-172.434449,11.516554,166.575,3,-1,1,7,-78.48011114500974,101.52250683529842,86.64188085499026,-86.0430441647016,7.312456999999995,0.001955145999999999,-0.7567843569246364,2.8603043863373276,-163.21941988286656,33.266373383651235,26.91179963720953,149.3904384357139,1,0,1,1,0,0,2,1,0,1,1
321000.0,101,-61.148476,-144.327795,148.995147,4.660219,102,-61.148275,-144.330892,-172.790379,12.264581,169.219221,3,-1,1,7,-82.3411064014345,97.66160617490998,128.6637465985655,-89.54801482509004,38.214474000000024,0.0007480270000000004,3.9397313381586185,8.173228798575886,-167.70962851138032,22.55272179630782,-6.172431657499352,160.90508306200292,1,1,1,1,0,1,2,0,1,0,1
322000.0,101,-61.148514,-144.327817,-177.366614,4.233226,102,-61.148366,-144.330895,-174.494536,11.463108,167.396306,3,-1,1,7,-84.31086272730067,95.69183320921991,93.05575127269933,-89.81363079078005,2.8720779999999877,-0.0008014729999999997,0.9052824605693551,7.18147372114728,-166.57177576622996,16.594179115896097,-0.60234480733401,167.33928280712703,1,1,1,1,1,0,2,1,1,0,1
323000.0,101,-61.148567,-144.327806,176.214782,5.680965,102,-61.148445,-144.330842,179.183614,10.425007,162.655837,3,-1,1,7,-85.24090720514975,94.76175194640376,98.54431079485022,-84.42186205359624,2.9688320000000203,-0.0010381009999999992,0.22650028497079955,4.755376593820441,-162.0950563354077,13.494962830314671,1.214533843000224,162.55354270443726,1,1,1,1,0,0,2,0,0,1,1
324000.0,101,-61.148602,-144.3277,134.646303,5.899012,102,-61.148599,-144.330806,176.847611,13.00542,164.637398,3,-1,1,7,-89.88667463299024,90.11604583211226,135.46702236700978,-86.73156516788774,42.20130800000004,0.002580413,3.48170987404535,8.840337946587201,-164.63707596182257,0.3256362256593384,-7.6197408253300045,153.80224953835236,1,1,1,1,0,1,2,0,1,1,1
325000.0,101,-61.148652,-144.327678,159.238108,5.761333,102,-61.148675,-144.330758,173.393008,11.353372,163.106974,3,-1,1,7,-90.88795958386386,89.11473811012765,109.87393241613614,-84.27826988987236,14.154899999999998,-0.0016520480000000006,0.7360063057235882,5.890769645203248,-163.08738668193195,-2.52770106909153,-4.056098058044163,161.52143140165677,1,1,1,1,1,0,2,1,1,0,1
326000.0,101,-61.148686,-144.327653,158.620784,4.275673,102,-61.148928,-144.3307,173.899218,17.769229,167.564037,3,-1,1,7,-99.34804681883926,80.65462197493952,102.03116918116075,-93.24459602506047,15.278434000000061,0.006415856999999999,-0.329822119924982,13.687136985298409,-165.33876187062086,-27.217647194926744,-1.7305994088899068,165.9471156872957,1,1,1,1,1,1,2,0,1,0,1
327000.0,101,-61.148714,-144.327603,144.57976,4.039115,102,-61.149046,-144.330672,173.669174,16.07183,167.206186,3,-1,1,7,-102.63742935129783,77.36525871372393,112.7828106487022,-96.30391528627607,29.089414000000033,-0.0016973990000000007,0.5687205730270246,12.682252168411697,-163.15545700972623,-36.58149101135664,-3.662794231745163,161.3745287993908,1,1,1,1,0,2,2,0,1,1,1
328000.0,101,-61.148752,-144.327636,-171.792162,4.125504,102,-61.149277,-144.330511,168.643718,20.042717,162.830435,3,-1,1,7,-110.72978192457757,69.27273622354181,61.062380075422425,-99.3709817764582,19.564119999999974,0.003970887000000001,-4.53557246904141,15.567069534287036,-152.28882045673848,-57.63562896494228,-0.7836708533002491,162.33161636158462,1,0,1,1,1,0,2,1,1,0,1
329000.0,101,-61.14877,-144.327542,124.297923,4.206111,102,-61.149485,-144.330276,162.258317,22.01816,158.37753,3,-1,1,7,-118.45792450759522,61.5444701444068,117.2441524924048,-100.7138468555932,37.960394000000065,0.001975443000000002,-3.2347598140758858,18.600850112842693,-139.24034226427375,-75.4689942627355,-2.92424578048853,150.1856912535725,1,1,1,1,0,0,2,0,1,1,1
330000.0,101,-61.148821,-144.327457,140.206991,6.646115,102,-61.149525,-144.33019,157.648015,15.895904,160.700541,3,-1,1,7,-118.09610624155637,61.906287535681784,101.69690275844363,-95.7417274643182,17.44102399999997,-0.006122256000000002,-1.7915204218415264,9.594946404932447,-141.7634082085333,-75.68223021815245,-5.536185997203561,153.3505404865281,1,1,1,1,1,1,2,1,1,0,1
331000.0,101,-61.14888,-144.327372,144.893951,7.80627,102,-61.149653,-144.330011,153.731964,16.231501,160.350102,3,-1,1,7,-121.26052223324055,58.74178921344233,93.84552676675946,-94.99017478655767,8.838013000000046,0.0003355970000000017,-2.694271011414301,8.169106546461489,-137.0699265616427,-83.21051882902957,-4.500725889986685,156.25775395982473,1,1,1,1,1,2,2,1,1,0,1
332000.0,101,-61.1489,-144.327386,165.902809,2.940192,102,-61.149761,-144.329797,147.775079,16.061771,156.764872,3,-1,1,7,-126.50573315971435,53.49637858759701,67.59145784028567,-94.278700412403,18.12772999999993,-0.00016973000000000126,-7.848712413806832,10.735991777834567,-126.00718666910048,-93.25992709044357,-0.06772841433024328,156.7621698854901,1,0,1,1,1,0,2,0,1,0,1
333000.0,101,-61.148907,-144.327291,106.328072,4.052651,102,-61.149849,-144.329628,144.223528,14.954544,159.557639,3,-1,1,7,-129.87481212867564,50.12723480446227,123.79711587132437,-94.09629319553773,37.89545599999997,-0.001107227,-4.853595729025924,10.993330877607834,-122.4520419360945,-102.29436733728437,-4.3896042393476105,153.5783084686386,1,1,1,1,0,1,2,0,1,1,1
334000.0,101,-61.148962,-144.327262,157.383179,5.757427,102,-61.149966,-144.329404,141.882339,15.874759,159.813914,3,-1,1,7,-134.16945474622642,45.832421391774645,68.44736625377357,-96.04991760822536,15.50084000000004,0.0009202149999999989,-7.585033386501964,7.174718264953151,-114.6316718456716,-111.35558772628188,0.6153088764393119,159.67138345654087,1,0,1,1,1,2,2,1,0,0,1
335000.0,101,-61.148986,-144.32718,129.334006,4.888904,102,-61.150059,-144.329164,137.28428,15.911974,156.205265,3,-1,1,7,-138.26152570709627,41.74021204263599,92.40446829290374,-95.544067957364,7.950273999999979,3.7215000000001554e-05,-7.012675062465091,8.592197701387867,-103.9907770105908,-116.55901127949654,-2.292286222611513,154.26694755753908,1,1,1,1,0,0,2,1,1,1,1
336000.0,101,-61.149017,-144.327033,116.701659,7.580877,102,-61.150116,-144.328959,131.507973,14.52752,154.161321,3,-1,1,7,-139.78211838301817,40.21956856628601,103.51622261698185,-91.28840443371399,14.806313999999986,-0.0013844539999999998,-4.106689589178965,6.221311822662415,-99.54135321900439,-117.71674431360411,-7.1104267365807425,148.23565799851835,1,1,1,1,0,0,2,0,1,1,1
337000.0,101,-61.149079,-144.326954,141.821432,8.022884,102,-61.150127,-144.328862,125.374251,11.107188,155.776659,3,-1,1,7,-138.70188989765097,41.29978128636508,79.47667810234907,-84.07446971363493,16.447180999999944,-0.0034203320000000003,-4.097608218477403,0.12342130845451216,-102.80899450556825,-117.0328079555315,23.91583026503036,120.08095691390211,1,0,1,1,1,1,2,0,0,1,1
338000.0,101,-61.149079,-144.326881,104.128441,4.353976,102,-61.150173,-144.328728,125.03877,10.339485,156.490374,3,-1,1,7,-140.8329966693544,39.16862108610174,115.03856233064562,-85.87014891389826,20.91032899999999,-0.0007677030000000009,-4.243322948872531,4.873424748112916,-98.8366453196365,-121.32829305903984,-4.945985098604526,154.30615678750948,1,1,1,1,0,2,2,0,1,0,1
339000.0,101,-61.149084,-144.326859,106.389158,2.114244,102,-61.15021,-144.328606,123.687181,9.445162,154.394164,3,-1,1,7,-143.18076683912133,36.82076332844212,110.43007516087869,-86.86641767155788,17.298023,-0.0008943229999999999,-5.830777025175447,4.6422823616825974,-92.52724227385423,-123.59719784224227,-0.648092543659612,154.32586569620665,1,1,1,1,1,0,2,1,1,0,1
340000.0,101,-61.149143,-144.326836,165.360084,5.804685,102,-61.150251,-144.328473,123.026846,9.118034,153.957757,3,-1,1,7,-144.51575960108968,35.485674220094864,50.124156398910316,-87.54117177990514,42.33323800000005,-0.0003271280000000001,-6.177602861643596,-0.6466064772737052,-89.36924569292013,-125.36398551717124,17.114406182412477,115.46214835066226,1,0,1,1,1,2,2,0,0,1,1
341000.0,101,-61.149186,-144.326744,140.974822,6.323682,102,-61.15026,-144.328428,119.968791,6.88805,153.94252,3,-1,1,7,-142.89028706627656,37.11118792175219,76.13489093372345,-82.8576030782478,21.006031000000007,-0.002229984,-1.9853201229284498,-1.471899420626495,-92.88017072969035,-122.7663363840999,103.52822367126961,116.484507458727,1,0,1,1,0,2,2,1,0,0,1
342000.0,101,-61.1492,-144.326674,118.894329,4.365284,102,-61.150236,-144.328463,107.523778,3.581475,153.788058,3,-1,1,7,-140.19849402364912,39.803072931971805,100.90717697635091,-67.7207050680282,11.370550999999978,-0.0033065749999999995,0.4065939085224599,-1.0308988402578079,-98.44433311480185,-118.15024359261092,200.1240144122995,200.26140563305967,1,1,1,1,0,2,2,1,0,0,0
343000.0,101,-61.14919,-144.326617,79.888833,3.309953,102,-61.150242,-144.328449,110.387187,2.7245,153.602617,3,-1,1,7,-139.96092260000532,40.0406820185822,140.15024439999468,-70.3465049814178,30.498354000000006,-0.0008569750000000003,0.7047089672857485,1.5302041803138624,-98.81408800597512,-117.59906445544581,-1352.5495460108189,2130.8459540220065,1,1,1,1,0,2,2,0,1,0,0
344000.0,101,-61.149235,-144.326524,132.07003,6.109189,102,-61.15025,-144.328439,116.036041,2.126246,153.40029,3,-1,1,7,-137.68691525678014,42.31476206065361,90.24305474321989,-73.72127893934639,16.033988999999963,-0.0005982539999999999,2.6245418631393473,-3.160104500432178,-103.26622303806892,-113.43604432249879,7.044544426764262,152.1087107087226,1,1,1,1,1,2,2,1,0,1,1
345000.0,101,-61.14928,-144.326499,155.410863,5.401386,102,-61.150227,-144.328487,46.202685,0.636834,153.174463,3,-1,1,7,-134.63256944645252,45.369171810685124,69.95656755354747,-0.8335131893148784,109.20817800000009,-0.0014894120000000003,1.787899967245441,-5.35232017091419,-109.00305236908717,-107.61389635897592,-999,5706.588883361974,1,0,1,0,1,2,2,0,1,0,0
346000.0,101,-61.149332,-144.32642,146.857098,6.741461,102,-61.150224,-144.328499,13.914329,0.417918,152.78831,3,-1,1,7,-131.64402239823718,48.35779856472197,81.49887960176284,34.443469564721966,132.942769,-0.000218916,3.585255666743256,-6.050344587638191,-114.17683264264954,-101.5279201025437,-999,7056.531851949928,1,0,1,1,0,2,2,0,1,0,0
347000.0,101,-61.149378,-144.326365,148.544368,6.063549,102,-61.150212,-144.328519,-20.788249,0.795538,152.360893,3,-1,1,7,-128.74533173347783,51.25655492115171,82.71030026652215,72.04480392115171,169.33261699999997,0.00037761999999999995,3.4465397502521657,-5.916224486398927,-118.8316660070348,-95.35657748550952,-999,6864.308048113031,1,0,1,1,0,2,2,0,1,1,0
348000.0,101,-61.149361,-144.326251,82.336305,5.343112,102,-61.150218,-144.328509,-4.928911,0.188424,152.328149,3,-1,1,7,-128.18870308798074,51.813274658443305,149.47499191201928,56.742185658443304,87.26521600000001,-0.000607114,5.311576115442127,0.524820739092706,-119.7266970425273,-94.17740171109565,-22.174225692308546,82.56285928432662,1,1,1,1,0,2,2,1,1,1,1
349000.0,101,-61.149403,-144.326211,140.978036,4.859955,102,-61.150248,-144.328462,144.858626,1.42276,152.500937,3,-1,1,7,-127.88297511820016,52.11899649763062,91.13898888179983,-92.73962950236937,3.8805899999999838,0.0012343360000000002,2.240981586403233,-2.612282045354725,-120.36389281742312,-93.64330777857992,-2.0308784748621624,152.3266273459262,1,1,1,1,1,2,2,1,1,0,1
350000.0,101,-61.149459,-144.326193,165.252871,6.108372,102,-61.150281,-144.328409,145.352294,2.595773,152.882078,3,-1,1,7,-127.55234400215804,52.44959695874436,67.19478499784196,-92.90269704125564,19.900577,0.0011730129999999999,0.07913541202082919,-3.771707123479999,-121.20443138280432,-93.17948050278648,31.347487509921706,126.19713473175308,1,0,1,1,1,2,2,0,0,1,1
351000.0,101,-61.149502,-144.326069,133.260123,7.157705,102,-61.15032,-144.328354,146.79042,3.575923,153.444924,3,-1,1,7,-126.57314925384733,53.42885214393046,100.16672774615267,-93.36156785606954,13.530297000000019,0.0009801500000000002,3.2540537530858122,-1.9133814301389451,-123.2311271688801,-91.42994038088985,-13.849321131246029,141.4813132786107,1,1,1,1,0,2,2,1,1,0,1
352000.0,101,-61.149532,-144.326013,134.909175,5.120537,102,-61.150374,-144.328272,146.521802,4.9859,152.623833,3,-1,1,7,-127.68599149015348,52.31598713535748,97.40483350984653,-94.20581486464252,11.612626999999975,0.001409977,0.8761811537392505,0.5436958967764687,-120.78238431499886,-93.30407300217823,-221.5514468103213,78.20197742556844,1,1,1,1,1,2,2,1,1,1,1
353000.0,101,-61.149577,-144.325971,151.089386,5.484816,102,-61.150363,-144.328266,136.460938,2.857439,152.086982,3,-1,1,7,-125.36749858335209,54.634511574304256,83.54311541664794,-81.82642642569574,14.628447999999992,-0.0021284610000000003,0.6832605783897041,-2.729899160076399,-124.02028240478053,-88.0307880579676,27.456993586816914,143.37806743137412,1,0,1,1,1,2,2,0,0,0,1
354000.0,101,-61.14958,-144.325939,116.822873,2.233771,102,-61.150378,-144.328234,135.179376,2.672799,153.430082,3,-1,1,7,-125.77827390520585,54.223736252562176,117.39885309479416,-80.95563974743781,18.356502999999975,-0.0001846399999999999,0.10940192903092183,0.8879088585201131,-124.47561181881801,-89.70291034775659,-323.3094102204505,216.54832639897108,1,1,1,1,0,1,2,0,1,0,0
355000.0,101,-61.149596,-144.325838,110.753758,4.778966,102,-61.150383,-144.328225,134.652905,2.007927,154.256965,3,-1,1,7,-124.34565878521755,55.65643195432949,124.90058321478244,-78.99647304567051,23.899147000000028,-0.0006648719999999999,3.04047442581056,-0.2822463334307257,-127.36210280353248,-87.02933999792054,-37.0299619638702,98.59403047804716,1,1,1,1,0,2,2,0,1,1,1
356000.0,101,-61.14965,-144.325719,132.431401,7.92617,102,-61.150446,-144.328132,144.063883,4.401138,152.417719,3,-1,1,7,-124.36006635172684,55.64204716202261,103.20853264827315,-88.4218358379774,11.632482000000039,0.0023932110000000006,3.2672401063093903,-1.7843647992379665,-125.82190385795876,-86.02330832234685,-16.336831695382834,136.06413480069114,1,1,1,1,1,0,2,1,1,0,1
357000.0,101,-61.149716,-144.325701,161.443753,7.388262,102,-61.150508,-144.32803,143.886675,5.980665,151.983663,3,-1,1,7,-125.17581145890868,54.826228481632704,73.38043554109134,-89.06044651836729,17.557078000000047,0.0015795269999999996,-1.1737027482882052,-2.172661653315817,-124.22964934848306,-87.55585669531486,87.32387053555934,104.45618030639248,1,0,1,1,1,2,2,0,0,1,1
358000.0,101,-61.149718,-144.32566,120.710388,2.6256,102,-61.150535,-144.327976,141.284089,5.296972,151.900523,3,-1,1,7,-126.17122187180112,53.830806682466054,113.11839012819888,-87.45328231753393,20.573701000000028,-0.0006836929999999999,-1.0556556509237933,2.7921073637298086,-122.62273857244249,-89.65173100764954,-17.431089608385275,146.8581105533452,1,1,1,1,0,2,2,0,1,0,1
359000.0,101,-61.149766,-144.3256,147.700932,5.549484,102,-61.150536,-144.327962,135.950679,3.584078,151.838414,3,-1,1,7,-124.04457977787051,55.95748906759512,88.25448822212951,-79.99318993240489,11.75025299999993,-0.0017128940000000004,0.47337532595020626,-2.1147894335819473,-125.81364902354466,-85.00488036233989,37.431495610895695,143.65176343748493,1,0,1,1,1,2,2,1,0,1,1
360000.0,101,-61.149822,-144.325629,-177.325045,6.023621,102,-61.150543,-144.327948,134.426611,2.724197,151.756083,3,-1,1,7,-122.79681245909379,57.205218723834314,54.5282325409062,-77.22139227616569,48.24834400000003,-0.0008598809999999996,-2.2266001402927955,-4.110132929738019,-127.56566850735136,-82.20041937712624,43.03624987264508,99.86298101662031,1,0,1,1,1,2,2,0,0,1,1
361000.0,101,-61.149845,-144.325657,-159.064611,3.317836,102,-61.150563,-144.327921,139.016174,2.702339,151.503136,3,-1,1,7,-123.31630452285555,56.68567848680416,35.74830647714447,-82.33049551319584,61.91921500000001,-2.1858000000000376e-05,-2.9578304996495044,-1.0588240697863176,-126.60376125491031,-83.21470936045003,50.0590624792588,37.05860042897267,1,0,1,1,1,2,2,0,0,1,1
362000.0,101,-61.149871,-144.325523,121.057526,5.657304,102,-61.150518,-144.327965,31.958336,0.828633,151.219288,3,-1,1,7,-118.77204331721859,61.23009560014455,120.17043068278142,29.271759600144552,89.09919000000002,-0.001873706,4.407730647182181,-3.621633993331415,-132.55000281766226,-72.78578031638234,-69.84184887443772,369.900447587895,1,1,1,1,0,2,2,0,1,0,0
363000.0,101,-61.149892,-144.325495,134.761256,3.46814,102,-61.150519,-144.327967,33.503618,0.465662,150.901236,3,-1,1,7,-117.7303689984077,62.271796195854385,107.5083750015923,28.768178195854382,101.25763799999999,-0.0003629709999999999,2.2055019940135927,-2.8303981599424803,-133.56979399338124,-70.21604630633512,-999,3561.0278857296917,1,1,1,1,1,2,2,0,1,0,0
364000.0,101,-61.149966,-144.325419,153.70946,8.163537,102,-61.150507,-144.327979,-2.320997,0.760056,150.524178,3,-1,1,7,-113.65321792882072,66.34902434421669,92.63732207117926,68.67002134421669,156.030457,0.00029439399999999996,3.646600385170533,-8.078529711535742,-137.8787138937437,-60.39030069127702,-999,8854.159162019874,1,1,1,1,1,2,2,0,1,0,0
365000.0,101,-61.150012,-144.325375,153.481064,6.137803,102,-61.150472,-144.328001,-11.725458,2.00583,150.539916,3,-1,1,7,-109.95399819892944,70.04830188283644,96.56493780107053,81.77375988283644,165.20652200000006,0.0012457739999999998,3.148119040687086,-7.455998953558616,-141.50254118032333,-51.374090247886194,-999,8078.958967103076,1,1,1,1,0,2,2,0,1,1,0
366000.0,101,-61.150032,-144.325303,127.943317,4.48132,102,-61.150542,-144.327945,159.102257,1.929225,150.757269,3,-1,1,7,-111.80564246563576,68.19667163140066,120.25104053436425,-90.90558536859935,31.15894000000003,-7.660500000000003e-05,2.8458992203625506,-0.9531634360134749,-139.97047336849448,-56.00018519021113,-33.26020982422965,98.71787965056234,1,1,1,1,0,2,2,1,1,1,1
367000.0,101,-61.1501,-144.325277,163.351114,7.088985,102,-61.15055,-144.327936,156.585213,1.586035,151.058434,3,-1,1,7,-109.32895900128545,70.67336998669147,87.31992699871455,-85.91184301330854,6.765900999999985,-0.0003431899999999999,1.4007701086489075,-5.336375557862848,-142.54384095178156,-49.99903888321816,2.322486099566601,150.5687948030013,1,0,1,1,1,2,2,1,0,0,1
368000.0,101,-61.150131,-144.325249,157.665248,4.294719,102,-61.150608,-144.327897,161.905781,3.550393,151.534781,3,-1,1,7,-110.47322323483662,69.52909611937945,91.86152876516337,-92.37668488062054,4.240532999999914,0.0019643580000000002,0.5293844454728223,-0.5977109032954702,-141.96320078837783,-53.00225914653716,-61.827200179607516,141.50648365655445,1,1,1,1,0,2,2,1,1,1,1
369000.0,101,-61.150185,-144.325288,-169.425931,5.745106,102,-61.15065,-144.327865,161.357764,4.09033,150.737611,3,-1,1,7,-110.50514924228987,69.49710792480586,58.92078175771012,-91.86065607519414,29.216305000000034,0.0005399369999999997,-2.361770346318448,-1.7718227147110475,-141.1869832766895,-52.8021128669594,51.10127345003843,42.947374852066574,1,0,1,1,1,2,2,0,0,1,1
370000.0,101,-61.150246,-144.325209,157.358102,7.163226,102,-61.150648,-144.32785,153.699131,2.578414,150.214906,3,-1,1,7,-107.50977699572513,72.492536229021,95.13212100427484,-81.206594770979,3.658971000000065,-0.0015119159999999999,1.615173419705273,-4.299652824112199,-143.25479209389923,-45.19493917157705,-1.8272499922538084,149.99840735760623,1,1,1,1,0,2,2,1,1,0,1
371000.0,101,-61.150254,-144.325144,118.960733,3.781834,102,-61.150627,-144.327849,121.466144,0.933799,151.556897,3,-1,1,7,-105.95013401193397,74.05223526953783,135.089132988066,-47.41390873046217,2.505410999999981,-0.0016446149999999999,2.512439617387993,-1.3437641221610195,-145.72214229158288,-41.64793241230927,-37.3225514559445,105.48134419302382,1,1,1,1,0,1,2,1,1,1,1
372000.0,101,-61.150276,-144.325128,146.124656,2.808409,102,-61.15074,-144.327775,160.534044,5.492691,152.49285,3,-1,1,7,-109.96690040084759,70.03541808052398,103.9084435991524,-90.49862591947601,14.409388000000035,0.004558892,-0.2650480220406888,2.847039135970427,-143.32651210270703,-52.07283581287924,-15.155299190439639,147.61345915194875,1,1,1,1,1,2,2,0,1,0,1
373000.0,101,-61.150313,-144.325171,-162.152618,4.017047,102,-61.150746,-144.327763,157.166537,3.732346,150.652858,3,-1,1,7,-109.09778028019835,70.90449002768426,53.05483771980164,-86.26204697231574,40.68084499999995,-0.0017603449999999995,-2.679506461226854,-0.3838647592152138,-142.36116398275524,-49.29079643344421,54.99346149558045,28.61985522575995,1,0,1,1,1,0,2,0,0,1,1
374000.0,101,-61.150372,-144.325124,166.618771,6.347568,102,-61.15081,-144.327707,158.078783,5.215951,150.220138,3,-1,1,7,-109.36435480934341,70.63790761684666,84.01687419065661,-87.44087538315333,8.539988000000108,0.0014836049999999994,-0.4782654319763957,-1.3364149603038857,-141.72205281859894,-49.80913174932174,82.3350085006188,118.74893941382287,1,0,1,1,0,2,2,1,0,0,1
375000.0,101,-61.150443,-144.325085,165.864879,7.878334,102,-61.150848,-144.327672,157.347786,5.010649,150.203732,3,-1,1,7,-107.97701970379765,72.02524622707757,86.15810129620235,-85.32253977292244,8.517092999999932,-0.00020530199999999965,-0.0058199569716812505,-3.015672115713964,-142.87084301596593,-46.35820663739104,17.62110410923073,142.92924785830047,1,0,1,1,0,2,2,1,0,0,1
376000.0,101,-61.150488,-144.324979,139.57879,7.138331,102,-61.150849,-144.327662,152.682381,3.218355,150.092973,3,-1,1,7,-105.58269137742927,74.41965863955289,114.83851862257075,-78.2627223604471,13.103590999999938,-0.001792294,3.151529968803949,-2.5749678155775415,-144.57611988657982,-40.319301860523694,-18.614305363832578,123.16301727526985,1,1,1,1,0,2,2,0,1,1,1
377000.0,101,-61.1505,-144.324963,136.083293,2.775642,102,-61.150848,-144.327657,148.150549,2.038143,149.964224,3,-1,1,7,-104.98880837302177,75.01355127903797,118.92789862697822,-73.13699772096204,12.067255999999986,-0.0011802120000000001,0.8497124374529355,-0.2681553978748723,-144.86189570620945,-38.785302014106726,-126.61854640567259,81.73229441977706,1,1,1,1,0,2,2,1,1,1,1
378000.0,101,-61.150549,-144.325029,-157.790581,5.319021,102,-61.150795,-144.327674,19.396255,1.324457,149.787145,3,-1,1,7,-100.91138139468211,79.09093533852094,56.87919960531789,59.69468033852094,177.186836,-0.0007136859999999998,-2.450404121353333,-6.173681234902392,-147.0791628086189,-28.353283315461127,-999,6717.357155887342,1,0,1,1,1,2,2,0,1,0,0
379000.0,101,-61.1506,-144.32494,152.497675,6.204129,102,-61.150842,-144.327657,155.035688,1.403006,149.451506,3,-1,1,7,-100.46001673752718,79.5423630611532,107.04230826247283,-75.4933249388468,2.538012999999978,7.854899999999998e-05,2.2728274463086513,-4.231089040336938,-146.96789685683572,-27.132820331593447,-9.296628670248223,142.31381422254674,1,1,1,1,0,2,2,1,1,1,1
380000.0,101,-61.150631,-144.324939,167.033333,3.86848,102,-61.150853,-144.327653,159.24381,1.346608,149.094659,3,-1,1,7,-99.6229085438527,80.37946862760906,93.34375845614727,-78.86434137239094,7.789523000000031,-5.639799999999995e-05,0.3907984329127045,-2.5106277338081124,-146.99678967930103,-24.92310506950571,0.8441122444466413,149.08106072236455,1,1,1,1,1,2,2,0,0,0,1
381000.0,101,-61.150712,-144.324876,161.893702,8.596707,102,-61.150855,-144.327649,155.969217,0.944826,148.681822,3,-1,1,7,-96.10164378006712,83.90078506990363,102.00465421993289,-72.06843193009635,5.924485000000004,-0.000401782,2.2869333824037748,-7.308076710725969,-147.83952387782168,-15.803777169356682,-3.9536226956058353,145.81728099853683,1,1,1,1,0,2,2,1,1,1,1
382000.0,101,-61.150744,-144.324878,171.21512,4.411472,102,-61.150912,-144.327631,169.196998,3.022011,148.665432,3,-1,1,7,-97.20935332817444,82.7930580048928,91.57552667182551,-86.40393999510721,2.018122000000062,0.002077185,0.10731832757608706,-1.3912665792749923,-147.49011697534033,-18.656796786883227,5.301692736741525,148.4882073559893,1,1,1,1,1,2,2,1,0,0,1
383000.0,101,-61.150781,-144.324866,170.957437,4.187833,102,-61.150909,-144.327627,164.68992,1.768582,148.855156,3,-1,1,7,-95.48944795696677,84.5129703837098,93.55311504303324,-80.1769496162902,6.267516999999998,-0.001253429,0.19121268829383803,-2.4299692597525855,-148.1724814250399,-14.239846071167236,1.098708086783417,148.83296655947652,1,1,1,1,0,2,2,0,0,0,1
384000.0,101,-61.150797,-144.324858,167.087364,2.248953,102,-61.150952,-144.327615,169.844369,2.9463,149.133413,3,-1,1,7,-96.64723226446657,83.35518257327105,96.26540373553343,-86.48918642672895,2.757005000000049,0.001177718,-0.016936630547201514,0.7080573514280153,-148.13089027517483,-17.263088348052783,-19.975671674798583,148.50197228703829,1,1,1,1,0,2,2,1,1,1,1
385000.0,101,-61.150838,-144.324915,-153.791053,4.657947,102,-61.15094,-144.327619,167.491719,1.297906,149.591803,3,-1,1,7,-94.4714378893999,85.53093052628118,59.31961511060011,-81.96078847371881,38.717228000000006,-0.0016483939999999999,-2.3382648785140163,-2.9119609157838404,-149.1364937122228,-11.662494073522028,25.47887017804209,109.22977293924545,1,0,1,1,1,2,2,0,0,1,1
386000.0,101,-61.150889,-144.324874,169.546676,5.50779,102,-61.150918,-144.327619,46.006127,0.260402,148.089629,3,-1,1,7,-91.25552005067934,88.74688427717652,99.1978039493207,42.74075727717652,123.54054899999994,-0.001037504,0.8119660204306663,-5.597247823423496,-148.05407574956982,-3.2448222290723074,-999,5634.0532562578355,1,1,1,1,0,0,2,0,1,0,0
387000.0,101,-61.150941,-144.324861,172.225524,5.805942,102,-61.150922,-144.327613,105.733426,0.238508,147.773936,3,-1,1,7,-89.18142531510841,90.82098514460115,98.59305068489158,-14.912440855398842,66.49209799999994,-2.1894000000000024e-05,0.5558221838794163,-5.687900631857562,-147.75885494191584,2.111148309797994,-10.581998343975947,153.30428082387652,1,1,1,0,1,2,2,1,1,1,1
388000.0,101,-61.15095,-144.324806,126.969555,2.944892,102,-61.150963,-144.327592,163.810038,1.905102,146.568437,3,-1,1,7,-90.55529796472231,89.44714227590143,142.4751470352777,-74.36289572409856,36.84048299999995,0.0016665940000000002,1.8216507289003308,0.058520229984026395,-146.56155342640432,-1.4204864878617347,-81.92302936466321,4.304617761205713,1,1,1,1,0,0,2,1,1,1,1
389000.0,101,-61.151005,-144.324804,172.284207,5.499081,102,-61.150996,-144.327577,166.249512,2.6188,146.556162,3,-1,1,7,-89.61581702950133,90.38661182559109,98.09997597049869,-75.86290017440892,6.034695000000056,0.0007136979999999997,0.11582947653321951,-2.9055482753857027,-146.5528673945242,0.9826894795648359,-2.435459394765444,146.39764553717043,1,1,1,1,1,2,2,1,1,0,1
390000.0,101,-61.151047,-144.324822,-174.018139,4.782058,102,-61.151006,-144.327566,163.120074,2.062603,145.342024,3,-1,1,7,-88.22748594629584,91.7749175082562,85.79065305370415,-71.3451564917438,22.861787000000078,-0.0005561969999999996,-1.097267253507015,-2.782282873064953,-145.27247983760108,4.495613667828091,17.395723489129054,136.82291974707945,1,0,1,1,1,0,2,0,0,1,1
391000.0,101,-61.151125,-144.324822,-178.901296,8.098881,102,-61.150943,-144.327542,28.96822,1.725595,145.239594,3,-1,1,7,-82.10596523344482,97.89641719992717,96.79533076655518,68.92819719992717,152.13048400000002,-0.0003370080000000002,-0.991042447621469,-9.607095175495422,-143.8632698577971,19.94741214061329,-999,9644.430918456555,1,1,1,1,0,2,2,0,1,0,0
392000.0,101,-61.151157,-144.324803,170.386342,4.301204,102,-61.150999,-144.327548,163.078299,1.575144,144.972856,3,-1,1,7,-83.19835119709394,96.80405313483477,106.41530680290606,-66.27424586516521,7.308042999999998,-0.00015045099999999988,0.2598487196406841,-2.7338533513769017,-143.9525515918077,17.16950398248834,-11.71863097390619,141.68966442463116,1,1,1,1,0,2,2,1,1,1,1
393000.0,101,-61.151206,-144.324877,-153.133087,5.913685,102,-61.151055,-144.327557,177.439241,3.308527,144.681381,3,-1,1,7,-83.34071437100084,96.66163302868284,69.79237262899915,-80.77760797131717,29.427671999999973,0.001733383,-2.8203314130102806,-1.9701307490434283,-143.70525984808597,16.77797067768468,28.45526216443001,96.60026152528108,1,0,1,1,1,2,2,0,0,1,1
394000.0,101,-61.15126,-144.324946,-150.159223,6.866141,102,-61.1511,-144.327568,-178.760552,3.975411,144.361619,3,-1,1,7,-82.79318016228675,97.2091164367957,67.36604283771325,-84.0303315632043,28.601328999999993,0.0006668839999999996,-3.330541667263497,-1.9812890801072132,-143.22112987929466,18.110356053909232,26.228323162491417,89.62007613204379,1,0,1,1,1,2,2,1,0,1,1
395000.0,101,-61.151335,-144.324934,-176.434679,7.918479,102,-61.151092,-144.327565,-179.821235,2.104339,143.988161,3,-1,1,7,-79.16465358578672,100.83765089703215,97.27002541421326,-79.34111410296782,3.386556000000013,-0.0018710719999999999,-0.48585641005014113,-5.798824425285725,-141.42106319979393,27.067940291086295,-2.5993850800163125,143.18725798421468,1,1,1,1,0,2,2,1,1,0,1
396000.0,101,-61.151367,-144.324953,-168.29015,4.359703,102,-61.151139,-144.32758,-175.409067,3.314441,144.012095,3,-1,1,7,-79.8039417742802,100.19835920593748,88.4862082257198,-84.39257379406251,7.118916999999982,0.001210102,-0.6195345102972094,-0.9651617671522055,-141.73782554127757,25.492593377673185,45.49121351427207,133.08204373205749,1,0,1,1,1,2,2,0,0,1,1
397000.0,101,-61.151375,-144.32489,124.169172,2.637447,102,-61.151132,-144.327575,-176.583596,1.726931,144.240929,3,-1,1,7,-79.37759495503119,100.62475682701545,156.4532330449688,-82.79164717298454,59.247232,-0.0015875099999999999,2.285090071566482,0.24257069918339158,-141.7691214336713,26.588753387626166,-63.48632398393895,42.1183767504858,1,1,1,1,0,2,2,0,1,1,1
398000.0,101,-61.151391,-144.324934,-148.046578,2.02631,102,-61.151129,-144.327574,-177.568827,0.9374,144.555431,3,-1,1,7,-78.37841272034373,101.62389964652218,69.66816527965628,-80.80727335347785,29.522248999999988,-0.000789531,-1.0326195904872502,-0.782724443304502,-141.59196084036995,29.120255098039664,64.35192268152973,109.38385651667684,1,0,1,1,1,2,2,1,0,0,1
399000.0,101,-61.151471,-144.324958,-170.887578,7.898516,102,-61.151159,-144.327592,-169.413266,1.870624,145.045489,3,-1,1,7,-76.20808353956741,103.7942235732534,94.67949446043258,-86.79251042674662,1.4743119999999976,0.0009332240000000001,-0.9072268010926225,-5.960050654865045,-140.86352637815904,34.578328698171795,-2.166508929876628,144.46294700002974,1,1,1,1,0,2,2,1,1,0,1
400000.0,101,-61.151498,-144.324994,-155.104042,4.113269,102,-61.151145,-144.327585,-166.999548,0.542194,144.260381,3,-1,1,7,-74.2332811635239,105.76898828579255,80.8707608364761,-87.23146371420745,11.895506000000012,-0.00132843,-1.6095990730898426,-3.202741549922882,-138.83272691018806,39.1986155998691,7.129437415702025,141.66110238614843,1,0,1,1,1,2,2,0,0,1,1
401000.0,101,-61.151554,-144.325015,-167.512315,5.943587,102,-61.151187,-144.327593,-174.109792,2.172895,143.281975,3,-1,1,7,-73.56269653213187,106.43956153152318,93.94961846786813,-79.4506464684768,6.597476999999998,0.0016307010000000002,-1.0621924296744525,-3.6415537047163666,-137.4260331807337,40.54392388642841,-0.112936466394822,143.2812991440119,1,1,1,1,0,2,2,1,1,0,1
402000.0,101,-61.151606,-144.324965,164.950696,6.015389,102,-61.151244,-144.327608,-173.860717,3.78371,144.463733,3,-1,1,7,-74.15357983793426,105.84873516032344,120.89572416206573,-80.29054783967655,21.188587000000012,0.001610815,1.966548450243986,-2.0470678320381523,-138.97368938015893,39.44722819619124,-42.10109950050874,73.07860070150628,1,1,1,1,0,1,2,0,1,1,1
403000.0,101,-61.151603,-144.325039,-105.963201,2.534544,102,-61.15131,-144.327637,-171.359353,5.250685,145.577242,3,-1,1,7,-76.8449686652106,103.15730691823782,29.118232334789397,-85.48334008176221,65.396152,0.0014669749999999997,-1.6479623896980797,4.49403990205944,-141.75697846176703,33.131441950459745,25.873402333187,129.37359998729352,1,0,1,1,1,1,2,0,0,0,1
404000.0,101,-61.151687,-144.325023,-179.727847,7.924571,102,-61.151365,-144.327691,-165.033227,5.751772,147.720295,3,-1,1,7,-75.95755617301465,104.04478072501789,103.77029082698535,-90.92199227498213,14.694619999999986,0.0005010870000000001,1.4478046719472335,-2.367834105688014,-143.30585834839152,35.84294237249179,-41.37152248497121,103.99774595200967,1,1,1,1,0,1,2,1,1,1,1
405000.0,101,-61.151726,-144.325081,-155.294498,5.456611,102,-61.151412,-144.327746,-160.174768,5.766592,147.445821,3,-1,1,7,-76.27827806052366,103.72405621065126,79.01621993947634,-96.10117578934876,4.880269999999996,1.4820000000000278e-05,-0.32486154939007394,0.4676580289743102,-143.23760819582625,34.97510155386265,259.96953062861627,104.6678609235313,1,0,1,1,1,2,2,1,0,0,1
406000.0,101,-61.151744,-144.325144,-128.726736,3.949014,102,-61.151469,-144.327791,-159.913023,6.146599,146.555175,3,-1,1,7,-77.84968029273239,102.15263821311329,50.8770557072676,-97.93433878688671,31.18628700000002,0.00038000699999999997,-0.9697518290277052,3.302185904570592,-143.27215783944183,30.84652504433339,31.047507899218566,133.95444655513757,1,0,1,1,1,2,2,0,0,0,1
407000.0,101,-61.151781,-144.325109,172.861115,3.894724,102,-61.151495,-144.327802,-161.039551,4.95408,145.348162,3,-1,1,7,-77.58778449641603,102.41457430149327,109.55110050358394,-96.54587469850674,26.09933399999997,-0.001192519,2.0936733310990983,0.8207555031754077,-141.9508630150207,31.241649861508158,-52.16465958018554,80.96845291689893,1,1,1,1,0,0,2,1,1,1,1
408000.0,101,-61.151837,-144.325143,-168.858609,5.955503,102,-61.151539,-144.327818,-163.85384,4.922742,145.242909,3,-1,1,7,-77.00007570999364,103.00226732289156,91.85853329000636,-93.14389267710845,5.00476900000001,-3.133799999999987e-05,0.21817180082419396,-1.1146950537422367,-141.52038582493378,32.67235851211477,-58.34513304713933,132.7954269664728,1,1,1,1,1,2,2,1,1,0,1
409000.0,101,-61.151895,-144.325236,-148.125031,7.479882,102,-61.151511,-144.327797,-161.642332,1.788293,145.129136,3,-1,1,7,-72.73773303105767,107.26451014959467,75.38729796894233,-91.0931578504053,13.517301000000003,-0.0031344490000000005,-3.386662666797398,-4.654649331610152,-138.59200208472487,43.06649595978422,7.344397606803172,137.476898774364,1,0,1,1,1,2,2,0,0,0,1
410000.0,101,-61.151933,-144.325255,-158.265627,4.915068,102,-61.151559,-144.327821,-165.626036,3.204297,144.992879,3,-1,1,7,-73.19248695069938,106.80976061029827,85.07314004930062,-87.56420338970173,7.360409000000004,0.001416004,-1.024603976030503,-1.4616687831312105,-138.79901364633503,41.92575308224225,23.309261479051443,137.77214231088732,1,0,1,1,0,2,2,1,0,0,1
411000.0,101,-61.151963,-144.325347,-131.271973,5.435444,102,-61.151556,-144.327818,-164.740776,1.845639,144.72157,3,-1,1,7,-71.15244216003109,108.8497221907157,60.11953083996892,-86.40950180928428,33.46880300000001,-0.001358658,-3.5994611376160477,-1.804833265985498,-136.96180786423528,46.75249736458158,21.274252554954103,104.38779910832416,1,0,1,1,1,2,2,0,0,1,1
412000.0,101,-61.152003,-144.325327,-174.94182,4.301169,102,-61.151551,-144.327813,-163.903356,0.87664,144.483643,3,-1,1,7,-69.35306211058776,110.64911537904827,105.58875788941225,-85.44752862095174,11.038464000000005,-0.000968999,-0.1361665285745068,-3.442147211906395,-135.2036010275505,50.94614179439302,-13.83568105919801,137.1277947852534,1,1,1,1,0,2,2,1,1,0,1
413000.0,101,-61.152059,-144.325315,176.400762,5.952273,102,-61.15153,-144.327795,22.825115,0.42225,144.177214,3,-1,1,7,-66.15113485465614,113.85103737985031,117.44810314534388,91.02592237985031,153.575647,-0.00045438999999999994,0.20986824128683068,-6.329717472539784,-131.86666686676728,58.29452123699803,-999,6265.576172877937,1,1,1,1,0,2,2,0,1,0,0
414000.0,101,-61.15213,-144.325434,-149.328915,8.815398,102,-61.151516,-144.327777,27.315774,0.92128,143.816852,3,-1,1,7,-61.49311101478263,118.50894122202388,87.83580398521737,91.19316722202387,176.64468899999997,0.00049903,-4.9195831680261275,-8.400759254318997,-126.38045873766849,68.63866671524424,-999,9731.209422796834,1,0,1,1,1,2,2,0,1,0,0
415000.0,101,-61.152162,-144.325407,-176.582929,4.223252,102,-61.151561,-144.32781,-168.330606,1.447494,143.853245,3,-1,1,7,-62.60057480264491,117.40152998892623,113.98235419735511,-74.26786401107381,8.252323000000018,0.0005262140000000001,0.04105436858352529,-2.7981677984339486,-127.71578825028683,66.19995112262482,-25.036438743795326,126.74660826175614,1,1,1,1,0,2,2,1,1,1,1
416000.0,101,-61.15216,-144.32547,-102.381978,2.568655,102,-61.151547,-144.327789,147.736397,0.313728,144.093524,3,-1,1,7,-61.28433647502692,118.71769474051291,41.097641524973085,-29.0187022594871,109.88162499999999,-0.001133766,-2.6763803067255636,-0.28550309456404904,-126.37215996075071,69.23164627244546,41.31796894360205,82.5521400857645,1,0,1,1,1,2,2,0,0,1,1
417000.0,101,-61.152199,-144.325442,174.0154,3.747614,102,-61.151574,-144.327812,-168.350462,1.394427,144.418247,3,-1,1,7,-61.34144916730759,118.660626719887,124.64315083269241,-72.98891128011303,17.634138000000007,0.001080699,0.6722999260026552,-2.3614860920146157,-126.72604985440151,69.26137707880746,-42.201398454504776,102.9440397963671,1,1,1,1,0,2,2,1,1,0,1
418000.0,101,-61.152273,-144.325508,-161.922208,7.871718,102,-61.151572,-144.32781,-167.933211,0.730923,144.917024,3,-1,1,7,-57.74336151700676,122.25865480974537,104.17884648299325,-69.80813419025463,6.011002999999988,-0.0006635040000000001,-2.2898561991468838,-6.768366190053915,-122.55139851708509,77.34402734874341,-4.6254286422209265,140.8775862675513,1,1,1,1,1,2,2,1,1,0,1
419000.0,101,-61.152308,-144.325537,-158.028227,4.810876,102,-61.151593,-144.327847,-150.628668,1.55204,146.168307,3,-1,1,7,-57.32020853169454,122.68181480276698,100.70801846830545,-86.68951719723304,7.399558999999982,0.0008211170000000001,-1.038762522263842,-3.1089141337264263,-123.03005040820587,78.92262456229247,-11.865430043799853,141.73195537777832,1,1,1,1,1,1,2,0,1,0,1
420000.0,101,-61.152337,-144.325608,-136.297759,4.747026,102,-61.151659,-144.327935,-150.963836,4.223762,146.677416,3,-1,1,7,-58.874288338011425,121.1277498877025,77.42347066198859,-87.90841411229752,14.666076999999973,0.002671722,-1.2297192564556978,0.26107670543019523,-125.56103149722964,75.82012749784033,125.07447449883976,51.58602269114347,1,0,1,1,1,2,2,0,0,1,1
421000.0,101,-61.152384,-144.325694,-139.42996,6.501024,102,-61.151702,-144.327989,-150.421797,4.743126,145.951102,3,-1,1,7,-58.3717429958462,121.63026720173421,81.05821700415379,-87.9479357982658,10.991837000000004,0.0005193640000000003,-1.8868577654463468,-0.8132375622731578,-124.27275310478937,76.53761827213117,35.85739446268028,119.90563658532677,1,0,1,1,0,2,2,1,0,0,1
422000.0,101,-61.152435,-144.325767,-144.421749,6.889282,102,-61.151758,-144.32804,-153.418361,5.514688,145.097593,3,-1,1,7,-58.31348468047006,121.68850624834293,86.10826431952995,-84.89313275165705,8.996611999999999,0.0007715619999999994,-1.5406113001118436,-0.6714296685842296,-123.46858499745865,76.21561528400183,43.46650834511405,119.59048022002777,1,0,1,1,0,2,2,1,0,1,1
423000.0,101,-61.152459,-144.325803,-140.840212,4.004452,102,-61.151811,-144.328088,-154.78872,5.881834,146.411575,3,-1,1,7,-59.555435760189994,120.44656568044003,81.28477623981001,-84.76471431955997,13.948508000000004,0.000367146,-0.023341605567653634,2.2165458452306366,-126.22432053539184,74.18739919527629,44.45306558923614,127.53190054959401,1,0,1,1,1,1,2,0,0,0,1
424000.0,101,-61.152485,-144.325785,-179.392152,2.922176,102,-61.151829,-144.328108,-153.167405,4.513427,147.607672,3,-1,1,7,-59.66103455452517,120.34100017067472,119.73111744547484,-86.49159482932527,26.224747000000008,-0.0013684069999999994,2.0062937443759306,1.1054510316727222,-127.39313110284927,74.55880217031284,-30.95104130981853,126.86729301013592,1,1,1,1,0,1,2,0,1,1,1
425000.0,101,-61.152538,-144.325786,-179.511844,5.454752,102,-61.151868,-144.328178,-147.817984,4.885907,150.166514,3,-1,1,7,-59.86427820862632,120.1378169548473,119.64756579137368,-92.04419904515271,31.69386,0.00037247999999999947,2.5558125469749924,-1.3193159001463401,-129.8697945991019,75.3911027754554,-60.187789464414244,24.293097562859245,1,1,1,1,2,1,2,0,1,1,1
426000.0,101,-61.152568,-144.325794,-175.046079,3.700811,102,-61.151952,-144.328292,-148.677175,7.220317,150.951208,3,-1,1,7,-62.9295300612187,117.07265794936099,112.11654893878129,-94.25016705063899,26.368903999999986,0.0023344100000000003,3.4339682664790803,2.4809822929005803,-134.41412167235447,68.69578656445208,-15.123159260843037,134.48078420765017,1,1,1,1,1,2,2,1,1,0,1
427000.0,101,-61.152609,-144.325861,-148.785993,5.14711,102,-61.152009,-144.328367,-148.36756,7.331557,150.076367,3,-1,1,7,-63.608836184626306,116.39335883431002,85.17715681537368,-95.23908116568998,0.41843299999999317,0.00011124000000000045,1.1777492234727513,1.8403065218054984,-134.4354562738622,66.7085004205399,-7.394595414957957,149.19094837314654,1,0,1,1,1,2,2,1,1,0,1
428000.0,101,-61.152657,-144.325854,-174.559962,5.276066,102,-61.152074,-144.328427,-151.135045,7.551805,149.328214,3,-1,1,7,-64.84538606849621,115.1568676372361,109.7145759315038,-93.70808736276388,23.424917000000022,0.00022024799999999977,3.1454177308094646,1.3612660857969656,-135.1665300370239,63.473810774051636,-26.870758877654794,112.14058404219058,1,1,1,1,0,2,2,0,1,1,1
429000.0,101,-61.152701,-144.325884,-165.156918,5.092136,102,-61.152061,-144.32841,-148.076446,4.13089,150.661046,3,-1,1,7,-62.295857150680824,117.70635538782633,102.86106084931916,-94.21719861217366,17.080471999999986,-0.003420915,0.8798961260593621,-1.4161057456807198,-133.3892655552318,70.04323390913623,-112.23123829708024,95.3983247175113,1,1,1,1,1,1,2,1,1,1,1
430000.0,101,-61.152759,-144.325997,-142.741892,7.786172,102,-61.152107,-144.328458,-150.962712,4.758765,151.556655,3,-1,1,7,-61.22964960521015,118.77250600056476,81.51224239478987,-90.26478199943523,8.220820000000003,0.0006278750000000004,-2.403996856276895,-2.0365341945280946,-132.8478743879199,72.9442386031994,15.292549839485009,141.6565443282521,1,0,1,1,1,2,2,1,0,0,1
431000.0,101,-61.152818,-144.326063,-149.288967,7.586528,102,-61.152089,-144.328459,-138.175114,2.362261,153.944321,3,-1,1,7,-57.76511379893289,122.23698487318164,91.52385320106713,-99.58790112681834,11.113853000000006,-0.0023965040000000003,-2.2992158172792667,-4.762222540664895,-130.21665990504073,82.11257791182786,-3.846312939750568,152.99544128256167,1,1,1,1,0,1,2,0,1,0,1
432000.0,101,-61.152853,-144.326079,-158.259688,4.677542,102,-61.152188,-144.328581,-149.153994,6.210403,154.582609,3,-1,1,7,-61.15170044139546,118.85049107818269,97.10798755860455,-91.99551492181729,9.105694,0.003848142,1.4517115336770883,0.9870932962556642,-135.39894694613236,74.58490578612613,-36.08905591952994,137.97165294129792,1,1,1,1,0,2,2,1,1,1,1
433000.0,101,-61.152874,-144.326101,-153.282609,2.924947,102,-61.152252,-144.328656,-150.15617,6.970058,153.50513,3,-1,1,7,-63.22699818400663,116.77523975979426,90.05561081599338,-93.06859024020571,3.126439000000005,0.0007596549999999995,2.1535358516043575,3.433059003700194,-137.04910008536456,69.14744465349844,-3.4617429875400934,152.84236530904076,1,1,1,1,1,0,2,1,1,0,1
434000.0,101,-61.152925,-144.326108,-172.668617,5.251334,102,-61.152318,-144.328714,-152.814932,7.344052,152.9851,3,-1,1,7,-64.23147259867845,115.77081001761167,108.43714440132156,-91.41425798238834,19.853685000000013,0.0003739939999999997,2.685136898038297,1.3243919894825424,-137.77191104643842,66.50820512254299,-29.13100752644096,120.78930390149588,1,1,1,1,0,2,2,0,1,1,1
435000.0,101,-61.152934,-144.32607,143.04937,2.131375,102,-61.152331,-144.328725,-151.684135,5.195831,154.33229,3,-1,1,7,-64.79321560878161,115.20910992709143,152.15741439121837,-93.10675507290858,65.26649499999999,-0.0021482209999999996,3.745775161098171,2.870832893140326,-139.63624918651453,65.72802788587012,-15.354345624789467,137.1197515849702,1,1,1,1,0,1,2,0,1,0,1
436000.0,101,-61.152973,-144.326214,-126.758194,6.473611,102,-61.152399,-144.328788,-154.268041,6.366202,155.06784,3,-1,1,7,-65.19491535144842,114.80733923707078,61.56327864855159,-90.92461976292918,27.509847000000008,0.0011703710000000003,-2.4224908815360457,1.860835036854072,-140.7613200287649,65.05602036725905,81.22680865084116,102.7094310523481,1,0,1,1,1,2,2,1,0,1,1
437000.0,101,-61.153008,-144.326282,-133.921695,5.71837,102,-61.152511,-144.328869,-158.507148,8.96398,153.339055,3,-1,1,7,-68.28945832063319,111.71280765631788,65.63223667936681,-89.7800443436821,24.585453,0.002597777999999999,-0.8346070285004004,4.373966162497355,-142.46187663588643,56.72283044484387,26.392489425414254,133.98568032344266,1,0,1,1,0,0,2,1,0,0,1
438000.0,101,-61.15306,-144.326259,-177.232397,5.480211,102,-61.152506,-144.328852,-158.520619,5.257265,152.915815,3,-1,1,7,-66.11619001979929,113.88608121314057,111.1162069802007,-87.5932997868594,18.71177799999998,-0.003706714999999999,1.660421659800179,-0.5816740833727119,-139.8213889812053,61.913049193854974,-93.19177154589676,16.789102015406524,1,1,1,1,0,2,2,1,1,1,1
439000.0,101,-61.153118,-144.326279,-172.54827,6.382253,102,-61.152528,-144.328863,-159.218459,4.220875,154.249995,3,-1,1,7,-64.67558375082473,115.32667959991147,107.87268624917527,-85.45486140008853,13.329811000000007,-0.0010363899999999999,0.6698707809863508,-2.382086505227968,-139.42662471678744,65.97937009084087,-47.614930290729816,117.5319288617386,1,1,1,1,1,1,2,1,1,0,1
440000.0,101,-61.153153,-144.326305,-163.781309,4.440044,102,-61.152544,-144.32888,-157.477684,3.386649,155.06041,3,-1,1,7,-63.88743868711849,116.11481678099659,99.8938703128815,-86.4074992190034,6.3036249999999825,-0.0008342260000000006,0.05710937833030316,-1.134991215757831,-139.23356506944538,68.24767474002772,-77.1097901868894,136.20013243878662,1,1,1,1,1,2,2,1,1,0,1
441000.0,101,-61.153199,-144.326331,-164.565585,5.168214,102,-61.152677,-144.328974,-161.639042,8.018568,153.457773,3,-1,1,7,-67.73917499950241,112.26314003242396,96.82641000049759,-86.09781796757602,2.9265430000000094,0.004631919,1.1504246230896353,2.628523647885679,-142.02040384761565,58.13340679058545,-1.2542550844615308,153.4135014045695,1,1,1,1,1,0,2,1,1,0,1
442000.0,101,-61.153242,-144.326357,-164.227893,5.048577,102,-61.152726,-144.329006,-161.509432,7.142752,153.03228,3,-1,1,7,-68.0155659163922,111.98675437208219,96.21232708360779,-86.5038136279178,2.7184609999999907,-0.0008758160000000004,0.8930506478088376,1.9155134331183472,-141.9046283784642,57.28835105646142,-3.6922817160669212,152.82113480310363,1,1,1,1,1,2,2,1,1,1,1
443000.0,101,-61.153305,-144.326327,173.534246,6.672693,102,-61.152714,-144.328993,-160.260115,3.873637,154.371668,3,-1,1,7,-65.32391205976417,114.67842311976062,121.14184194023585,-85.06146188023934,26.205639000000048,-0.003269115,2.0597305459859405,-2.9842450065862747,-140.27483209440715,64.44829991542143,-39.757947298525345,79.66341829365831,1,1,1,1,0,1,2,0,1,1,1
444000.0,101,-61.153364,-144.326399,-158.673196,7.049813,102,-61.152748,-144.32903,-157.750033,4.042253,155.15449,3,-1,1,7,-64.11499772018855,115.88730680342364,94.55819827981144,-86.36266019657637,0.9231629999999882,0.00016861599999999966,-1.033334357317175,-2.8257804355957017,-139.588163545858,67.73522248472284,-5.279306907540523,154.36076265502786,1,1,1,1,1,2,2,1,1,0,1
445000.0,101,-61.153369,-144.326505,-107.451358,5.054969,102,-61.152804,-144.329075,-158.791217,4.997844,153.697886,3,-1,1,7,-65.50411070802,114.49814038567312,41.947247291980005,-86.7106426143269,51.33985899999999,0.0009555910000000001,-3.014240908192546,3.1433667212104384,-139.8636961855916,63.727440323408,69.73362410082561,170.6386484213301,1,0,1,1,1,0,2,0,0,0,1
446000.0,101,-61.153399,-144.326515,-150.541141,3.569634,102,-61.152885,-144.329129,-161.085077,6.697661,153.170631,3,-1,1,7,-67.82750826367946,112.17478137138197,82.71363273632055,-86.740141628618,10.543936000000002,0.0016998170000000004,0.4155988092843621,3.227881096057984,-141.8439512805522,57.80601773222657,13.125826914281419,148.1057650446909,1,0,1,1,0,2,2,1,0,1,1
447000.0,101,-61.153481,-144.326545,-168.485962,8.298347,102,-61.152966,-144.329192,-160.949471,7.832162,154.53245,3,-1,1,7,-68.03896559381155,111.96335294819212,100.44699640618845,-87.08717605180789,7.536491000000012,0.0011345010000000002,0.9000157800454347,-0.728146613204232,-143.31932845441295,57.791419729736724,-151.27074749027724,52.84498221791702,1,1,1,1,0,1,2,1,1,1,1
448000.0,101,-61.153516,-144.326539,-177.417587,4.557497,102,-61.15306,-144.329272,-159.962218,9.127031,155.372861,3,-1,1,7,-70.92451746309307,109.07787640886653,106.49306953690693,-90.95990559113346,17.45536899999999,0.0012948690000000004,2.921939174028734,4.021674730660171,-146.8411578400305,50.777950918923175,-8.714221639978936,148.6556653923758,1,1,1,1,0,2,2,0,1,0,1
449000.0,101,-61.153552,-144.326582,-157.168941,4.469667,102,-61.153071,-144.329289,-157.187929,6.220755,154.016124,3,-1,1,7,-69.78299123529725,110.21937986342142,87.38594976470274,-92.5926911365786,0.018988000000007332,-0.002906276000000001,0.6775486647933047,1.6146950313655157,-144.52726399663234,53.224396789734634,-3.909162290894103,153.86402049106036,1,0,1,1,1,0,2,1,1,0,1
450000.0,101,-61.153541,-144.326578,-49.34941,0.462174,102,-61.153103,-144.32931,-157.829667,5.298815,153.487472,3,-1,1,7,-71.6197436840983,108.38264931278322,-22.270333684098297,-93.78768368721677,108.48025700000002,-0.0009219399999999993,1.648918138452808,5.20813360136383,-145.6572664884417,48.39798322312468,0.45634888924532524,153.4723771852074,0,0,0,1,1,2,2,0,0,1,1
451000.0,101,-61.153625,-144.326705,-147.335005,9.245534,102,-61.153123,-144.329301,-163.007426,4.088934,152.31626,3,-1,1,7,-68.16004029129667,111.84223358232667,79.17496470870333,-85.1503404176733,15.672421000000014,-0.001209881,-3.7950741849062535,-3.8728447422097365,-141.38400392887013,56.66397879984103,9.46562531190966,140.82341855352468,1,0,1,1,0,0,2,1,0,1,1
452000.0,101,-61.15366,-144.326695,-167.455569,4.629476,102,-61.153128,-144.329287,-167.633764,2.679333,152.304146,3,-1,1,7,-66.95565695687691,113.04661341353372,100.49991204312309,-79.31962258646627,0.17819500000001653,-0.001409601,-0.43170133716533454,-1.901791695896521,-140.1506069347825,59.61845573814716,-13.882258156660468,149.87107549624272,1,1,1,1,0,2,2,1,1,0,1
453000.0,101,-61.153718,-144.326671,174.186744,6.124995,102,-61.153173,-144.329311,-167.145874,3.637568,152.125346,3,-1,1,7,-66.83583806640823,113.16647434900302,118.97741793359177,-79.687651650997,18.667382000000032,0.0009582349999999998,1.4296274248045318,-2.547086808011905,-139.8612389937421,59.84107889029971,-42.86346000108338,92.78594565055234,1,1,1,1,0,2,2,0,1,1,1
454000.0,101,-61.153771,-144.32671,-167.464773,6.103653,102,-61.153192,-144.329322,-166.187948,3.041972,151.937354,3,-1,1,7,-65.32466165966115,114.677626230924,102.14011134033886,-79.13442576907596,1.2768250000000023,-0.000595596,-0.5985023041431072,-3.004148103432345,-138.06364344886651,63.430197052709644,-11.617055803734507,147.79644044035473,1,1,1,1,1,2,2,1,1,0,1
455000.0,101,-61.153783,-144.32672,-160.595242,2.249621,102,-61.153171,-144.3293,-172.645387,0.931246,151.741778,3,-1,1,7,-63.81957915853705,116.1826807026468,96.77566284146296,-71.17193229735318,12.050144999999986,-0.002110726,-0.628204061259502,-1.1982469144668872,-136.17446593369,66.94835336493041,2.7147662053680786,151.69095826789746,1,1,1,1,1,2,2,0,0,0,1
456000.0,101,-61.153824,-144.326772,-151.276213,4.6888,102,-61.153135,-144.329261,32.502018,1.111602,151.404711,3,-1,1,7,-60.15571140674063,119.8464687463223,91.12050159325938,87.34445074632231,176.22176899999997,0.00018035599999999995,-2.850675540280876,-5.049322351853482,-131.32557604360127,75.345733720031,-999,5793.580569871113,1,1,1,1,1,2,2,0,1,0,0
457000.0,101,-61.153871,-144.326888,-134.694645,7.184045,102,-61.153113,-144.329228,32.321774,1.822649,151.16518,3,-1,1,7,-56.123225563660704,123.87882407817713,78.57141943633931,91.55705007817713,167.016419,0.000711047,-6.081409851862106,-6.592987318521657,-125.50312295111249,84.26077245047269,29.20194735626343,281.64694600429453,1,0,1,1,1,2,2,1,0,1,0
458000.0,101,-61.1539,-144.326987,-124.01517,6.337131,102,-61.153164,-144.329279,-170.229038,1.283823,150.967244,3,-1,1,7,-56.35419407743748,123.64781352120843,67.66097592256253,-66.12314847879156,46.21386799999999,-0.0005388260000000001,-5.034903586326659,-2.279869658797754,-125.67699357015306,83.6444980146527,12.044267589244601,128.73870178166914,1,0,1,1,1,2,2,1,0,1,1
459000.0,101,-61.153933,-144.326922,164.558039,3.865224,102,-61.153226,-144.32934,-160.456626,3.658881,150.89215,3,-1,1,7,-58.7836733538182,121.2184446113754,136.6582876461818,-78.32492938862458,34.98533499999999,0.002375058,2.253132886756959,-0.2776045179656479,-129.04547325601382,78.20298436603245,-60.90257335764987,61.839045100895035,1,1,1,1,0,2,2,1,1,1,1
460000.0,101,-61.153966,-144.326992,-146.498218,4.378655,102,-61.153195,-144.329297,-174.959041,0.77493,151.124011,3,-1,1,7,-55.26757529544566,124.73444369127635,91.23064270455436,-60.30651530872365,28.460823000000005,-0.002883951,-2.3487637529473844,-2.8792904793747844,-124.19699827286793,86.10210404361416,2.762706678823434,150.6713506263119,1,1,1,1,1,2,2,1,0,0,1
461000.0,101,-61.154014,-144.32702,-160.758078,5.370417,102,-61.153193,-144.329291,171.443092,0.388416,151.422335,3,-1,1,7,-53.15638377503406,126.84560543086346,107.60169422496595,-44.59748656913655,27.79883000000001,-0.000386514,-1.8276544609523009,-4.686308930574063,-121.17952946677434,90.79782582784344,-7.720418490964068,145.8986094189615,1,1,1,1,0,2,2,1,1,1,1
462000.0,101,-61.154023,-144.327095,-115.891444,3.769979,102,-61.15322,-144.329329,-155.952594,1.545562,152.234005,3,-1,1,7,-53.3140949229679,126.68786187442467,62.57734907703211,-77.35954412557533,40.06115,0.001157146,-2.76175509413898,-0.23480659162051376,-122.07989479905862,90.94884036748793,38.967050066609225,101.13794623078638,1,0,1,1,1,2,2,0,0,1,1
463000.0,101,-61.154087,-144.327159,-151.357938,7.150385,102,-61.153312,-144.329462,-150.385261,5.527026,153.899031,3,-1,1,7,-55.105188886367856,124.89682835052537,96.25274911363213,-84.71791064947462,0.972676999999976,0.003981464,-0.6961732122017295,-1.47038319689611,-126.22855278179956,88.04126421940681,-16.242443251044286,151.76466264404246,1,1,1,1,0,1,2,1,1,0,1
464000.0,101,-61.154145,-144.327212,-154.569173,7.081263,102,-61.15327,-144.329431,-130.629917,1.732881,155.851177,3,-1,1,7,-50.741418763875,129.26052489620878,103.827754236125,-100.10955810379119,23.939256,-0.0037941450000000005,-1.7257059058778206,-5.266718508867468,-120.67523510479688,98.62594488615726,-14.595576702588227,147.4763524352425,1,1,1,1,0,1,2,0,1,1,1
465000.0,101,-61.154193,-144.327226,-165.991388,5.677607,102,-61.153311,-144.32953,-133.501439,3.606564,157.909531,3,-1,1,7,-51.570480041081815,128.4315380729271,114.42090795891818,-98.06702292707291,32.489948999999996,0.0018736830000000001,1.241681269633937,-3.0260907565321356,-123.70211439083423,98.14890155206487,-76.94884243577361,137.616432970237,1,1,1,1,0,1,2,0,1,1,1
466000.0,101,-61.154216,-144.327265,-148.40508,3.611846,102,-61.153344,-144.329623,-130.932313,4.463477,160.093174,3,-1,1,7,-52.53094248536131,127.47112292871306,95.87413751463869,-101.59656407128693,17.472767000000005,0.000856913,1.479802248803195,-0.1521515300049625,-127.06306814560881,97.38994339673194,-96.3676664602827,84.1747368443751,1,1,1,1,1,1,2,1,1,1,1
467000.0,101,-61.154227,-144.327342,-113.051759,3.839054,102,-61.153384,-144.329729,-130.496478,5.420186,162.413718,3,-1,1,7,-53.796746070016994,126.20534474621924,59.25501292998301,-103.29817725378075,17.444718999999992,0.000956709,0.5892468291434643,2.016646197761535,-131.05597675384774,95.92990540847227,48.071967309117774,159.38545815224174,1,0,1,1,1,1,2,1,0,0,1
468000.0,101,-61.154295,-144.327313,178.981126,6.562358,102,-61.153454,-144.329874,-134.081642,7.368591,164.922714,3,-1,1,7,-55.759827310506665,124.2424159169654,125.25904668949335,-101.67594208303461,46.937231999999995,0.001948405,5.409912052175215,-1.435119392979681,-136.33934305464277,92.79593271557881,-30.593440752144296,56.930660402056596,1,1,1,1,0,1,2,0,1,1,1
469000.0,101,-61.15431,-144.327425,-120.764793,4.971672,102,-61.153518,-144.32999,-136.506471,8.143779,164.993463,3,-1,1,7,-57.3820009306812,122.62024580139862,63.382792069318796,-100.87328319860137,15.741678000000007,0.000775188,1.333109986829351,3.364837068054458,-138.97120621447513,88.93731880389804,11.97385269399434,162.3914935999849,1,0,1,1,1,2,2,1,0,0,1
470000.0,101,-61.154371,-144.327451,-159.646232,6.42746,102,-61.153552,-144.330038,-137.589757,6.877829,163.678829,3,-1,1,7,-56.72872865694575,123.27353734618298,102.91750334305425,-99.13670565381705,22.056475000000006,-0.00126595,2.4030733133097497,-0.9480079727350788,-136.84901136162978,89.7948058194669,-75.82789021686638,48.777760945902116,1,1,1,1,0,0,2,0,1,1,1
471000.0,101,-61.154406,-144.32755,-134.160633,6.183131,102,-61.153576,-144.330067,-138.761383,5.560374,163.963054,3,-1,1,7,-55.64864542874124,124.35355926078947,78.51198757125874,-96.88505773921054,4.600750000000005,-0.001317455,-0.7703342330692786,-0.12637766623119884,-135.36672844971744,92.51881919819003,141.87213718739346,113.48512809026496,1,0,1,1,1,2,2,1,0,0,1
472000.0,101,-61.154435,-144.327526,-174.856527,3.441432,102,-61.153597,-144.330089,-140.445062,4.531149,164.275542,3,-1,1,7,-55.875661066328526,124.12658391609358,118.98086593367148,-95.42835408390641,34.41146499999999,-0.0010292250000000004,2.5769919058479327,0.0660063009106242,-135.9909247386337,92.15705121218359,-51.42575076793914,95.61435917677123,1,1,1,1,0,2,2,0,1,1,1
473000.0,101,-61.154475,-144.327598,-146.025414,5.155646,102,-61.153602,-144.330089,-140.552051,3.089894,164.686236,3,-1,1,7,-54.00602582063958,125.99615609599692,92.01938817936043,-93.45179290400307,5.473363000000006,-0.001441255,-0.9178570287501184,-1.8894799130000708,-133.24414343730848,96.78612797041559,-15.707527905914295,162.19509945783602,1,1,1,1,1,2,2,1,1,0,1
474000.0,101,-61.154507,-144.327639,-146.428134,4.373795,102,-61.153633,-144.330123,-145.213057,3.377449,165.222673,3,-1,1,7,-53.89807275507296,126.10410303072698,92.53006124492704,-88.682839969273,1.215077000000008,0.0002875549999999998,-0.4917081633660252,-0.8703860510468386,-133.49497380675248,97.35308747851498,-20.014992108276285,164.11742791735696,1,1,1,1,0,2,2,1,1,0,1
475000.0,101,-61.154572,-144.327666,-165.628106,6.872545,102,-61.153647,-144.33014,-145.470288,2.821443,165.891655,3,-1,1,7,-52.22647406351013,127.77569296394293,113.40163193648988,-86.75401903605706,20.157817999999992,-0.000556006,-0.10657838168531075,-4.333072929842434,-131.1270891609139,101.61558781419687,-29.45773604742952,136.76598123838826,1,1,1,1,0,2,2,0,1,1,1
476000.0,101,-61.154574,-144.32772,-116.082451,2.859198,102,-61.153645,-144.330134,-143.646002,1.673098,166.709038,3,-1,1,7,-51.42287032677619,128.5792441453937,64.65958067322381,-87.77475385460627,27.563551000000018,-0.001148345,-1.5762573868492238,0.090376213402529,-130.3280311957861,103.95435361501528,89.57574366937624,96.47276931785696,1,0,1,1,1,2,2,0,0,1,1
477000.0,101,-61.154628,-144.327771,-152.78123,5.942054,102,-61.153669,-144.330172,-144.844384,2.298207,167.705828,3,-1,1,7,-50.38021662691714,129.62188645906082,102.40101337308286,-85.53372954093919,7.936846000000003,0.0006251090000000001,-1.3945261395860045,-3.4050762613915038,-129.18264279367,106.94432919051222,-15.220827871105056,160.18899263038642,1,1,1,1,0,2,2,1,1,0,1
478000.0,101,-61.15465,-144.327826,-135.211147,4.108682,102,-61.153624,-144.330097,27.387095,0.810115,168.841784,3,-1,1,7,-46.881374550787186,133.1206146652953,88.32977244921283,105.7335196652953,162.598242,-0.0014880919999999999,-3.2672033867423766,-3.635280221622107,-123.24439250293497,115.4052327274858,-615.7712631211275,3011.0071261954113,1,0,1,1,1,1,2,0,1,0,0
479000.0,101,-61.154685,-144.327861,-150.10665,4.315129,102,-61.153681,-144.330188,-145.990292,2.313769,170.009564,3,-1,1,7,-48.19488759461947,131.80715067387862,101.91176240538053,-82.20255732612134,4.116357999999991,0.001503654,-0.8564365171534629,-1.8230387518378177,-126.72793809941828,113.3282028293933,-26.09609846345102,162.93470110445776,1,1,1,1,0,1,2,1,1,1,1
480000.0,101,-61.154736,-144.327891,-161.567495,5.599934,102,-61.153683,-144.330197,-140.875193,1.658137,171.171849,3,-1,1,7,-46.575884397549274,133.42613547712457,114.99161060245073,-85.69867152287543,20.692302000000012,-0.0006556320000000002,-0.7243240942169991,-4.026301012881161,-124.31961717856015,117.66237578195953,-29.890267873140342,145.9945475761282,1,1,1,1,0,1,2,0,1,1,1
481000.0,101,-61.154767,-144.327925,-154.316619,4.214182,102,-61.15365,-144.330137,28.696789,0.640071,172.283045,3,-1,1,7,-43.69452246365929,136.30741507442096,110.6220965363407,107.61062607442096,176.98659199999997,-0.0010180660000000002,-2.1337624696018667,-4.359285534721565,-119.01541738709622,124.56635989964262,-999,4791.799637727306,1,1,1,1,1,1,2,0,1,0,0
482000.0,101,-61.154803,-144.327924,-173.432259,4.02234,102,-61.153717,-144.330249,-145.428757,2.958785,173.288891,3,-1,1,7,-45.92753651694093,134.0745000012281,127.50472248305906,-80.49674299877188,28.003501999999997,0.0023187140000000004,1.2188384116191027,-1.5596161759662657,-124.50125316673177,120.53413501545216,-119.14606054263548,68.4965648829095,1,1,1,1,0,1,2,1,1,1,1
483000.0,101,-61.15488,-144.328007,-156.828703,8.512867,102,-61.153743,-144.330296,-143.114776,3.264625,174.127352,3,-1,1,7,-44.16599479074114,135.83601019522348,112.66270820925885,-81.04921380477651,13.713926999999984,0.0003058399999999999,-1.3901813494652342,-5.214979985999303,-121.3214027050378,124.90577232543721,-20.262196127855677,150.72243339092134,1,1,1,1,1,2,2,1,1,0,1
484000.0,101,-61.154924,-144.328107,-138.416727,7.206976,102,-61.153748,-144.330298,-143.169273,2.283519,174.783879,3,-1,1,7,-41.95187101558823,138.05004813044945,96.46485598441177,-78.78067886955057,4.752545999999995,-0.000981106,-3.41446453388423,-3.5630081121206,-116.844093109578,129.98793122319825,-2.497626646506739,174.30057354803023,1,1,1,1,1,2,2,1,1,0,1
485000.0,101,-61.154939,-144.328191,-116.36423,5.157003,102,-61.153766,-144.330317,-146.705994,2.302229,175.127391,3,-1,1,7,-41.167962987495926,138.83389922387832,75.19626701250408,-74.46010677612168,30.341763999999984,1.8710000000000006e-05,-3.3568439107212305,-0.3657485611966165,-115.28087008844932,131.83294000407085,27.90197960177117,143.67378798773126,1,0,1,1,1,2,2,0,0,1,1
486000.0,101,-61.154946,-144.328231,-109.240545,3.006954,102,-61.153898,-144.330524,-146.900852,7.96818,175.359269,3,-1,1,7,-46.550119495020006,133.45188899673903,62.69042550497999,-79.64725900326096,37.66030699999999,0.005665951,1.5123436497920086,5.684262105009509,-127.30666130572459,120.59803983234508,19.025257065762634,156.57542855583964,1,0,1,1,1,2,2,0,0,0,1
487000.0,101,-61.155023,-144.328301,-154.470541,8.135581,102,-61.153952,-144.330608,-145.622001,7.801668,175.441338,3,-1,1,7,-46.103005861856886,133.8990148942519,108.36753513814311,-80.47898410574805,8.848539999999986,-0.00016651199999999998,0.8989799069225635,-0.9023003003391317,-126.42083305211317,121.64471237846703,-211.3965034602887,93.92626552521351,1,1,1,1,0,2,2,1,1,1,1
488000.0,101,-61.155042,-144.328273,178.098981,2.992935,102,-61.154099,-144.330807,-147.800272,11.994342,175.30048,3,-1,1,7,-52.35613411822432,127.64608547433716,129.54488488177566,-84.55364252566284,34.10074700000001,0.0041926739999999995,6.4907366096018215,7.158272808066048,-138.8068260360569,107.06504253969285,-1.392161009545599,174.74715652664128,1,1,1,1,0,2,2,0,1,0,1
489000.0,101,-61.155102,-144.32825,171.565159,6.085806,102,-61.15413,-144.330825,-148.446553,8.959451,174.867576,3,-1,1,7,-51.96086134744347,128.041394158974,136.47397965255652,-83.51205284102605,39.98828800000001,-0.003034891,5.58111811011088,1.6148398366188736,-137.72395635862608,107.75333396718192,-16.93999588494681,141.8409782001614,1,1,1,1,0,2,2,0,1,1,1
490000.0,101,-61.155153,-144.32826,-178.805407,5.741521,102,-61.154255,-144.330927,-153.751063,11.152376,173.182733,3,-1,1,7,-55.08929009665858,124.91304599687567,123.71611690334143,-81.33589100312435,25.054344000000015,0.0021929250000000005,4.812684567771001,4.262080438054226,-142.01761943771427,99.11233413957041,-5.9541377315568935,168.3704058981776,1,1,1,1,1,0,2,1,1,0,1
491000.0,101,-61.155244,-144.328214,169.577183,9.586724,102,-61.154324,-144.33089,-163.080392,9.524223,169.374218,3,-1,1,7,-54.5269995764414,125.47534440205152,135.8958174235586,-71.44426359794852,27.34242500000002,-0.001628153000000001,4.506173116010344,-0.3165804124169398,-137.93651246899466,98.29111989901432,-32.113065714688574,88.38445521422878,1,1,1,1,0,0,2,0,1,1,1
492000.0,101,-61.155246,-144.328111,111.043225,4.786776,102,-61.154554,-144.330927,-170.627833,15.511267,161.996964,3,-1,1,7,-63.008635555861254,116.99383105502915,-174.05186055586125,-72.37833594497084,78.32894199999998,0.005987044000000001,6.993503422444502,13.585415085178877,-144.351434815906,73.52332699087094,-0.055420366151774064,161.99552448436313,0,1,2,1,1,0,2,0,1,0,1
493000.0,101,-61.155273,-144.328046,126.194809,4.709137,102,-61.154856,-144.330928,-175.499176,22.286648,157.490013,3,-1,1,7,-73.30649074498241,106.69603368123249,160.49870025501758,-77.80479031876752,58.306014999999974,0.006775381,5.549248404962335,19.437021849962516,-150.85260306371177,45.23932297948751,0.11362333572702857,157.47631444046593,1,1,2,1,0,0,2,1,0,1,1
494000.0,101,-61.155297,-144.327873,109.366704,8.216522,102,-61.155037,-144.330812,177.86463,21.428904,153.594612,3,-1,1,7,-79.61032971319902,100.39224464348924,171.02296628680097,-77.47238535651077,68.497926,-0.0008577440000000002,6.953140386870527,18.689318327070016,-151.07627476851363,27.69953135883565,-1.8053540446279497,151.53761796753366,1,1,2,1,0,0,2,0,1,1,1
495000.0,101,-61.155349,-144.327726,123.802702,9.463189,102,-61.155269,-144.330666,172.436521,23.342163,153.84509,3,-1,1,7,-86.77305568889241,93.22951954722738,149.4242423111076,-79.20700145277262,48.63381899999996,0.001913259,4.791113095073489,17.874376404878088,-153.60115365165143,8.660098959588309,-2.161331183741674,150.85089747568,1,1,1,1,1,2,2,1,1,1,1
496000.0,101,-61.15539,-144.327461,110.779704,13.343411,102,-61.15552,-144.330468,167.538772,25.606605,155.449432,3,-1,1,7,-95.12208853768405,84.88054538950001,154.09820746231594,-82.65822661049998,56.75906800000001,0.002264441999999999,6.95007569269166,20.269451706554346,-154.8286790582255,-13.878258183490862,-4.664263932278317,146.59902183557077,1,1,1,1,0,1,2,0,1,1,1
497000.0,101,-61.155368,-144.327254,83.613633,11.563044,102,-61.155792,-144.33019,162.396524,28.363236,155.46388,3,-1,1,7,-106.6661254782517,73.33644626065067,169.7202415217483,-89.06007773934932,78.782891,0.0027566310000000024,2.9134597970322904,28.3212374752015,-148.93318772974973,-44.58613660443707,-3.67231508563813,150.46326499448813,1,1,2,1,0,2,2,0,1,0,1
498000.0,101,-61.155383,-144.327075,96.537699,10.246598,102,-61.156001,-144.329852,155.47821,28.136046,153.517392,3,-1,1,7,-114.76477901619336,65.23765345207899,148.69752198380664,-90.240556547921,58.940511000000015,-0.00022719000000000022,-1.4975982314374665,24.43162675953365,-139.39918860635495,-64.30751015528082,-3.4068774791198955,145.73573061254248,1,1,1,1,1,0,2,1,1,1,1
499000.0,101,-61.155395,-144.326843,96.241098,11.902445,102,-61.156103,-144.329517,145.756833,24.394231,150.539841,3,-1,1,7,-118.76043956760981,61.241902680844134,144.9984624323902,-84.51493031915587,49.51573500000006,-0.003741814999999999,-1.894886514232775,18.87171476737374,-131.96911113173655,-72.43201940719756,-5.627359132678036,146.57460202512007,1,1,1,1,1,0,2,1,1,0,1
500000.0,101,-61.15539,-144.32665,88.786279,10.802249,102,-61.156212,-144.32912,136.547426,23.528931,150.77549,3,-1,1,7,-124.60009054003734,55.402073018953296,146.61363045996268,-81.1453529810467,47.761146999999994,-0.0008653000000000012,-5.382289094519162,17.309495502208602,-124.1086540087281,-85.61711502311856,-4.309411580613148,147.71504209626846,1,1,1,1,0,2,2,1,1,0,1
501000.0,101,-61.155344,-144.326445,68.633525,11.774553,102,-61.156326,-144.328664,129.15181,24.35328,152.490675,3,-1,1,7,-132.5317473423301,47.470196357537894,158.83472765766987,-81.68161364246211,60.51828499999999,0.0008243490000000016,-7.920101235078899,19.665953760850925,-112.37081789359264,-103.08348678561792,-5.194960118784874,153.51818249881123,1,1,2,1,0,1,2,0,1,0,1
502000.0,101,-61.155289,-144.326305,55.301693,10.364269,102,-61.156454,-144.328239,126.480412,25.099484,162.56919,3,-1,1,7,-141.3105648027629,38.691129256274245,163.3877421972371,-87.78928274372575,71.178719,0.0007462039999999988,-11.660399005257352,20.822760675136855,-101.62179610522892,-126.89267943267404,-4.577124986095292,158.17827618339373,1,1,2,1,0,1,2,0,1,0,1
503000.0,101,-61.155256,-144.326084,69.725281,11.675966,102,-61.156619,-144.327864,128.837915,25.913999,179.733259,3,-1,1,7,-147.78892356565902,32.21263560029929,142.485795434341,-96.62527939970072,59.112634000000014,0.0008145150000000001,-9.232467976562635,20.29714796224882,-95.80498984611754,-152.07053728893837,-8.263881883680279,172.81226608078538,1,1,1,1,1,1,2,1,1,0,1
504000.0,101,-61.155239,-144.326017,68.682775,6.086461,102,-61.15676,-144.327587,130.937686,24.523341,188.633032,3,-1,1,7,-153.52884401681533,26.472531203372615,137.78838098318465,-104.4651547966274,62.25491099999999,-0.0013906580000000019,-12.855449936331063,18.28123990660334,-84.08265074415463,-168.8565326108218,-5.19537740952572,167.98891460126458,1,1,1,1,1,1,2,0,1,1,1
505000.0,101,-61.155257,-144.3259,102.039807,6.236139,102,-61.156912,-144.327146,129.121088,25.953196,191.937857,3,-1,1,7,-160.03934696356345,19.961744454140746,97.92084603643656,-109.15934354585924,27.08128099999999,0.0014298549999999998,-14.035896677348138,15.074660836011054,-65.52273675779038,-180.40762710462593,-4.6806222797540045,171.12952671636808,1,1,1,1,1,1,2,1,1,0,1
506000.0,101,-61.155293,-144.325915,162.494786,3.798319,102,-61.157008,-144.326683,123.524315,25.910234,189.48828,3,-1,1,7,-167.80973134811452,12.190941372073095,29.69548265188547,-111.3333736279269,38.970470999999975,-4.296199999999928e-05,-20.457599697124074,10.687567055075949,-40.01211499912895,-185.21565514463103,-2.1145443914384905,182.69664298502673,1,0,1,1,1,0,2,0,1,0,1
507000.0,101,-61.155263,-144.325862,46.917814,3.265775,102,-61.157061,-144.326218,116.464848,25.306783,188.986123,3,-1,1,7,-174.54388108806694,5.456430745803691,138.53830491193307,-111.00841725419632,69.547034,-0.0006034509999999997,-20.269593798209804,13.508611118026067,-17.96943952374424,-188.1298857964189,-4.005443306467407,166.7159581142823,1,1,1,1,0,2,2,0,1,1,1
508000.0,101,-61.15528,-144.325766,105.741868,4.535122,102,-61.157065,-144.32585,108.585655,22.987622,186.077707,3,-1,1,7,-178.6995142778426,1.3005593009422907,75.55861772215741,-107.2850956990577,2.8437869999999634,-0.0023191609999999975,-17.423750402255514,6.096265024718867,-4.223184067614881,-186.0297765378137,-3.124267691818892,176.9870447392777,1,0,1,1,1,0,2,1,1,0,1
509000.0,101,-61.155301,-144.325723,126.191159,3.583438,102,-61.157041,-144.32561,100.863662,19.427833,184.850448,3,-1,1,7,178.20556964954486,-1.7945293314358202,52.01441064954486,-102.65819133143583,25.327496999999994,-0.003559789000000002,-16.187637198703523,1.545662202451151,5.788332650913281,-184.7597990119146,-1.4223443335971655,183.37317933438885,1,0,1,1,1,0,2,0,1,0,1
510000.0,101,-61.155301,-144.325565,92.880964,6.946093,102,-61.157009,-144.325496,93.913938,15.138643,185.034886,3,-1,1,7,178.88353236698282,-1.1165280727206999,86.00256836698281,-95.0304660727207,1.0329740000000243,-0.00428919,-8.166021287908631,0.6842149050872508,3.60536831145527,-184.999757719765,-2.3263634779207774,184.0527373662277,1,0,1,1,0,2,2,1,1,0,1
511000.0,101,-61.155287,-144.3254,81.431322,8.451161,102,-61.156976,-144.325435,86.547813,11.495086,184.918436,3,-1,1,7,-179.42725108984072,0.572779567975664,99.14142691015928,-85.97503343202435,5.116490999999996,-0.0036435569999999995,-3.117397992949215,0.5669957288342735,-1.8484794113260996,-184.90919689553576,-10.30557081472924,182.26060928852334,1,1,1,1,0,2,2,0,1,1,1
512000.0,101,-61.155289,-144.325323,90.127271,5.298202,102,-61.156946,-144.325329,80.142801,9.845748,184.913206,3,-1,1,7,-179.8999149850872,0.10009027053722212,89.97281401491279,-80.04271072946278,9.984469999999988,-0.0016493380000000002,-4.402211073247515,-1.6972935649425243,-0.323008635634833,-184.91292388207955,15.22999882657315,172.49057229061285,1,0,1,1,1,2,2,0,0,1,1
513000.0,101,-61.155254,-144.325254,51.925823,5.315035,102,-61.156904,-144.325288,69.260735,7.88656,182.939259,3,-1,1,7,-179.43046292256477,0.5695668592968476,128.64371407743522,-68.69116814070316,17.33491200000003,-0.001959188,-3.191458473843568,0.4849261712044708,-1.8184406595815332,-182.93022100526926,-8.508380968573043,181.13636524079044,1,1,1,1,0,0,2,0,1,0,1
514000.0,101,-61.155178,-144.325236,13.920622,7.789485,102,-61.156842,-144.325144,60.126468,8.6432,178.61851,3,-1,1,7,178.47217457472323,-1.5279060114419285,164.55155257472322,-61.65437401144193,46.20584600000001,0.0007566399999999999,-5.6207774038570575,3.255640014934217,4.762402460405937,-178.55501011572096,-20.12923494290948,156.58856336632402,1,1,2,1,0,0,2,0,1,1,1
515000.0,101,-61.155134,-144.325144,37.156737,6.763137,102,-61.156749,-144.325025,47.60914,9.699509,172.307498,3,-1,1,7,177.964200176815,-2.0359040595624753,140.80746317681502,-49.64504405956247,10.452403000000004,0.0010563090000000005,-3.078779654470509,-1.1491324415473567,6.121040188245071,-172.19874196414415,15.232031727213599,163.52796123829302,1,1,1,1,1,0,2,1,0,0,1
516000.0,101,-61.155107,-144.325162,7.679745,3.383859,102,-61.156618,-144.325052,25.202269,10.526295,163.810725,3,-1,1,7,177.98861585360902,-2.0114804992763915,170.30887085360902,-27.213749499276393,17.522523999999976,0.0008267859999999985,-4.030050740487739,-6.170791490961973,5.749439606806453,-163.70979680285876,17.588067028569366,94.42854859058198,1,1,2,1,0,0,2,0,0,1,1
517000.0,101,-61.154992,-144.32518,-2.936659,11.314438,102,-61.156445,-144.324954,19.765796,14.015645,153.083803,3,-1,1,7,175.70881413413278,-4.2913838269733295,178.64547313413277,-24.057179826973332,22.702455000000043,0.00348935,-5.3194177888641905,-1.8903030188535972,11.454545052271907,-152.65465645891146,6.876796062363696,147.68550734723982,1,1,2,1,0,0,2,0,0,0,1
518000.0,101,-61.154924,-144.325219,-11.542915,8.33463,102,-61.156236,-144.325028,6.526609,17.18919,140.369675,3,-1,1,7,175.9826700201312,-4.017497283049331,-172.4744149798688,-10.54410628304933,18.069524,0.0031735450000000007,-3.6215778178288875,-8.911726918044128,9.83404662003432,-140.02477347484128,13.246604728948,61.8434343215617,0,1,2,0,1,0,2,1,0,1,1
519000.0,101,-61.154777,-144.325226,-2.796324,15.090718,102,-61.156015,-144.325086,0.864972,19.988283,131.61325,3,-1,1,7,176.87729738329463,-3.122825247100795,179.67362138329463,-3.987797247100795,3.66129600000005,0.002799092999999999,-1.0379548977183208,-4.913256281957876,7.169561290698456,-131.41782590828925,25.39016327895288,34.18040730230186,1,1,2,0,0,0,2,1,0,1,1
520000.0,101,-61.154644,-144.325259,-5.623854,14.908913,102,-61.155817,-144.325345,-11.958238,21.312666,129.231326,3,-1,1,7,-177.97429725222574,2.025778077748749,-172.35044325222574,13.984016077748748,6.334384,0.001324383000000001,2.9549239907034917,-6.013005638390075,-4.568045323865816,-129.15056554904194,16.445170512025264,61.173832044171036,0,1,2,0,1,0,2,0,0,0,1
521000.0,101,-61.154532,-144.325177,11.975051,13.149216,102,-61.155658,-144.32573,-26.795479,21.925826,136.342272,3,-1,1,7,-166.67063809206394,13.329846296603412,-178.64568909206395,40.125325296603414,38.77053000000001,0.0006131600000000006,12.612593092739274,-6.708398034332614,-31.43349595044041,-132.66932752695942,2.332066527213067,131.89833971859926,0,1,2,1,1,1,2,0,0,0,1
522000.0,101,-61.154439,-144.325189,1.75261,10.825356,102,-61.15551,-144.326324,-43.274581,25.185523,151.595602,3,-1,1,7,-152.92112770084924,27.079866477327425,-154.67373770084924,70.35444747732743,45.027191000000016,0.0032596969999999993,17.59564365385093,-7.516706787043788,-69.00883635607785,-134.97780206583036,-0.5143439290183418,151.23718408406717,0,1,1,1,0,1,2,0,1,0,1
523000.0,101,-61.154321,-144.32524,-8.459934,12.858261,102,-61.155406,-144.326828,-52.570249,25.843783,156.147317,3,-1,1,7,-144.774697359869,35.22669361194797,-136.314763359869,87.79694261194797,44.110315000000014,0.0006582599999999985,18.630846926329482,-2.989197865710544,-90.06469860280019,-127.55522204866898,-3.497954971505478,140.2386258247854,0,1,1,1,0,1,2,1,1,1,1
524000.0,101,-61.15429,-144.325388,-51.224518,7.999615,102,-61.155272,-144.327341,-55.962523,27.544693,157.44114,3,-1,1,7,-136.18532215657106,43.8163885273408,-84.96080415657106,99.7789115273408,4.738004999999987,0.0017009100000000004,16.588957523521216,-10.407809282090279,-109.00091733682025,-113.60683335183353,-1.6085446216784076,154.16462173672076,0,0,1,1,0,1,2,1,1,0,1
525000.0,101,-61.154282,-144.325463,-71.998414,4.926212,102,-61.155224,-144.32771,-62.178362,24.741082,165.143305,3,-1,1,7,-130.9903022651025,49.01166594056864,-58.99188826510252,111.19002794056864,9.820052000000032,-0.002803611,17.196067280077937,-10.024761526463392,-124.65357059071327,-108.32265933455052,-2.7229781902488956,156.36530899673784,0,0,1,1,0,1,2,0,1,0,1
526000.0,101,-61.154272,-144.325518,-70.332368,3.661865,102,-61.155101,-144.328124,-60.591762,25.265843,167.659433,3,-1,1,7,-123.40090543142878,56.60137723015982,-53.06853743142878,117.19313923015983,9.740605999999957,0.0005247610000000016,18.561932991353025,-11.173812401778816,-139.96866088987375,-92.29550066269222,-3.383430735683077,151.2643073827302,0,0,1,1,0,1,2,1,1,1,1
527000.0,101,-61.154263,-144.325672,-82.037326,6.974399,102,-61.155062,-144.328425,-65.17907,22.230846,174.309415,3,-1,1,7,-121.0313417755881,58.97106964645496,-38.99401577558811,124.15013964645496,16.858255999999983,-0.0030349970000000006,13.27009816196058,-8.365996775334468,-149.36319938459147,-89.85770321592355,-5.3567709726097865,155.76957252832395,0,0,1,1,0,1,2,0,1,0,1
528000.0,101,-61.154259,-144.325724,-82.601267,4.004967,102,-61.154991,-144.328821,-66.756517,22.348511,188.264769,3,-1,1,7,-116.10223462891966,63.90047811041068,-33.50096762891965,130.6569951104107,15.844749999999976,0.0001176649999999988,16.562997082696494,-8.303867513879151,-169.06372366562792,-82.83164001114287,-6.316067812413389,149.84798433380618,0,0,1,1,0,1,2,1,1,1,1
529000.0,101,-61.154307,-144.325787,-141.093441,5.652172,102,-61.154923,-144.329286,-69.136755,23.481366,207.638853,3,-1,1,7,-110.04909801694568,69.95396684396951,31.044342983054335,139.0907218439695,71.95668600000002,0.001132855000000003,18.3919075393366,-12.760979487561482,-195.05577057060285,-71.18384396942861,-6.389541387374489,171.2776567488077,1,0,1,1,0,1,2,0,1,0,1
530000.0,101,-61.154301,-144.325762,-169.580198,0.130511,102,-61.154886,-144.329735,-73.209428,23.618409,222.713905,3,-1,1,7,-106.97401285087025,73.02946719756991,62.60618514912974,146.23889519756992,96.37077,0.00013704299999999848,22.587882326012885,-6.951109320710284,-213.01187841820936,-65.01863681357078,-7.821533794633708,124.79521029399041,1,0,1,1,0,1,2,0,1,1,1
531000.0,101,-61.154409,-144.325897,-152.539703,11.345689,102,-61.154944,-144.330067,-84.343,21.298503,232.066776,3,-1,1,7,-104.89386445122783,75.10978815732472,47.645838548772176,159.45278815732473,68.19670299999999,-0.0023199059999999996,15.96289438558985,-12.166832971666231,-224.27016985103168,-59.64796256389292,-10.70016006937782,197.2201920632492,1,0,1,2,1,1,2,1,1,0,1
532000.0,101,-61.154434,-144.325912,-152.689313,4.518149,102,-61.155055,-144.330258,-99.405173,18.230077,235.065109,3,-1,1,7,-106.50005737586137,73.50374939803314,46.189255624138625,172.90892239803316,53.28414000000001,-0.0030684259999999987,15.912021714229297,-1.0354497957509334,-225.3849986326191,-66.76232366055109,-14.019891519742886,81.31175820452366,1,0,1,2,1,1,2,1,1,1,1
533000.0,101,-61.154464,-144.325973,-139.144651,4.460437,102,-61.155168,-144.330316,-114.85835,15.047781,233.511401,3,-1,1,7,-108.57409577038587,71.42970837842071,30.570555229614143,-173.71194162157929,24.28630100000001,-0.0031822960000000007,10.735799772722192,2.952019509273239,-221.34838036969035,-74.38056805844984,-20.218134852775126,15.30973965142627,1,0,1,2,1,0,2,1,1,1,1
534000.0,101,-61.154537,-144.325976,-172.801127,7.509888,102,-61.155219,-144.330318,-122.132315,11.466761,231.801426,3,-1,1,7,-108.03573629735806,71.9680669777761,64.76539070264195,-165.89961802222388,50.668812,-0.0035810200000000007,8.769214364299167,-1.3517906824521608,-220.4115366630852,-71.76806811842515,-24.790233879164482,105.32260062657136,1,0,1,2,0,0,2,0,1,0,1
535000.0,101,-61.154537,-144.32593,128.200378,1.889566,102,-61.155225,-144.330293,-123.00427,7.741445,231.635203,3,-1,1,7,-108.10221020510876,71.90161146464881,123.69741179489125,-165.09411853535119,108.79535199999998,-0.0037253160000000002,7.977128592261154,3.048243707008508,-220.1701282650539,-71.97209103951971,-26.93508587317979,11.43757199373603,1,1,1,2,0,2,2,0,1,1,1
536000.0,101,-61.154599,-144.325934,177.423576,5.972778,102,-61.15523,-144.33024,-127.873546,4.787975,231.702911,3,-1,1,7,-106.89778644597139,73.10598529709497,75.67863755402863,-159.02046870290502,54.70287799999997,-0.0029534699999999993,4.047960332774177,-3.027302947741553,-221.69909478471197,-67.34797946125195,-37.311577322765146,193.65409395524182,1,0,1,2,1,2,2,1,1,0,1
537000.0,101,-61.154641,-144.325854,146.949831,5.824713,102,-61.155205,-144.330197,-115.309189,2.208339,231.750944,3,-1,1,7,-105.06769512993627,74.93610902272947,107.98247387006376,-169.75470197727054,97.74097999999998,-0.002579636,5.173011610628677,-3.938164495483263,-223.783197463373,-60.24600051422616,-28.018772652361694,187.92677294127094,1,1,1,2,0,2,2,0,1,1,1
538000.0,101,-61.15467,-144.325781,133.232365,5.083703,102,-61.155164,-144.330164,-41.958939,1.335637,231.875577,3,-1,1,7,-103.15150037773321,76.85233881180903,123.6161346222668,118.81127781180903,175.19130399999995,-0.000872702,4.596897659930964,-4.475338922693134,-225.79390913587665,-52.757879091396504,-92.61268193430492,508.2122332550043,1,1,1,1,0,2,2,0,1,0,0
539000.0,101,-61.154705,-144.325919,-132.068173,5.778033,102,-61.155268,-144.330066,165.117286,3.48703,231.918526,3,-1,1,7,-105.71859610489145,74.28503636826467,26.349576895108555,-90.83224963173534,62.81454099999996,0.0021513929999999997,-5.184925112503042,-0.501312335719104,-223.24567036470415,-62.82971721587278,42.47459034883659,41.64618598817886,1,0,1,1,1,2,2,1,0,1,1
540000.0,101,-61.154739,-144.325821,145.956974,4.606116,102,-61.155255,-144.330041,148.712331,2.004036,231.820397,3,-1,1,7,-104.22398310609431,75.77971331008354,109.8190428939057,-72.93261768991647,2.7553570000000036,-0.0014829939999999996,1.5378077964492558,-2.1041176495814558,-224.71338246202194,-56.96132203271501,-32.04462868523897,215.0570355717161,1,1,1,1,0,2,2,1,1,0,0
541000.0,101,-61.154768,-144.325806,158.260299,3.573192,102,-61.155261,-144.330015,139.493371,1.744755,231.611982,3,-1,1,7,-103.64840259647809,76.35528418518372,98.09129840352193,-63.138086814816276,18.766928000000007,-0.0002592810000000001,0.19019506713660106,-1.992461813099787,-225.07172501164501,-54.651887490285105,23.549979262901918,229.680911409708,1,1,1,1,1,2,2,0,0,0,0
542000.0,101,-61.154866,-144.325751,165.537569,9.987526,102,-61.155203,-144.330014,30.993771,1.58633,231.283408,3,-1,1,7,-99.30759520904955,80.69613887334907,95.15483579095047,49.702367873349075,134.54379799999998,-0.00015842500000000004,1.67746349410766,-11.030876371711903,-228.23839663692473,-37.406538421782514,-999,11151.601530307862,1,1,1,1,1,2,2,0,1,0,0
543000.0,101,-61.15488,-144.325781,-170.996297,2.882882,102,-61.155216,-144.329994,66.178345,0.98679,230.891504,3,-1,1,7,-99.38861470899724,80.61507557759369,71.60768229100276,14.436730577593693,122.82535800000002,-0.0005995400000000001,-1.3538886085262303,-3.245915462352638,-227.79861920011206,-37.665311759022565,-999,3641.160563281581,1,0,1,0,1,2,2,1,1,1,0
544000.0,101,-61.154933,-144.325697,149.898717,6.240333,102,-61.155323,-144.329932,157.511363,4.198425,230.425829,3,-1,1,7,-100.8086626992843,79.19504686055497,109.2926203007157,-78.31631613944502,7.612645999999927,0.0032116350000000004,1.5238164961718257,-1.5196053915883199,-226.3378233595311,-43.21171585585261,-53.8128913888394,190.93099775864582,1,1,1,1,0,2,2,1,1,1,1
545000.0,101,-61.154944,-144.325681,142.423611,2.437297,102,-61.155252,-144.329917,81.655769,1.383601,230.47977,3,-1,1,7,-98.57257915851189,81.43113127617221,119.00380984148813,-0.22463772382779723,60.76784199999997,-0.002814824,0.11735481210268284,-2.1324460719565455,-227.90481152602322,-34.355803913469074,-999,2167.496482948871,1,1,1,0,0,2,2,0,1,0,0
546000.0,101,-61.154985,-144.325623,147.173035,4.916169,102,-61.155294,-144.329866,130.212197,2.331833,230.643697,3,-1,1,7,-98.58603162553908,81.41768494213231,114.24093337446092,-48.79451205786769,16.960838000000024,0.0009482319999999999,0.8843492812192737,-2.6256350305885765,-228.05882868910408,-34.43378606516702,-21.552255175061806,227.95977109390358,1,1,1,1,1,2,2,1,1,1,0
547000.0,101,-61.154977,-144.325531,89.426676,4.305227,102,-61.155303,-144.329812,122.106453,2.492562,230.688321,3,-1,1,7,-98.97169192007559,81.03205793293994,171.6016320799244,-41.07439506706007,32.679777,0.0001607289999999999,2.1936567461901206,1.3678607760673869,-227.86596692674334,-35.97502692617966,-157.13241497634027,213.7187237892142,1,1,2,1,0,2,2,0,1,1,0
548000.0,101,-61.154995,-144.325432,108.276233,5.324181,102,-61.155314,-144.329742,116.126945,2.892278,230.655443,3,-1,1,7,-98.72397172923834,81.27980352620011,152.99979527076164,-34.847141473799894,7.850711999999987,0.00039971600000000016,2.4588593995955907,-0.39600796531641724,-227.98687829933348,-34.98452098930548,-84.50180683209828,71.3688488165367,1,1,1,1,1,2,2,1,1,1,1
549000.0,101,-61.15503,-144.325394,140.472443,4.525449,102,-61.155319,-144.32965,107.329948,3.426802,229.822717,3,-1,1,7,-98.01371257030267,81.99001538565999,121.51384442969731,-25.339932614340015,33.142495,0.0005345239999999998,-0.39102442321042385,-2.46980802934904,-227.5784366110632,-32.03960734663224,174.91313421136525,430.47540559062423,1,1,1,1,1,2,2,0,0,0,0
550000.0,101,-61.155025,-144.325301,91.950761,4.423886,102,-61.155362,-144.32952,118.288314,4.968156,227.696489,3,-1,1,7,-99.40294820673863,80.60074734062192,168.64629079326136,-37.68756665937808,26.337553000000014,0.0015413539999999998,0.04649298706966132,2.2038600994132134,-224.63710346460843,-37.20030712182271,-161.98086917459057,386.51798597825285,1,1,2,1,0,0,2,1,1,1,0
551000.0,101,-61.155059,-144.32514,112.895504,8.101674,102,-61.155365,-144.329367,106.455758,5.72848,225.305253,3,-1,1,7,-98.53563524854299,81.4680673069186,148.568860751457,-24.987690693081404,6.439746000000014,0.0007603240000000007,1.9695568703929416,-1.5292352071682078,-222.80971381228443,-33.44082026927435,-79.0057322757901,168.26227128576141,1,1,1,1,1,0,2,1,1,1,1
552000.0,101,-61.155036,-144.324942,80.753025,9.896131,102,-61.155517,-144.32912,131.891378,10.462705,222.906778,3,-1,1,7,-103.42363261155245,76.58002702564305,175.82334238844754,-55.311350974356955,51.13835300000005,0.004734225,1.9789657925849315,8.576376855716044,-216.81701099531608,-51.747612712068815,-121.89601755936444,993.9783706983316,1,1,2,1,0,0,2,0,1,0,0
553000.0,101,-61.155045,-144.324777,93.627456,9.149201,102,-61.155567,-144.328881,125.113655,11.338339,220.674568,3,-1,1,7,-104.77155343606735,75.2320413831632,161.60099056393267,-49.88161361683679,31.486199,0.0008756339999999998,-0.14403400018284884,5.942956456901211,-213.3812944327679,-56.26444835047288,-40.463759775114056,286.3321080866359,1,1,2,1,1,0,2,1,1,1,0
554000.0,101,-61.155071,-144.324587,104.141688,10.234391,102,-61.155821,-144.328442,136.367824,19.569222,219.021988,3,-1,1,7,-111.96453085691611,68.03884586014928,143.89378114308388,-68.32897813985073,32.226136000000054,0.008230883,-3.5790414723174546,11.663426280169162,-203.12440367238642,-81.92135167469807,-2.494127825496179,218.53321555287667,1,1,1,1,1,0,2,0,1,1,0
555000.0,101,-61.154998,-144.324361,60.994765,13.168575,102,-61.155932,-144.328031,130.155098,20.990502,213.648362,3,-1,1,7,-117.81433440033409,62.188880269953856,-178.8090994003341,-67.96621773004615,69.16033299999998,0.0014212799999999994,-4.526163075001769,19.921216430515315,-188.96434162832406,-99.6900204546928,-9.346674714923536,246.9185924678493,0,1,2,1,1,0,2,0,1,0,0
556000.0,101,-61.154934,-144.324192,54.249883,12.057941,102,-61.156044,-144.327611,126.107762,22.278702,216.324539,3,-1,1,7,-123.94025673856373,56.06273807345381,-178.19013973856374,-70.04502392654618,71.85787899999997,0.0012881999999999998,-8.213290588105563,20.173836560248294,-179.46720763320386,-120.78007930906081,-5.093877842161006,222.036902720541,0,1,2,1,0,1,2,0,1,1,0
557000.0,101,-61.154918,-144.323893,79.776199,14.555633,102,-61.15615,-144.327276,125.183807,22.033464,228.304208,3,-1,1,7,-127.04947740872309,52.953485871128976,153.1743235912769,-72.23032112887103,45.40760799999998,-0.0002452380000000005,-3.6836034043538337,15.279242918420977,-182.2131314060353,-137.55430249074064,-18.01596608115666,284.17623098209486,1,1,1,1,0,1,2,1,1,0,0
558000.0,101,-61.154887,-144.323764,69.915806,9.607286,102,-61.156293,-144.326885,126.158976,23.404864,230.702111,3,-1,1,7,-133.0407783982614,46.96195538867699,157.0434156017386,-79.19702061132301,56.24317000000002,0.0013714000000000014,-9.873631341645126,17.10866670347332,-168.6128196205825,-157.45850589743708,-4.346355671148672,227.26423277840468,1,1,1,1,0,1,2,0,1,1,0
559000.0,101,-61.15488,-144.323648,80.098145,7.155248,102,-61.156315,-144.326658,120.212425,19.599966,227.017106,3,-1,1,7,-134.66152626711377,45.34111029148757,145.2403287328862,-74.87131470851243,40.11428000000001,-0.0038048980000000014,-9.888956598789346,11.093270684979178,-161.47082893555756,-159.5742392100904,-1.0368386365568627,226.7478077817626,1,1,1,1,1,0,2,1,1,1,0
560000.0,101,-61.154875,-144.323534,84.041064,6.412131,102,-61.156385,-144.32625,116.310821,20.54907,218.27955,3,-1,1,7,-139.05174257366244,40.95063646131732,136.90719342633756,-75.36018453868269,32.26975700000003,0.0009491040000000019,-12.042759143448354,9.77385957886059,-143.05544023810992,-164.8669250228288,0.5400452393120887,218.16462165878366,1,1,1,1,1,0,2,1,0,1,0
561000.0,101,-61.154834,-144.323428,56.317909,7.073505,102,-61.156443,-144.32567,110.267731,23.655208,206.231494,3,-1,1,7,-146.09093852855207,33.91102531416617,157.5911524714479,-76.35670568583383,53.94982200000004,0.003106137999999998,-16.304518301155355,12.117193773914988,-115.05167736204378,-171.1564800223825,-0.5904924283487115,206.01309370377797,1,1,2,1,0,0,2,0,1,1,0
562000.0,101,-61.154777,-144.323364,34.705198,7.265077,102,-61.156397,-144.325163,98.350586,23.946355,192.712184,3,-1,1,7,-151.82111322476055,28.180462578652207,173.47368877523945,-70.1701234213478,63.645388000000025,0.0002911470000000023,-19.556073172009814,9.450288614945043,-91.00369929667924,-169.8714589811056,0.43011565157876447,192.5494369459578,1,1,2,1,0,0,2,0,0,1,1
563000.0,101,-61.154694,-144.323336,14.521392,8.971171,102,-61.156328,-144.324691,88.637002,24.216063,187.311298,3,-1,1,7,-158.19622105147945,21.804965836871116,-172.71761305147945,-66.83203616312888,74.11561,0.00026970799999999785,-21.959766832031047,8.10856197094861,-69.572861799619,-173.91129710129792,0.245431881640969,187.24526432499002,0,1,2,1,1,0,2,0,0,1,1
564000.0,101,-61.154579,-144.323273,14.188131,12.535122,102,-61.156231,-144.324216,80.055799,25.00108,180.728634,3,-1,1,7,-164.603632107348,15.397193895991395,-178.791763107348,-64.6586051040086,65.86766799999998,0.0007850170000000034,-21.553033125071064,7.8353405912866725,-47.98254882727934,-174.24268752387775,-0.739572497497512,180.1687713006015,0,1,2,1,1,0,2,1,1,1,1
565000.0,101,-61.154515,-144.323274,6.030415,8.040691,102,-61.156073,-144.323916,67.340655,23.86129,167.425626,3,-1,1,7,-168.75667488867748,11.243887458698815,-174.78708988867749,-56.09676754130118,61.310239999999965,-0.0011397900000000014,-21.174751252968576,-1.19639812031346,-32.643988967376835,-164.2123936424704,1.9481363264473466,162.11031267698087,0,1,2,1,0,0,2,1,0,1,1
566000.0,101,-61.154446,-144.323303,-6.667319,7.789308,102,-61.155894,-144.323468,59.795688,26.247775,153.395496,3,-1,1,7,-176.85345694352208,3.146687584836371,-170.18613794352208,-56.64900041516363,66.463007,0.0023864850000000003,-23.588668373869876,-5.468232415648943,-8.419868946826734,-153.1642386459851,1.706429336055557,147.3134973918228,0,1,2,1,0,0,2,0,0,1,1
567000.0,101,-61.154343,-144.323455,-29.371777,12.461485,102,-61.155669,-144.323083,51.20334,28.308138,138.910653,3,-1,1,7,172.2922673211161,-7.708058524135721,-158.3359556788839,-58.91139852413572,80.57511700000003,0.0020603629999999987,-28.174681861555396,-6.877071222236582,18.630686777464167,-137.65561022743108,0.4892200848776708,138.1478051847496,0,1,2,1,0,0,2,0,0,1,1
568000.0,101,-61.154237,-144.323644,-37.855067,14.709415,102,-61.15543,-144.323064,35.720351,26.086365,124.229485,3,-1,1,7,166.80015923657615,-13.200348800865388,-155.34477376342386,-48.92069980086539,73.57541800000001,-0.002221772999999999,-24.25666320973557,-9.564851238799228,28.36757485625739,-120.947284550501,0.6926512869143627,122.92191623657614,0,1,1,1,0,0,2,1,0,1,1
569000.0,101,-61.154165,-144.323846,-50.274489,13.47247,102,-61.155202,-144.323062,23.999445,25.070518,113.330202,3,-1,1,7,159.96127305955125,-20.039413665952466,-149.76423794044877,-44.03885866595247,74.273934,-0.001015847000000001,-20.558756142991406,-14.292761865046463,38.83318476079167,-106.46933101459322,1.2600226857581829,109.61825465287957,0,1,1,1,0,0,2,0,0,1,1
570000.0,101,-61.154082,-144.323991,-43.030568,12.497641,102,-61.154983,-144.322886,22.929012,25.501657,113.832733,3,-1,1,7,149.3884176350124,-30.612550261210558,-167.5810143649876,-53.54156226121056,65.95958000000002,0.0004311390000000017,-18.46344525960125,-14.351079136541868,57.965381202351914,-97.96890161839787,0.654709582232427,112.92785195659096,0,1,2,1,1,2,2,1,0,0,1
571000.0,101,-61.154022,-144.324158,-51.301339,11.371607,102,-61.154805,-144.322612,27.790432,24.881793,125.384759,3,-1,1,7,136.39192805360523,-43.609426123513266,-172.3067329463948,-71.39985812351327,79.091771,-0.0006198640000000033,-20.47577421088618,-14.902091924532844,86.48057154033525,-90.78793166244641,-0.6994484883117875,124.30043459809113,0,1,2,1,1,1,2,0,1,0,1
572000.0,101,-61.153983,-144.324286,-57.100319,8.875384,102,-61.154656,-144.322224,36.805469,24.691427,147.442454,3,-1,1,7,124.07951961060924,-55.92228654116844,-178.82016138939076,-92.72775554116845,93.90578800000003,-0.00019036599999999737,-22.244610140764227,-14.948947962303825,122.12078754312112,-82.61834234230308,-2.1654874729001867,136.71642078279282,0,1,2,1,1,1,2,0,1,0,1
573000.0,101,-61.153933,-144.324444,-56.576678,9.806158,102,-61.154517,-144.321816,43.55199,24.961751,161.824308,3,-1,1,7,114.73234839762087,-65.26995352419817,171.30902639762087,-108.82194352419818,100.128668,0.00027032399999999865,-25.38341042512355,-12.68958259672212,146.9805058096894,-67.7040439826657,-3.6643236512582114,126.3121674577509,1,1,2,1,0,1,2,0,1,1,1
574000.0,101,-61.153955,-144.324497,-104.380449,4.523426,102,-61.154384,-144.321454,46.863167,24.595387,173.563183,3,-1,1,7,106.29036285759943,-73.71230257002256,-149.32918814240057,-120.57546957002256,151.24361599999997,-0.0003663640000000008,-22.329514454425976,-17.940359449691243,166.59505276750875,-48.685386785795046,-3.8217908380266494,142.65370220469515,0,1,1,1,1,1,2,0,1,0,1
575000.0,101,-61.153958,-144.32456,-97.922657,3.717141,102,-61.154241,-144.321173,45.945239,23.711117,182.428662,3,-1,1,7,99.82687746290847,-80.17608927965878,-162.25046553709154,-126.12132827965878,143.86789600000003,-0.0008842699999999972,-20.72226096011145,-16.999776815097388,179.75205859205118,-31.135416345859877,-4.799922777464971,138.40053403474334,0,1,2,1,1,1,2,1,1,1,1
576000.0,101,-61.15398,-144.324602,-128.818187,3.403908,102,-61.15402,-144.320996,37.004505,24.445637,188.250931,3,-1,1,7,91.3186883014625,-88.6844702646423,-139.8631246985375,-125.6889752646423,165.822692,0.0007345199999999998,-17.365404168042787,-21.655740648480116,188.2010739006341,-4.332297890823186,-4.77023483699925,150.6218007054373,0,1,1,1,0,1,2,0,1,0,1
577000.0,101,-61.154019,-144.324723,-126.02475,6.717222,102,-61.153795,-144.320857,30.049931,24.895275,201.278054,3,-1,1,7,83.15353376365633,-96.84985253858952,-150.82171623634366,-126.89978353858952,156.074681,0.0004496380000000002,-17.899062114089677,-25.4997159050907,199.84277185494102,23.994198452144854,-5.804877551204886,156.80476419414424,0,1,1,1,1,1,2,1,1,0,1
578000.0,101,-61.154054,-144.324719,-160.685397,4.121841,102,-61.153529,-144.320818,20.819796,26.210444,210.861235,3,-1,1,7,74.41541947291513,-105.58799748269536,-124.89918352708486,-126.40779348269535,178.494807,0.0013151689999999973,-10.679295464044182,-28.388828898036323,203.10890140480558,56.6501067594598,-5.394810022468113,174.59039193979257,0,1,1,1,0,1,2,0,1,0,1
579000.0,101,-61.154071,-144.324772,-132.782889,3.335115,102,-61.153325,-144.320843,14.291696,24.634025,217.448976,3,-1,1,7,68.51986956400863,-111.48357191421653,-158.69724143599137,-125.77526791421653,147.074585,-0.0015764189999999977,-8.528870248518366,-26.13692333569904,202.3459727278928,79.62514982247394,-6.218446624418234,170.78279032160364,0,1,2,1,1,1,2,1,1,1,1
580000.0,101,-61.154132,-144.324861,-145.767744,7.320691,102,-61.153061,-144.321058,1.793625,25.843096,221.0606,3,-1,1,7,59.7290260060118,-120.27430510338114,-154.5032299939882,-122.06793010338114,147.561369,0.001209070999999998,-4.927124016106424,-31.88291796379168,190.9192155858007,111.43447398566809,-7.31208957289783,196.98072314382904,0,1,1,1,0,1,2,0,1,0,1
581000.0,101,-61.154157,-144.324967,-121.916635,6.183161,102,-61.152905,-144.321258,-6.577483,23.015162,225.10672,3,-1,1,7,55.02297006453722,-124.98027870666894,176.9396050645372,-118.40279570666894,115.33915200000001,-0.002827933999999999,-2.612067744869285,-26.132616182757673,184.4483780401424,129.04197467304627,-8.684242107319752,189.08246267811109,1,1,2,1,0,1,2,1,1,1,1
582000.0,101,-61.154227,-144.324999,-158.946031,7.583749,102,-61.15264,-144.321737,-20.562457,26.933621,231.147952,3,-1,1,7,44.76221184726726,-135.24064538696982,-156.29175715273274,-114.67818838696982,138.383574,0.003918458999999998,6.735407463827299,-32.29515325316731,162.76654615120697,164.12320727977908,-6.66828325259683,213.90549380472336,0,1,1,1,1,1,2,0,1,0,0
583000.0,101,-61.154246,-144.324996,-167.104576,2.991213,102,-61.1525,-144.322041,-27.704966,24.678777,238.265278,3,-1,1,7,39.234506220102126,-140.7680821068163,-153.66091777989786,-113.06311610681631,139.39961,-0.0022548439999999985,10.806071207562084,-24.76520915547915,150.70181052523102,184.551637773374,-4.9670874822340005,213.44088981967843,0,1,1,1,0,1,2,0,1,1,0
584000.0,101,-61.154281,-144.324979,172.607394,3.821314,102,-61.152369,-144.322406,-35.614307,23.788165,244.359962,3,-1,1,7,32.99525126601938,-147.00700246053339,-139.61214273398062,-111.39269546053339,151.778299,-0.0008906120000000008,14.344146036366816,-23.128267027288118,133.07098800842348,204.94853787988694,-4.871697561866079,222.94359550473953,0,1,1,1,0,1,2,0,1,0,0
585000.0,101,-61.154319,-144.325062,-143.347897,5.172918,102,-61.152281,-144.322785,-44.462917,22.494174,246.456024,3,-1,1,7,28.327779908655533,-151.67421454696398,171.67567690865553,-107.21129754696398,98.88497999999998,-0.0012939909999999982,12.667990017918303,-20.204283223477777,116.94709341832916,216.9422713693511,-7.072980346850678,219.41621921151597,1,1,2,1,0,1,2,1,1,1,0
586000.0,101,-61.154376,-144.325155,-143.528461,7.478838,102,-61.152198,-144.323398,-56.556,24.845526,244.45168,3,-1,1,7,21.26718224010512,-158.73435674010634,164.7956432401051,-102.17835674010634,86.97246100000001,0.0023513519999999984,16.286128643772965,-19.70703267321766,88.66690681449515,227.80430964047198,-6.7098348542586415,219.80935541269267,1,1,2,1,1,0,2,1,1,0,0
587000.0,101,-61.154426,-144.3252,-151.857409,6.355694,102,-61.152193,-144.323978,-68.817182,25.47352,238.34645,3,-1,1,7,14.790734284159731,-165.21033608251477,166.64814328415972,-96.39315408251477,83.04022699999999,0.0006279940000000011,20.75455621070753,-14.809029798119543,60.847322826982634,230.44876552585708,-4.033103974620322,223.69979143247573,1,1,2,1,0,0,2,1,1,0,0
588000.0,101,-61.154444,-144.325274,-124.93329,4.513139,102,-61.152275,-144.324387,-82.95305,23.426721,229.706971,3,-1,1,7,11.161607219078702,-168.83916971685508,136.0948972190787,-85.88611971685508,41.98023999999998,-0.002046799,19.54979599268415,-5.4583757054758895,44.4659837535896,225.36208380031533,-0.9137670206131614,229.01942703726255,1,1,1,1,1,0,2,1,1,0,0
589000.0,101,-61.154462,-144.325256,-170.109146,2.184197,102,-61.152415,-144.324791,-98.73317,23.092475,219.085845,3,-1,1,7,6.254727562442114,-173.74567973799134,176.36387356244214,-75.01250973799134,71.37597600000004,-0.0003342460000000003,22.449560810391034,1.3544683762594687,23.86916085234046,217.78170409740375,1.634583903499019,215.94897147068306,1,1,2,1,0,0,2,0,0,1,0
590000.0,101,-61.154558,-144.325285,-172.623585,9.36958,102,-61.152592,-144.325296,-110.900105,25.794701,209.1277,3,-1,1,7,-0.15467096445466327,179.84533867062166,172.46891403554534,-69.25455632937837,61.723479999999995,0.0027022259999999994,22.894572413239235,-0.09004405964449624,-0.5645432183968684,209.12693800236391,-0.06064469490681456,209.12310027355767,1,1,2,1,1,0,2,1,1,1,0
591000.0,101,-61.154668,-144.325251,175.357004,11.841181,102,-61.152799,-144.325755,-120.242024,28.109999,201.419904,3,-1,1,7,-7.412873048230826,172.58756841412648,177.23012295176918,-67.17040758587353,64.40097200000002,0.0023152979999999986,25.24289324921152,2.355382404914735,-25.986873561441396,199.7364767133707,-0.28260039075232724,201.28698207834228,1,1,2,1,0,0,2,0,1,1,0
592000.0,101,-61.1548,-144.325197,170.561958,14.410552,102,-61.152982,-144.326099,-126.049005,27.890159,203.656652,3,-1,1,7,-13.46208583068992,166.5387042479856,175.97595616931008,-67.41229075201443,63.389037,-0.00021983999999999781,24.912639361020993,2.19723317242401,-47.41164927619466,198.06101942775166,-1.1690946558927724,201.46142765947744,1,1,2,1,1,1,2,1,1,0,0
593000.0,101,-61.154943,-144.325146,170.392491,15.907144,102,-61.153154,-144.326624,-125.633863,29.88061,215.010469,3,-1,1,7,-21.732183638811602,158.26911097102018,167.8753253611884,-76.09702602897983,63.97364599999992,0.0019904510000000003,26.940532150542467,1.7245126743799002,-79.61162585840724,199.7285427969196,-2.4334529339223936,204.40871135888435,1,1,2,1,1,1,2,0,1,0,0
594000.0,101,-61.155071,-144.325213,-172.638772,14.540406,102,-61.153278,-144.326954,-125.82012,27.532962,218.039032,3,-1,1,7,-25.102086573248158,154.8994384053719,147.53668542675183,-79.28044159462809,46.818651999999986,-0.0023476479999999995,20.462349968898074,1.6928928999744475,-92.49922207499249,197.4459758795257,-3.611140281506124,204.40787981607755,1,1,1,1,1,1,2,1,1,2,0
595000.0,101,-61.155099,-144.325246,-159.941304,5.261841,102,-61.153402,-144.327174,-128.543677,24.554171,212.307476,3,-1,1,7,-28.729137673015554,151.27255110407853,131.21216632698446,-80.1837718959215,31.397627,-0.002978791000000001,17.399916788194915,10.357308191161325,-102.04972972432559,186.1728149561119,0.3571376122228894,212.17391383421514,1,1,1,1,1,0,2,1,0,0,0
596000.0,101,-61.15516,-144.325156,155.243933,7.156623,102,-61.153606,-144.327475,-134.42206,25.629936,204.09587,3,-1,1,7,-35.753065925901126,144.24896533913085,169.00300107409888,-81.32897466086916,70.33400700000004,0.0010757650000000004,21.301861486508116,11.440454721662846,-119.25180705527005,165.63251693163858,-1.0725909488222705,202.34449425802404,1,1,2,1,0,0,2,0,1,1,0
597000.0,101,-61.155217,-144.325108,157.452516,6.990698,102,-61.153854,-144.327719,-141.898358,27.182995,196.099165,3,-1,1,7,-42.7450176580688,137.2572693799344,159.8024663419312,-80.8443726200656,60.64912599999994,0.0015530589999999975,19.454072072598542,14.93442659151329,-133.09973690338535,144.01160560853012,-0.7122876871611631,195.28244782949872,1,1,2,1,1,0,2,1,1,1,1
598000.0,101,-61.155287,-144.325083,167.032249,7.71663,102,-61.154074,-144.327789,-150.244596,25.908028,188.401472,3,-1,1,7,-47.10462561273129,132.89774464126648,145.8631253872687,-76.85765935873349,42.72315500000002,-0.0012749669999999966,14.589744313740422,14.972277433975446,-138.02251379021791,128.23767129356295,-0.20854617027563133,188.34818514705674,1,1,1,1,1,0,2,1,1,1,1
599000.0,101,-61.155338,-144.324939,134.783443,8.542782,102,-61.154299,-144.327745,-160.66925,24.838384,179.501217,3,-1,1,7,-52.494856891383336,127.50760095847816,172.72170010861666,-71.82314904152184,64.54730699999996,-0.0010696440000000002,14.285470894818378,17.420296646082242,-142.39808068095863,109.28620005682461,-0.2763576268562374,179.4083649450938,1,1,2,1,0,0,2,0,1,1,1
600000.0,101,-61.155405,-144.324723,125.527181,12.35071,102,-61.154519,-144.327638,-170.691226,24.169664,173.136979,3,-1,1,7,-57.78980252213707,122.21275080721742,176.68301647786294,-67.09602319278258,63.781593000000015,-0.0006687200000000005,13.96106370330907,16.6745096490902,-146.49090561407525,92.28666246871505,-1.3003219659603062,171.63712134790669,1,1,2,1,0,0,2,1,1,1,1
601000.0,101,-61.15545,-144.324437,111.310819,14.917681,102,-61.154679,-144.327517,-178.265132,21.624383,177.69468,3,-1,1,7,-62.577846231970916,117.42485162804267,-173.88866523197092,-64.31001637195732,70.42404900000002,-0.002545280999999999,14.552317124102592,16.19298051392034,-157.7284401379407,81.83604628740599,-3.0286581752114983,173.33972011438772,0,1,2,1,1,1,2,0,1,0,1
602000.0,101,-61.155499,-144.324276,118.400179,11.502168,102,-61.15498,-144.327486,179.866341,26.043693,176.659435,3,-1,1,7,-71.4735652947309,108.52924644073501,170.1262557052691,-71.337094559265,61.466162000000054,0.004419309999999999,10.05709417304189,20.572880969159755,-167.5044411165694,56.132149261764006,-1.3235093101738271,175.28463684005192,1,1,2,1,0,0,2,1,1,0,1
603000.0,101,-61.155568,-144.324207,142.608105,9.133024,102,-61.155279,-144.3274,177.016267,28.788783,171.532714,3,-1,1,7,-79.37556243853203,100.62723441114399,138.01633256146798,-76.38903258885601,34.40816199999995,0.0027450899999999978,4.04762559657107,21.493563162135274,-168.59209464644067,31.625584499442667,-0.006049015397454196,171.5326715279005,1,1,1,1,1,0,2,1,1,1,1
604000.0,101,-61.155618,-144.324063,129.59629,9.235991,102,-61.155418,-144.327204,169.668567,24.182757,166.982348,3,-1,1,7,-82.48265510408936,97.52009619944005,147.92105489591063,-72.14847080055995,40.07227699999993,-0.004606026,2.7798516108206144,17.903895641594353,-165.54718520317303,21.845686414014057,-0.25489005410071097,166.94076778135738,1,1,1,1,0,0,2,0,1,1,1
605000.0,101,-61.155632,-144.3238,100.709606,12.391247,102,-61.155687,-144.326997,166.077682,26.891004,167.57855,3,-1,1,7,-92.04371583192358,87.95908452761635,167.24667816807641,-78.11859747238366,65.36807599999997,0.002708247,5.705271299756495,23.798340295154908,-167.47195467964517,-5.9761874034685105,-2.987066104274851,163.91647412079533,1,1,2,1,0,2,2,0,1,1,1
606000.0,101,-61.155635,-144.323609,93.093762,10.82179,102,-61.155845,-144.326746,159.174314,24.515931,161.026952,3,-1,1,7,-97.90139493892376,82.10135286699635,169.00484306107626,-77.07296113300366,66.08055200000001,-0.0023750730000000005,2.089966577946184,22.330163560037125,-159.49818090661853,-22.13615951085223,-2.8521768077680587,159.0608886280747,1,1,2,1,0,0,2,0,1,1,1
607000.0,101,-61.155654,-144.323511,105.298904,7.092758,102,-61.15602,-144.326436,152.533381,24.359451,156.837668,3,-1,1,7,-104.54174818711037,75.46081392303122,150.15934781288962,-77.07256707696877,47.23447699999997,-0.0001564799999999984,-4.393944188699992,19.742189586779936,-151.81336478484778,-39.37964418809497,-0.3430486453726746,156.74967712382983,1,1,1,1,1,0,2,1,1,1,1
608000.0,101,-61.155673,-144.323211,98.635663,13.683097,102,-61.156134,-144.326108,143.857017,22.545498,153.885485,3,-1,1,7,-108.25654419160045,71.74599339403377,153.10779280839955,-72.11102360596624,45.22135400000002,-0.0018139530000000014,0.23058577084532494,16.152036488989122,-146.13940538006713,-48.20805626496077,-7.024247678462232,158.56616732713152,1,1,1,1,0,0,2,1,1,0,1
609000.0,101,-61.155651,-144.323014,81.474791,11.5783,102,-61.156307,-144.325706,139.372007,24.54805,155.062722,3,-1,1,7,-116.80058065529255,63.201777365206574,161.72462834470747,-76.17022963479343,57.897216000000014,0.0020025520000000016,-4.533974104324658,20.347242573963655,-138.4060780849359,-69.91570140673632,-3.600113082818754,154.76487046503755,1,1,2,1,0,1,2,0,1,1,1
610000.0,101,-61.155587,-144.322854,56.59478,11.279191,102,-61.156489,-144.325228,135.193155,27.129401,157.304429,3,-1,1,7,-128.22433433487535,51.777745139100624,175.18088566512466,-83.41540986089936,78.59837499999998,0.0025813510000000017,-9.702760895911087,25.45778040599435,-123.57744319315498,-97.33087340026594,-3.361427659698898,156.6343901510184,1,1,2,1,0,1,2,0,1,0,1
611000.0,101,-61.155554,-144.322601,71.846582,13.086277,102,-61.156585,-144.32477,127.396858,26.30182,153.277564,3,-1,1,7,-134.57674473857833,45.42515516887202,153.57667326142166,-81.97170283112797,55.550276,-0.0008275810000000021,-8.460510055751483,20.0511370710129,-109.18129149270625,-107.58000378211003,-5.304479332809649,154.06471610472255,1,1,1,1,1,0,2,1,1,1,1
612000.0,101,-61.155493,-144.322421,58.729684,12.226095,102,-61.156684,-144.324265,121.542087,26.901164,155.268069,3,-1,1,7,-143.2437026575094,36.75791257075222,158.0266133424906,-84.78417442924777,62.81240299999996,0.0005993440000000021,-12.4766977756813,20.418941225987243,-92.91437853283114,-124.39892086688907,-4.419758201038173,151.94620173858058,1,1,2,1,0,1,2,0,1,1,1
613000.0,101,-61.155463,-144.322246,68.250094,10.461805,102,-61.156739,-144.323923,117.185827,24.1501,164.502711,3,-1,1,7,-147.6246717737546,32.376797173210825,144.12523422624537,-84.80902982678919,48.93573300000003,-0.002751064000000003,-11.765193573196537,14.910330735077846,-88.08514386209596,-138.932175384766,-4.468418290795423,158.15378344079994,1,1,1,1,1,1,2,1,1,0,1
614000.0,101,-61.155405,-144.322102,54.089229,10.252537,102,-61.156871,-144.323518,119.931294,24.901977,181.097478,3,-1,1,7,-155.0164843685232,24.984755959159973,150.8942866314768,-94.94653804084003,65.84206499999999,0.0007518770000000004,-13.276808141740435,18.43848450522959,-76.48787690654747,-164.15206737744523,-6.465847981713699,168.43717374994318,1,1,1,1,0,1,2,0,1,0,1
615000.0,101,-61.155387,-144.322041,60.193861,5.415411,102,-61.156976,-144.323253,122.245614,22.797764,188.92753,3,-1,1,7,-159.79864517633226,20.202416460473454,140.00749382366774,-102.04319753952655,62.05175300000002,-0.002104212999999998,-14.58261628881371,14.855563575222085,-65.24052846103572,-177.30562607550186,-4.801544054032622,171.83151399235902,1,1,1,1,1,1,2,1,1,0,1
616000.0,101,-61.155387,-144.321978,83.224606,3.802566,102,-61.157079,-144.322855,120.860385,23.235608,190.732162,3,-1,1,7,-165.96143465977778,14.039333538230194,110.81395934022223,-106.8210514617698,37.635779000000014,0.0004378439999999983,-16.16989536853543,12.367272549249869,-46.26684260040095,-185.03550172057243,-4.003321000463193,175.18032231126472,1,1,1,1,1,1,2,1,1,0,1
617000.0,101,-61.155397,-144.321872,99.844908,5.233392,102,-61.157118,-144.32258,116.495043,20.539336,186.833077,3,-1,1,7,-168.77506815377873,11.225552010742943,91.38002384622126,-105.26949098925705,16.650134999999977,-0.0026962720000000004,-13.22582431946646,8.268201695452147,-36.36914880040293,-183.25906164995519,-4.469748011941142,174.70486909964995,1,1,1,1,1,0,2,1,1,1,1
618000.0,101,-61.1554,-144.321731,93.852781,6.924632,102,-61.157136,-144.322065,107.086139,22.211596,183.490811,3,-1,1,7,-174.6973574085997,5.302935154927979,91.44986159140035,-101.78320384507202,13.23335800000001,0.0016722600000000014,-14.322285403522038,6.060681694742227,-16.957580752063844,-182.70555048075292,-3.72047435063416,174.88385627882883,1,1,1,1,2,0,2,1,1,0,1
619000.0,101,-61.155381,-144.321694,62.582135,3.803071,102,-61.157102,-144.321793,98.225485,19.421332,178.597688,3,-1,1,7,-178.4104233279213,1.5896633899890418,119.0074416720787,-96.63582161001096,35.64335,-0.0027902640000000006,-15.845659705702703,4.5298189850299675,-4.954261966638034,-178.5289596880889,-2.7954876908324002,173.0234706058394,1,1,1,1,0,0,2,0,1,1,1
620000.0,101,-61.155427,-144.321667,153.974703,4.491999,102,-61.157055,-144.321325,89.549321,21.053782,178.823028,3,-1,1,7,174.2133040038115,-5.786995567152088,20.238601003811482,-95.3363165671521,64.42538199999996,0.001632450000000002,-19.082185561209805,-4.202115960258855,18.02988267023462,-177.91177216245796,1.1066123943274229,177.62896189819762,1,0,0,1,1,2,2,0,0,0,1
621000.0,101,-61.155396,-144.321572,62.228547,4.788643,102,-61.157005,-144.321007,83.738906,19.954186,177.984674,3,-1,1,7,170.38545691891682,-9.615037986134968,108.15690991891682,-93.35394398613496,21.510358999999994,-0.0010995960000000017,-15.598109354313388,0.0550578003938087,29.726824302689927,-175.4846434756138,-1.946236365181793,175.378622353517,1,1,1,1,0,2,2,1,1,1,1
622000.0,101,-61.155378,-144.321496,63.0304,4.629278,102,-61.156947,-144.320775,77.896564,17.942376,175.75027,3,-1,1,7,167.5007062925271,-12.499925258660321,104.4703062925271,-90.39648925866032,14.866164000000026,-0.0020118100000000006,-13.417697487874019,-1.662647711592426,38.03720544360352,-171.58475575386643,-1.218820784643737,174.96007830090545,1,1,1,1,1,0,2,1,1,1,1
623000.0,101,-61.15532,-144.321426,34.231917,6.871732,102,-61.156861,-144.320535,69.800027,17.160339,171.080572,3,-1,1,7,164.41467657759603,-15.586103882439856,130.18275957759602,-85.38613088243986,35.56810999999999,-0.000782036999999999,-12.239209458554834,-0.24410301859719397,45.96474647788343,-164.79018234431044,-3.4669285895454185,165.67412963743823,1,1,1,1,0,0,2,0,1,1,1
624000.0,101,-61.155303,-144.321398,40.384561,3.388093,102,-61.156731,-144.32029,58.945726,17.725905,163.448688,3,-1,1,7,159.47863002506358,-20.522340512683307,119.09406902506359,-79.46806651268331,18.56116499999996,0.0005655660000000004,-12.990216134464436,-6.563150397178948,57.298034897015036,-153.0764802504349,1.1981809084284045,162.46746824211837,1,1,1,1,1,0,2,1,0,1,1
625000.0,101,-61.155237,-144.321343,22.62611,7.097791,102,-61.156591,-144.320261,43.226522,15.90632,152.923955,3,-1,1,7,158.91809029607106,-21.08285746642087,136.29198029607105,-64.30937946642086,20.600412000000006,-0.0018195850000000018,-8.163357808696974,-5.038657226363074,55.00708669849515,-142.6883191637853,2.7269575097820655,150.32629063405352,1,1,1,1,0,0,2,0,0,1,1
626000.0,101,-61.155159,-144.321245,28.671869,9.530238,102,-61.156405,-144.320297,24.244142,16.525817,139.30786,3,-1,1,7,159.84478735103477,-20.156043034960273,131.17291835103475,-44.40018503496027,4.427727000000004,0.0006194970000000009,-2.213384647289952,-6.706648833248908,48.000541180616636,-130.77701596285002,16.167425749386407,86.71444382432915,1,1,1,1,1,0,2,1,0,1,1
627000.0,101,-61.155037,-144.321289,-1.808027,12.749701,102,-61.156173,-144.320358,10.294263,19.60066,123.689942,3,-1,1,7,158.42786167960992,-21.572953814185432,160.23588867960993,-31.867216814185433,12.102289999999982,0.003074843000000001,-3.9049735337834535,-6.541793367905083,45.4773752689795,-115.02612786062033,9.687248173000343,98.0204650338741,1,1,2,1,0,0,2,0,0,0,1
628000.0,101,-61.154958,-144.321436,-31.673353,11.073567,102,-61.155936,-144.3205,-0.569568,22.14586,111.367434,3,-1,1,7,155.21684267368536,-24.783977198471685,-173.10980432631465,-24.214409198471685,31.103785000000016,0.002545199999999998,-5.594318411130738,-12.720546757518576,46.68358164935763,-101.11057590644076,5.954736863069493,83.92073228208217,0,1,2,1,1,0,2,0,0,1,1
629000.0,101,-61.154858,-144.321694,-47.045844,15.862638,102,-61.155684,-144.320507,-0.619715,24.559222,105.438415,3,-1,1,7,145.2675278351218,-34.73351189412754,-167.6866281648782,-34.11379689412754,46.426129,0.002413361999999999,-11.344222315878003,-13.74877826784929,60.07304971365726,-86.65153233389869,2.0538448928832014,101.79931999623835,0,1,2,1,0,0,2,0,0,0,1
630000.0,101,-61.15481,-144.321839,-54.88027,10.867791,102,-61.155502,-144.320493,0.230818,22.770149,109.917623,3,-1,1,7,136.82118030120927,-43.179998699697826,-168.29854969879074,-43.410816699697826,55.111087999999995,-0.0017890729999999984,-8.981057804040287,-16.51786588638108,75.2141655330367,-80.15430836292634,2.338876329162047,104.79617724152709,0,1,2,1,1,1,2,0,0,0,1
631000.0,101,-61.154751,-144.321988,-51.513636,10.53264,102,-61.155307,-144.320269,10.911496,22.74547,122.099719,3,-1,1,7,123.83989780404605,-56.16160791675935,175.35353380404604,-67.07310391675935,62.42513200000002,-2.4678999999999006e-05,-12.550036222598239,-15.779488396221037,101.41564717273306,-67.99417540065238,-0.5764019952945773,121.70866668601329,1,1,2,1,0,1,2,0,1,0,1
632000.0,101,-61.154762,-144.322055,-89.444573,4.907713,102,-61.155162,-144.319928,24.863616,21.812313,143.870841,3,-1,1,7,111.2970019619089,-68.70486113634594,-159.2584250380911,-93.56847713634593,114.30818899999997,-0.0009331570000000013,-14.078681787397311,-19.742981063440485,134.04593488520868,-52.25424605520284,-1.7075811580366747,139.6120361393893,0,1,2,1,1,1,2,0,1,0,1
633000.0,101,-61.154788,-144.32217,-112.741888,6.344806,102,-61.155051,-144.319487,39.876502,21.966194,170.563031,3,-1,1,7,101.48640142698416,-78.51594868608004,-145.77171057301584,-118.39245068608004,152.61839000000003,0.00015388100000000192,-19.934828271450925,-19.3102533651198,167.14699375905494,-33.96512948918949,-4.255359180355167,142.35153358020506,0,1,1,1,0,1,2,0,1,0,1
634000.0,101,-61.154777,-144.322266,-83.517055,5.374673,102,-61.154997,-144.318986,55.258734,22.26562,200.106791,3,-1,1,7,97.91642051029915,-82.08645253054002,-178.56652448970084,-137.34518653054002,138.77578900000003,0.00029942599999999684,-23.636717609638797,-12.081701756462804,198.19977969678663,-27.560390644236545,-6.4472406738597385,114.9736536470921,0,1,2,1,1,1,2,1,1,1,1
635000.0,101,-61.154826,-144.322412,-121.776186,8.410198,102,-61.155012,-144.31846,71.038214,22.675613,229.56709,3,-1,1,7,95.57359526737983,-84.42986639754513,-142.65021873262017,-155.46808039754512,167.18560000000002,0.00040999300000000004,-28.59473955171204,-11.796987416812845,228.48175770920597,-22.29652899398904,-7.187938739594933,109.52290049104849,0,1,1,1,0,1,2,0,1,1,1
636000.0,101,-61.154823,-144.322465,-95.687857,4.111069,102,-61.15503,-144.317917,80.448664,24.140032,257.783546,3,-1,1,7,95.39142496291335,-84.61255875502135,-168.92071803708666,-165.06122275502133,176.13652100000002,0.001464419000000003,-27.896215155257803,-4.413028657521533,256.6431213756435,-24.221165102051373,-8.894933098118342,64.04243757373706,0,1,2,2,1,1,2,0,1,1,1
637000.0,101,-61.154866,-144.322473,-160.692951,4.409868,102,-61.155123,-144.317403,92.221671,24.951381,283.568675,3,-1,1,7,96.00030023341571,-84.00414072150542,-103.30674876658429,-176.2258117215054,107.08537799999999,0.0008113489999999998,-26.39066256438708,-3.1945990727076397,282.01510080354274,-29.642475605510057,-10.58888024744103,63.521613554835625,0,1,1,2,0,1,2,1,1,1,1
638000.0,101,-61.154932,-144.322541,-155.72292,7.410696,102,-61.155107,-144.316903,90.061277,25.498759,307.132434,3,-1,1,7,93.68369798578235,-86.32124049745227,-110.59338201421767,-176.38251749745228,114.215803,0.0005473779999999983,-28.54565013254424,-6.728081463669861,306.4978796127988,-19.73275975687783,-10.575873248780765,91.00456557526665,0,1,1,2,1,1,2,0,1,0,1
639000.0,101,-61.154954,-144.322595,-137.104725,4.316997,102,-61.155035,-144.316457,84.071602,25.218805,327.789931,3,-1,1,7,91.56953852011245,-88.43583792590803,-131.32573647988755,-172.50743992590805,138.823673,-0.000279954,-28.02233759760574,-5.767365651735748,327.6669502471117,-8.978228151568606,-11.44563966832069,75.30925797702382,0,1,1,2,1,1,2,0,1,1,1
640000.0,101,-61.154958,-144.322701,-100.000316,5.020502,102,-61.154727,-144.31613,60.784339,26.410619,344.994437,3,-1,1,7,85.8352476143014,-94.17050810018014,-174.1644363856986,-154.95484710018013,160.784655,0.001191814000000001,-27.9951141777564,-13.762804994648011,344.0834252607652,25.055099715754466,-10.758360683732112,130.27686616254036,0,1,2,1,1,1,2,0,1,0,1
641000.0,101,-61.155005,-144.322744,-146.354197,5.499971,102,-61.15431,-144.315977,38.984408,30.32418,358.31772,3,-1,1,7,77.98512289345565,-102.02080449208574,-135.66068010654436,-141.00521249208575,174.66139499999997,0.003913560999999998,-22.124509612692435,-28.150114490612772,350.46826244820426,74.5894461873465,-9.541752993296498,238.87721693634833,0,1,1,1,0,1,2,0,1,0,0
642000.0,101,-61.155058,-144.322726,-178.28934,5.714069,102,-61.154006,-144.31591,29.188157,30.734413,367.442418,3,-1,1,7,72.26272348294569,-107.74324681571987,-109.4479365170543,-136.93140381571988,152.522503,0.0004102330000000016,-15.159112054562392,-32.54336870590727,349.9754828101431,111.94236006755423,-9.512845271994067,285.30967524335404,0,1,1,1,0,1,2,1,1,0,0
643000.0,101,-61.155091,-144.322687,159.382501,4.235192,102,-61.153981,-144.315821,32.564863,22.902409,372.161542,3,-1,1,7,71.47726624570434,-108.52874784942387,-87.90523475429565,-141.09361084942387,126.81763800000004,-0.007832004000000002,-10.835986621539984,-23.26568936005716,352.88271099972883,118.22861591552034,-13.59930851783683,285.4988893221913,0,0,1,1,0,1,2,1,1,0,0
644000.0,101,-61.155136,-144.322713,-172.81756,4.874718,102,-61.15375,-144.315999,17.227806,22.302174,372.38266,3,-1,1,7,66.8374770601759,-113.1684038891852,-120.34496293982411,-130.3962098891852,169.95463400000003,-0.0006002349999999979,-7.214752872202985,-26.13804759343249,342.3659436230519,146.473226617607,-12.929897545397116,314.17967342644755,0,1,1,1,1,2,2,0,1,0,0
645000.0,101,-61.155177,-144.322781,-149.033018,5.416128,102,-61.153608,-144.31625,4.018082,19.65797,368.135925,3,-1,1,7,63.53162724209115,-116.47409341052466,-147.43535475790884,-120.49217541052465,153.0511,-0.002644204000000002,-4.16429566776603,-24.25378500369444,329.54811106123134,164.07955927409105,-14.787856051732772,331.16233841632857,0,1,1,1,1,0,2,1,1,0,0
646000.0,101,-61.155216,-144.322919,-125.455285,7.515943,102,-61.153411,-144.316712,-15.045983,21.046863,360.029598,3,-1,1,7,58.923020275435185,-121.08241657401202,-175.6216947245648,-106.03643357401202,110.40930200000003,0.0013888929999999996,-0.6586072195916381,-24.685083900083445,308.3561872271021,185.84341052296142,-14.831950503448555,348.79386671004494,0,1,2,1,1,0,2,1,1,0,0
647000.0,101,-61.155233,-144.323085,-105.955,8.462517,102,-61.153316,-144.31721,-32.497009,20.512765,349.088953,3,-1,1,7,55.930861565013615,-124.07428447631214,161.8858615650136,-91.57727547631214,73.45799099999999,-0.0005340979999999966,2.884074519217261,-19.62706197794061,289.17209128315596,195.5571495230034,-14.45754824980916,342.42330904436477,1,1,2,1,0,0,2,1,1,1,0
648000.0,101,-61.155273,-144.323126,-136.211489,5.619239,102,-61.153402,-144.317615,-57.365907,16.440867,335.871798,3,-1,1,7,54.868250642719346,-125.13657656594073,-168.92026035728065,-67.77066956594072,78.84558200000001,-0.004071898000000001,9.956870047565607,-12.922621903071459,274.6863562375308,193.28028970565296,1.359633471767003,335.6433835414194,0,1,2,1,1,0,2,0,0,1,0
649000.0,101,-61.155334,-144.3232,-148.203253,7.527953,102,-61.15345,-144.318154,-76.235136,18.377301,321.282809,3,-1,1,7,52.26620744002501,-127.73821246708263,-159.530539559975,-51.503076467082636,71.96811699999998,0.0019364339999999984,13.882976604220161,-10.77083341705464,254.0905968457183,196.623019897257,6.392171893084811,312.75459776470063,0,1,2,1,0,0,2,1,0,1,0
650000.0,101,-61.155492,-144.323278,-165.385304,16.361055,102,-61.153457,-144.318757,-82.853366,21.919199,312.687866,3,-1,1,7,46.98737789184268,-133.01658215881113,-147.62731810815734,-50.16321615881114,82.531938,0.003541898,17.620727420387723,-18.558632700921187,228.63844371733356,213.30298544124886,0.21700877358758713,312.688488518078,0,1,1,1,0,0,2,0,0,1,0
651000.0,101,-61.155599,-144.323368,-159.618756,13.302323,102,-61.153483,-144.319246,-87.655005,23.009795,314.367184,3,-1,1,7,43.22478503583278,-136.7788255236299,-157.15645896416723,-49.1238205236299,71.96375099999997,0.0010905960000000014,18.35778967643803,-13.411024297085232,215.2982576614423,229.0707022384946,2.5715359656162344,312.5972748849923,0,1,1,1,1,1,2,1,0,1,0
652000.0,101,-61.155651,-144.323525,-133.005205,10.08273,102,-61.153477,-144.319717,-87.986903,23.633243,318.260602,3,-1,1,7,40.201532814755346,-139.80180270522385,173.20673781475534,-51.81489970522385,45.018302000000006,0.0006234479999999998,16.245239920318895,-7.707262383662105,205.43025539011455,243.08068815879784,5.470499833066823,308.1397591497531,1,1,2,1,0,1,2,1,0,1,0
653000.0,101,-61.15579,-144.323685,-149.7483,16.415591,102,-61.153335,-144.320608,-79.360587,30.75482,316.233708,3,-1,1,7,31.161939299678647,-148.84075591958106,-179.08976070032136,-69.48016891958106,70.38771299999999,0.007121576999999999,21.955932639422024,-19.858309119111194,163.63788023382722,270.6037734918138,-3.331071118984279,312.83192125539017,0,1,2,1,1,0,2,0,1,0,0
654000.0,101,-61.155834,-144.323704,-154.40917,7.106505,102,-61.153344,-144.321132,-83.228386,29.880843,308.482357,3,-1,1,7,26.489850414493272,-153.51240246353396,-179.10097958550674,-70.28401646353396,71.18078399999999,-0.000873977,26.602801868919382,-9.93267896892743,137.59524660107488,276.09583968807794,1.2500957086237416,306.7999529940843,0,1,2,1,2,0,2,0,0,1,0
655000.0,101,-61.155956,-144.323816,-157.269336,13.459746,102,-61.153377,-144.321771,-87.800791,30.979765,297.752784,3,-1,1,7,20.93539082245606,-159.0664004446449,178.20472682245608,-71.2656094446449,69.468545,0.0010989220000000017,25.756104678364345,-13.60316463711045,106.39152904922248,278.0963195123573,-1.5505185791712899,295.741081815042,1,1,2,1,0,0,2,1,1,1,0
656000.0,101,-61.156076,-144.323878,-163.633514,13.757509,102,-61.15352,-144.32205,-99.356618,26.982712,290.708399,3,-1,1,7,19.037021980694515,-160.96457921264576,-177.3294640193055,-61.60796121264576,64.27689599999997,-0.003997053000000001,22.747126952152236,-8.81322015450973,94.82298605181548,274.8089783201422,-0.531616895945677,290.512996398341,0,1,2,1,1,0,2,1,1,1,0
657000.0,101,-61.156189,-144.323894,-172.284883,12.772185,102,-61.153593,-144.322644,-101.263011,28.64097,291.566196,3,-1,1,7,13.078481613290288,-166.9226132956377,-174.6366353867097,-65.65960229563768,71.021872,0.001658258,26.374736480296246,-7.0626139337549185,65.97720201433297,284.0032666436608,-0.39432911223839506,291.4056340563147,0,1,2,1,0,2,2,0,1,0,0
658000.0,101,-61.1563,-144.32402,-156.645061,13.504692,102,-61.153648,-144.323066,-102.269732,27.23549,300.659144,3,-1,1,7,9.845933347346945,-170.15490228779038,166.49099434734694,-67.88517028779037,54.37532900000002,-0.0014054800000000008,21.25976544199704,-6.610279252638877,51.4125435161951,296.2307736208514,-1.999472416376346,298.19101837510027,1,1,2,1,0,1,2,1,1,0,0
659000.0,101,-61.156428,-144.324111,-160.313394,14.879153,102,-61.153698,-144.323547,-102.175127,27.017206,303.57792,3,-1,1,7,5.692067556174818,-174.30842646754203,166.0054615561748,-72.13329946754203,58.13826700000001,-0.00021828399999999703,21.39710553766044,-8.311515107341872,30.10946103337089,302.0810716807763,-4.275469706030016,292.9694861844275,1,1,2,1,2,1,2,0,1,1,0
660000.0,101,-61.156473,-144.324156,-153.8998,7.201083,102,-61.15378,-144.323874,-105.913828,24.964971,296.394474,3,-1,1,7,2.8921981297658372,-177.10804888224175,156.79199812976583,-71.19422088224175,47.985972000000004,-0.002052235000000003,20.840131507647715,0.378418334698317,14.955159870817644,296.01693770960975,0.9714126136977703,295.69664589403607,1,1,1,1,1,0,2,1,0,0,0
661000.0,101,-61.156542,-144.324182,-165.83192,7.734599,102,-61.153901,-144.324275,-111.113718,25.019149,287.10923,3,-1,1,7,-0.9733195285646978,179.02676193291506,164.8586004714353,-69.85952006708493,54.71820199999999,5.417800000000028e-05,21.446369766811756,1.5130751904214756,-4.877070918864045,287.0678040645542,0.7025617885985745,286.6993431864867,1,1,2,1,0,0,2,0,0,1,0
662000.0,101,-61.156616,-144.324238,-161.791742,8.577623,102,-61.154067,-144.324595,-119.270354,24.830978,276.747604,3,-1,1,7,-3.8656202122005046,176.13469249513585,157.9261217877995,-64.59495350486418,42.521388,-0.000188170999999997,18.980352039894996,3.9925229767681376,-18.65739012761778,276.11797861306803,1.9089770066952831,274.04971775912117,1,1,2,1,1,0,2,1,0,1,0
663000.0,101,-61.156732,-144.324205,177.534246,12.096842,102,-61.154231,-144.324709,-129.200394,22.404606,274.33781,3,-1,1,7,-5.5530593878284975,174.4473820819455,176.9126946121715,-56.352223918054506,53.26536000000007,-0.0024263720000000004,17.882661842236214,2.0748451885932955,-26.546986472378233,273.0503460990875,0.2754410634861344,274.2904442710744,1,1,2,1,0,0,2,0,0,0,0
664000.0,101,-61.156868,-144.324115,166.152129,15.16163,102,-61.1544,-144.325259,-127.072612,26.044523,281.532388,3,-1,1,7,-12.605784122974534,167.39521794481078,-178.75791312297454,-65.53217005518923,66.77525899999995,0.0036399170000000003,24.409057024356393,0.979381107902114,-61.44212414247543,274.74597517314646,-2.0435196299328937,276.9887630542525,0,1,2,1,1,1,2,0,1,0,0
665000.0,101,-61.156961,-144.324121,175.965545,11.038547,102,-61.154548,-144.325636,-127.759905,26.107677,281.452851,3,-1,1,7,-16.85187863250461,163.1494484081264,167.1825763674954,-69.09064659187356,56.27454999999998,6.315399999999726e-05,21.416936402332794,4.9759468143987835,-81.59275541546212,269.36653392680535,-0.8068017503726252,280.8442209082142,1,1,2,1,0,2,2,1,1,0,0
666000.0,101,-61.157033,-144.32406,163.220231,8.891543,102,-61.154723,-144.325983,-130.499548,26.425253,272.837921,3,-1,1,7,-21.88152980712402,158.1201546167381,174.89823919287596,-71.3802973832619,66.28022099999998,0.0003175760000000025,22.660988318366574,8.648716082795012,-101.68359934832951,253.18170699948018,-0.1871786371825257,272.7971027423787,1,1,2,1,0,0,2,0,1,1,0
667000.0,101,-61.157128,-144.323967,157.112425,11.110458,102,-61.154895,-144.326112,-137.355401,24.247618,262.15797,3,-1,1,7,-24.86462672109549,155.13725216283706,178.0229482789045,-67.50734683716291,65.53217399999997,-0.0021776350000000024,20.747644028077367,7.6000909257391385,-110.23106699940264,237.85691728998358,-0.9511696198514865,261.25986744867896,1,1,2,1,0,0,2,1,1,1,0
668000.0,101,-61.157198,-144.323878,150.597237,9.478894,102,-61.155135,-144.326321,-144.271425,25.639954,251.532222,3,-1,1,7,-29.739765094237015,150.26237482197988,179.66299790576298,-65.46620017802013,65.131338,0.0013923360000000003,19.625975233919416,12.556400770873237,-124.77542794364739,218.40226941526257,0.5337347456665753,251.2166194976187,1,1,2,1,0,0,2,1,0,1,0
669000.0,101,-61.157292,-144.323717,143.128722,12.617993,102,-61.155361,-144.326473,-149.61769,25.814335,249.191234,3,-1,1,7,-34.549828908889566,145.45258517955114,-177.67855090888958,-64.92972482044888,67.25358799999995,0.00017438100000000033,20.6270891172659,12.175036895894474,-141.3220172747006,205.2421948232185,-0.7378947523804288,248.58475437490173,0,1,2,1,1,0,2,0,1,1,0
670000.0,101,-61.15738,-144.323647,153.897688,10.998218,102,-61.155615,-144.326774,-150.166383,28.038331,257.221728,3,-1,1,7,-40.52147451514406,139.48126455129946,165.58083748485595,-70.35235244870057,55.93592899999999,0.002223996,18.787538939967337,14.44600738272341,-167.12544592971653,195.5303114049057,-0.5564655775812755,256.87758346211126,1,1,2,1,0,1,2,1,1,0,0
671000.0,101,-61.157412,-144.323489,121.631869,8.748106,102,-61.155826,-144.32697,-151.635989,27.3401,256.713168,3,-1,1,7,-46.63809383753836,133.36495531540098,-168.26996283753834,-74.99905568459906,86.73214200000001,-0.0006982309999999998,20.436951338851216,19.469815192088248,-186.63851578929604,176.2603615353291,-0.5196528102701629,256.3575621625062,0,1,2,1,1,2,2,0,1,1,0
672000.0,101,-61.157495,-144.323391,145.109367,10.322469,102,-61.155897,-144.326831,-158.925922,19.898018,248.104215,3,-1,1,7,-46.083275663587365,133.91973757804934,168.80735733641265,-67.15434042195068,55.964710999999966,-0.007442081999999999,13.059397365235466,10.100207408521154,-178.7215439373354,172.08809149218118,-2.284829069655647,245.47030996485842,1,1,2,1,0,0,2,1,1,1,0
673000.0,101,-61.157544,-144.323352,151.767338,6.699282,102,-61.156117,-144.32686,-164.875555,21.311849,237.369983,3,-1,1,7,-49.8630344501467,130.1400383595027,158.3696275498533,-64.9844066404973,43.35710700000001,0.0014138309999999982,8.729726918815121,14.671341656958417,-181.4706984017333,153.01272643478853,2.3332869322523266,234.196500651626,1,1,2,1,1,0,2,1,0,1,0
674000.0,101,-61.157586,-144.323215,128.424997,7.916406,102,-61.156371,-144.326841,-171.050417,23.526763,226.557024,3,-1,1,7,-55.21799014501237,124.78518603052085,176.35701285498763,-64.16439696947913,60.52458600000003,0.002214914,9.86183753438235,18.3203748053356,-186.0777102018495,129.24074779175913,1.4026448259754847,225.134329549976,1,1,2,1,0,0,2,0,0,1,0
675000.0,101,-61.157623,-144.323046,117.299131,9.279284,102,-61.156672,-144.32686,-173.824653,26.973576,224.534117,3,-1,1,7,-62.66841485758031,117.33492600093342,-179.96754585758032,-68.84042099906657,68.876216,0.0034468130000000026,11.147386578843314,22.561243139552637,-199.46808476593353,103.09244810741495,0.19638366581054426,224.49898606266675,0,1,2,1,1,0,2,0,0,1,0
676000.0,101,-61.157664,-144.322796,110.666428,12.820086,102,-61.156942,-144.326908,-174.260238,28.110901,233.57888,3,-1,1,7,-70.00158842886069,110.00201346695816,179.33198357113932,-75.73774853304184,75.07333400000002,0.001137324999999997,14.806504968726943,23.44541409173675,-219.4945646020688,79.88259692951054,-2.391012001433005,228.84447808237962,1,1,2,1,0,1,2,0,1,0,0
677000.0,101,-61.157756,-144.32263,133.539342,13.529451,102,-61.157217,-144.32694,-175.076254,28.992644,236.153505,3,-1,1,7,-75.46850513695792,104.53527020308903,150.99215286304207,-80.38847579691094,51.38440399999996,0.0008817430000000002,12.295954106356959,19.565859625635817,-228.59892201488285,59.253782811045326,-3.648697749962524,225.44670022252427,1,1,1,1,1,1,2,1,1,1,0
678000.0,101,-61.157812,-144.322527,134.934912,9.540533,102,-61.157314,-144.326822,179.764724,22.612909,229.797867,3,-1,1,7,-76.48681579520465,103.51694640852702,148.57827220479535,-76.24777759147298,44.829812000000004,-0.006379735,6.660978829611879,15.874210776115671,-223.43618353792306,53.696662501102026,-2.524655323883913,226.9032923380536,1,1,1,1,1,0,2,1,1,0,0
679000.0,101,-61.157791,-144.322412,81.945784,6.393667,102,-61.157502,-144.326664,173.415456,22.183804,221.403896,3,-1,1,7,-81.98195459376956,98.0217699470295,-163.92773859376956,-75.39368605297051,91.46967199999995,-0.00042910499999999983,3.786800916930684,22.93329092132505,-219.23949287437705,30.88251816424293,-0.32608389836801144,221.35397576339307,0,1,2,1,1,0,2,0,1,1,0
680000.0,101,-61.157836,-144.322231,114.867155,9.693004,102,-61.15765,-144.326412,163.993882,20.930971,213.326888,3,-1,1,7,-84.73291113376585,95.2707512178665,160.39993386623416,-68.72313078213351,49.12672699999996,-0.001252832999999999,3.022813437802178,16.04346339902418,-212.42613490260868,19.583114004244777,-1.7975062769881256,212.58072883210616,1,1,2,1,0,0,2,1,1,1,0
681000.0,101,-61.157836,-144.322044,93.892223,9.72052,102,-61.15783,-144.326094,155.591804,22.053176,206.71328,3,-1,1,7,-89.82581476476261,90.17773284034453,176.2819622352374,-65.41407115965546,61.69958100000002,0.001122205000000001,0.5849621491399013,19.422336013922806,-206.71232475348498,0.6284292865231724,-0.4976277045821495,206.677723414412,1,1,2,1,0,0,2,0,1,1,0
682000.0,101,-61.157821,-144.321773,84.434516,13.290392,102,-61.157946,-144.32573,145.099719,21.390891,202.038855,3,-1,1,7,-93.74837112849855,86.25509501484088,-178.18288712849855,-58.84462398515912,60.66520299999996,-0.0006622850000000006,0.9889451034028163,18.832665954167876,-201.60664988349444,-13.208241838531077,-3.5538619313476265,205.2470643688891,0,1,2,1,1,0,2,1,1,1,0
683000.0,101,-61.15782,-144.321458,88.924651,15.922057,102,-61.158191,-144.325355,145.167017,25.607525,204.99738,3,-1,1,7,-101.16564203338093,78.83777155685631,169.90970696661907,-66.32924544314368,56.242366000000004,0.0042166339999999995,1.2925884745675411,21.317996053717852,-201.11707755455882,-39.69693845598144,-6.463476065761092,216.28521341416126,1,1,2,1,0,1,2,1,1,0,0
684000.0,101,-61.157822,-144.321176,90.396832,15.361958,102,-61.15844,-144.324926,143.780775,29.069252,203.850556,3,-1,1,7,-108.86332415184467,71.13996067718146,160.73984384815532,-72.64081432281854,53.38394299999999,0.003461727,-1.8147454688081641,23.345574194140205,-192.90225413076493,-65.90727981626097,-4.545898442363618,205.1333284514046,1,1,2,1,1,0,2,1,1,1,0
685000.0,101,-61.157751,-144.321035,56.12429,11.80674,102,-61.158646,-144.324452,139.807093,30.485299,199.58424,3,-1,1,7,-118.5022032724604,61.500789865704405,-174.6264932724604,-78.3063031342956,83.68280300000004,0.0014160470000000025,-9.871557833941155,29.867982454018573,-175.39438326183128,-95.24011327470917,-2.126048930343835,198.9301263856314,0,1,2,1,1,0,2,0,1,1,1
686000.0,101,-61.157756,-144.320837,86.889403,10.414887,102,-61.158777,-144.323961,132.87945,29.634185,191.819458,3,-1,1,7,-124.11934322342128,55.883393261696945,148.99125377657873,-76.99605673830305,45.990047000000004,-0.0008511140000000026,-11.316003359333383,20.729969009346533,-158.80176921199856,-107.59508614501365,-1.0858922764677292,191.0787277808656,1,1,1,1,0,0,2,1,1,1,1
687000.0,101,-61.157685,-144.320715,48.462087,10.248876,102,-61.158805,-144.323507,121.808444,26.519702,183.287764,3,-1,1,7,-129.74734724327163,50.25509842404245,-178.20943424327163,-71.55334557595754,73.34635700000001,-0.003114483,-14.865382265443046,20.774220648448612,-140.9247264641841,-117.19482029131916,-0.8511573372858486,182.99952378366916,0,1,2,1,1,0,2,0,1,1,1
688000.0,101,-61.157629,-144.320554,53.184337,10.449296,102,-61.158815,-144.322977,110.830175,26.082429,173.972278,3,-1,1,7,-135.41864684507019,44.58347559429344,171.39701615492982,-66.24669940570655,57.64583799999997,-0.0004372729999999976,-16.012275394474926,15.53655395549357,-122.11484540872758,-123.91254191288243,0.0879986127431289,173.968099485353,1,1,2,1,0,0,2,1,0,1,1
689000.0,101,-61.15758,-144.320377,58.673836,10.788961,102,-61.158718,-144.322685,94.796573,21.772828,176.040027,3,-1,1,7,-135.62794333863513,44.37407836451057,165.69822066136487,-50.42249463548943,36.12273699999997,-0.004309601000000001,-12.480414072363505,7.429886131687329,-123.10739744607427,-125.83584465570627,3.699519084583261,171.54306772689057,1,1,2,1,1,1,2,1,0,1,1
690000.0,101,-61.157499,-144.320174,50.942798,13.466516,102,-61.158692,-144.3224,90.211661,19.71808,183.821986,3,-1,1,7,-138.01084255779406,41.99110731593928,171.04635944220593,-48.220553684060725,39.26886300000001,-0.002054748,-9.260963025947085,8.558039206706757,-122.97506359263394,-136.62963174718666,-0.35380571220581436,183.81758660457336,1,1,2,1,0,1,2,0,1,0,1
691000.0,101,-61.157399,-144.319951,47.110555,15.747331,102,-61.15879,-144.321829,100.048753,23.51579,186.650014,3,-1,1,7,-146.92524597297717,33.07639906886992,165.96419902702283,-66.97235393113009,52.93819800000006,0.0037977099999999984,-11.617479246370573,14.820589781513007,-101.86103250357019,-156.40510792012776,-7.317712008409157,192.92865111317704,1,1,2,1,1,1,2,0,1,0,1
692000.0,101,-61.15737,-144.319847,58.624754,8.546195,102,-61.158827,-144.321387,100.005421,23.709436,183.14058,3,-1,1,7,-152.98479216420137,27.016556805174645,148.39045383579864,-72.98886419482535,41.38066700000002,0.0001936460000000011,-16.052312158673534,8.568807447987439,-83.1873927082518,-163.1573772072213,-0.22377844281436848,183.10921434093345,1,1,1,1,1,0,2,1,1,1,1
693000.0,101,-61.157289,-144.319759,33.53583,9.879779,102,-61.158806,-144.321108,94.73746,20.850458,180.886524,3,-1,1,7,-156.78259493660056,23.21858672489232,169.68157506339944,-71.51887327510768,61.20163000000002,-0.0028589780000000003,-15.321058149454029,9.95723723522083,-71.30928489283603,-166.2375422486597,-2.3085838533162844,178.60891052568067,1,1,2,1,0,0,2,0,1,1,1
694000.0,101,-61.157252,-144.319634,53.072815,7.988722,102,-61.158781,-144.320692,90.162629,21.267215,174.335204,3,-1,1,7,-161.54164227492936,18.459284483771253,145.38554272507065,-71.70334451622874,37.08981399999999,0.0004167570000000005,-14.880947451653395,4.859985867598186,-55.197199183099414,-165.366358598304,0.07990250795657226,174.33157496759532,1,1,1,1,1,0,2,1,0,1,1
695000.0,101,-61.157146,-144.319559,23.562319,11.708917,102,-61.158619,-144.320659,66.477583,16.608078,165.03151,3,-1,1,7,-160.18929675174115,19.811666795840207,176.24838424825884,-46.665916204159785,42.91526399999998,-0.0046591370000000016,-10.547416873633317,4.104281578981936,-55.93143593684527,-155.26452836022358,-0.4583978933163071,164.98162061962515,1,1,2,1,0,0,2,0,1,1,1
696000.0,101,-61.157075,-144.319517,19.302384,8.876507,102,-61.158505,-144.320302,61.579384,18.744736,157.977248,3,-1,1,7,-165.1681015136254,14.832586108350725,175.5295144863746,-46.74679789164927,42.27699999999999,0.0021366580000000005,-13.551409371664981,-0.5438489276421397,-40.43964491347699,-152.71360779225077,3.3892819888703394,150.9702012573047,1,1,2,1,1,0,2,1,0,1,1
697000.0,101,-61.156965,-144.319533,1.015985,11.628607,102,-61.158338,-144.320048,51.047604,20.043939,149.165623,3,-1,1,7,-169.74384942836494,10.25660168608582,-170.75983442836494,-40.79100231391418,50.03161899999998,0.001299203000000002,-15.381350266627589,-0.9743341918932646,-26.55881670711061,-146.7821935389175,2.2814754568806235,144.81091764526127,0,1,2,1,1,0,2,0,0,1,1
698000.0,101,-61.15684,-144.319616,-13.055084,13.878838,102,-61.15813,-144.319918,37.591985,21.042722,137.569729,3,-1,1,7,-173.55674364543358,6.443520891150881,-160.5016596454336,-31.14846410884912,50.647069000000045,0.0009987829999999996,-15.971841622312287,-3.1536100922367662,-15.437959590699776,-136.70076715516032,2.482310407868145,131.12669231243981,0,1,2,1,0,0,2,0,0,1,1
699000.0,101,-61.156753,-144.319778,-34.878552,12.519121,102,-61.15794,-144.319599,37.733962,23.270501,131.409296,3,-1,1,7,175.839313326672,-4.160843467972616,-149.28213467332802,-41.89480546797262,72.61251400000003,0.0022277789999999983,-21.40037125834324,-8.133468497257837,9.534253716529841,-131.06296609372328,1.63518330988473,125.90038738511882,0,1,1,1,0,0,2,0,0,1,1
700000.0,101,-61.156635,-144.320038,-43.571898,17.512665,102,-61.157763,-144.319123,43.563864,26.172327,136.050949,3,-1,1,7,158.62924287519664,-21.371558615913578,-157.79885912480336,-64.93542261591358,87.135762,0.0029018259999999997,-30.10784527604874,-6.276541163000607,49.57717539111675,-126.69634724031728,-0.737362983700129,134.1476605617585,0,1,2,1,1,1,2,0,1,0,1
701000.0,101,-61.156596,-144.320052,-34.353959,6.980366,102,-61.157641,-144.318643,50.829865,26.627204,148.118283,3,-1,1,7,146.95883700787599,-33.04239719983104,-178.687203992124,-83.87226219983104,85.18382400000002,0.00045487699999999974,-24.58242123651783,-11.055653897501646,80.7602229935481,-124.16445602868991,-0.8261239511262626,146.36515455847206,0,1,2,1,1,1,2,1,1,0,1
702000.0,101,-61.156553,-144.320154,-45.745469,7.057201,102,-61.157541,-144.318214,55.8196,25.932855,156.441754,3,-1,1,7,136.55278713324677,-43.44891220054197,-177.70174386675325,-99.26851220054198,101.565069,-0.0006943489999999989,-26.508243067090152,-9.644241385925895,107.58280240001332,-113.57800413088886,-2.182048858585741,143.51745138634135,0,1,2,1,0,1,2,0,1,1,1
703000.0,101,-61.156542,-144.320177,-51.895052,2.917941,102,-61.157417,-144.317828,56.021643,25.592333,161.101589,3,-1,1,7,127.67491755048172,-52.32714004364424,179.56996955048172,-108.34878304364423,107.916695,-0.000340522,-23.518484461334424,-12.502362858469024,127.51048454578587,-98.46216689279096,-2.48448874464836,146.79381160798707,1,1,2,1,0,1,2,0,1,0,1
704000.0,101,-61.156531,-144.320279,-73.315878,4.789786,102,-61.157241,-144.317511,50.618469,25.730335,163.270316,3,-1,1,7,118.00115479839884,-62.00126981438889,-168.68296720160117,-112.61973881438888,123.934347,0.0001380020000000002,-24.47610319128469,-14.950294841707834,144.15758756933252,-76.65367592575114,-2.9865563089525784,140.5839349152553,0,1,2,1,1,1,2,0,1,1,1
705000.0,101,-61.156542,-144.320375,-99.379449,5.103074,102,-61.157021,-144.317306,41.308653,25.854403,162.894819,3,-1,1,7,107.92943653851921,-72.07325173062995,-152.6911144614808,-113.38190473062994,140.68810200000001,0.00012406800000000118,-22.101731681582798,-20.252567002999,154.98405517909111,-50.146432547961005,-2.996632536033378,141.99207778278648,0,1,1,1,0,2,2,0,1,0,1
706000.0,101,-61.156564,-144.320396,-134.152246,3.102451,102,-61.156776,-144.317245,29.522886,25.760221,159.979178,3,-1,1,7,97.94092972090722,-82.06183037275676,-127.9068242790928,-111.58471637275676,163.67513199999996,-9.418199999999999e-05,-14.919876276173294,-24.57655250962353,158.44514179752375,-22.101457741928943,-2.5748465344789886,147.29914969282305,0,1,1,1,0,0,2,0,1,0,1
707000.0,101,-61.156542,-144.320533,-74.048051,6.157738,102,-61.156685,-144.317348,21.150235,19.034404,155.414012,3,-1,1,7,95.31852508815359,-84.68426478598789,169.36657608815358,-105.83449978598789,95.198286,-0.006725817000000003,-12.788510881064035,-16.059861884396092,154.74492056989254,-14.40571705101129,-4.903308169427452,130.9522343303242,1,1,2,1,0,0,2,1,1,1,1
708000.0,101,-61.156548,-144.320654,-92.722943,6.364058,102,-61.156446,-144.31756,2.738283,21.15077,149.736068,3,-1,1,7,86.09201446178167,-93.91069569856654,178.81495746178166,-96.64897869856654,95.46122600000001,0.0021163660000000028,-7.367326529784879,-21.42895326403872,149.3879001354724,10.205163066543749,-3.558113516849107,139.7617280432487,1,1,2,1,0,0,2,0,1,0,1
709000.0,101,-61.156593,-144.320805,-119.508284,8.729067,102,-61.156207,-144.317776,-7.521481,23.47385,156.042046,3,-1,1,7,75.20423124234847,-104.79842197937309,-165.28748475765153,-97.2769409793731,111.98680300000001,0.0023230799999999973,-4.524094198827367,-27.57137426247367,150.8680429132287,39.8491373482325,-4.205955305080734,152.23412216211568,0,1,2,1,1,1,2,0,1,0,1
710000.0,101,-61.156619,-144.320947,-112.019786,8.261454,102,-61.155881,-144.318013,-12.374163,28.971644,174.756493,3,-1,1,7,62.46388278288083,-117.5386872209508,174.48366878288084,-105.16452422095081,99.645623,0.005497794000000003,-1.4503424873990776,-31.396044234110118,154.96000531593495,80.79126560553725,-4.333334082591062,158.61207078240332,1,1,2,1,0,1,2,1,1,0,1
711000.0,101,-61.15665,-144.321096,-113.32592,8.599475,102,-61.155607,-144.318114,-11.562662,29.73863,197.389733,3,-1,1,7,54.058611919756345,-125.94400012594943,167.38453191975634,-114.38133812594943,101.76325800000001,0.0007669859999999992,-1.9358204385226134,-32.540172924103345,159.8102528661198,115.85935341040938,-6.019906873666548,168.3898739997308,1,1,2,1,1,1,2,0,1,0,1
712000.0,101,-61.156709,-144.321189,-136.048795,8.388316,102,-61.155372,-144.318154,-9.6754,28.467583,216.927404,3,-1,1,7,47.60056305402289,-132.4020954140984,-176.3506419459771,-122.7266954140984,126.37339499999999,-0.0012710469999999993,-1.0374359016693884,-34.10166195657798,160.19263746675972,146.27309222007477,-7.6239502514231,190.05680594120054,0,1,2,1,1,1,2,0,1,0,1
713000.0,101,-61.156702,-144.32114,137.839136,0.383112,102,-61.155232,-144.318085,-5.342155,23.695163,233.282655,3,-1,1,7,45.075579199920845,-134.92709678514947,-92.76355680007916,-129.58494178514948,143.181291,-0.00477242,2.4632448621147427,-23.8762291361481,165.17319780273948,164.73800973505215,-6.294397848781051,181.25487241319234,0,1,1,1,0,1,2,0,1,1,1
714000.0,101,-61.156776,-144.321206,-160.342566,7.383671,102,-61.15497,-144.318358,-13.011919,26.220641,246.074927,3,-1,1,7,37.264147482824235,-142.73834718119747,-162.39328651717577,-129.72642818119746,147.33064700000003,0.002525478,3.419840075769301,-32.50073606684382,148.99603514582344,195.83935051179037,-9.627535578234683,216.33028302879404,0,1,2,1,1,1,2,0,1,0,0
715000.0,101,-61.15682,-144.321231,-162.466162,5.548569,102,-61.154829,-144.318496,-15.976199,23.056539,254.993182,3,-1,1,7,33.533795736639725,-146.46859994556846,-164.00004226336029,-130.49240094556845,146.489963,-0.003164102,4.674424284182251,-27.456783876726206,140.8655658661147,212.55214705973785,-10.69747484677682,207.41102411642132,0,1,2,1,1,1,2,1,1,1,0
716000.0,101,-61.15685,-144.321209,174.296506,3.706175,102,-61.154677,-144.318892,-27.602877,22.98995,259.805947,3,-1,1,7,27.22229094468819,-152.77973859544355,-147.0742150553118,-125.17686159544354,158.100617,-6.658900000000046e-05,11.02049696465864,-24.061068745989818,118.84665089556489,231.02944329127087,-7.977540462190185,210.42417099393788,0,1,1,1,0,1,2,0,1,0,0
717000.0,101,-61.156869,-144.321264,-138.754774,3.067429,102,-61.154586,-144.319367,-41.357099,22.531826,260.371523,3,-1,1,7,21.844869277747204,-158.156792369336,160.5996432777472,-116.79969336933598,97.39767499999999,-0.00045812400000000154,12.865600262723214,-19.218908103370477,96.88289870522046,241.67547233389973,-7.614110682605765,216.91846816551987,1,1,2,1,0,2,2,1,1,0,0
718000.0,101,-61.156908,-144.321367,-131.72823,6.108787,102,-61.154581,-144.319771,-55.957209,20.326984,256.649205,3,-1,1,7,18.309071236010695,-161.69232675516687,150.0373012360107,-105.73511775516687,75.77102100000002,-0.0022048419999999994,12.284288787964162,-15.445285028281038,80.62449162783294,243.65653239116227,-10.126068197236075,222.81220001744646,1,1,1,1,1,0,2,1,1,0,0
719000.0,101,-61.156978,-144.321449,-148.346351,8.433618,102,-61.154623,-144.32032,-73.838527,21.28467,248.821134,3,-1,1,7,13.022859835630712,-166.97812909473168,161.36921083563072,-93.13960209473169,74.507824,0.0009576859999999989,16.017701611364895,-13.103486896232909,56.06930208592761,242.42151325458505,-7.50882642266413,227.6874299642598,1,1,2,1,0,0,2,1,1,0,0
720000.0,101,-61.157038,-144.321408,177.218914,6.723269,102,-61.15474,-144.320746,-91.406328,21.172142,238.507457,3,-1,1,7,7.912364140863249,-172.0882157284591,-169.30654985913677,-80.68188772845909,91.37475799999993,-0.00011252799999999752,21.49197798514634,-6.195731203594868,32.832528633363914,236.2368136174931,-1.648924451145813,236.10639433686885,0,1,2,1,1,0,2,0,1,0,0
721000.0,101,-61.157096,-144.321381,170.373814,6.669672,102,-61.154909,-144.321268,-106.408621,24.134869,226.301611,3,-1,1,7,1.4279353094610345,-178.5721636713599,-168.94587869053896,-72.1635426713599,83.21756499999998,0.0029627269999999975,24.267189824227668,0.24199657644211836,5.6393439993724055,226.23133501009994,0.32469301158234654,226.16385395279534,0,1,2,1,2,0,2,1,0,1,0
722000.0,101,-61.157209,-144.321346,171.751373,11.669406,102,-61.155121,-144.321824,-116.725983,28.115876,215.838528,3,-1,1,7,-6.302413634493886,173.69800506379866,-178.0537866344939,-69.57601193620133,71.52264399999996,0.003981007000000002,26.786384588678082,1.095702693683748,-23.69392963217097,214.53407157790232,-0.5507181596927531,215.32325545011943,0,1,2,1,1,0,2,1,1,1,0
723000.0,101,-61.157261,-144.321305,162.930458,7.0812,102,-61.155312,-144.322192,-123.658759,28.309725,214.529719,3,-1,1,7,-12.38336498075965,167.61741197703608,-175.31382298075962,-68.72382902296391,73.41078299999995,0.00019384900000000017,25.642252577745083,8.921268886065251,-46.00627476874365,209.53859552865632,0.9044638460380351,213.02225483907105,0,1,2,1,0,0,2,0,0,1,0
724000.0,101,-61.157397,-144.321314,179.003483,13.783016,102,-61.155441,-144.322441,-126.53628,25.592699,224.358183,3,-1,1,7,-15.534233502302952,164.46675368205752,165.46228349769706,-68.99696631794245,54.460237000000035,-0.0027170260000000004,20.802932243536194,1.4552129610659996,-60.08628156631588,216.1625153596129,-2.1115640380520007,219.83003436424212,1,1,2,1,0,1,2,1,1,0,0
725000.0,101,-61.157499,-144.321406,-163.378437,12.263197,102,-61.15561,-144.322935,-126.424008,27.768786,226.896757,3,-1,1,7,-21.33033154895078,158.6710077650029,142.0481054510492,-74.90498423499707,36.954428999999976,0.002176086999999999,18.836141512061488,4.737106897474451,-82.53242548100074,211.35405622163987,-1.3889764359695427,225.10586870163723,1,1,1,1,1,1,2,1,1,0,0
726000.0,101,-61.1576,-144.321482,-160.831542,11.991318,102,-61.155715,-144.322991,-131.701041,22.287204,220.74974,3,-1,1,7,-21.11667684962824,158.88464494682546,139.71486515037176,-69.41431405317451,29.13050100000001,-0.005481582,12.702898332417123,3.499940338805443,-79.52914323725297,205.9261107436745,-1.562146674960898,219.6578390436775,1,1,1,1,1,0,2,1,1,1,0
727000.0,101,-61.157652,-144.321395,161.305335,7.085569,102,-61.155905,-144.323264,-136.638351,23.410389,212.670949,3,-1,1,7,-27.29923678906911,152.70240034845017,171.39542821093087,-70.65924865154983,62.056313999999986,0.0011231849999999994,18.344697567771494,10.308423099493236,-97.5389186447211,188.98436945466966,0.34608265506496827,212.53716172075107,1,1,2,1,0,0,2,0,0,1,0
728000.0,101,-61.157729,-144.321284,149.368684,9.667029,102,-61.156098,-144.323402,-144.033472,22.997144,205.117514,3,-1,1,7,-32.06626052337444,147.93559472638938,178.56505547662556,-68.03093327361063,66.59784399999998,-0.00041324499999999986,18.43197603740127,10.29484667070985,-108.89681577619712,173.8236982213449,-0.4829005753574422,204.85820325262225,1,1,2,1,0,0,2,0,1,1,0
729000.0,101,-61.157835,-144.321144,148.710485,13.127891,102,-61.156348,-144.323572,-150.83749,25.075257,198.179444,3,-1,1,7,-38.2281181231706,141.7740086728682,173.0613968768294,-67.38850132713179,60.45202499999999,0.002078113000000002,19.03701881364059,10.678254944179642,-122.63224753176084,155.68051865746745,-1.4186088335494953,195.77241192396306,1,1,2,1,1,0,2,1,1,1,1
730000.0,101,-61.157905,-144.320989,136.741082,11.495385,102,-61.156594,-144.323648,-157.746402,25.828481,193.216313,3,-1,1,7,-44.37650622742061,135.62582291560628,178.8824117725794,-66.62777508439376,65.512516,0.0007532239999999995,17.659165183444987,15.533012462514618,-135.12975401283015,138.10319760869405,-0.46557277931790014,192.94537867427889,1,1,2,1,0,0,2,0,1,1,1
731000.0,101,-61.157951,-144.320803,120.658948,10.954324,102,-61.156864,-144.323657,-165.079016,27.048028,186.229119,3,-1,1,7,-51.7094092732504,128.2930906833689,-172.3683572732504,-66.62789331663112,74.262036,0.0012195469999999986,16.387612559438516,20.550115936062134,-146.1671648692634,115.39690064121193,-0.04065629673227956,186.22696483485095,0,1,2,1,1,0,2,0,1,1,1
732000.0,101,-61.158025,-144.320544,121.92417,14.926153,102,-61.157136,-144.323629,-171.018068,28.021016,182.368405,3,-1,1,7,-59.14888367957764,120.85381862542924,178.92694632042236,-68.12811337457077,67.057762,0.0009729880000000008,17.043277744116523,19.78451540674339,-156.5637748513673,93.52015583035771,-1.4973479710528586,179.82520122023175,1,1,2,1,0,0,2,1,1,1,1
733000.0,101,-61.158071,-144.320293,112.625958,14.404996,102,-61.157334,-144.32357,-175.418141,25.665924,187.70915,3,-1,1,7,-65.00594307205353,114.99692741875744,-177.63190107205352,-69.58493158124259,71.95590100000004,-0.002355091999999999,15.34660934409815,20.042104290629332,-170.13049195421203,79.3116681273335,-2.217971749771988,183.95304019005513,0,1,2,1,1,1,2,0,1,0,1
734000.0,101,-61.15815,-144.320139,130.547193,12.748938,102,-61.157614,-144.323549,-177.786061,27.689543,187.241911,3,-1,1,7,-71.95378212263373,108.04920487467759,157.49902487736628,-74.16473412532241,51.66674600000002,0.002023619,10.757217640846834,19.381118994967363,-178.03090788801694,58.00456078189321,-1.9525744712464903,183.96775629456798,1,1,1,1,0,2,2,1,1,0,1
735000.0,101,-61.158188,-144.319923,113.663732,12.100862,102,-61.157862,-144.323439,177.765667,27.68196,179.95919,3,-1,1,7,-79.12166793805363,100.88141191450424,167.21460006194638,-76.88425508549577,64.10193500000003,-7.58300000000034e-06,10.004158229872786,22.804014537656645,-176.72535106888822,33.962631744820875,-2.182927376091926,176.07591753098558,1,1,2,1,0,0,2,0,1,1,1
736000.0,101,-61.158162,-144.319745,80.636305,10.141668,102,-61.158061,-144.323239,170.988155,25.939282,173.990279,3,-1,1,7,-86.57227351223462,93.43078707186217,-167.20857851223462,-77.55736792813784,90.35185000000001,-0.0017426780000000014,5.94344074245206,27.269144419455866,-173.67901240758928,10.402780187155738,-1.6245341437957426,172.90496644848963,0,1,2,1,1,0,2,0,1,1,1
737000.0,101,-61.158188,-144.319597,104.23581,8.826319,102,-61.158205,-144.322962,161.436633,23.291516,166.252773,3,-1,1,7,-90.60149927700107,89.40144831141082,165.16269072299895,-72.03518468858918,57.200823000000014,-0.002647765999999997,1.140348661857833,19.909199722127024,-166.24361164171523,-1.7453132979753525,-0.8177814389916137,165.94891439261278,1,1,2,1,0,0,2,1,1,1,1
738000.0,101,-61.158206,-144.31952,111.138522,5.782125,102,-61.158408,-144.322614,153.837771,24.830516,158.896195,3,-1,1,7,-97.70903025621827,82.29367995117379,151.15244774378175,-71.54409104882622,42.69924900000001,0.0015389999999999978,-5.555075316950429,20.2014375052196,-157.4601023364537,-21.31471223525088,1.1804026215650827,157.5155636865925,1,1,1,1,1,0,2,1,0,1,1
739000.0,101,-61.158135,-144.319319,55.709891,11.225571,102,-61.158549,-144.322232,144.764625,24.254165,152.824419,3,-1,1,7,-106.41725789223256,73.58529376816311,-162.12714889223255,-71.17933123183688,89.05473400000005,-0.0005763509999999989,-4.718601435319389,26.134832177459653,-146.59359746440876,-43.19282608409004,-1.45521585761036,153.5469411735836,0,1,2,1,1,0,2,0,1,1,1
740000.0,101,-61.158151,-144.319122,92.446043,10.241135,102,-61.158717,-144.321778,138.212036,26.022282,147.017719,3,-1,1,7,-113.8352983143439,66.16702822725208,153.7186586856561,-72.04500777274794,45.76599299999998,0.0017681170000000003,-7.108816564572891,18.965553161739255,-134.4787073208813,-59.41116879230458,-0.6239796238723154,146.83597652871683,1,1,1,1,0,0,2,1,1,1,1
741000.0,101,-61.158071,-144.318952,52.089137,11.975353,102,-61.158747,-144.321397,125.585855,22.588013,140.431762,3,-1,1,7,-119.82033737785594,60.181804336324795,-171.90947437785593,-65.4040506636752,73.49671799999999,-0.0034342690000000006,-8.921410607170417,20.50254016767265,-121.83705135929866,-69.83417998728319,-1.6721776524070937,141.30045081731984,0,1,2,1,1,0,2,0,1,1,1
742000.0,101,-61.15803,-144.318847,53.444028,8.398131,102,-61.158827,-144.320923,119.058486,23.682565,132.661374,3,-1,1,7,-128.51556802514315,51.48625046151668,178.04040397485684,-67.57223553848331,65.61445800000001,0.0010945520000000002,-13.955495215143339,16.5046650990529,-103.7994304844431,-82.61185376610997,0.2681894321626195,132.61598553419236,1,1,2,1,0,0,2,1,0,1,1
743000.0,101,-61.158031,-144.318706,84.141678,7.368765,102,-61.158861,-144.320431,110.520452,24.151078,122.233676,3,-1,1,7,-134.92763518303218,45.07387584286006,140.9306868169678,-65.44657615713994,26.378773999999964,0.000468512999999998,-15.288342228574098,9.218082211202637,-86.54135654159839,-86.3230279613321,1.8312841497155607,118.6526998888511,1,1,1,1,1,0,2,1,0,1,1
744000.0,101,-61.158022,-144.318648,77.651988,4.413041,102,-61.158938,-144.319898,109.004805,26.085377,121.010261,3,-1,1,7,-146.64438303394186,33.35671191279062,135.70362896605815,-75.64809308720939,31.352817000000016,0.0019342990000000028,-20.352543323473686,9.438361032716875,-66.53554092960064,-101.07672858028974,0.8322327345907213,119.69132537580435,1,1,1,1,1,0,2,0,0,0,1
745000.0,101,-61.157945,-144.318579,27.618121,8.346393,102,-61.158999,-144.319555,109.142687,23.867871,129.384412,3,-1,1,7,-155.93058482235296,24.070270111898996,176.45129417764704,-85.072416888101,81.52456600000005,-0.002217506,-18.678903884923134,15.222175756493503,-52.76854304613156,-118.13469826166359,-1.9058329611177063,125.50636198296982,1,1,2,1,0,1,2,0,1,0,1
746000.0,101,-61.157898,-144.318519,31.690791,6.525012,102,-61.159129,-144.319204,116.242328,23.750014,147.07328,3,-1,1,7,-164.97466574163565,15.025934289336035,163.33454325836436,-101.21639371066397,84.551537,-0.00011785700000000077,-17.87433003009407,16.053614000480266,-38.12817713110463,-142.04503440323958,-3.6191923082253163,132.73390704870337,1,1,2,1,1,1,2,0,1,0,1
747000.0,101,-61.157909,-144.318424,90.993117,4.627688,102,-61.159276,-144.318796,120.734971,25.05517,158.76415,3,-1,1,7,-172.52163115807275,7.4786946984366125,96.48525184192727,-113.25627630156339,29.74185399999999,0.0013051560000000002,-16.908940423107726,12.724678190517485,-20.663452259520042,-157.41371308097982,-3.948941677195737,138.30873012928666,1,1,1,1,1,1,2,1,1,0,1
748000.0,101,-61.157944,-144.318372,135.171815,4.728976,102,-61.159392,-144.318451,122.038173,24.258403,165.245083,3,-1,1,7,-178.49247203139862,1.5075971693588506,46.33571296860134,-120.53057583064115,13.133642000000009,-0.0007967669999999991,-17.229874817845545,9.514794993631972,-4.347315712747583,-165.1878878785324,-3.7851918791284054,146.71379416707902,1,0,1,1,1,1,2,1,1,0,1
749000.0,101,-61.157916,-144.318227,72.180053,6.87268,102,-61.159445,-144.317849,112.723328,26.408319,166.377971,3,-1,1,7,173.1994447107252,-6.8008864017851005,101.0193917107252,-119.5242144017851,40.543274999999994,0.0021499159999999974,-17.815580000830266,12.304272303447021,19.701413134423742,-165.20739558077778,-5.810533816080695,125.72729468698284,1,1,1,1,0,1,2,0,1,1,1
750000.0,101,-61.157951,-144.318164,124.743475,5.215015,102,-61.159457,-144.317389,105.629282,25.438456,165.768702,3,-1,1,7,166.05907802813087,-13.941600840240593,41.315603028130866,-119.5708828402406,19.114193,-0.0009698630000000002,-20.21262961433164,3.881372307520227,39.93720941561799,-160.88592811945324,-3.3318629138809537,150.4710320682195,1,0,1,1,1,2,2,1,1,0,1
751000.0,101,-61.157972,-144.318053,113.489869,6.005673,102,-61.159474,-144.317107,103.081368,22.123736,169.628048,3,-1,1,7,163.10063840032714,-16.90019025725619,49.61076940032714,-119.98155825725618,10.408501000000001,-0.0033147199999999976,-16.041630372773085,2.613583604169751,49.309437242302074,-162.30296998865356,-4.553539884767451,152.26348694990992,1,0,1,1,0,1,2,1,1,0,1
752000.0,101,-61.157957,-144.317943,80.345695,5.856949,102,-61.159478,-144.31688,99.998745,18.882804,169.882292,3,-1,1,7,161.36994491036387,-18.630986234410926,81.02424991036386,-118.62973123441093,19.653050000000007,-0.0032409320000000006,-12.822003456229327,4.260786268026247,54.26999002077659,-160.98062404624378,-7.939284711160021,135.74520379393766,1,0,1,1,0,2,2,0,1,1,1
753000.0,101,-61.157937,-144.318001,-16.210919,2.156392,102,-61.159485,-144.316841,100.005303,13.615114,170.952504,3,-1,1,7,160.12674209139925,-19.874274021374358,176.33766109139924,-119.87957702137436,116.21622200000002,-0.00526769,-14.010059756107998,4.436135657289791,58.11370453965504,-160.77175115220862,-7.446524708361353,135.84029475295085,1,1,2,1,0,1,2,0,1,0,1
754000.0,101,-61.157954,-144.317969,139.209273,1.642409,102,-61.15949,-144.316922,102.174514,8.027981,170.80228,3,-1,1,7,161.79891487670275,-18.202002252795502,22.589641876702757,-120.37651625279551,37.03475900000001,-0.005587132999999999,-6.774447438880422,0.44955180194529953,53.350589184523685,-162.25638196034873,-9.341444232478764,158.36869902448703,1,0,1,1,1,2,2,1,1,0,1
755000.0,101,-61.15795,-144.317975,34.638193,0.142064,102,-61.159481,-144.316941,97.35324,5.117015,170.853679,3,-1,1,7,161.95530818007185,-18.045597561846225,127.31711518007185,-115.39883756184622,62.71504700000003,-0.002910966,-4.994184297417925,0.7717917297496186,52.923420815163595,-162.4502728746743,-15.321926545234454,152.46210963637554,1,1,1,1,0,2,2,0,1,1,1
756000.0,101,-61.157952,-144.317984,-109.958033,0.362532,102,-61.159473,-144.31698,91.960438,2.830315,170.939307,3,-1,1,7,162.33800149742362,-17.662877965712514,-87.70396550257635,-109.62331596571251,158.081529,-0.0022867,-3.1694177524125053,-0.02692024645286234,51.86318064545511,-162.8817275540051,-15.930726363780567,163.31635018594847,0,0,1,1,1,2,2,0,1,0,1
757000.0,101,-61.157983,-144.317992,-172.302345,2.934491,102,-61.159464,-144.316998,79.140141,1.669658,171.017899,3,-1,1,7,162.06048716029414,-17.940383543377123,-25.637167839705853,-97.08052454337712,108.55751400000003,-0.001160657,-2.0328182474305465,-3.2226233658843,52.67570053582201,-162.7033876458465,124.02013198997278,386.0671156328122,0,0,1,1,0,2,2,1,0,0,0
758000.0,101,-61.157982,-144.317978,132.304462,0.545975,102,-61.159481,-144.317185,-103.695608,2.079041,171.167494,3,-1,1,7,165.6845284974178,-14.316166138423679,33.3800664974178,89.37944186157631,123.99993,0.00040938300000000003,2.4237196628761533,0.12476192608535974,42.32298851851002,-165.8525720183504,13.8329544051232,167.80907402966483,1,0,1,1,0,2,2,0,0,1,1
759000.0,101,-61.157995,-144.317926,121.798543,2.515948,102,-61.159468,-144.317128,-62.67337,0.49055,171.368349,3,-1,1,7,165.3546354150211,-14.646063600630093,43.55609241502111,48.027306399369905,175.52808700000003,-0.001588491,2.574126099667701,-1.550932121870956,43.32799772982866,-165.80046939532397,71.1169756289672,150.35536659107353,1,0,1,1,0,2,2,0,0,1,1
760000.0,101,-61.157995,-144.317912,97.671546,1.165598,102,-61.159458,-144.317067,51.953589,0.92816,171.540398,3,-1,1,7,164.43168421241043,-15.569055973280443,66.76013821241042,-67.52264497328045,45.71795700000001,0.00043761,0.42422850488738795,-0.7276249948953232,46.03923965610567,-165.246774727636,1901.7638662977854,1436.4996764830826,1,0,1,1,0,2,2,1,0,0,0
761000.0,101,-61.157965,-144.317854,42.669724,3.778173,102,-61.159459,-144.317067,59.389346,0.588252,171.638756,3,-1,1,7,165.74280266672483,-14.257886713231757,123.07307866672483,-73.64723271323176,16.719622000000015,-0.000339908,2.0544594498027653,2.478449225518092,42.27034203560643,-166.35227905087558,-39.465207726124,141.11316263553505,1,1,1,1,0,2,2,1,1,1,1
762000.0,101,-61.157971,-144.317861,107.886,0.453917,102,-61.159465,-144.317098,-105.754077,0.17499,171.543067,3,-1,1,7,166.16062400734728,-13.840044349634784,58.274624007347285,91.91403265036521,146.35992300000004,-0.000413262,0.600395615413027,-0.09189749719501426,41.03323958411768,-166.5631924676004,108.7076158900419,158.43762452383388,1,0,1,1,1,2,2,0,0,0,1
763000.0,101,-61.157955,-144.317831,42.743271,1.93874,102,-61.15944,-144.316946,67.952056,2.647099,171.235726,3,-1,1,7,163.96139069859893,-16.03938452528528,121.21811969859894,-83.99144052528527,25.208784999999978,0.0024721089999999997,-1.1376658769387737,0.43014082762361017,47.309870853625135,-164.5705015443545,-105.61114734090431,139.64500894760715,1,1,1,1,0,2,2,1,1,1,1
764000.0,101,-61.157927,-144.317759,47.994087,4.242735,102,-61.159444,-144.316987,65.980957,1.076554,170.769422,3,-1,1,7,166.20779670284023,-13.792879537553684,118.21370970284022,-79.77383653755369,17.98687000000001,-0.0015705449999999998,2.1693381324189507,2.4010684097494477,40.71165309791655,-165.8455811658815,-39.727168079475916,145.14211438844941,1,1,1,1,1,2,2,1,1,0,1
765000.0,101,-61.157954,-144.317668,115.032339,4.827499,102,-61.159443,-144.317023,11.216155,0.330535,170.414464,3,-1,1,7,168.19769541587397,-11.802869577785533,53.16535641587397,-23.019024577785533,103.81618399999996,-0.000746019,4.309755040247191,-2.36688026737777,34.85579469241968,-166.81175952781982,67.01211387132717,254.08242268665705,1,0,1,1,1,2,2,0,0,0,0
766000.0,101,-61.157907,-144.317555,53.969864,6.96369,102,-61.159413,-144.316841,64.944965,3.442492,171.150763,3,-1,1,7,167.11826437992397,-12.882361054667369,113.14840037992397,-77.82732605466737,10.975100999999995,0.0031119570000000003,2.5130314748275686,2.638260747604285,38.156244403019066,-166.84329380751043,-33.59084293667455,145.40404530726823,1,1,1,1,0,2,2,1,1,1,1
767000.0,101,-61.157911,-144.317455,87.413141,5.447161,102,-61.159386,-144.316668,68.208412,5.467798,171.438855,3,-1,1,7,165.56674467366736,-14.433944705867845,78.15360367366736,-82.64235670586784,19.204728999999986,0.002025306,0.3645390438910976,-1.7839674767742357,42.73148183749478,-166.0280140930526,2127.283319595189,3702.2136312727685,1,0,1,1,1,2,2,0,0,0,0
768000.0,101,-61.157875,-144.317444,29.942189,3.912143,102,-61.159388,-144.316678,70.030024,3.513595,171.988245,3,-1,1,7,166.27609479619107,-13.724576188120507,136.33390579619106,-83.7546001881205,40.08783500000004,-0.0019542030000000003,-1.3496765395962713,2.1899972055074786,40.80308968551955,-167.0780185730471,-198.59775923733406,351.2573952089909,1,1,1,1,0,2,2,0,1,1,0
769000.0,101,-61.15789,-144.317334,99.647381,4.87463,102,-61.159382,-144.31661,73.313893,3.560733,172.250067,3,-1,1,7,166.82572083619732,-13.174913357884696,67.17833983619732,-86.48880635788468,26.33348799999999,4.71379999999999e-05,1.3948937850598688,-1.8392973734873688,39.258166393459796,-167.71667166065487,290.1661027566634,517.2330340711078,1,0,1,1,1,2,2,1,0,0,0
770000.0,101,-61.157835,-144.317273,36.879573,6.220122,102,-61.159357,-144.316481,69.897308,4.818873,170.341088,3,-1,1,7,165.90918687250914,-14.09150688649369,129.02961387250915,-83.98881488649369,33.017735000000016,0.00125814,-0.7923846780818709,3.3192022627920763,41.471155813841925,-165.21570596189636,-261.06379822646005,720.5464167222301,1,1,1,1,0,0,2,0,1,0,0
771000.0,101,-61.157856,-144.317117,98.747793,7.140901,102,-61.159347,-144.316512,60.284825,2.971086,169.827735,3,-1,1,7,168.92537794622683,-11.075152008601288,70.17758494622683,-71.35997700860129,38.46296799999999,-0.0018477869999999998,4.4774445735911055,-2.5587599683473954,32.621751922320236,-166.66517595691315,38.791834025875964,156.34372672365805,1,0,1,1,1,2,2,0,0,1,1
772000.0,101,-61.157827,-144.316987,70.727957,7.443002,102,-61.159323,-144.316397,63.033223,4.1808,171.151727,3,-1,1,7,169.22867403649497,-10.771842778826924,98.50071703649496,-73.80506577882693,7.694733999999983,0.0012097139999999995,3.2996918479969306,0.5607081944687062,31.98649478547708,-168.1361882713569,0.9618348799236334,171.11866361732558,1,1,1,1,0,1,2,1,0,0,1
773000.0,101,-61.157843,-144.316898,101.127235,5.530495,102,-61.159291,-144.316221,65.32805,6.074198,170.705382,3,-1,1,7,167.29068432113027,-12.709908702495555,66.16344932113027,-78.03795870249556,35.799184999999966,0.0018933980000000003,-0.09317306681666881,-3.6028267381105232,37.5560056269135,-166.52289297606248,721.7879327926262,2436.209449133168,1,0,1,1,1,2,2,0,0,0,0
774000.0,101,-61.157798,-144.316819,48.405037,6.113645,102,-61.159275,-144.31612,67.677149,5.950848,171.092381,3,-1,1,7,167.14045709289573,-12.86015520160363,118.73542009289574,-80.53730420160363,19.272111999999993,-0.0001233500000000003,-0.9327525069535039,1.798325646895321,38.07862354171868,-166.80114287803073,-341.89966214095523,528.7816526187128,1,1,1,1,0,2,2,1,1,1,0
775000.0,101,-61.157778,-144.316859,-5.259428,2.505426,102,-61.159277,-144.316184,63.7862,2.991696,170.382805,3,-1,1,7,167.74493024614335,-12.255661025340553,173.00435824614334,-76.04186102534055,69.04562800000002,-0.0029591519999999996,-2.9136671322455765,1.1733800100525542,36.16615966652044,-166.50017758141811,-36.50951139300036,142.20216713540844,1,1,2,1,0,2,2,0,1,1,1
776000.0,101,-61.157788,-144.316772,98.23674,3.307551,102,-61.159247,-144.316021,65.789015,5.039711,169.9778,3,-1,1,7,166.0556589083194,-13.94499893588547,67.8189189083194,-79.73401393588547,32.44772499999999,0.0020480149999999994,-1.3229934304805675,-2.5406265133013055,40.96111529011587,-164.96860163991764,102.65155503662444,201.07361792142888,1,0,1,1,1,2,2,1,0,0,0
777000.0,101,-61.157751,-144.31667,55.758585,5.914651,102,-61.159223,-144.315877,67.680369,6.037757,171.293916,3,-1,1,7,165.43291078563914,-14.567783848573455,109.67432578563914,-82.24815284857345,11.921784000000002,0.0009980460000000005,-0.6959175422191182,1.035084220826664,43.08272600818255,-165.78746749473834,-462.45018941677637,419.0429846682467,1,1,1,1,0,1,2,1,1,0,0
778000.0,101,-61.157716,-144.316626,38.540485,4.919378,102,-61.159203,-144.315776,67.762448,5.990992,170.820392,3,-1,1,7,164.5845253558526,-15.416219207750128,126.04404035585262,-83.17866720775014,29.221963000000017,-4.6764999999999726e-05,-2.480294069787782,1.580504412528112,45.40687771377488,-164.67489723488507,-67.66458897432632,135.3506040362972,1,1,1,1,0,2,2,0,1,1,1
779000.0,101,-61.157722,-144.316493,89.779944,6.004368,102,-61.159184,-144.315649,69.583467,6.341508,171.259249,3,-1,1,7,164.43896614026215,-15.561773167538002,74.65902214026215,-85.145240167538,20.196477000000016,0.0003505159999999998,0.0611805711946678,-2.189126514184374,45.94281511524363,-164.98178113758667,1393.460591826747,2885.7475007357766,1,0,1,1,1,2,2,1,0,0,0
780000.0,101,-61.157718,-144.316364,86.43546,6.675289,102,-61.159186,-144.315649,72.403166,4.284322,171.430417,3,-1,1,7,166.77842005951248,-13.222206249841165,80.34296005951248,-85.62537224984116,14.032294000000036,-0.002057186,2.5785276473857275,-0.8802026735832539,39.20914388318956,-166.8862813677063,41.24620852119705,146.8331107298804,1,0,1,1,0,2,2,1,0,1,1
781000.0,101,-61.157695,-144.316197,75.14978,8.637418,102,-61.159179,-144.315594,73.344914,3.883425,170.457691,3,-1,1,7,168.91024743823866,-11.090280763815155,93.76046743823865,-84.43519476381516,1.804866000000004,-0.0004008970000000005,4.628415156286126,1.10068362694923,32.78693305946351,-167.27474836808378,-1.4119669362037668,170.3219053565026,1,1,1,1,0,2,2,1,1,0,1
782000.0,101,-61.157687,-144.316206,62.470064,2.272302,102,-61.159157,-144.31548,70.028958,4.777336,170.040728,3,-1,1,7,166.5998993701982,-13.400736574461819,104.12983537019818,-83.42969457446182,7.558894000000009,0.0008939110000000002,-2.4750446185968515,-0.581390777852056,39.40687273834383,-165.41144930068762,-0.20610308975867153,170.03988079435476,1,1,1,1,0,2,2,0,1,1,1
783000.0,101,-61.157663,-144.316097,62.565512,5.382095,102,-61.159159,-144.315601,47.55034,1.378442,171.338373,3,-1,1,7,170.9134784360267,-9.086956038523414,108.34796643602671,-56.63729603852342,15.015172000000007,-0.0033988940000000004,3.7597031382474357,1.5493460709698366,27.05874630425148,-169.18824519076165,-8.75437897595897,166.78056256452493,1,1,1,1,0,1,2,0,1,1,1
784000.0,101,-61.157627,-144.316083,26.606819,4.185102,102,-61.15915,-144.315589,43.117691,1.309207,170.953422,3,-1,1,7,171.10736914881292,-8.893063573727577,144.50055014881292,-52.01075457372758,16.510872000000006,-6.923499999999993e-05,0.9795208814862882,2.786246323680159,26.426547138631715,-168.89852012329698,-65.31627481447974,91.34776915651003,1,1,1,1,0,2,2,0,1,1,1
785000.0,101,-61.157595,-144.315959,56.265546,6.397037,102,-61.159124,-144.31539,67.399399,4.330242,172.528955,3,-1,1,7,169.8231320096408,-10.177366409514695,113.5575860096408,-77.57676540951469,11.133853000000045,0.0030210350000000005,1.3221997808591985,1.8884263430189627,30.483688493120784,-169.81456076922967,-86.31888476920483,144.7746461647205,1,1,1,1,1,1,2,1,1,0,1
786000.0,101,-61.157578,-144.31585,68.746625,6.126209,102,-61.159098,-144.315209,69.688247,6.178234,171.385306,3,-1,1,7,168.50154865318194,-11.49901283469641,99.75492365318195,-81.18725983469642,0.9416219999999953,0.0018479919999999997,-0.08451330311914251,0.0760692857724039,34.164195040737575,-167.94561884709015,-2715.1230076627044,199.07624169665692,1,1,1,1,1,0,2,1,1,0,1
787000.0,101,-61.157576,-144.315831,78.102051,2.416972,102,-61.159064,-144.315086,65.37529,6.651004,168.832352,3,-1,1,7,166.42229144381477,-13.578361143419073,88.32024044381477,-78.95365114341908,12.72676100000001,0.00047277000000000056,-3.6810917246858836,-2.272987913544788,39.63574900822367,-164.11389484869645,12.933950746495894,160.49979920357995,1,0,1,1,1,0,2,0,0,1,1
788000.0,101,-61.157582,-144.315803,105.884165,1.828848,102,-61.159035,-144.314957,65.155894,6.980988,170.350893,3,-1,1,7,164.3119534848669,-15.688787573828462,58.42778848486691,-80.84468157382847,40.72827100000001,0.00032998399999999964,-4.575910626767349,-3.433611061539436,46.06281263764334,-164.00501223379368,12.419107910739124,159.10862981332906,1,0,1,1,1,1,2,0,0,1,1
789000.0,101,-61.157563,-144.315733,62.157907,3.605283,102,-61.159005,-144.314826,64.882998,7.241276,169.576586,3,-1,1,7,163.12164105934326,-16.8791534325042,100.96373405934327,-81.7621514325042,2.7250909999999635,0.00026028800000000007,-3.3686332188138994,-1.389892506110495,49.23499773600302,-162.27178903725434,4.4235222345128795,168.78395543999832,1,1,1,1,0,2,2,1,0,0,1
790000.0,101,-61.157532,-144.315584,64.48424,7.374129,102,-61.158979,-144.314718,64.631694,7.004841,169.00616,3,-1,1,7,163.89685629472112,-16.103902282724896,99.41261629472112,-80.73559628272488,0.147453999999982,-0.00023643500000000017,0.3255256595809435,0.17535333030705225,46.87679393099234,-162.37502366034278,-98.82085240691254,165.18676937269043,1,1,1,1,1,2,2,1,1,1,1
791000.0,101,-61.157483,-144.315544,33.835385,6.150446,102,-61.158952,-144.314604,64.139837,6.959871,168.932772,3,-1,1,7,162.84606809438918,-17.15475530343725,129.01068309438918,-81.29459230343724,30.304452000000026,-4.4970000000000174e-05,-2.8382963955698863,2.0730807760220973,49.82501025119935,-161.41793521499358,-64.99852345503164,137.27585976768862,1,1,1,1,0,2,2,0,1,1,1
792000.0,101,-61.157445,-144.315454,45.57043,6.239169,102,-61.158943,-144.314604,62.39954,4.848815,169.953347,3,-1,1,7,164.6922742749304,-15.308470286777675,119.12184427493041,-77.70801028677768,16.829110000000014,-0.0021110559999999996,0.15844311448259685,2.121146579574889,44.86821179775348,-163.92371313075589,-244.77819630870667,365.00171148709524,1,1,1,1,1,1,2,1,1,0,0
793000.0,101,-61.157422,-144.31531,67.251665,7.394094,102,-61.158925,-144.314533,62.415754,4.679619,169.966768,3,-1,1,7,165.9974844595202,-14.003196157334097,98.74581945952019,-76.4189501573341,4.83591100000001,-0.00016919600000000034,2.671232685878671,0.6922704814821272,41.12592330149961,-164.9162231466783,-0.5383365226783329,169.95960948425164,1,1,1,1,1,2,2,1,1,1,1
794000.0,101,-61.157415,-144.315192,79.797212,6.568051,102,-61.15892,-144.314528,61.7243,3.335778,169.942682,3,-1,1,7,167.98530076686563,-12.015280867064234,88.18808876686563,-73.73958086706423,18.07291200000003,-0.001343841,3.5264429040749157,-0.41679106398047105,35.37571525288424,-166.21995649048876,16.446490339284576,160.96278780316518,1,0,1,1,1,2,2,0,0,1,1
795000.0,101,-61.157434,-144.315173,121.652566,3.043116,102,-61.158922,-144.314564,57.458366,1.652831,169.799586,3,-1,1,7,168.83193090218276,-11.168602554263884,47.17936490218277,-68.62696855426388,64.19419999999997,-0.001682947,1.197102005156513,-2.486005317510317,32.88808030240336,-166.5841336376129,-999,2921.126575447812,1,0,1,1,1,2,2,0,1,0,0
796000.0,101,-61.157418,-144.315092,72.483771,4.046451,102,-61.158909,-144.31445,69.236719,3.10025,169.620746,3,-1,1,7,168.26618988461047,-11.734372478264513,95.78241888461046,-80.97109147826451,3.2470519999999965,0.001447419,0.9599258467020433,0.11882156538014854,34.49493951027024,-166.07617716511695,13.917558760368363,169.05622389584184,1,1,1,1,0,2,2,1,0,1,1
797000.0,101,-61.157415,-144.315049,80.858707,2.790467,102,-61.158894,-144.314313,72.768742,4.495506,169.376503,3,-1,1,7,166.50159822157224,-13.499046481009033,85.64289122157224,-86.26778848100903,8.089965000000007,0.0013952559999999999,-1.5387068739693106,-0.8883794522738756,39.53556527101469,-164.69771961751732,30.351776737096003,162.50417916749404,1,0,1,1,1,2,2,0,0,1,1
798000.0,101,-61.157452,-144.314915,119.359524,6.835121,102,-61.158896,-144.314313,76.486574,3.035325,169.093548,3,-1,1,7,168.62927223653858,-11.371255088230376,49.26974823653859,-87.85782908823037,42.872949999999946,-0.0014601809999999998,3.0059281003328895,-4.0604531147777445,33.33789160486401,-165.77458477876107,142.41080952315968,570.9261345892322,1,0,1,1,1,2,2,0,0,0,0
799000.0,101,-61.157421,-144.31481,67.407485,6.189872,102,-61.158902,-144.314359,80.229885,1.257492,168.761115,3,-1,1,7,171.6431983566207,-8.357196698931679,104.2357133566207,-88.58708169893167,12.82239999999996,-0.0017778329999999997,4.475609757223165,2.1646015719490115,24.527254712549606,-166.9692418150988,-11.520811052428321,161.1290093469045,1,1,1,1,0,2,2,1,1,1,1
800000.0,101,-61.15738,-144.314694,55.40024,7.430123,102,-61.158904,-144.314375,84.012833,0.567021,168.358991,3,-1,1,7,174.23432713411526,-5.7659522953646265,118.83408713411526,-89.77878529536463,28.612593000000004,-0.000690471,5.552094076426337,4.159979724110729,16.91338205704842,-167.50727553730434,-17.835974134142027,148.8251555370349,1,1,1,1,0,2,2,0,1,1,1
801000.0,101,-61.157386,-144.314632,88.777367,4.101759,102,-61.158904,-144.314422,-87.722114,0.398571,168.340739,3,-1,1,7,176.18215888574747,-3.8180250647119465,87.40479188574747,83.90408893528806,176.49948100000006,-0.00016845,4.4990812171673,0.07167901737824732,11.208900563886754,-167.96715439399162,1.895590497968057,168.12439792143982,1,0,1,1,1,2,2,0,0,0,1
802000.0,101,-61.15736,-144.31455,60.789462,4.957739,102,-61.158896,-144.31432,76.388812,1.483515,168.178855,3,-1,1,7,175.86860341400515,-4.131598055493533,115.07914141400515,-80.52041005549353,15.599350000000015,0.001084944,2.8854243228922547,2.070358379018234,12.116278268238753,-167.74183458528654,-31.175180618178032,145.1485450124746,1,1,1,1,0,2,2,1,1,1,1
803000.0,101,-61.157362,-144.314411,87.756602,6.600635,102,-61.158892,-144.31432,68.654913,1.070403,168.462802,3,-1,1,7,178.35659424344746,-1.643485468397703,90.59999224344746,-70.29839846839769,19.10168900000002,-0.00041311199999999993,5.598597162314551,-0.1312301369007981,4.831329307539666,-168.3935091231646,1.58129847927941,168.2340726877655,1,1,1,1,1,2,2,0,0,0,1
804000.0,101,-61.157385,-144.314297,108.959902,6.637713,102,-61.158887,-144.314403,-57.113063,0.853518,168.910505,3,-1,1,7,-178.05023497822208,1.949857872946264,72.98986302177792,59.06292087294626,166.072965,-0.000216885,6.994328130591873,-2.620080948366812,-5.746884631996846,-168.81271283994445,9.88180661749482,161.34162185877307,1,0,1,1,1,2,2,0,0,1,1
805000.0,101,-61.157365,-144.314206,73.651117,5.515741,102,-61.158885,-144.314402,-53.716527,0.597186,169.394827,3,-1,1,7,-176.4406774825229,3.5594942045310303,109.90820551747711,57.27602120453103,127.36764399999998,-0.000256332,5.774105742403887,1.1991978805530543,-10.516360959689333,-169.0680737647574,-7.153485362647236,163.41621775299356,1,1,1,1,0,2,2,1,1,0,1
806000.0,101,-61.157391,-144.314149,120.077929,4.265894,102,-61.158881,-144.314366,34.106878,0.499507,168.362522,3,-1,1,7,-175.9814018693089,4.0187882128008665,63.940669130691106,-30.088089787199134,85.97105099999999,-9.767900000000001e-05,3.4113753458095726,-2.551558120003298,-11.798892341975566,-167.94857830211888,105.50114753698021,385.2445242606549,1,0,1,1,1,0,2,1,0,0,0
807000.0,101,-61.157385,-144.314094,86.178954,3.183322,102,-61.158872,-144.31423,75.805141,2.57941,167.942542,3,-1,1,7,-177.4738413003979,2.526277829392827,96.34720469960212,-73.27886317060718,10.373812999999984,0.002079903,0.6755918622614363,-0.4203860653071173,-7.402152131291768,-167.77933590656204,166.25179479886347,154.6458379348126,1,1,1,1,0,2,2,1,0,1,1
808000.0,101,-61.157346,-144.313948,61.078775,7.430973,102,-61.158858,-144.314276,43.562342,1.362573,169.251046,3,-1,1,7,-174.0260906573823,5.974196655584606,124.8951343426177,-37.588145344415395,17.516433000000006,-0.0012168370000000001,5.565214219742909,2.6063136440795525,-17.614900629680225,-168.33190977322334,-12.64968718751774,145.28999235988923,1,1,1,1,0,1,2,0,1,1,1
809000.0,101,-61.157373,-144.3139,116.810389,4.137211,102,-61.158852,-144.314158,72.332181,2.772247,168.994721,3,-1,1,7,-175.19001132559478,4.810214670593818,67.9995996744052,-67.52196632940618,44.478207999999995,0.001409674,1.0509916534146857,-2.707416325249866,-14.17047198431747,-168.39956487357537,-999,3054.1074290603406,1,0,1,1,1,2,2,0,1,0,0
810000.0,101,-61.157339,-144.313758,66.845782,7.107763,102,-61.158851,-144.31384,85.569155,7.239663,170.657433,3,-1,1,7,-178.50142824101943,1.498643587215489,114.65278975898059,-84.07051141278451,18.723373000000038,0.004467416,-0.6827944271666286,2.2355188758303193,-4.463038193791803,-170.59906426540047,-853.1935553121551,1833.255710224547,1,1,1,1,0,1,2,1,1,1,0
811000.0,101,-61.157347,-144.313696,93.478309,4.260242,102,-61.158851,-144.313648,87.38912,8.2054,169.872205,3,-1,1,7,179.11798975811132,-0.8820522876863024,85.63968075811133,-88.27117228768631,6.089188999999976,0.000965736999999999,-3.944488337081398,-0.6322496925549388,2.6149065140705163,-169.85207768963176,6.193891557159271,168.12576850862246,1,0,1,1,1,2,2,1,0,1,1
812000.0,101,-61.157309,-144.313564,60.664723,7.217913,102,-61.158829,-144.313346,83.901314,10.807009,167.590594,3,-1,1,7,176.04236056965993,-3.957830388282884,115.37763756965992,-87.85914438828289,23.236591000000033,0.0026016090000000017,-4.45350134861691,2.388044491065017,11.56692252186276,-167.19094921868844,-23.821308246254336,145.26315160241356,1,1,1,1,0,0,2,0,1,1,1
813000.0,101,-61.157302,-144.313428,80.056828,7.151422,102,-61.158816,-144.31315,83.362553,10.756862,169.0606,3,-1,1,7,174.9382354094867,-5.06200810566728,94.88140740948671,-88.42456110566728,3.3057249999999954,-5.014700000000083e-05,-3.64075935883519,-0.008501097410099634,14.916146622880614,-168.40129168829057,-3.9879187605190953,168.43566145767954,1,1,1,1,1,1,2,1,1,0,1
814000.0,101,-61.157287,-144.313379,68.341557,4.1555,102,-61.158809,-144.313124,81.925064,7.832374,168.528597,3,-1,1,7,175.37940760362815,-4.620815764563302,107.03785060362816,-86.54587976456331,13.583507000000054,-0.0029244880000000003,-3.8925937731859697,0.4334828750845947,13.576186260575767,-167.9808774039669,-8.417741768277825,165.44867761865063,1,1,1,1,0,2,2,0,1,1,1
815000.0,101,-61.157292,-144.313331,94.382614,2.96693,102,-61.15879,-144.313079,76.502687,6.254081,166.583745,3,-1,1,7,175.36068935257765,-4.639531387745931,80.97807535257765,-81.14221838774593,17.87992700000001,-0.0015782929999999995,-3.123094050761508,-1.6864233543135694,13.473758999687359,-166.03795324155067,21.53689598853303,152.7903332422176,1,0,1,1,1,0,2,0,0,1,1
816000.0,101,-61.1573,-144.313273,103.39702,3.173125,102,-61.158775,-144.313001,74.491228,5.697379,167.870329,3,-1,1,7,174.9166410697027,-5.0835971896887315,71.51962106970271,-79.57482518968874,28.90579200000002,-0.0005567020000000005,-2.4031570381192155,-2.258603361725336,14.874150753266845,-167.21006847058382,46.84036524189865,141.46600842009732,1,0,1,1,1,1,2,0,0,1,1
817000.0,101,-61.157232,-144.313188,33.517147,7.510405,102,-61.158757,-144.312831,75.441049,6.862886,167.703814,3,-1,1,7,173.5571483562094,-6.443164359103723,140.04000135620942,-81.88421335910373,41.923902,0.0011655069999999999,-2.49537100741745,4.536414657557166,18.818404232122628,-166.6446425550579,-115.27591477593901,446.34030231383315,1,1,1,1,0,2,2,0,1,0,0
818000.0,101,-61.157255,-144.31305,100.447273,6.603771,102,-61.158755,-144.312818,76.112118,4.906522,169.530345,3,-1,1,7,175.73313762592474,-4.267065595252036,75.28586462592475,-80.37918359525203,24.335154999999986,-0.001956364,1.7312040168743597,-2.375142560823419,12.61339361741023,-169.06046308132278,208.61396385235852,477.5300652147415,1,0,1,1,1,1,2,1,0,0,0
819000.0,101,-61.157244,-144.312982,79.625902,4.555319,102,-61.158734,-144.312526,78.978664,8.384717,169.049499,3,-1,1,7,171.60213576429183,-8.398263670363557,91.97623376429183,-87.37692767036356,0.6472380000000157,0.0034781950000000003,-3.7492166909394946,-0.7826475865025605,24.689028864984266,-167.23691268931918,2.619557312557451,168.75311924244778,1,1,1,1,0,2,2,1,0,1,1
820000.0,101,-61.157229,-144.312866,75.012679,5.956321,102,-61.1587,-144.312245,76.786364,10.671426,166.559614,3,-1,1,7,168.48943084483142,-11.511113121973995,93.47675184483141,-88.297477121974,1.7736850000000004,0.002286709,-4.635189688488849,-0.898965854643194,33.23675350686632,-163.20975225810744,-0.32683271297121774,166.55236212292954,1,1,1,1,0,0,2,0,1,1,1
821000.0,101,-61.157228,-144.312816,84.206057,3.554837,102,-61.158668,-144.312051,74.66804,10.800708,165.866769,3,-1,1,7,165.6263063281288,-14.374363775777812,81.4202493281288,-89.04240377577781,9.538016999999968,0.0001292819999999999,-6.879634934587067,-2.496961711696174,41.17562151530456,-160.67468142594137,2.262864493239839,165.08290531844602,1,0,1,1,1,2,2,0,0,1,1
822000.0,101,-61.157247,-144.312751,115.511701,3.910988,102,-61.158655,-144.311973,74.698534,8.763995,165.862247,3,-1,1,7,165.0750808265264,-14.9256006648393,49.5633798265264,-89.62413466483929,40.81316700000002,-0.0020367130000000008,-4.923660928110219,-3.997242980772992,42.71833036062863,-160.26674399603058,14.65496207338382,153.4158839253257,1,0,1,1,1,2,2,0,0,1,1
823000.0,101,-61.157183,-144.312542,57.753287,10.717464,102,-61.158659,-144.312077,72.615231,4.184157,165.705013,3,-1,1,7,171.35881781782064,-8.641589500163532,113.60553081782064,-81.25682050016353,14.861943999999994,-0.004579837999999999,5.071361734850949,4.4683021606481965,24.896513380146008,-163.82403656009208,-17.58815427893178,142.4150854035646,1,1,1,1,0,2,2,1,1,1,1
824000.0,101,-61.157176,-144.312507,67.929478,4.224437,102,-61.158664,-144.312157,67.276722,1.476257,165.506416,3,-1,1,7,173.5266560560263,-6.47365052739677,105.5971780560263,-73.75037252739678,0.6527560000000108,-0.0027079,2.5532072612227594,1.0170719884935115,18.659351596083507,-164.45121566950726,-15.742132553367206,159.68131811534985,1,1,1,1,1,2,2,1,1,0,1
825000.0,101,-61.157183,-144.312345,93.394087,7.363579,102,-61.158662,-144.312085,78.714252,2.205971,165.284657,3,-1,1,7,175.1528725249314,-4.847355222761044,81.75878552493141,-83.56160722276104,14.679835000000026,0.000729714,5.187347911359285,-0.8676619840570845,13.966133662820196,-164.69354859896575,8.272084935610913,160.1533744305608,1,0,1,1,1,2,2,0,0,0,1
826000.0,101,-61.157196,-144.312291,107.543404,4.347535,102,-61.158663,-144.312064,82.063512,1.846168,165.031717,3,-1,1,7,175.73117668321032,-4.269022158049874,68.18777268321033,-86.33253415804988,25.479892000000007,-0.00035980299999999985,2.3168413667162717,-1.565379844278881,12.28431931253257,-164.57388345358999,59.26560536085971,144.17528477919046,1,0,1,1,1,2,2,0,0,1,1
827000.0,101,-61.157178,-144.312244,63.330395,3.371436,102,-61.158664,-144.312129,49.935386,0.188231,164.731027,3,-1,1,7,177.86206498100876,-2.1380357535402945,114.53166998100875,-52.073421753540295,13.395009000000016,-0.001657937,2.8686908799793716,1.3920971311231292,6.145348114898271,-164.61635991912058,-19.088625537319963,150.88171673517238,1,1,1,1,0,2,2,1,1,0,1
828000.0,101,-61.15718,-144.31219,89.384468,2.920471,102,-61.158662,-144.312224,-84.274469,1.534417,164.361737,3,-1,1,7,-179.3659403430257,0.6340894393632428,91.2495916569743,84.90855843936323,173.65893699999998,0.0013461859999999999,4.447064593366426,-0.12170406101330272,-1.81886031306217,-164.35167275333325,0.6029324518125709,164.339918916972,1,1,1,1,1,2,2,0,0,0,1
829000.0,101,-61.157183,-144.312052,92.802574,6.189998,102,-61.15866,-144.312172,-40.277679,0.248741,164.376371,3,-1,1,7,-177.7556236141308,2.2444815001886287,89.44180238586921,42.522160500188626,133.08025299999997,-0.0012856760000000001,6.343403621230366,-0.4924272739408373,-6.437264811441153,-164.25027538752263,1.0536853338584757,164.2563289083297,1,0,1,1,1,2,2,1,0,1,1
830000.0,101,-61.157197,-144.312007,111.132345,3.726758,102,-61.158654,-144.312019,82.258986,2.531618,164.246933,3,-1,1,7,-179.77236624753263,0.22764426389952122,69.09528875246735,-82.03134173610047,28.873358999999994,0.002282877,0.9675866619022631,-1.6845811871420489,-0.6525445268329777,-164.2456367321427,415.0933708163157,669.3855983231945,1,0,1,1,1,2,2,1,0,0,0
831000.0,101,-61.157152,-144.311886,54.68054,6.90654,102,-61.158651,-144.311905,84.290828,3.673193,164.559593,3,-1,1,7,-179.64968087619525,0.3503357669009237,125.66977912380474,-83.94049223309908,29.610288000000025,0.001141575,1.980358373578846,3.627505309192952,-1.00614763842954,-164.5565170853325,-117.6986431190941,350.3033682910842,1,1,1,1,0,2,2,0,1,1,0
832000.0,101,-61.157172,-144.311859,113.967979,2.901642,102,-61.158648,-144.311882,83.333593,2.912956,165.031064,3,-1,1,7,-179.5693240407584,0.4306961061513475,66.46269695924161,-82.90289689384865,30.634386000000006,-0.0007602370000000001,-0.24182012850060408,-1.5168829331994547,-1.2404795448876338,-165.02640181337895,4144.677805834579,6203.265592278538,1,0,1,1,1,2,2,0,0,0,0
833000.0,101,-61.157176,-144.311692,94.78626,7.212454,102,-61.15865,-144.311839,87.596759,2.721363,165.623566,3,-1,1,7,-177.24575588265074,2.7543728823794145,87.96798411734926,-84.84238611762059,7.18950099999995,-0.00019159299999999967,4.468333979969678,-0.7159116949905505,-7.958562955956677,-165.43224259566946,4.17894092904416,164.60907563653413,1,0,1,1,0,2,2,1,0,1,1
834000.0,101,-61.15717,-144.311593,85.083401,5.898457,102,-61.158648,-144.311832,85.557713,1.981136,164.62377,3,-1,1,7,-175.5397191513918,4.460490201272084,99.37687984860821,-81.09722279872793,0.47431200000005447,-0.0007402270000000002,3.90156929056986,0.3520819574259607,-12.802458704711357,-164.12520434146325,-7.0281629776591386,162.31035532622116,1,1,1,1,0,2,2,1,1,1,1
835000.0,101,-61.157153,-144.311496,73.526792,5.629589,102,-61.158637,-144.311866,53.731212,0.950884,164.100694,3,-1,1,7,-173.1418952564938,6.858428845909563,113.3313127435062,-46.872783154090435,19.795579999999973,-0.001030252,4.631857241272011,1.033847137832039,-19.59541033386979,-162.9265407020259,-10.660006337322761,154.79731980276554,1,1,1,1,0,2,2,0,1,1,1
836000.0,101,-61.15718,-144.311401,112.948389,5.647629,102,-61.158633,-144.311854,53.244339,0.906275,164.078173,3,-1,1,7,-171.44722081169053,8.553175994798375,75.60439018830948,-44.69116300520162,59.70405000000005,-4.46089999999999e-05,4.4745528350842205,-2.7443390613922234,-24.40177162437895,-162.25350657723726,27.46909574403837,171.01913914594647,1,0,1,1,1,2,2,0,0,0,1
837000.0,101,-61.157201,-144.311419,161.552571,2.429707,102,-61.158632,-144.311831,67.182454,0.958769,163.917392,3,-1,1,7,-172.09311039701674,7.907250495465917,26.354318602983255,-59.27520350453409,94.37011699999994,5.249399999999993e-05,-0.11489711358779808,-2.6766636165096114,-22.549074758046867,-162.35901769731694,-999,2839.6687039927783,1,0,1,1,1,2,2,0,1,0,0
838000.0,101,-61.15718,-144.311236,78.30233,7.451602,102,-61.15864,-144.311709,92.465434,2.698227,163.71957,3,-1,1,7,-171.11767409986174,8.882740225675992,110.57999590013827,-83.58269377432401,14.163104000000033,0.0017394580000000001,4.601110698798893,1.6268622043223275,-25.279221997472266,-161.75617000963956,-18.210738232414588,144.5052012945314,1,1,1,1,0,2,2,1,1,1,1
839000.0,101,-61.157165,-144.311115,75.851197,6.948783,102,-61.158641,-144.31169,92.492822,2.15778,163.485107,3,-1,1,7,-169.35702962149352,10.643474051174916,114.79177337850649,-81.84934794882508,16.641624999999976,-0.0005404470000000003,4.582247776150103,1.7924186746702413,-30.19381515297324,-160.6726913240378,-20.672946277158704,139.44953300626392,1,1,1,1,0,2,2,0,1,1,1
840000.0,101,-61.157196,-144.311006,112.987954,6.637921,102,-61.158642,-144.311669,93.868103,1.84164,163.221009,3,-1,1,7,-167.5282855722775,12.472295184321636,79.48376042772247,-81.39580781567837,19.119850999999983,-0.00031613999999999986,4.273338932210641,-2.468120895236073,-35.24881954679674,-159.36944029372583,12.734148289086916,156.23273699718203,1,0,1,1,1,2,2,0,0,0,1
841000.0,101,-61.157213,-144.310955,119.01887,4.196717,102,-61.15863,-144.31174,5.596716,0.443151,162.910657,3,-1,1,7,-165.0381622255137,14.96252539733669,75.9429677744863,9.36580939733669,113.42215399999998,-0.001398489,3.6266424281439824,-2.4768560262201076,-42.05956094741338,-157.38765992631843,60.846932339297894,262.81449806209986,1,0,1,0,1,2,2,0,0,0,0
842000.0,101,-61.157259,-144.310854,133.324113,6.806814,102,-61.158642,-144.311651,98.730102,1.570777,162.533132,3,-1,1,7,-164.46456669620295,15.536131438248065,62.21132030379704,-83.19397056175194,34.59401100000002,0.001127626,3.3992703039816696,-4.431909628956623,-43.5319412669946,-156.59498423403082,36.216153853550594,166.6863435414375,1,0,1,1,1,2,2,1,0,1,1
843000.0,101,-61.157248,-144.310821,82.482421,2.710331,102,-61.158637,-144.311665,85.307068,0.815001,162.540967,3,-1,1,7,-163.66348342714997,16.337255877035588,113.85409557285004,-68.96981212296441,2.824647000000027,-0.0007557760000000001,1.874766376987968,0.2879138492171712,-45.71925806632848,-155.9785735130295,-36.69761787980303,147.23309500469188,1,1,1,1,0,2,2,1,1,1,1
844000.0,101,-61.157231,-144.31069,74.325078,6.01295,102,-61.15863,-144.311688,25.397383,0.387226,162.745287,3,-1,1,7,-161.01076838311437,18.990105817688615,124.66415361688564,-6.407277182311386,48.92769500000003,-0.000427775,5.62325009776778,1.2747706565138004,-52.95576126263316,-153.88864737142686,-12.964948582974626,138.80240597228513,1,1,1,0,0,2,2,0,1,1,1
845000.0,101,-61.157299,-144.310656,154.287011,6.804575,102,-61.158639,-144.311631,98.591802,1.105388,163.030727,3,-1,1,7,-160.6594878996734,19.341366154610853,45.05350110032657,-79.25043584538915,55.69520899999998,0.0007181619999999999,1.8592726154835348,-5.965638861528381,-53.99278401758662,-153.83041708380944,95.74650220893855,477.51191639283024,1,0,1,1,1,2,2,0,0,0,0
846000.0,101,-61.157284,-144.310444,87.453434,9.060191,102,-61.158648,-144.311563,104.479271,1.973178,162.44483,3,-1,1,7,-158.40935826529113,21.591621926091143,114.13720773470885,-82.88764907390885,17.025836999999967,0.00086779,7.140737285806247,0.8959094775269318,-59.77526026246782,-151.04714844803635,-11.379236937611898,142.48095254294566,1,1,1,1,0,2,2,1,1,1,1
847000.0,101,-61.157294,-144.310374,99.457039,5.303876,102,-61.158657,-144.311474,103.457887,2.899262,162.13346,3,-1,1,7,-158.72878793065354,21.272175617783958,101.81417306934645,-82.18571138221604,4.000848000000019,0.0009260839999999997,2.412139571178458,-0.19672244547789286,-58.81927304086079,-151.08789485103122,-18.918403319513203,155.370070188466,1,1,1,1,1,2,2,1,1,0,1
848000.0,101,-61.157292,-144.310241,89.603089,6.621431,102,-61.158635,-144.311514,68.356303,1.344054,163.220791,3,-1,1,7,-155.42816917656103,24.572945911591177,114.96874182343896,-43.78335708840882,21.246785999999986,-0.0015552079999999998,5.371980028038397,-0.44986324305913683,-67.87270881572344,-148.43962413278234,-10.64354744585009,153.60061114420097,1,1,1,1,0,1,2,0,1,1,1
849000.0,101,-61.15727,-144.310271,19.264117,2.182019,102,-61.158658,-144.311372,101.715675,3.349664,163.681281,3,-1,1,7,-159.06112165778023,20.939842766443768,-178.32523865778023,-80.77583223355623,82.45155800000003,0.0020056099999999997,-2.5599826444645135,2.7400095076971516,-58.49507832775579,-152.87212813731182,-37.36204590488349,162.20282610912557,0,1,2,1,1,2,2,0,1,0,1
850000.0,101,-61.157319,-144.310221,153.272309,4.714703,102,-61.158684,-144.311249,109.007889,4.581923,164.903931,3,-1,1,7,-160.03442362923082,19.966476850781813,46.69326737076915,-89.04141214921819,44.26441999999997,0.0012322589999999997,-2.211646842941016,-2.71863173913339,-56.307355691651075,-154.99286484953637,108.98496779490942,232.5718090428157,1,0,1,1,0,1,2,1,0,0,0
851000.0,101,-61.157315,-144.310199,103.294698,1.507346,102,-61.158688,-144.311263,112.36137,2.939083,165.50319,3,-1,1,7,-159.5031914793087,20.497740534990076,97.20211052069129,-91.86362946500992,9.066671999999983,-0.0016428399999999996,-1.2511226743442005,0.7715363337936929,-57.9518036491272,-155.02546356643833,-23.722714535414408,162.3957729320539,1,1,1,1,0,2,2,1,1,1,1
852000.0,101,-61.157352,-144.309988,112.138496,9.256448,102,-61.158718,-144.31112,114.147393,4.710245,163.245025,3,-1,1,7,-158.2109630834034,21.790028496029564,89.65054091659658,-92.35736450397043,2.0088969999999335,0.0017711619999999995,4.275942093560227,-1.561369460910398,-60.594948664565074,-151.5822891487965,-1.0583854814787403,163.17071566909954,1,0,1,1,1,0,2,1,1,0,1
853000.0,101,-61.157374,-144.309838,107.341254,8.594649,102,-61.158732,-144.311027,111.826967,4.87939,162.807939,3,-1,1,7,-157.10316606936658,22.897875439611237,95.55557993063343,-88.92909156038876,4.485712999999976,0.00016914500000000032,3.6744004849503176,-0.7475597356885366,-63.34418080069892,-149.97979783996274,-8.300136300048637,159.60110733643717,1,1,1,1,0,2,2,0,1,1,1
854000.0,101,-61.157388,-144.309787,112.12935,4.608429,102,-61.158767,-144.310836,112.081212,6.849646,162.692727,3,-1,1,7,-159.84955381173003,20.151365063980574,88.02109618826995,-91.92984693601942,0.04813799999999446,0.001970256,-2.0782851165079705,0.8389319981202472,-56.045430002552315,-152.73451867382678,-2.318999984523385,162.60958812141126,1,0,1,1,1,2,2,1,1,0,1
855000.0,101,-61.157392,-144.309696,98.627299,4.774406,102,-61.158776,-144.310769,109.992735,5.837243,162.53412,3,-1,1,7,-159.49491160262983,20.506028295986408,101.87778939737018,-89.48670670401359,11.365435999999988,-0.001012403,-0.7650835763298511,1.2795675722650182,-56.93416873767739,-152.23613432534367,-143.99020255656933,170.1368803826984,1,1,1,1,0,2,2,0,1,0,1
856000.0,101,-61.157411,-144.309653,121.944176,3.535922,102,-61.158772,-144.310765,105.609982,3.947556,162.343893,3,-1,1,7,-158.4891707350361,21.51180332591037,79.56665326496386,-84.09817867408964,16.334193999999968,-0.001889687,-0.8014970473364187,-0.8085922517632065,-59.52778382708916,-151.0363616717206,307.2140814483448,210.57056677919897,1,0,1,1,1,2,2,0,0,0,0
857000.0,101,-61.157475,-144.309582,150.320017,7.248045,102,-61.158751,-144.31083,81.205825,1.50907,162.137596,3,-1,1,7,-154.74219901051228,25.258894180439857,54.937783989487684,-55.94693081956015,69.114192,-0.002438486,2.09757769348249,-6.527849239570919,-69.18279568588703,-146.63676489115554,-999,6969.042028087892,1,0,1,1,1,2,2,0,1,0,0
858000.0,101,-61.157476,-144.30954,112.699299,2.863378,102,-61.158777,-144.31072,108.376179,3.056137,161.901866,3,-1,1,7,-156.36975688568438,23.631276740481066,90.9309441143156,-84.74490225951892,4.323120000000017,0.0015470670000000003,-0.2587071131923908,-0.14150158058811035,-64.89555745759777,-148.32660191802947,647.642962917639,117.26461134900862,1,1,1,1,0,2,2,1,0,1,1
859000.0,101,-61.157468,-144.309453,82.174012,4.135711,102,-61.158735,-144.310853,-14.645455,1.219455,161.499871,3,-1,1,7,-151.94154993934342,28.059676396494478,125.88443806065658,42.70513139649448,96.81946700000003,-0.001836682,4.4055150818226645,-0.6166947205698111,-75.96502601093256,-142.5185011013482,-13.966882746945242,151.81947915085325,1,1,1,1,0,2,2,0,1,0,1
860000.0,101,-61.157511,-144.309332,123.81881,7.053508,102,-61.158751,-144.310805,84.596851,0.606853,161.051501,3,-1,1,7,-150.18632834155002,29.81496193933917,85.99486165844996,-54.78188906066083,39.22195899999997,-0.000612602,5.255910479633061,-3.9829027419909733,-80.07174778830239,-139.7358264028216,5.383631420123649,160.42711589448905,1,0,1,1,1,2,2,1,0,0,1
861000.0,101,-61.157532,-144.309214,112.745306,6.72959,102,-61.158756,-144.310787,103.591502,0.753471,160.993748,3,-1,1,7,-148.2043018207436,31.797076055765654,99.05039217925639,-71.79442594423435,9.153804000000036,0.00014661800000000002,5.473876923275548,-2.4248336362973197,-84.82631517823323,-136.83377926656323,-3.9716750888740893,159.47305252334303,1,1,1,1,0,2,2,1,1,1,1
862000.0,101,-61.157576,-144.309175,144.263414,5.587426,102,-61.158755,-144.310776,95.595284,0.687957,160.798169,3,-1,1,7,-146.7736306987884,33.22777170467598,68.9629553012116,-62.367512295324026,48.66813000000002,-6.551399999999996e-05,2.578710867207956,-4.468297228474232,-88.1090785986222,-134.50963319500346,42.555753523600096,205.52348206598077,1,0,1,1,1,2,2,0,0,0,0
863000.0,101,-61.157586,-144.309038,105.064577,6.431835,102,-61.15875,-144.310769,74.256008,0.600379,161.05581,3,-1,1,7,-144.3460995796151,35.655416697877634,110.58932342038491,-38.60059130212236,30.808568999999977,-8.757800000000005e-05,5.632940362224498,-1.8345890776105265,-93.87743918056208,-130.8663453591334,-10.015563904976721,153.870374662686,1,1,1,1,0,2,2,1,1,1,1
864000.0,101,-61.157556,-144.308955,62.506705,5.571368,102,-61.158747,-144.310761,67.358792,0.575404,161.601982,3,-1,1,7,-143.81574914561193,36.18583282844209,153.6775458543881,-31.172959171557906,4.852086999999983,-2.497499999999997e-05,4.411105113360094,2.3504860425990115,-95.40719747964773,-130.43261576541283,-30.33693405816883,70.50808824981732,1,1,1,1,0,2,2,1,1,1,1
865000.0,101,-61.157555,-144.308936,75.40946,2.198266,102,-61.158815,-144.310559,125.711387,4.710226,162.38148,3,-1,1,7,-148.14520604142484,31.856215633243433,136.44533395857516,-93.85517136675657,50.301927000000035,0.004134822,-1.6971769789415792,3.303135394434915,-85.69980358123428,-137.9249386917691,-40.15451062634926,153.94000523599752,1,1,1,1,1,2,2,0,1,0,1
866000.0,101,-61.157604,-144.308822,131.976754,6.746007,102,-61.158803,-144.310578,117.49438,2.593378,161.369683,3,-1,1,7,-144.7599377045502,35.24160047254906,83.2633082954498,-82.25277952745094,14.48237400000005,-0.0021168479999999997,2.7146193541970094,-3.314662353529484,-93.11087808463517,-131.79734054156287,13.414947047383038,156.2180998621095,1,0,1,1,1,0,2,1,0,0,1
867000.0,101,-61.157637,-144.308691,120.748683,7.543786,102,-61.1588,-144.310556,107.795307,2.045934,160.839684,3,-1,1,7,-142.27634887038712,37.72528478603626,96.97496812961288,-70.07002221396374,12.953376000000048,-0.000547444,4.535221594016134,-3.23166374228974,-98.41033924464998,-127.21953104367569,-1.3532455176864284,160.7201778224105,1,1,1,1,0,2,2,1,1,0,1
868000.0,101,-61.157643,-144.308626,105.135413,4.502337,102,-61.158865,-144.310366,124.459658,5.533357,160.731758,3,-1,1,7,-145.51653471960023,34.48498944284335,109.34805228039977,-89.97466855715666,19.32424500000002,0.003487423,-0.21623263305043938,1.9553507533672052,-91.0012394658878,-132.489518247455,-201.59424396452482,294.28039417203723,1,1,1,1,0,2,2,0,1,0,0
869000.0,101,-61.157686,-144.308597,150.590404,4.780256,102,-61.158866,-144.310351,120.53394,3.916779,160.619246,3,-1,1,7,-144.35848038315746,35.643056042970215,65.05111561684254,-84.89088395702979,30.056464000000005,-0.0016165779999999996,-1.0262897586405644,-2.1743175971481827,-93.5947675355808,-130.53184161563456,189.2628862196733,298.4663854215755,1,0,1,1,1,2,2,0,0,0,0
870000.0,101,-61.157704,-144.308551,134.422316,3.420144,102,-61.158894,-144.310276,123.700851,4.31901,160.474769,3,-1,1,7,-145.037017767923,34.96449325581586,80.540666232077,-88.73635774418415,10.721465000000023,0.0004022309999999996,-1.1505153410142612,0.002531053089399382,-91.959597362394,-131.5126759614819,79.60166779425636,131.7146905631908,1,0,1,1,0,2,2,1,0,1,1
871000.0,101,-61.157749,-144.308494,147.809236,5.445194,102,-61.158875,-144.310315,110.759058,1.907038,160.278731,3,-1,1,7,-142.0416864918944,37.95990862375614,70.14907750810562,-72.79914937624386,37.05017800000002,-0.0024119719999999996,1.1176403674638218,-3.9322252319555235,-98.58552123553483,-126.37312457040964,62.57629462090176,206.70276566191154,1,0,1,1,1,2,2,0,0,0,0
872000.0,101,-61.157798,-144.308469,161.548463,5.56662,102,-61.158881,-144.310304,115.79978,1.560357,160.054245,3,-1,1,7,-140.74005469477046,39.261552684704036,57.71148230522954,-76.53822731529596,45.74868299999997,-0.000346681,0.35702736270158764,-4.601339056061971,-101.28868628041205,-123.92725032900671,65.52560529228757,216.97908832469443,1,0,1,1,1,2,2,0,0,0,0
873000.0,101,-61.15779,-144.308332,90.947655,5.812127,102,-61.158859,-144.310348,21.200656,0.523594,159.664216,3,-1,1,7,-137.70718762433236,42.294578303053186,131.34515737566764,21.093922303053187,69.74699900000002,-0.001036763,5.621981986283606,-0.5842834340709822,-107.44120003363214,-118.10609809077474,-18.625237172868765,129.0174117416665,1,1,1,0,0,2,2,0,1,1,1
874000.0,101,-61.157873,-144.308266,151.635471,8.80608,102,-61.158882,-144.310311,130.846548,1.024578,159.228326,3,-1,1,7,-135.64725254347468,44.35453878747773,72.71727645652533,-86.49200921252228,20.78892300000001,0.000500984,3.408532108485187,-7.078736924539816,-111.31236177079936,-113.85612815201897,8.952685159850049,150.54441812059173,1,0,1,1,1,2,2,1,0,0,1
875000.0,101,-61.157882,-144.308201,119.67123,4.25232,102,-61.158847,-144.310369,-23.786596,1.20186,159.183366,3,-1,1,7,-132.6992628910037,47.30263618232998,107.62950710899628,71.08923218232998,143.45782599999995,0.00017728199999999993,4.179504289704415,-3.2047606780073226,-116.9875677656638,-107.95023390138708,-16.778191706598008,168.3734174387878,1,1,1,1,0,2,2,0,1,0,1
876000.0,101,-61.157895,-144.308165,123.384913,2.923377,102,-61.158866,-144.310332,115.597427,0.341736,159.000317,3,-1,1,7,-132.88949807796246,47.112400119769575,103.72558892203756,-68.48502688023042,7.787486000000001,-0.0008601239999999999,2.1328034339956945,-1.4609746164374613,-116.49438986674046,-108.21348315102128,-14.625545784687462,155.13703905204392,1,1,1,1,1,2,2,1,1,1,1
877000.0,101,-61.157932,-144.308117,145.147649,4.449725,102,-61.158895,-144.310275,137.789401,1.787973,159.269227,3,-1,1,7,-132.7720846385789,47.229805676193436,82.08026636142108,-90.55959532380656,7.358248000000003,0.001446237,1.3415926375421807,-2.3272498680797717,-116.91329799912525,-108.15714225211975,14.849369068514665,155.3726187129805,1,0,1,1,1,2,2,1,0,0,1
878000.0,101,-61.157953,-144.308019,120.067676,5.18273,102,-61.158866,-144.310309,28.247576,0.479089,159.706202,3,-1,1,7,-129.5743753405285,50.42763060042687,110.3579486594715,22.180054600426875,91.82010000000002,-0.001308884,4.2585674792895745,-3.0186993776758237,-123.10126002878957,-101.74551949147018,-38.57800492543428,222.0538431820435,1,1,1,0,0,2,2,0,1,0,0
879000.0,101,-61.158001,-144.307932,136.710756,6.745679,102,-61.158857,-144.310321,-5.419031,0.632227,160.526036,3,-1,1,7,-126.60525389850574,53.39683876255911,96.68399010149426,58.81586976255912,142.12978700000002,0.00015313799999999998,4.685095642273831,-5.539591164875152,-128.86433001832245,-95.72143272434957,-999,7239.538456693647,1,1,1,1,1,2,2,0,1,0,0
880000.0,101,-61.158064,-144.307871,151.043916,7.619819,102,-61.158929,-144.310213,145.520219,3.221964,159.439657,3,-1,1,7,-127.44063699707688,52.5614144952906,81.51544700292311,-92.9588045047094,5.52369699999997,0.002589737,1.865048950624018,-4.0113246551291795,-126.59247919560896,-96.92960556706588,8.474499152641227,155.68570245955968,1,0,1,1,1,0,2,1,0,1,1
881000.0,101,-61.158095,-144.307868,163.798353,4.143597,102,-61.158959,-144.310149,141.411764,3.744911,159.007927,3,-1,1,7,-128.14075838252333,51.86123967714196,68.06088861747668,-89.55052432285805,22.386589000000015,0.0005229470000000003,-1.1796315083113167,-1.051832545137228,-125.05908000180969,-98.20258325491389,145.8814861814564,72.54695465004316,1,0,1,1,1,2,2,0,0,1,1
882000.0,101,-61.158111,-144.307745,112.606721,5.498763,102,-61.158871,-144.31023,5.410452,1.978683,158.901858,3,-1,1,7,-122.3758502548365,57.626326499348686,125.0174287451635,52.215874499348686,107.19626899999997,-0.0017662280000000001,4.8896963985955795,-4.0836119132267825,-134.20115171454563,-85.08731606027816,-32.165262047418004,217.6645658403178,1,1,1,1,0,2,2,0,1,0,0
883000.0,101,-61.158142,-144.30775,159.500502,3.519355,102,-61.158921,-144.310165,125.74847,1.53838,158.798138,3,-1,1,7,-123.77125920322774,56.23085623477614,76.72823879677225,-69.51761376522386,33.752031999999986,-0.0004403029999999999,-0.01605796709207774,-2.3977280904245326,-132.00308242193202,-88.27250343892862,77.02851747621601,162.4708770780416,1,0,1,1,1,2,2,1,0,1,1
884000.0,101,-61.158159,-144.307706,136.090782,2.941551,102,-61.158987,-144.310077,145.006625,4.140218,158.665106,3,-1,1,7,-125.9033512828272,54.098725613827135,98.00586671717281,-90.90789938617289,8.915842999999995,0.002601838,-0.334321505753727,1.2725329380342867,-128.51990071603547,-93.0443495432776,-55.41152202778996,148.76136129692657,1,1,1,1,0,2,2,1,1,1,1
885000.0,101,-61.158205,-144.307659,152.609133,5.195406,102,-61.158893,-144.310167,1.958922,1.921558,158.474703,3,-1,1,7,-119.62694601761123,60.37525088487234,87.76392098238875,58.416328884872335,150.65021100000007,-0.00221866,2.3245048709603697,-6.533377460491721,-137.75612192262975,-78.34208552097513,-999,6957.02476635932,1,0,1,1,1,2,2,0,1,0,0
886000.0,101,-61.158292,-144.307608,163.234695,9.223622,102,-61.158969,-144.310088,145.842889,2.504497,158.136968,3,-1,1,7,-119.5067407786791,60.49543159862406,77.25856422132091,-85.34745740137595,17.391805999999974,0.0005829390000000001,1.2543874767442906,-6.759091882518296,-137.62624853091774,-77.88656086603828,9.036122535015494,149.90660162683733,1,0,1,1,1,2,2,1,0,1,1
887000.0,101,-61.15829,-144.307514,106.689483,4.586018,102,-61.158964,-144.310092,139.703795,1.35145,157.771311,3,-1,1,7,-118.45786619177548,61.54439202950035,134.85265080822452,-78.15940297049966,33.01431200000002,-0.0011530470000000001,3.518797249666558,-0.2862681982322497,-138.70745087344267,-75.17998168961076,-35.64759445781463,86.40989661203811,1,1,1,1,0,2,2,0,1,1,1
888000.0,101,-61.158301,-144.307533,157.792645,1.268046,102,-61.158926,-144.310124,3.148961,0.952797,157.343778,3,-1,1,7,-116.56868881488049,63.433580793637255,85.63866618511952,60.284619793637255,154.643684,-0.00039865300000000006,0.4269310908750216,-2.125343343693987,-140.72808562680643,-70.37521148193811,-999,2212.130001504709,1,0,1,1,1,2,2,0,1,0,0
889000.0,101,-61.158407,-144.307524,177.116226,10.103401,102,-61.158929,-144.310116,19.869286,0.50928,157.307883,3,-1,1,7,-112.66094934050281,67.34132114500824,70.22282465949718,47.472035145008235,157.24694,-0.00044351700000000004,0.3352113818236716,-10.569569300503858,-145.16385511013848,-60.607138387358404,-999,10621.301277491697,1,0,1,1,1,2,2,0,1,0,0
890000.0,101,-61.15841,-144.307346,105.73432,7.282321,102,-61.158984,-144.310061,152.394891,2.317647,157.134045,3,-1,1,7,-113.66789145578244,66.3344867734305,140.59778854421756,-86.0604042265695,46.660571000000004,0.001808367,5.935508874613463,0.07901300986805282,-143.91713922487332,-63.07903879570813,-24.631316357975773,61.175431003984926,1,1,1,1,0,2,2,1,1,1,1
891000.0,101,-61.158454,-144.30728,133.910582,6.287173,102,-61.158987,-144.310044,143.803972,1.731453,157.411631,3,-1,1,7,-111.79058893718646,68.21183221448692,114.29882906281352,-75.59213978551307,9.89339000000001,-0.0005861940000000001,3.506915159609502,-2.9630891283636984,-146.16406829734152,-58.433609445679856,-14.636018616611107,139.13141216117404,1,1,1,1,1,2,2,1,1,0,1
892000.0,101,-61.158474,-144.307255,139.008785,3.39236,102,-61.159001,-144.310021,143.768621,1.840143,157.856145,3,-1,1,7,-111.55378335310994,68.4486395508058,109.43743164689008,-75.3199814491942,4.759836000000007,0.00010869000000000018,1.1375838612659808,-1.0762608613846467,-146.81775802690646,-57.992313647704755,-39.59736981774984,143.10793592030788,1,1,1,1,1,2,2,1,1,0,1
893000.0,101,-61.15851,-144.307288,-170.459795,3.891435,102,-61.158928,-144.310057,2.912284,2.175823,158.682004,3,-1,1,7,-107.37814635328428,72.62427917820632,63.081648646715735,69.71199517820632,173.372079,0.00033567999999999977,-0.7555122508389195,-6.010627573414597,-151.43885581255128,-47.39463412287638,-999,6119.479930462243,1,0,1,1,1,2,2,0,1,0,0
894000.0,101,-61.158583,-144.307223,162.542244,7.815598,102,-61.159011,-144.309998,153.171601,2.442351,157.598242,3,-1,1,7,-107.73203465071678,72.27039613837248,89.72572134928322,-80.90120486162753,9.370642999999973,0.0002665280000000001,1.2424176818313286,-5.276137277158702,-150.11096139692353,-47.999011968809256,2.486726482650304,157.12072246310046,1,0,1,1,0,0,2,1,0,1,1
895000.0,101,-61.158632,-144.307148,148.095206,6.724793,102,-61.159128,-144.3099,158.965165,6.786422,157.168537,3,-1,1,7,-110.48840190311626,69.51400874085165,101.41639209688378,-89.45115625914836,10.869959000000108,0.004344071,1.1182284105931974,0.6253294262866955,-147.226536407496,-55.011780558100625,-154.72060985066634,49.062535920708925,1,1,1,1,0,2,2,0,1,1,1
896000.0,101,-61.158642,-144.307203,-149.454483,2.237962,102,-61.159152,-144.309871,156.431845,5.379281,157.079396,3,-1,1,7,-111.61819096367213,68.3841460998191,37.836292036327876,-88.0476989001809,54.11367199999992,-0.0014071410000000002,-3.288232954876471,3.0031784584611496,-146.0303625397222,-57.87114880700157,15.744735456265248,141.21695859325834,1,0,1,1,1,2,2,0,0,0,1
897000.0,101,-61.158688,-144.307122,148.369173,5.401946,102,-61.159205,-144.309827,157.210416,5.733173,156.993246,3,-1,1,7,-111.61547837099629,68.38689110434316,100.01534862900371,-88.82352489565685,8.84124300000002,0.0003538920000000001,0.6122855925474107,0.6861454182805993,-145.9530105349704,-57.83249956032802,-220.81058704998634,94.2909191218491,1,1,1,1,0,2,2,1,1,1,1
898000.0,101,-61.158735,-144.307125,172.592424,5.166692,102,-61.159181,-144.309835,148.653966,2.630105,156.878962,3,-1,1,7,-108.83946178503044,71.16291207022363,78.56811421496957,-77.49105392977637,23.93845799999997,-0.003103068,-0.7020703130107752,-2.8773535296974626,-148.47449775460962,-50.65897980332673,37.16827141657066,134.70361053021458,1,0,1,1,1,2,2,0,0,0,1
899000.0,101,-61.158772,-144.307083,157.170428,4.645443,102,-61.159171,-144.30984,137.722554,1.271748,156.588342,3,-1,1,7,-106.70134605187295,73.30106897391671,96.12822594812707,-64.42148502608329,19.447874000000013,-0.0013583569999999997,0.9468596479199035,-3.3405718170386955,-149.98277923333123,-45.000830922937375,0.9004510396465504,156.5717340727473,1,1,1,1,0,2,2,1,0,0,1
900000.0,101,-61.158794,-144.30706,153.136696,3.122506,102,-61.159143,-144.309853,29.640296,0.701087,156.284336,3,-1,1,7,-104.5238221745503,75.47862438578223,102.3394818254497,45.838328385782226,123.49640000000005,-0.0005706610000000001,1.0642214752841428,-3.3948952629188818,-151.2900285616469,-39.19337873642639,-999,3549.8114623196398,1,1,1,1,0,2,2,0,1,0,0
901000.0,101,-61.15885,-144.306966,144.634736,6.956812,102,-61.159196,-144.30983,161.540571,1.992142,155.939881,3,-1,1,7,-104.06152890973088,75.94097984502932,111.30373509026913,-85.59959115497068,16.905835000000025,0.0012910550000000002,3.395733531626397,-3.7834904671998335,-151.2672003598987,-37.88773655910868,-12.617932860497177,138.1556727578702,1,1,1,1,0,2,2,1,1,1,1
902000.0,101,-61.158915,-144.307003,-177.704363,6.987598,102,-61.15916,-144.309842,33.251961,0.413622,155.533894,3,-1,1,7,-100.14418122302496,79.85830563318429,77.56018177697504,46.606344633184285,149.043676,-0.0015785200000000001,-0.506691145479719,-7.327888680850892,-153.10253538693163,-27.39353648028289,-999,7377.4719349345305,1,0,1,1,1,2,2,0,1,0,0
903000.0,101,-61.15895,-144.306943,152.79508,4.927007,102,-61.159134,-144.309847,2.814697,1.326412,155.51945,3,-1,1,7,-97.48426633257753,82.51827746124054,109.72065366742245,79.70358046124055,149.98038299999996,0.00091279,2.187366223170442,-5.706779072614782,-154.19452802459566,-20.25701990853257,-999,6071.120692036993,1,1,1,1,0,2,2,0,1,1,0
904000.0,101,-61.158977,-144.306931,161.078676,3.39614,102,-61.159188,-144.309829,166.342939,1.505377,155.707222,3,-1,1,7,-98.58452546870393,81.41801307043701,100.33679853129604,-84.92492592956299,5.264263000000028,0.00017896500000000003,0.7458301086209578,-1.7498142083778028,-153.96279221843093,-23.242151261480597,-19.664979178416875,150.75532965379475,1,1,1,1,1,2,2,1,1,1,1
905000.0,101,-61.159026,-144.306929,175.833397,5.124137,102,-61.159133,-144.309834,6.334424,1.425157,155.980939,3,-1,1,7,-94.36773351071446,85.63481116007745,89.79886948928555,79.30038716007745,169.49897299999998,-8.021999999999996e-05,0.21506404326706033,-6.52705009032256,-155.5279389911351,-11.879121368665283,-999,6532.671504576244,1,0,1,1,1,2,2,0,1,0,0
906000.0,101,-61.159043,-144.306968,-149.534212,2.764691,102,-61.159117,-144.309839,0.638954,1.57311,156.43357,3,-1,1,7,-93.05983573053295,86.94267915743919,56.474376269467044,86.30372515743919,150.173166,0.000147953,-1.4193068154653905,-3.9559880022568614,-156.21054800349242,-8.350240439262018,-999,4261.738177698642,1,0,1,1,1,2,2,1,1,1,0
907000.0,101,-61.159098,-144.306982,-170.448721,5.6298,102,-61.159187,-144.309827,173.645444,2.031032,155.619017,3,-1,1,7,-93.71176577120076,86.2907263433934,76.73695522879925,-87.3547176566066,15.905834999999996,0.00045792200000000015,-1.1589501660750876,-3.5332034712806597,-155.2925820576192,-10.07434414361042,15.419715962070523,144.41858973336122,1,0,1,1,0,2,2,1,0,1,1
908000.0,101,-61.159201,-144.306922,169.046572,10.744345,102,-61.159252,-144.309807,172.910262,4.045931,155.087343,3,-1,1,7,-92.10003889917328,87.90248825576909,98.85338910082669,-85.0077737442309,3.8636900000000196,0.002014899,1.5421801332073193,-6.5336079897374395,-154.98318151727582,-5.683080641939468,-4.407062634197792,152.14456163239257,1,1,1,1,0,2,2,1,1,0,1
909000.0,101,-61.159239,-144.306888,159.965887,5.532736,102,-61.159288,-144.309792,171.610376,4.061876,156.433849,3,-1,1,7,-92.0046311620492,87.9979126371376,108.02948183795081,-83.6124633628624,11.644488999999908,1.594499999999943e-05,1.302758826579126,-1.179534683212264,-156.3381119321411,-5.472099272503402,-57.77463633928919,109.50990372265257,1,1,1,1,0,1,2,0,1,1,1
910000.0,101,-61.159237,-144.306878,127.470715,1.163873,102,-61.15932,-144.309785,172.344937,3.881306,157.02488,3,-1,1,7,-93.38864812662999,86.61389830086404,139.14063687337,-85.73103869913595,44.874221999999975,-0.0001805699999999999,0.4066999796858457,3.1386667742822203,-156.75033119245336,-9.281519814695434,-10.77703171603592,154.33147920737187,1,1,1,1,0,2,2,0,1,0,1
911000.0,101,-61.159283,-144.306924,-160.859915,4.610775,102,-61.159413,-144.309757,172.369504,6.401038,155.249872,3,-1,1,7,-95.43536311833752,84.56711848969381,65.42455188166248,-87.8023855103062,26.770580999999993,0.002519732,-2.361731044567131,1.9884666195509588,-154.5518206131102,-14.705696215731884,36.87275297539964,110.90778166953177,1,0,1,1,1,0,2,1,0,1,1
912000.0,101,-61.159337,-144.306886,169.77567,5.881599,102,-61.159438,-144.30973,168.307879,5.079905,154.824586,3,-1,1,7,-94.21187559910496,85.79061564534747,96.01245440089508,-82.51726335465254,1.4677910000000338,-0.0013211329999999997,0.014543279833739042,-0.8137006390853312,-154.40644750083212,-11.371077356353354,10.96543658392615,154.58531312407203,1,1,1,1,0,2,2,1,0,0,1
913000.0,101,-61.159402,-144.306828,159.909156,7.41191,102,-61.159487,-144.309709,168.297966,5.284737,154.760006,3,-1,1,7,-93.50130885727376,86.50121479942659,106.58953514272625,-81.79675120057341,8.388810000000035,0.00020483199999999968,1.4742011606072192,-1.7859920629380461,-154.4711315263152,-9.451401065443585,-35.775723128097276,125.41457710682212,1,1,1,1,0,2,2,0,1,1,1
914000.0,101,-61.159456,-144.306809,166.988703,6.324068,102,-61.159462,-144.309696,155.821877,2.301509,154.692581,3,-1,1,7,-90.24811885808924,89.75441005442912,102.76317814191077,-66.06746694557089,11.166826000000015,-0.002983228,0.4811807594626121,-4.062089198503378,-154.69113051549442,-0.6698927375544849,-4.737258871000408,153.7070000634583,1,1,1,1,1,2,2,0,1,0,1
915000.0,101,-61.159477,-144.306851,-158.33214,3.247074,102,-61.159451,-144.30969,138.64275,1.129307,153.425216,3,-1,1,7,-88.91357894805446,91.0889079182176,69.41856105194555,-47.553842081782406,63.02511000000001,-0.0011722019999999998,-1.9450943933117082,-2.1699725408374007,-153.39763532977656,2.9090169954026495,40.380038460214564,117.47071386534854,1,0,1,1,1,0,2,0,0,1,1
916000.0,101,-61.159505,-144.306851,-173.841957,3.08721,102,-61.159456,-144.309688,142.582089,0.893185,153.261507,3,-1,1,7,-87.95059680355398,92.05188831140845,85.89136019644603,-50.53020068859155,43.575953999999996,-0.00023612200000000004,-0.8738898739089269,-2.3600065317479912,-153.1634753424854,5.480816446744821,24.79707013196992,146.24234103084592,1,0,1,1,0,2,2,1,0,0,1
917000.0,101,-61.159551,-144.306878,-166.325302,4.905116,102,-61.159507,-144.309689,172.539351,2.657726,153.017528,3,-1,1,7,-88.14265858626784,91.85980375477703,78.18264341373215,-80.67954724522298,21.135346999999996,0.001764541,-1.504707030265833,-2.130847268641675,-152.9371362700381,4.9594581105781685,31.309717582564645,127.81382285114763,1,0,1,1,1,2,2,1,0,1,1
918000.0,101,-61.159597,-144.306859,175.558537,5.110784,102,-61.15956,-144.309692,177.223858,3.877866,152.721673,3,-1,1,7,-88.45031936019116,91.55216225316957,95.99114363980885,-85.67169574683044,1.6653210000000627,0.0012201400000000002,0.20796185112592835,-1.2221212688830678,-152.66581526108777,4.130163990249003,-23.7662561665344,149.8097017441681,1,1,1,1,0,2,2,1,1,0,1
919000.0,101,-61.159668,-144.306866,-178.880911,7.436419,102,-61.159539,-144.309687,171.806316,1.498089,152.24132,3,-1,1,7,-84.58582033841266,95.4166507639583,94.29509066158734,-76.38966523604171,9.312772999999964,-0.002379777,-0.3587447040004457,-5.952204153659338,-151.5621172770069,14.364683144894155,-0.8865235763835149,152.1518025765368,1,1,1,1,1,2,2,0,1,0,1
920000.0,101,-61.159705,-144.306923,-154.553133,5.227404,102,-61.159585,-144.309694,179.370479,2.912979,152.299142,3,-1,1,7,-84.87113943787146,95.13128786693082,69.68199356212854,-84.23919113306917,26.076388000000065,0.00141489,-2.2780839601987464,-1.8074596710829138,-151.68936089919268,13.614934591493224,34.24355590242319,105.50009048282118,1,0,1,1,1,2,2,0,0,1,1
921000.0,101,-61.159724,-144.30693,-160.908343,2.702465,102,-61.159618,-144.309698,-179.052456,3.203456,152.446161,3,-1,1,7,-85.46209003633017,94.54033464130164,75.44625296366983,-86.40720935869837,18.144113000000004,0.0002904770000000001,-0.8309474797993494,0.6491978417362572,-151.96827319662975,12.061340940062284,132.03860519481373,84.91545571888793,1,0,1,1,0,2,2,1,0,1,1
922000.0,101,-61.159793,-144.306876,165.153926,7.046845,102,-61.159627,-144.309702,-177.34568,2.339452,152.805692,3,-1,1,7,-83.05826539264427,96.94421009211909,111.78780860735571,-85.7101099078809,17.500394000000057,-0.000864004,1.9139048991998762,-4.474662797690277,-151.68556059246168,18.468086401939235,-15.096491254375549,132.23900249146544,1,1,1,1,0,2,2,1,1,0,1
923000.0,101,-61.159835,-144.306882,176.460392,4.995269,102,-61.159622,-144.309708,-172.003313,1.250907,153.351567,3,-1,1,7,-81.12042578781332,98.88204969746351,102.41918221218668,-89.1146373025365,11.536295000000052,-0.001088545,0.4824215215129542,-3.7469964899689563,-151.51364184707555,23.671067478920385,-11.452930766548985,147.25127013691346,1,1,1,1,1,2,2,1,1,0,1
924000.0,101,-61.159844,-144.306888,-174.677336,1.689348,102,-61.159574,-144.309693,6.193519,1.304272,152.519247,3,-1,1,7,-78.71611316035039,101.28634392893711,95.96122283964961,95.09282492893712,179.12914500000002,5.336500000000011e-05,-0.29742530413655577,-2.978722861222617,-149.57100805107535,29.84349604239021,-999,2979.575555336443,1,1,1,1,1,2,2,0,1,0,0
925000.0,101,-61.159945,-144.306853,172.404469,9.795848,102,-61.15963,-144.309701,-178.191865,1.579255,151.509445,3,-1,1,7,-77.0869399145919,102.91555484328707,110.50859108540811,-78.89258015671294,9.40366599999993,0.00027498299999999997,1.344635853710674,-8.131429116405792,-147.6778136956152,33.85816395333911,-6.909257209297792,140.17641130312475,1,1,1,1,0,0,2,1,1,1,1
926000.0,101,-61.15995,-144.306902,-143.910678,2.558926,102,-61.15969,-144.30971,-177.153345,3.570794,152.699973,3,-1,1,7,-79.13523395790888,100.86722576195696,64.77544404209111,-81.97942923804305,33.24266700000001,0.0019915389999999996,-1.3299879498691032,1.4985204705530104,-149.96279712253923,28.782655078794757,73.88297728274202,96.88010548310041,1,0,1,1,1,1,2,0,0,1,1
927000.0,101,-61.159998,-144.306907,-172.407899,4.818795,102,-61.159817,-144.309739,-175.209266,7.641057,153.323523,3,-1,1,7,-82.4536505656498,97.5488301795266,89.95424843435019,-87.2419038204734,2.8013670000000275,0.004070263000000001,0.0014978417970005209,2.83780973454615,-151.99557996233182,20.135699070206638,7.131081225531845,152.0062947169299,1,0,1,1,0,2,2,1,0,0,1
928000.0,101,-61.160039,-144.306968,-151.025305,5.237427,102,-61.159792,-144.309752,-169.699354,3.660596,155.511911,3,-1,1,7,-79.5793395458091,100.42309915303224,71.4459654541909,-89.87754684696779,18.674048999999997,-0.003980461,-1.8825683497023582,-0.9802795995861029,-152.94694620555458,28.12803066812732,51.404855218070836,96.54405069093636,1,0,1,1,1,1,2,0,0,1,1
929000.0,101,-61.160099,-144.306999,-163.248763,6.654384,102,-61.159892,-144.309804,-168.366991,6.662035,154.583826,3,-1,1,7,-81.30302608665751,98.69943100958214,81.94573691334249,-92.93357799041786,5.118228000000016,0.0030014390000000003,-0.5745585690653419,0.15318562056583662,-152.80640173696926,23.374405853373716,275.8417368588447,19.716698998907532,1,0,1,1,0,2,2,1,0,1,1
930000.0,101,-61.16013,-144.307027,-157.759452,4.252059,102,-61.1599,-144.309822,-164.473667,4.531283,154.052088,3,-1,1,7,-80.31996463575614,99.68248370119086,77.43948736424387,-95.84384929880912,6.714214999999996,-0.002130752,-0.3964476064340352,0.4302069063300946,-151.85871272489663,25.9032273413383,261.4322078240238,99.08803061118583,1,0,1,1,1,2,2,0,0,0,1
931000.0,101,-61.160164,-144.307012,177.874413,3.792551,102,-61.15993,-144.309827,-167.01326,4.040754,152.83987,3,-1,1,7,-80.22346345049627,99.77900240644823,101.9021235495037,-93.20773759355177,15.112326999999993,-0.0004905290000000004,1.04872631215104,0.14745853630784378,-150.62025590809165,25.95311872969954,-135.74083799068833,46.70640085340693,1,1,1,1,0,0,2,0,1,1,1
932000.0,101,-61.16021,-144.307053,-162.518866,5.146833,102,-61.159933,-144.309821,-168.612845,2.61714,152.740239,3,-1,1,7,-78.28077828201653,101.7216464049666,84.23808771798348,-89.66550859503343,6.09397899999999,-0.0014236139999999997,-1.0293444035314456,-2.343508410990969,-149.55632655816208,31.02395519925691,11.823255385318866,149.41344624361028,1,0,1,1,1,2,2,1,0,0,1
933000.0,101,-61.160255,-144.307015,168.679489,5.124808,102,-61.159985,-144.309834,-171.404327,3.861936,152.583879,3,-1,1,7,-78.77059407719939,101.23187528550257,112.5499169228006,-87.36379771449742,19.916184000000015,0.001244796,1.5831928893498137,-1.2065445768659533,-149.6627123975205,29.713846073904755,-67.97644616105396,67.10576467092025,1,1,1,1,0,2,2,0,1,1,1
934000.0,101,-61.160288,-144.307064,-157.937226,4.215154,102,-61.159987,-144.30983,-172.549754,2.436603,152.423045,3,-1,1,7,-77.28808209953952,102.71434083702775,80.64914390046049,-84.73590516297224,14.612527999999998,-0.0014253330000000002,-1.267362813838686,-1.4904575983883657,-148.68697225034663,33.54055649652634,32.69418671379866,135.17111241903268,1,0,1,1,1,2,2,1,0,0,1
935000.0,101,-61.160357,-144.307117,-160.634492,7.51455,102,-61.160001,-144.309833,-172.845174,2.122174,152.13568,3,-1,1,7,-74.79896695253912,105.20341218635814,85.83552504746088,-81.95141381364186,12.210681999999991,-0.0003144290000000001,-2.2274552323917787,-4.983746077383879,-146.81272138415454,39.89097603269462,4.053947339911684,150.3178948898288,1,0,1,1,0,2,2,1,0,0,1
936000.0,101,-61.16039,-144.307121,-168.219108,4.289192,102,-61.160028,-144.309843,-171.538209,2.472457,151.838686,3,-1,1,7,-74.58730645690439,105.41507793863329,93.63180154309562,-83.04671306136675,3.319100999999989,0.0003502830000000001,-0.5119009463776145,-1.7533000967122159,-146.378042731363,40.354122123295625,1.2243190664645403,151.82146228623853,1,1,1,1,0,2,2,1,0,0,1
937000.0,101,-61.160466,-144.307129,-175.922209,7.755843,102,-61.160028,-144.309841,-171.899111,1.526841,151.504677,3,-1,1,7,-71.48959779772007,108.51277783890691,104.43261120227994,-79.58811116109308,4.0230980000000045,-0.000945616,-0.33636705224795327,-6.224603103944332,-143.66673889837992,48.09922335317961,-6.521514764202942,146.05333220598288,1,1,1,1,0,2,2,0,1,1,1
938000.0,101,-61.160482,-144.307195,-135.976694,3.92595,102,-61.160028,-144.309839,-174.010089,0.938913,151.112125,3,-1,1,7,-70.4066029451578,109.59571312556967,65.57009105484221,-76.39419787443035,38.033394999999985,-0.0005879279999999999,-2.630363842206759,-1.8891957210128083,-142.36214438401709,50.67439361649917,22.24308722259123,124.99661257364302,1,0,1,1,1,2,2,0,0,1,1
939000.0,101,-61.160491,-144.30725,-114.479221,3.159035,102,-61.160041,-144.309843,-172.275277,1.113714,151.253462,3,-1,1,7,-70.2133958113443,109.78887558494222,44.2658251886557,-77.93584741505776,57.79605599999999,0.0001748010000000001,-2.7253759039909933,-0.20538050232216754,-142.32344860500885,51.20200918091846,48.10967987229596,62.102284325252946,1,0,1,1,1,2,2,0,0,1,1
940000.0,101,-61.160567,-144.307288,-162.357546,7.593257,102,-61.160026,-144.309829,100.484247,0.149621,151.403475,3,-1,1,7,-66.18502163676997,113.81720420979426,96.17252436323004,13.332957209794259,97.158207,-0.0009640930000000001,-2.448457683797292,-7.208892683113923,-138.51209607563567,61.13437235148075,-6.445105572773174,154.98871763967236,1,1,1,0,0,2,2,0,1,0,1
941000.0,101,-61.160603,-144.307314,-160.315487,4.809439,102,-61.160039,-144.309833,177.448865,0.596406,150.980708,3,-1,1,7,-65.10167820157281,114.90052837388745,95.21380879842718,-62.54833662611256,22.23564799999994,0.000446785,-1.6465617478935946,-3.932568310931948,-136.94800933030427,63.56427399607548,-1.270714283116947,150.87185242777485,1,1,1,1,1,2,2,1,1,1,1
942000.0,101,-61.160626,-144.307354,-145.653297,3.569197,102,-61.160042,-144.309822,156.850331,0.547914,150.735861,3,-1,1,7,-63.87014708469852,116.13201481663093,81.7831499153015,-40.71831618336908,57.49637200000001,-4.849199999999998e-05,-2.2291420203681627,-2.4430705587267947,-135.33038945022975,66.3851299814986,11.865229721726628,144.744781917469,1,0,1,1,1,2,2,0,0,1,1
943000.0,101,-61.160701,-144.307308,170.813795,7.506128,102,-61.160129,-144.30988,-167.866105,4.142835,151.462172,3,-1,1,7,-65.24872809007212,114.75352491415788,123.93747690992788,-77.38037008584212,21.320099999999968,0.0035949209999999996,2.0691159693447556,-3.3595797170491526,-137.54792989631068,63.41416662069438,-32.46645027392251,83.88608454640232,1,1,1,1,0,2,2,1,1,1,1
944000.0,101,-61.160763,-144.307396,-156.483407,7.701447,102,-61.160146,-144.309896,-164.920134,3.358936,152.529221,3,-1,1,7,-62.90441385784251,117.09777607698696,93.57899314215749,-77.98208992301306,8.43672699999999,-0.0007838989999999999,-2.1991117373180966,-3.818531847315531,-135.7888179955855,69.47344936181445,1.5986979691566763,152.34246668407522,1,1,1,1,1,1,2,1,0,0,1
945000.0,101,-61.160807,-144.307413,-164.172331,5.460414,102,-61.160183,-144.30995,-157.014871,3.888802,153.761497,3,-1,1,7,-62.98355159891106,117.01867074788419,101.18877940108895,-85.96645825211579,7.157460000000015,0.0005298660000000001,0.02924686113867092,-1.6733346386205614,-136.982451456835,69.84558649304081,-49.91186795348368,136.21074735953982,1,1,1,1,0,1,2,1,1,1,1
946000.0,101,-61.160829,-144.307431,-158.242618,3.073199,102,-61.16027,-144.310043,-155.931412,6.479806,153.712411,3,-1,1,7,-66.07522760291728,113.9270604432076,92.16739039708271,-90.14152755679243,2.3112059999999985,0.002591004,1.503494419184,3.062168243931535,-140.505241253241,62.336044755835005,-1.7280546202017872,153.5964566058492,1,1,1,1,1,2,2,1,1,0,1
947000.0,101,-61.160837,-144.307517,-107.921983,3.845147,102,-61.160284,-144.310059,-154.006871,4.740899,151.803855,3,-1,1,7,-65.72550779161746,114.27671893651973,42.19647520838254,-91.71641006348028,46.08488799999998,-0.0017389070000000003,-1.5808043383044716,3.0781058273219166,-138.38232823185837,62.40786509720738,82.54610403433743,191.840224457062,1,0,1,1,1,0,2,0,0,0,1
948000.0,101,-61.160906,-144.307535,-165.85714,6.930694,102,-61.160301,-144.310031,-164.46778,3.451559,148.488899,3,-1,1,7,-63.32119748046774,116.6809889537739,102.53594251953226,-78.85123104622608,1.3893599999999822,-0.0012893399999999997,-0.7691896706160218,-3.3951131196486415,-132.68040847862576,66.66980075099384,-10.381862057246611,144.13287900985338,1,1,1,1,0,0,2,1,1,1,1
949000.0,101,-61.160973,-144.307531,-177.388082,7.353354,102,-61.160385,-144.310056,-169.525751,5.773812,148.761919,3,-1,1,7,-64.2307884644839,115.77142337454634,113.1572935355161,-74.70282562545367,7.862330999999983,0.0023222530000000003,0.7145439430076745,-1.668113382372555,-133.96792062219583,64.67383387992083,-65.64815550423765,97.92597919488902,1,1,1,1,0,2,2,0,1,1,1
950000.0,101,-61.160984,-144.307503,155.824668,2.429157,102,-61.160462,-144.310101,-167.61155,6.971589,152.295406,3,-1,1,7,-67.38705874325017,112.61521704290895,136.78827325674985,-79.77323295709107,36.56378200000003,0.0011977769999999995,2.4904872065859123,4.593147881586023,-140.58745203550538,58.55816782370602,-3.0535193376358953,151.50166224697384,1,1,1,1,0,1,2,0,1,0,1
951000.0,101,-61.160993,-144.307506,172.34915,1.170508,102,-61.160704,-144.310232,-167.229825,14.954978,153.944788,3,-1,1,7,-77.6052621819748,102.39712573226117,110.04558781802518,-90.37304926773879,20.421024999999986,0.007983389,3.461497986065677,13.424971988556614,-150.35664226907338,33.04357544114802,-0.39930313896907565,153.8449595544631,1,1,1,1,1,1,2,1,1,0,1
952000.0,101,-61.16102,-144.307564,-140.588038,3.481043,102,-61.160894,-144.310364,-165.165216,17.721974,158.451836,3,-1,1,7,-84.67135189059124,95.33110084831516,55.91668610940877,-99.50368315168487,24.577177999999975,0.002766995999999999,2.3273184755384784,14.441810033684483,-157.76706865539785,14.715175148596542,-0.757300345757722,158.09951032900386,1,0,1,1,1,1,2,0,1,0,1
953000.0,101,-61.161003,-144.307549,-1.608808,1.125137,102,-61.161056,-144.310465,-164.580366,18.143799,160.778197,3,-1,1,7,-92.15923842606269,87.84331592817942,-90.55043042606269,-107.5763180718206,162.971558,0.0004218250000000019,4.792602212795812,18.615394597675756,-160.6640402242014,-6.057624072770798,-2.688284815246027,154.18732626671166,0,1,1,1,1,1,2,0,1,1,1
954000.0,101,-61.160988,-144.307527,27.959204,1.770975,102,-61.161239,-144.310494,-168.504018,18.955261,159.979933,3,-1,1,7,-99.94901361092543,80.05358542041205,-127.90821761092543,-111.44239657958795,163.536778,0.0008114619999999988,4.608077439593324,20.139263216909324,-157.57413703648476,-27.64001266084382,-3.559568647113517,147.88340156126517,0,1,1,1,1,2,2,0,1,1,1
955000.0,101,-61.160975,-144.307556,-29.752722,1.75915,102,-61.161367,-144.310524,-169.678479,17.218921,163.917881,3,-1,1,7,-105.31457703005869,74.68802287856452,-75.5618550300587,-115.63349812143548,139.925757,-0.0017363399999999985,2.2121525924609498,18.467531590336108,-158.09719858363027,-43.29373524585663,-4.021534761010572,152.38214276293155,0,0,1,1,0,1,2,1,1,0,1
956000.0,101,-61.161019,-144.307545,177.179088,3.908099,102,-61.161497,-144.310522,-172.64486,16.15513,166.95741,3,-1,1,7,-108.41297513384872,71.58963266077328,74.40793686615126,-115.76550733922673,10.176052000000027,-0.0010637910000000019,2.260499995434374,12.118837408613668,-158.40994288637228,-52.73582035622825,-6.547127666915867,146.05427393978394,1,0,1,1,0,1,2,1,1,1,1
957000.0,101,-61.161022,-144.307485,110.663785,2.524692,102,-61.161521,-144.310534,-171.648375,11.088839,167.119715,3,-1,1,7,-108.74343698814549,71.25923387745686,140.5927780118545,-117.09239112254315,77.68784,-0.005066291,3.972900362824576,10.080323231344885,-158.2568456187264,-53.70074446869264,-11.562103177941136,128.70965017848226,1,1,1,1,0,2,2,0,1,1,1
958000.0,101,-61.161038,-144.307502,-179.973757,1.617633,102,-61.161605,-144.310478,-179.226663,10.367373,166.837001,3,-1,1,7,-111.55510421605003,68.44750270412645,68.41865278394998,-112.32583429587356,0.7470940000000041,-0.0007214659999999995,0.13918613604433044,8.748795838240682,-155.16919780632873,-61.29522783067561,-7.286332471550676,154.17453152118617,1,0,1,1,1,2,2,1,1,0,1
959000.0,101,-61.161049,-144.307455,126.219948,2.240858,102,-61.161632,-144.310442,176.225178,7.609963,166.822413,3,-1,1,7,-112.03184932146938,67.9707672351171,121.74820267853062,-108.2544107648829,50.00523000000004,-0.002757410000000001,1.306817467872945,6.2693602256331,-154.64028581362666,-62.57874625320028,-16.84106137024094,139.4295891908617,1,1,1,1,0,2,2,0,1,1,1
960000.0,101,-61.161044,-144.30751,-79.818317,1.61649,102,-61.161606,-144.310435,172.595261,3.660151,166.829832,3,-1,1,7,-111.7205914192525,68.28197082604795,-31.902274419252507,-104.31329017395204,107.58642200000008,-0.003949812,-2.062745334547646,3.915374279057713,-154.98485202787845,-61.740493090392825,6.395231450848151,166.2410736581584,0,0,1,1,1,2,2,0,0,0,1
961000.0,101,-61.161078,-144.307481,168.580499,3.264083,102,-61.161581,-144.31043,161.408151,1.272592,166.813187,3,-1,1,7,-109.47584672205824,70.52673654702299,81.94365427794173,-90.88141445297701,7.172348000000056,-0.002387559,0.2405254856712442,-1.9932864742485354,-157.2684909216329,-55.61709377816543,19.117246054149966,162.81109901201006,1,0,1,1,0,2,2,1,0,1,1
962000.0,101,-61.161142,-144.307557,-156.991433,6.998591,102,-61.161671,-144.310354,160.827191,4.788444,166.684333,3,-1,1,7,-111.4118027470927,68.59064737448367,45.57963025290731,-92.23654362551633,42.18137600000003,0.0035158520000000003,-4.308143870225816,-1.918987839785527,-155.17988579075993,-60.851211274892464,34.800435949785374,7.923414720135668,1,0,1,1,1,2,2,0,0,1,1
963000.0,101,-61.161138,-144.307441,100.348663,3.784398,102,-61.161647,-144.310358,151.077051,2.063898,166.490248,3,-1,1,7,-109.88953896004426,70.11301627904544,149.76179803995575,-80.96403472095457,50.728387999999995,-0.002724546,2.7246673408308184,1.126648923704983,-156.5591476107607,-56.64129216828964,-85.62430470808937,86.45820672588735,1,1,1,1,0,2,2,0,1,0,1
964000.0,101,-61.161169,-144.307424,150.808903,3.495601,102,-61.161596,-144.310379,17.614659,1.075891,166.09538,3,-1,1,7,-106.678477345083,73.32411118113434,102.51261965491699,55.70945218113434,133.19424399999997,-0.0009880070000000002,1.379309133970218,-4.077098235552848,-159.1078091033135,-47.66949065899428,-999,4297.163990066811,1,1,1,1,1,2,2,0,1,0,0
965000.0,101,-61.161262,-144.307459,-174.537383,9.17359,102,-61.161519,-144.310406,-3.44454,3.894536,166.062936,3,-1,1,7,-100.24960126848542,79.75298024992807,74.28778173151458,83.19752024992808,171.092843,0.0028186450000000003,-0.6392987357613844,-13.019428561951175,-163.4128930331774,-29.548690384980183,-999,13060.609342824162,1,0,1,1,1,2,2,0,1,0,0
966000.0,101,-61.161275,-144.307387,136.466931,3.656292,102,-61.161528,-144.310401,-2.164157,2.008259,165.895013,3,-1,1,7,-99.87355009956524,80.12909010989775,123.65951890043476,82.29324710989775,138.63108799999998,-0.0018862770000000002,2.5941928999867687,-4.65755402986509,-163.4378739727053,-28.446734251092323,-999,5273.607805107478,1,1,1,1,0,2,2,1,1,1,0
967000.0,101,-61.161297,-144.307373,153.465286,2.818507,102,-61.161586,-144.310374,161.073018,1.247737,166.174531,3,-1,1,7,-101.29212258990914,78.71050623299736,105.24259141009088,-82.36251176700263,7.6077320000000555,-0.0007605219999999997,0.8544200581112671,-1.3413411003310878,-162.95765617695793,-32.53885441103186,-35.10342897549136,154.98272604944907,1,1,1,1,1,2,2,1,1,1,1
968000.0,101,-61.161338,-144.307319,150.042544,4.895156,102,-61.161597,-144.310366,161.003581,1.261491,166.61868,3,-1,1,7,-99.99575557570428,80.006913542806,109.96170042429571,-80.996667457194,10.96103699999992,1.3753999999999821e-05,2.0338027361060034,-3.0483568497153763,-164.0895107455389,-28.920874610427756,-16.808193996261096,152.64548237824954,1,1,1,1,0,2,2,0,1,1,1
969000.0,101,-61.161403,-144.30727,159.054889,7.188753,102,-61.16153,-144.310375,3.642692,2.060178,167.230315,3,-1,1,7,-94.84833867732927,85.15438124825457,106.09677232267074,81.51168924825457,155.412197,0.0007986870000000002,2.438896474341508,-8.769759763763155,-166.63194958262147,-14.134059335304633,-999,9063.934615261353,1,1,1,1,1,2,2,0,1,0,0
970000.0,101,-61.161469,-144.307271,174.501152,7.297882,102,-61.161592,-144.310355,162.30601,1.396362,166.235425,3,-1,1,7,-94.72819730660697,85.27450422504148,90.77065069339301,-77.0315057749585,12.195142000000033,-0.000663816,0.2749242608779013,-5.933993245351463,-165.66971608259655,-13.702616467028237,1.0695636531268669,166.12669742719953,1,1,1,1,1,2,2,1,0,1,1
971000.0,101,-61.161488,-144.307248,159.812239,3.171891,102,-61.161705,-144.310307,168.704729,5.674157,165.715392,3,-1,1,7,-98.36789171604794,81.63478791773832,101.81986928395207,-87.06994108226166,8.892490000000066,0.004277795,-0.01675758661721738,2.587221815322326,-163.95119287366325,-24.116332661010826,-9.394978890595867,164.1087406855303,1,1,1,1,0,2,2,1,1,1,1
972000.0,101,-61.161478,-144.307209,75.744782,1.867513,102,-61.161665,-144.310303,154.812914,1.943787,165.635954,3,-1,1,7,-97.14355181403192,82.85915847841795,-172.8883338140319,-71.95375552158205,79.06813199999999,-0.00373037,0.982781637731831,2.2188368734011403,-164.35023785984487,-20.59778077615477,-185.1849272015827,390.6960680052692,0,1,2,1,1,2,2,0,1,0,0
973000.0,101,-61.161586,-144.307249,-173.979859,10.08185,102,-61.161672,-144.310294,152.904444,1.581704,165.532659,3,-1,1,7,-93.35241154724183,86.6502558235017,80.62744745275818,-66.25418817649832,33.11569699999998,-0.0003620829999999999,-1.7777928354565855,-8.61814046197258,-165.2493899130217,-9.679893025462826,5.516576490920853,159.9869396912628,1,0,1,1,0,2,2,1,0,1,1
974000.0,101,-61.161649,-144.307207,169.930505,7.633162,102,-61.161643,-144.310288,59.659854,0.700181,165.389645,3,-1,1,7,-89.77002241725583,90.23267648938933,100.29947258274416,30.57282248938933,110.27065100000004,-0.0008815229999999999,0.7303159377864331,-7.869268039797537,-165.3883126955417,0.6638500943318205,-999,7880.956294277632,1,1,1,1,0,2,2,0,1,0,0
975000.0,101,-61.161659,-144.307143,126.898549,3.558868,102,-61.161732,-144.310276,170.309595,3.59595,165.207201,3,-1,1,7,-92.7670072835508,87.2357371754822,140.3344437164492,-83.0738578245178,43.41104599999994,0.002895769,2.2407404627283536,1.4078975508487095,-165.0145860870139,-7.9753144631345645,-75.10936551546898,97.8261818303796,1,1,1,1,0,2,2,1,1,1,1
976000.0,101,-61.161685,-144.307226,-139.019142,3.64948,102,-61.161619,-144.310264,13.824279,2.618762,163.820453,3,-1,1,7,-87.42244529147219,92.58021594807427,51.5966967085278,78.75593694807426,152.84342099999998,-0.0009771880000000004,-3.0190939482839423,-5.298001891496417,-163.65470992177094,7.367275042117802,119.36352560173331,669.3159450928143,1,0,1,1,1,0,2,0,0,0,0
977000.0,101,-61.161748,-144.307204,178.293589,6.322357,102,-61.161669,-144.310268,144.468246,0.625355,163.521545,3,-1,1,7,-86.94152642791508,93.0611575885691,94.76488457208495,-51.40708841143089,33.825342999999975,-0.001993407,-0.1751598952767801,-5.810643379989367,-163.2886253882999,8.724706183390502,-0.8192297979119579,163.48019838517953,1,1,1,1,0,2,2,1,1,1,1
978000.0,101,-61.161813,-144.307235,-170.830951,7.259144,102,-61.16166,-144.310263,77.846312,0.332835,163.100778,3,-1,1,7,-84.02100028883297,95.98165219307305,86.80995071116703,18.13534019307305,111.32273699999999,-0.00029252,-1.4821044373453927,-7.236463514980423,-162.21353272820772,16.98921964187781,-999,7396.978046757196,1,0,1,0,1,2,2,0,1,0,0
979000.0,101,-61.161892,-144.307305,-160.370252,9.039505,102,-61.161696,-144.310264,172.296288,1.520901,163.068124,3,-1,1,7,-82.1818807736179,97.82071126673209,78.18837122638209,-74.47557673326791,27.333460000000002,0.001188066,-3.240614474895069,-7.006983392776302,-161.55238495004954,22.1819742545696,5.869991213473569,155.9593751771677,1,0,1,1,1,2,2,1,0,1,1
980000.0,101,-61.161884,-144.307282,175.366415,0.597678,102,-61.161743,-144.310264,177.102636,2.910683,162.894432,3,-1,1,7,-84.40247251657894,95.60013967188553,100.23111248342104,-81.50249632811446,1.7362210000000005,0.001389782,-0.09884393433200579,2.3112376193611635,-162.1176878363694,15.888715089399192,9.861379445516508,161.29074880438586,1,1,1,1,0,2,2,1,0,0,1
981000.0,101,-61.161923,-144.307297,-171.04719,3.826771,102,-61.161797,-144.310264,178.651942,4.084039,163.17047,3,-1,1,7,-84.96969263282229,95.03290641710397,86.07749736717771,-83.61903558289602,10.300868000000037,0.0011733559999999995,-0.6916062782014167,0.30275978483786137,-162.54201184209234,14.307224271186058,209.90512022201946,52.217433672216856,1,0,1,1,1,2,2,0,0,1,1
982000.0,101,-61.16198,-144.30728,175.154244,5.924554,102,-61.16175,-144.310242,139.274764,0.689038,163.612965,3,-1,1,7,-80.85585730087726,99.14673736931144,103.9898986991227,-40.12802663068857,35.87948000000006,-0.003395001,0.05091783514687931,-5.381192554938094,-161.5337163249378,26.001169326508023,-6.937557675663466,161.57827665913504,1,1,1,1,0,2,2,0,1,0,1
983000.0,101,-61.162022,-144.3073,-172.54886,4.935648,102,-61.161852,-144.310265,-178.92708,4.642737,163.454906,3,-1,1,7,-83.2223196828255,96.78027761696244,89.32654031717449,-84.29264238303756,6.378219999999999,0.003953699000000001,-0.5531234021505285,-0.2520474408596751,-162.31261074899186,19.290481780274128,223.6064408280756,84.94255041124359,1,0,1,1,1,2,2,1,0,1,1
984000.0,101,-61.162073,-144.307266,168.447667,5.7016,102,-61.161894,-144.310276,-176.963633,4.697905,162.455426,3,-1,1,7,-82.9726321107141,97.03000460970276,108.5797008892859,-86.00636239029723,14.588699999999989,5.5168000000000106e-05,1.3906660251489922,-0.8947884276820748,-161.23503262641648,19.87535385345091,-85.49156736810157,70.70416431766874,1,1,1,1,0,2,2,0,1,1,1
985000.0,101,-61.162109,-144.307292,-170.780466,4.256523,102,-61.161946,-144.310279,-177.434468,5.080198,161.932465,3,-1,1,7,-83.54648957237093,96.4561270014885,87.23397642762906,-86.10940499851148,6.65400200000002,0.00038229299999999975,-0.454570512740484,0.8735700536610773,-160.90636070564906,18.200722662569977,96.2156800530086,134.4060281943269,1,0,1,1,1,2,2,1,0,0,1
986000.0,101,-61.162155,-144.307299,-174.906287,5.066499,102,-61.161956,-144.310278,-177.668336,3.599133,161.528191,3,-1,1,7,-82.11627206395721,97.88633750264347,92.79001493604278,-84.44532649735652,2.762049000000019,-0.0014810650000000002,-0.30340206031478145,-1.4503373030523807,-160.00150046905426,22.155729177431883,7.397679730043014,161.14805081487688,1,1,1,1,0,2,2,1,0,0,1
987000.0,101,-61.162208,-144.307246,161.628004,6.076613,102,-61.16197,-144.310283,-176.365437,2.814303,161.475514,3,-1,1,7,-80.7728752747751,99.22978509994127,117.5991207252249,-84.40477790005878,22.00655899999998,-0.0007848299999999999,2.093664494104173,-2.958246596469833,-159.3860958027864,25.892355750475723,-29.276108636229893,115.36087347390287,1,1,1,1,0,2,2,0,1,1,1
988000.0,101,-61.162237,-144.307281,-166.831465,3.664316,102,-61.161947,-144.310276,-179.424192,0.801961,161.269287,3,-1,1,7,-78.65010883918421,101.35251474408604,88.1813561608158,-79.22329325591397,12.592726999999996,-0.0020123420000000003,-0.8267310959146994,-2.7660392267839566,-158.11545059705847,31.737788391403754,4.991702614941403,160.5828630428274,1,0,1,1,1,2,2,1,0,0,1
989000.0,101,-61.162286,-144.30735,-151.143336,5.955602,102,-61.161957,-144.310283,-172.466336,0.912743,161.018517,3,-1,1,7,-76.9092342481618,103.09333502474031,74.23410175183821,-84.44032897525966,21.323000000000008,0.00011078199999999993,-2.7546245878759352,-4.311229565914623,-156.83404564473685,36.46978123849786,9.429577644039638,151.89482755084094,1,0,1,1,1,2,2,0,0,1,1
990000.0,101,-61.162342,-144.307416,-151.062622,6.935009,102,-61.16195,-144.310282,-166.39258,0.284233,160.739946,3,-1,1,7,-74.16940419970574,105.83310638245408,76.89321780029427,-87.77431361754589,15.329958000000005,-0.0006285099999999999,-3.2886568036152175,-5.79291188934427,-154.6434751701348,43.848897675846125,5.274560462481015,156.16173034885503,1,0,1,1,0,2,2,1,0,0,1
991000.0,101,-61.162369,-144.307465,-140.410021,4.501913,102,-61.16189,-144.310244,14.547286,2.452715,160.416994,3,-1,1,7,-70.33660022548344,109.66583414539028,70.07342077451656,95.11854814539028,154.957307,0.0021684820000000002,-3.485090936787467,-5.843368035220098,-151.06238724745853,53.97932125448517,379.9013378707566,2558.574442950877,1,0,1,1,1,2,2,0,0,0,0
992000.0,101,-61.162392,-144.30745,-175.360165,2.755804,102,-61.161885,-144.310236,17.823858,1.770373,160.028773,3,-1,1,7,-69.3300170724739,110.67242343050759,106.0301479275261,92.84856543050759,166.81597700000003,-0.000682342,-0.7648188314803164,-4.43217156656221,-149.72757473849504,56.48771150271459,-999,4465.740483938573,1,1,1,1,0,2,2,0,1,0,0
993000.0,101,-61.162435,-144.307457,-175.815559,4.403607,102,-61.161928,-144.310257,178.756988,0.774658,160.028482,3,-1,1,7,-69.42467430781049,110.57777845991961,106.39088469218952,-68.1792095400804,5.427453000000014,-0.000995715,-0.33812422963523026,-3.6173927235513705,-149.82042016974518,56.240170264547906,-11.540886874398602,154.40429303300007,1,1,1,1,2,2,2,1,1,1,1
994000.0,101,-61.162463,-144.30748,-164.031175,3.545279,102,-61.161958,-144.310271,-172.682519,1.757845,160.227089,3,-1,1,7,-69.43847015651953,110.5639747281563,94.59270484348046,-76.75350627184366,8.651344000000023,0.0009831870000000002,-0.7514650525883939,-1.664943648600976,-150.01991235524935,56.2738478010632,5.415118826955471,159.88851180819208,1,1,1,1,1,2,2,0,0,0,1
995000.0,101,-61.162555,-144.307538,-164.428621,9.452452,102,-61.161898,-144.31021,31.746039,1.704498,160.508986,3,-1,1,7,-62.9895564061906,117.0127842360636,101.43906459380939,85.2667452360636,163.82534,-5.3347000000000037e-05,-3.434233904072472,-10.555002248158548,-143.00126903594452,72.89562154792023,-999,11064.603317550347,1,1,1,1,0,2,2,0,1,0,0
996000.0,101,-61.162581,-144.307498,167.6554,3.987779,102,-61.161957,-144.310249,-177.756247,1.621442,159.920301,3,-1,1,7,-64.81491585826998,115.1874939881467,127.52968414173003,-67.05625901185329,14.588353000000012,-8.305600000000001e-05,0.9160316064570605,-2.2753805062369112,-144.71793580240703,68.0530802316912,-46.21303393130077,108.8995153587387,1,1,1,1,0,2,2,1,1,1,1
997000.0,101,-61.162627,-144.30758,-149.35616,5.77279,102,-61.161948,-144.310222,145.034438,0.733607,159.608719,3,-1,1,7,-61.95092522521051,118.05138913882418,87.40523477478948,-26.983048861175817,65.60940199999999,-0.000887835,-3.36280870276829,-4.365444565789103,-140.86190227825824,75.0524327878277,4.9786755116426225,157.3953827430893,1,0,1,1,1,2,2,0,0,0,1
998000.0,101,-61.162677,-144.307653,-146.351953,6.562748,102,-61.162046,-144.310292,-168.58462,4.632892,160.70047,3,-1,1,7,-63.632098931981794,116.37021280565047,82.71985406801821,-75.04516719434952,22.232666999999992,0.0038992849999999997,-2.71940772854314,-0.9219602524095141,-143.9813085709249,71.37243053466092,35.64209133711967,114.36250884417649,1,0,1,1,1,1,2,1,0,1,1
999000.0,101,-61.16271,-144.307683,-150.578798,4.504072,102,-61.162081,-144.310317,-166.155037,4.400583,161.192176,3,-1,1,7,-63.66120299804983,116.34110436047376,86.91759500195018,-77.50385863952624,15.576238999999987,-0.00023230899999999988,-1.1594781201030302,0.34954067243138365,-144.4582045951747,71.5174435278109,147.02455952902423,32.89036692020013,1,0,1,1,0,2,2,1,0,1,1
1000000.0,101,-61.162743,-144.307705,-158.309297,3.983147,102,-61.162098,-144.310343,-160.884175,3.553024,162.668654,3,-1,1,7,-63.11964845429781,116.88266240865917,95.18964854570217,-82.23316259134083,2.5748780000000124,-0.0008475589999999999,-0.30861483258833755,-0.34400561652435346,-145.0927338674945,73.54719282901372,82.86414815986234,157.16151302644553,1,1,1,1,0,1,2,1,0,0,1
1001000.0,101,-61.162784,-144.307716,-169.447063,4.513236,102,-61.16215,-144.310394,-158.751053,4.597554,161.638299,3,-1,1,7,-63.85769866491141,116.14464723864293,105.5893643350886,-85.10429976135708,10.696010000000001,0.0010445299999999995,0.839678053480015,-0.15191251864692124,-145.10310915188782,71.21816775281941,-191.39343482321217,44.93975199500392,1,1,1,1,0,0,2,0,1,1,1
1002000.0,101,-61.162844,-144.30771,179.946876,6.318951,102,-61.162281,-144.310489,-161.400477,8.701329,160.389882,3,-1,1,7,-67.21741048878742,112.78502389224383,112.83571351121259,-85.8144991077562,18.65264700000003,0.004103775,2.7811600901161877,1.9279195727151297,-147.8764019068547,62.10864679781955,-24.11710643273737,135.366311772457,1,1,1,1,0,0,2,0,1,0,1
1003000.0,101,-61.162888,-144.307724,-174.094171,5.167315,102,-61.162368,-144.310527,-163.892669,9.154889,158.553843,3,-1,1,7,-68.96311193277626,111.0393434735644,105.13105906722373,-85.06798752643556,10.201501999999977,0.0004535600000000013,2.0082259472404522,3.6556128770850824,-147.98615154733858,56.91590357955137,-4.941141856741239,157.10911684960044,1,1,1,1,1,0,2,1,1,0,1
1004000.0,101,-61.162891,-144.307739,-145.854788,1.31673,102,-61.162426,-144.310541,-166.043615,8.136872,159.741093,3,-1,1,7,-71.01448397831061,108.9879705528403,74.8403040216894,-84.96841444715972,20.188826999999975,-0.0010180170000000004,1.223406591163748,6.806919277183517,-151.05131280531558,51.96842976871016,3.6293492954590185,157.86358924963358,1,0,1,1,1,1,2,0,0,0,1
1005000.0,101,-61.16296,-144.307665,158.409478,7.179221,102,-61.16247,-144.310546,-168.057314,6.896892,160.326413,3,-1,1,7,-70.5772958845507,109.42522785134528,131.0132261154493,-82.51745814865473,33.53320799999997,-0.0012399800000000001,4.068938714581577,0.07210141993317443,-151.20239094288803,53.314122693716186,-36.97244952949043,55.985098725165884,1,1,1,1,0,2,2,0,1,1,1
1006000.0,101,-61.16297,-144.307648,144.714954,2.407493,102,-61.162474,-144.31053,-170.849134,4.391312,160.300118,3,-1,1,7,-70.36385020056345,109.6386744114084,144.92119579943653,-79.51219158859158,44.43591199999997,-0.0025055800000000003,2.0890459127619874,2.3702152447218037,-150.97796367473674,53.868193912955654,-20.843153386595162,149.0211756366368,1,1,1,1,0,2,2,0,1,0,1
1007000.0,101,-61.163037,-144.307759,-149.534244,7.623912,102,-61.162525,-144.310574,-165.963935,5.036783,163.032681,3,-1,1,7,-69.33989458061616,110.66257134118281,80.19434941938384,-83.37349365881721,16.42969099999999,0.0006454709999999997,-2.643916943498821,-1.684895308107814,-152.54803716798114,57.52174745471499,27.310899984390264,131.05200569121914,1,0,1,1,1,1,2,1,0,1,1
1008000.0,101,-61.163085,-144.307806,-152.252631,6.298538,102,-61.162593,-144.310641,-161.37268,6.198383,163.876519,3,-1,1,7,-70.21192742603557,109.79055601698116,82.04070357396444,-88.83676398301884,9.120048999999995,0.0011616,-0.952601884074119,0.2994253103155087,-154.19981779242693,55.47909220904486,186.00326013494987,22.98824360540887,1,0,1,1,0,2,2,1,0,1,1
1009000.0,101,-61.163172,-144.307907,-152.355247,10.171232,102,-61.16269,-144.310705,-162.467578,8.116794,161.441339,3,-1,1,7,-70.34649809201558,109.65595294152645,82.00874890798441,-87.87646905847356,10.112331000000012,0.0019184110000000007,-2.274183456541838,-1.2703571179939965,-152.0363804960665,54.29774345005705,36.130740725325595,122.15144733829146,1,0,1,1,2,0,2,0,0,0,1
1010000.0,101,-61.163127,-144.307929,-38.365336,3.50625,102,-61.162864,-144.310748,-168.833533,12.422188,156.432833,3,-1,1,7,-79.05366149045251,100.94880794051558,-40.68832549045251,-90.21765905948445,130.46819699999998,0.004305394,0.22944687970321098,14.936161712722557,-153.58660937804422,29.704960194586178,3.1249699893906424,155.23399294653152,0,0,1,1,1,0,2,0,0,0,1
1011000.0,101,-61.163174,-144.30794,-165.246693,4.085193,102,-61.163036,-144.310745,-173.871043,14.925211,152.419418,3,-1,1,7,-84.17703188865781,95.82542528086213,81.06966111134219,-90.30353171913788,8.624349999999993,0.0025030229999999988,0.5531877868472075,10.889390901490772,-151.63295187085623,15.46372821764932,0.7181719127933787,152.22224616706563,1,0,1,1,0,0,2,1,0,1,1
1012000.0,101,-61.163252,-144.30788,165.804567,8.232188,102,-61.163175,-144.310757,-175.171533,15.16153,155.878796,3,-1,1,7,-86.82514323572093,93.17737700826441,107.37028976427908,-91.6510899917356,19.02389999999997,0.00023631900000000173,3.2949708346858717,7.126906862118701,-155.6395476622963,8.633090170119434,-7.513367238867941,144.9026910353484,1,1,1,1,0,1,2,0,1,1,1
1013000.0,101,-61.163348,-144.307856,171.621203,10.358722,102,-61.163392,-144.310775,-176.376053,18.643835,158.01316,3,-1,1,7,-91.79134919711419,88.21120784255208,96.58744780288578,-95.4127391574479,12.00274399999995,0.0034823049999999985,2.687874002620549,8.358398376629568,-157.93593762976022,-4.939467399840909,-6.101905748262306,148.8417501669477,1,1,1,1,1,1,2,1,1,0,1
1014000.0,101,-61.163365,-144.307845,165.855791,3.362475,102,-61.163539,-144.310766,-177.928692,17.771518,155.298332,3,-1,1,7,-97.04201443752173,82.96054435599498,97.10219456247825,-99.11076364400503,16.215517000000034,-0.0008723169999999989,1.4639862214077084,14.499369035392146,-154.12684201312956,-19.039130574740508,-2.37850401041667,151.4347050367656,1,1,1,1,0,0,2,0,1,0,1
1015000.0,101,-61.163379,-144.307875,-152.385922,1.99554,102,-61.163722,-144.310725,179.154195,18.769208,155.548291,3,-1,1,7,-104.01212170754565,75.99037489261639,48.37380029245435,-103.1638201073836,28.459883000000048,0.0009976899999999986,-1.2020227904527603,16.99893547874003,-150.9198773531735,-37.662467427450245,-1.6011706772691967,153.20094772348375,1,0,1,1,1,2,2,0,1,0,1
1016000.0,101,-61.16345,-144.307869,-179.86286,6.977631,102,-61.163843,-144.31067,176.119625,16.754161,153.538266,3,-1,1,7,-106.22128808822892,73.78116559007495,73.6415719117711,-102.33845940992506,4.017514999999946,-0.002015046999999999,-1.1505149575248976,9.738141357782567,-147.42590164613975,-42.890589295432676,-2.5756122738987313,151.43996654983556,1,0,1,1,0,0,2,1,1,1,1
1017000.0,101,-61.163461,-144.307881,-168.147334,2.217178,102,-61.163962,-144.310583,171.604098,15.591444,153.106505,3,-1,1,7,-111.02988782119446,68.97247913460184,57.11744617880554,-102.63161886539815,20.248567999999977,-0.0011627170000000006,-2.7319410661884986,13.254441490476529,-142.90859515711048,-54.94301869697482,-1.847712523329409,151.05783445257302,1,0,1,1,1,2,2,0,1,1,1
1018000.0,101,-61.163503,-144.307856,168.965482,4.332042,102,-61.163933,-144.310576,168.546858,8.392246,154.447563,3,-1,1,7,-108.14899557055321,71.85338715324309,82.88552242944678,-96.6934708467569,0.4186240000001362,-0.007199197999999999,-0.8372642438667258,3.9731833418457745,-146.76375259038747,-48.10873769105256,-4.134324063104039,153.52980758802977,1,0,1,1,0,1,2,1,1,0,1
1019000.0,101,-61.16358,-144.307817,167.627934,8.047667,102,-61.163955,-144.310562,167.11747,6.160167,155.373227,3,-1,1,7,-105.81579557335309,74.18660905176586,86.5562704266469,-92.93086094823414,0.5104639999999563,-0.0022320789999999997,0.3508591181135605,-1.855664066542932,-149.491246190409,-42.34627469839655,7.386586907212857,154.75598345848823,1,0,1,1,0,2,2,0,0,0,1
1020000.0,101,-61.16362,-144.307773,156.054925,5.444521,102,-61.164027,-144.310519,166.123865,6.988978,153.364014,3,-1,1,7,-107.08368710351064,72.9187183990101,96.86138789648936,-93.20514660098989,10.068939999999998,0.0008288109999999999,0.5335946308826898,1.8090768675406599,-146.59708658624808,-45.05346817522793,-53.29217018865767,128.83865761541472,1,1,1,1,0,0,2,0,1,1,1
1021000.0,101,-61.163637,-144.307769,162.314945,2.583863,102,-61.164063,-144.310495,164.848551,5.902195,152.931707,3,-1,1,7,-107.9541236182149,72.04826436479887,89.73093138178513,-92.80028663520112,2.533606000000077,-0.0010867830000000005,-0.7577270167187362,3.2352732095932124,-145.48448945307726,-47.14202302098731,-3.865874878640322,152.40150904579812,1,0,1,1,1,2,2,1,1,0,1
1022000.0,101,-61.163657,-144.307764,170.4246,2.306916,102,-61.164067,-144.310489,162.611792,3.878486,152.906307,3,-1,1,7,-107.32685852125128,72.6755285861098,82.24854147874873,-89.9362634138902,7.812808000000018,-0.002023709,-0.7753189515111202,1.426471374443608,-145.96761669449188,-45.538923976178246,17.592396612993273,149.99943648579463,1,0,1,1,1,2,2,0,0,1,1
1023000.0,101,-61.163749,-144.307791,-174.164515,8.925006,102,-61.164058,-144.310491,158.601484,2.028388,152.734213,3,-1,1,7,-103.34980118692204,76.65256402118712,70.81471381307796,-81.94891997881288,27.234000999999978,-0.001850098,-1.6474898891203131,-6.990194388524165,-148.6071126687838,-35.26564737782035,10.322391977561521,136.6737226070584,1,0,1,1,1,2,2,0,0,1,1
1024000.0,101,-61.163807,-144.307733,164.046811,7.138068,102,-61.164064,-144.310491,160.082654,1.501551,152.531992,3,-1,1,7,-100.93627051153766,79.0661455054482,95.01691848846235,-81.01650849455179,3.9641569999998865,-0.000526837,1.4503869308608164,-5.451420754842858,-149.76182966462173,-28.937915595164863,-1.9185106063566595,152.16762188146654,1,1,1,1,0,2,2,1,1,0,1
1025000.0,101,-61.163827,-144.307766,-166.598317,3.141321,102,-61.164058,-144.310494,154.685975,0.682798,152.321708,3,-1,1,7,-99.95902407438801,80.0433656626654,66.639292925612,-74.64260933733462,38.71570800000001,-0.0008187530000000001,-1.0200345076763528,-2.438545598202052,-150.026477013515,-26.343100101364737,33.63319721341701,128.41523886772225,1,0,1,1,1,2,2,0,0,1,1
1026000.0,101,-61.163869,-144.307762,-179.565666,4.409619,102,-61.164039,-144.310499,12.598711,0.448117,152.089537,3,-1,1,7,-97.33942869632479,82.66296892520113,82.2262373036752,70.06425792520113,167.83562300000003,-0.00023468100000000004,-0.13117091025004157,-4.846819392219227,-150.84343196826836,-19.42900658574094,-999,4869.567068906995,1,0,1,1,0,2,2,0,1,0,0
1027000.0,101,-61.163912,-144.307732,166.489984,4.86225,102,-61.164025,-144.310502,1.322907,0.878642,151.697866,3,-1,1,7,-94.83588937180079,85.16653715808897,98.67412662819925,83.84363015808897,165.16707700000006,0.00043052500000000007,1.1156109630866462,-5.606114955058704,-151.15785936798827,-12.788436192179141,-999,5695.359991872218,1,1,1,1,0,2,2,1,1,0,0
1028000.0,101,-61.163952,-144.307686,155.109383,4.970388,102,-61.164085,-144.310489,173.412647,2.045993,151.265931,3,-1,1,7,-95.6199183066945,84.38253713239558,109.27069869330549,-89.03010986760441,18.303264000000013,0.001167351,1.8572610411075272,-2.476217752225146,-150.53885861470357,-14.813302409626587,-22.823249905412247,129.55394411699186,1,1,1,1,0,2,2,1,1,1,1
1029000.0,101,-61.164007,-144.307635,155.983299,6.329491,102,-61.164121,-144.310482,174.143826,2.822124,151.229965,3,-1,1,7,-94.74721720932651,85.25527677495359,109.26948379067352,-88.8885492250464,18.160527000000002,0.0007761309999999999,2.2881753035976065,-2.974131324383394,-150.7111741170132,-12.5157624686854,-19.703864630889527,127.33584923198295,1,1,1,1,2,2,2,1,1,1,1
1030000.0,101,-61.164049,-144.307704,-158.166022,5.240754,102,-61.164085,-144.31048,127.397584,0.284677,151.400764,3,-1,1,7,-91.54142944428207,88.46100234385048,66.62459255571792,-38.936581656149514,74.436394,-0.0025374470000000004,-2.175291642754986,-4.691914380805155,-151.34597745504504,-4.072646309305423,18.474424869758696,138.49297543471067,1,0,1,1,1,2,2,0,0,0,1
1031000.0,101,-61.164122,-144.307623,161.220576,8.023419,102,-61.164032,-144.310473,7.110276,2.193584,151.781119,3,-1,1,7,-86.255135444622,93.74736116817952,112.524288555378,86.63708516817952,154.11029999999994,0.0019089069999999998,2.3114242764957527,-9.773006533623677,-151.45703312249822,9.913385023423219,-999,9989.130714297653,1,1,1,1,0,2,2,0,1,0,0
1032000.0,101,-61.164152,-144.307611,163.327448,4.214146,102,-61.164045,-144.310478,7.807018,0.772728,152.344294,3,-1,1,7,-85.57644749876421,94.4260640064522,111.0961045012358,86.6190460064522,155.52042999999998,-0.001420856,1.1040803793057214,-4.802549247549462,-151.89048033535136,11.750144588671263,-999,4879.582691837494,1,1,1,1,1,2,2,0,1,1,0
1033000.0,101,-61.164208,-144.307634,-174.526387,5.950971,102,-61.164078,-144.31048,177.944334,0.930225,150.94915,3,-1,1,7,-84.59098136906353,95.41151174121094,89.93540563093647,-82.53282225878905,7.529278999999974,0.00015749699999999999,-0.6010147734650558,-4.9942096100788875,-150.27699444255026,14.229224400374761,0.7574807862694782,150.90060913492823,1,0,1,1,1,0,2,1,0,1,1
1034000.0,101,-61.16422,-144.307731,-118.368565,4.410493,102,-61.164144,-144.31048,179.615212,3.389616,150.647436,3,-1,1,7,-86.7204930763421,93.28191506230506,31.64807192365791,-86.33329693769495,62.01622299999997,0.002459391,-3.9035980720042653,1.2939311978383654,-150.4007269875099,8.618079542601814,42.986863465977414,50.12212064295134,1,0,1,1,1,2,2,0,0,1,1
1035000.0,101,-61.164284,-144.30772,-173.898624,6.355578,102,-61.164221,-144.310466,177.171672,5.401769,149.446257,3,-1,1,7,-87.27776252707469,92.72464298533089,86.62086147292533,-84.44702901466911,8.929704000000044,0.0020121529999999996,-0.9420640404302816,-0.9243872350501272,-149.2776094259048,7.097820468077698,75.82601150575931,109.62732416441742,1,0,1,1,0,0,2,1,0,0,1
1036000.0,101,-61.164281,-144.307696,134.175292,0.991071,102,-61.164268,-144.310456,176.22918,5.340926,149.059305,3,-1,1,7,-89.44167570062103,90.5607420761899,136.38303229937895,-85.66843792381012,42.05388800000003,-6.08430000000002e-05,0.35955733743437823,4.638729728740785,-149.05222793060574,1.452499915930677,-2.312300377785325,148.72031355394725,1,1,1,1,0,2,2,0,1,0,1
1037000.0,101,-61.164366,-144.30772,-174.87495,8.131215,102,-61.164298,-144.310455,176.79051,4.596994,148.875362,3,-1,1,7,-87.0501688335211,92.95222704459007,87.82478116647891,-83.83828295540994,8.334539999999947,-0.000743932,-0.9837308454575501,-3.508923621336457,-148.67809885261346,7.661353157474219,8.942309080364755,145.2268308193082,1,0,1,1,1,2,2,1,0,1,1
1038000.0,101,-61.164441,-144.307692,173.913555,8.324951,102,-61.164288,-144.310453,174.950768,2.352845,148.67884,3,-1,1,7,-83.44683251991808,96.5555861349842,102.63961248008195,-78.39518186501581,1.0372130000000652,-0.0022441489999999995,0.6756069107795444,-5.934309073213116,-147.70742914583371,16.96799454485152,-5.606536606628514,144.84005241665662,1,1,1,1,0,2,2,1,1,1,1
1039000.0,101,-61.164442,-144.307766,-119.828584,2.989988,102,-61.164165,-144.310405,14.206876,3.959889,148.477744,3,-1,1,7,-77.72319294225134,102.27911883847204,42.10539105774866,88.07224283847205,134.03546000000003,0.0016070440000000002,-3.5657173668209157,-5.326019779867,-145.08231451046805,31.571545410625138,19.702663335418542,155.67202322752456,1,0,1,1,1,2,2,0,0,0,1
1040000.0,101,-61.16452,-144.307732,175.672081,7.505245,102,-61.164199,-144.310421,22.438095,0.989126,148.137962,3,-1,1,7,-76.09912084310292,103.9032347393961,108.22879815689708,81.4651397393961,153.23398599999996,-0.002970763,0.18884593321150017,-8.398085346692538,-143.79941519210038,35.58909911649027,-999,8354.218593914626,1,1,1,1,0,2,2,0,1,0,0
1041000.0,101,-61.164574,-144.307764,-170.29743,6.36959,102,-61.164247,-144.310443,-175.115926,1.519752,147.778343,3,-1,1,7,-75.79890259665684,104.20344422669078,94.49852740334315,-80.68062977330919,4.81849600000001,0.0005306260000000001,-0.9440982425576085,-4.764245033719692,-143.26233308166664,36.2538629641485,-1.5668545252744661,147.5768806571224,1,1,1,1,1,2,2,1,1,1,1
1042000.0,101,-61.164559,-144.307807,-78.033771,2.005636,102,-61.164188,-144.31041,16.96364,1.662276,147.364048,3,-1,1,7,-73.53778445191274,106.46449579418531,4.495986548087259,89.50085579418531,94.997411,0.0001425240000000001,-2.4470470640463473,-1.1741117622196553,-141.32312764436548,41.76046259035793,52.97567695445508,104.6149231034748,1,0,0,1,1,2,2,0,0,1,1
1043000.0,101,-61.164607,-144.307843,-156.593906,4.838836,102,-61.164224,-144.310425,172.394378,0.59368,147.347382,3,-1,1,7,-72.9054244049127,107.09683744580343,83.68848159508731,-65.29754055419656,31.011716000000035,-0.001068596,-2.0007815465627212,-3.852202565800166,-140.8376996739288,43.31273868979154,5.686394435260455,144.9599411575753,1,0,1,1,0,2,2,1,0,0,1
1044000.0,101,-61.164674,-144.30786,-170.069985,7.094867,102,-61.164265,-144.310442,-172.967217,2.133617,147.537903,3,-1,1,7,-71.81902027721846,108.1832415747312,98.25096472278155,-78.8495414252688,2.8972320000000025,0.0015399370000000001,-0.9622411539811272,-4.871015459640206,-140.17217409335925,46.03470898765841,-3.5871082129825065,146.43628602955212,1,1,1,1,0,2,2,1,1,0,1
1045000.0,101,-61.164707,-144.307863,-173.936057,4.170613,102,-61.164274,-144.310445,-172.496161,1.722632,147.81783,3,-1,1,7,-70.82804814808856,109.17421370434096,103.10800885191145,-78.32962529565907,1.4398960000000045,-0.00041098500000000016,-0.21561343856445106,-2.439397263040849,-139.61944635317084,48.5440116383364,-14.80058344614105,143.35139843280206,1,1,1,1,0,2,2,1,1,1,1
1046000.0,101,-61.164783,-144.30788,-174.034038,7.825787,102,-61.164317,-144.310476,-166.475274,2.956329,148.278505,3,-1,1,7,-69.58624111647715,110.41603300134176,104.44779688352286,-83.10869299865823,7.5587639999999965,0.0012336970000000002,-0.1220119191130703,-4.909053814271251,-138.96635645685032,51.71911463030509,-10.187995327413816,140.21978814158817,1,1,1,1,0,2,2,0,1,1,1
1047000.0,101,-61.164805,-144.307933,-146.090888,4.052112,102,-61.164296,-144.310459,-168.894668,0.86287,147.472146,3,-1,1,7,-67.32581442000465,112.67639837728215,78.76507357999536,-78.42893362271786,22.80377999999999,-0.002093459,-2.0943802754396352,-2.51623073515106,-136.07429879463083,56.84909017209373,11.576996571675013,141.05991130623497,1,0,1,1,1,2,2,0,0,0,1
1048000.0,101,-61.164869,-144.307965,-163.922874,6.807861,102,-61.164319,-144.31046,-174.903019,1.546033,146.479951,3,-1,1,7,-65.43754524320585,114.5646403988198,98.48532875679416,-70.53234060118018,10.980144999999993,0.000683163,-1.7479558048003314,-5.001684523769477,-133.2247894684839,60.88950251102851,-2.448950765429733,145.8549219063964,1,1,1,1,0,2,2,1,1,0,1
1049000.0,101,-61.164892,-144.307993,-153.11062,3.546512,102,-61.164361,-144.310475,-172.77435,2.781739,147.633252,3,-1,1,7,-66.0795605387031,113.92261371584024,87.0310594612969,-73.30303628415976,19.663729999999987,0.001235706,-1.254099056607041,-0.403420197959103,-134.9529387576487,59.86051634232554,77.22609493320265,98.6693583939481,1,0,1,1,1,1,2,0,0,1,1
1050000.0,101,-61.164953,-144.307984,-179.099936,6.176295,102,-61.164422,-144.310514,-167.895018,4.39797,148.588576,3,-1,1,7,-66.48370942318134,113.51850688115094,112.61622657681868,-78.58647511884908,11.20491800000002,0.0016162309999999999,0.8252501417241938,-1.8753517729277993,-136.2477989688774,59.288297275635635,-56.73067976234036,101.07638760364765,1,1,1,1,0,2,2,1,1,0,1
1051000.0,101,-61.164976,-144.308058,-137.434596,4.289765,102,-61.164485,-144.310585,-160.848832,5.696684,150.894783,3,-1,1,7,-68.05806394290934,111.94414973418661,69.37653205709066,-87.20701826581342,23.41423599999999,0.0012987140000000003,-1.032868079535727,2.2219723028235205,-139.96441871027247,56.384368682398275,67.12769525309155,116.59846355404768,1,0,1,1,1,1,2,0,0,0,1
1052000.0,101,-61.165014,-144.308108,-145.895082,4.883578,102,-61.16455,-144.31066,-157.158509,6.627263,150.918868,3,-1,1,7,-69.34529750478521,110.65693807368804,76.5497844952148,-92.18455292631194,11.263427000000007,0.0009305789999999998,-0.16568015327824925,2.063905996091866,-141.21828495053367,53.23439408907832,39.852325741643085,137.70742486501146,1,0,1,1,0,2,2,1,0,0,1
1053000.0,101,-61.165063,-144.308049,164.079039,5.520535,102,-61.164629,-144.310718,-158.928077,7.649472,148.299191,3,-1,1,7,-71.36929102011386,108.63304705314863,124.55166997988613,-92.43887594685134,36.99288400000003,0.001022209,4.264631690751452,1.8291776289073498,-140.52791600458062,47.37673347397453,-23.49306314899212,98.94583753156758,1,1,1,1,0,0,2,0,1,1,1
1054000.0,101,-61.165103,-144.30809,-165.436163,4.710645,102,-61.164724,-144.310732,-166.096337,8.735853,143.450598,3,-1,1,7,-73.43662517721572,106.56568924520195,91.99953782278428,-87.33797375479804,0.660174000000012,0.0010863810000000002,0.9146071563525031,3.9206193975191903,-137.49811532349565,40.894282596034095,2.1400937991306193,143.19330209245973,1,1,1,1,1,0,2,1,0,0,1
1055000.0,101,-61.165139,-144.308197,-132.757123,6.05895,102,-61.164899,-144.310735,-173.447556,12.845365,139.769475,3,-1,1,7,-78.9078169927284,101.09440632673224,53.84930600727161,-85.45803767326777,40.690432999999985,0.004109511999999998,-2.9828939941245594,8.648083920737315,-137.15843040503395,26.889981602877295,9.54821207917037,122.11223763287231,1,0,1,1,1,0,2,0,0,1,1
1056000.0,101,-61.165173,-144.308122,157.159615,4.190045,102,-61.16508,-144.310752,-175.311097,15.698949,142.733076,3,-1,1,7,-85.80773645324842,94.19456746163524,117.03264854675157,-90.4943355383648,27.52928799999998,0.0028535840000000015,2.9097480426377773,11.784905695418743,-142.35117327804886,10.434292059583438,-2.0275040107497415,140.7035175579997,1,1,1,1,0,1,2,1,1,0,1
1057000.0,101,-61.165211,-144.30806,145.601396,5.045343,102,-61.165199,-144.310788,-174.179976,14.794653,145.923594,3,-1,1,7,-89.47862661426574,90.52376315180939,124.91997738573428,-95.29626084819063,40.21862799999997,-0.0009042960000000004,4.350587679795321,10.555341390326909,-145.91755249726214,1.327840007525237,-5.11779472060914,135.47413916689513,1,1,1,1,0,1,2,0,1,1,1
1058000.0,101,-61.165276,-144.308105,-172.243216,6.831662,102,-61.165314,-144.310811,-174.199777,14.058271,144.900705,3,-1,1,7,-91.66901820380996,88.3333522919879,80.57419779619003,-97.4668707080121,1.956561000000022,-0.0007363820000000008,0.49867377663358614,7.217145316660524,-144.83923167914574,-4.220340755409206,-1.9695428803798876,144.20381413615712,1,0,1,1,1,0,2,1,1,0,1
1059000.0,101,-61.165332,-144.308171,-155.963355,6.852329,102,-61.165426,-144.310814,-175.716035,13.40957,144.287083,3,-1,1,7,-94.2187623183636,85.78355299037963,61.744592681636405,-98.50041200962039,19.752679999999998,-0.000648700999999999,-1.7894062540467963,7.1139745168985575,-143.89612861584567,-10.614447231056788,3.6600736760198225,142.1531320786926,1,0,1,1,1,2,2,0,0,1,1
1060000.0,101,-61.165349,-144.308092,138.823474,3.447236,102,-61.165546,-144.310786,-179.162893,13.397164,143.160745,3,-1,1,7,-98.62291664397002,81.37944334314577,122.55360935603,-99.45766365685427,42.01363299999997,-1.2406000000000362e-05,2.465324437237203,10.801052316980225,-141.5425263986715,-21.464205776976875,-5.115417279235985,133.28504789248325,1,1,1,1,0,0,2,0,1,1,1
1061000.0,101,-61.165393,-144.308042,150.522927,5.209658,102,-61.165613,-144.310764,178.629568,11.09578,143.05021,3,-1,1,7,-99.51468169077019,80.48770282605597,109.96239130922982,-98.14186517394404,28.10664100000008,-0.0023013840000000005,2.2981740736377203,6.557324536250013,-141.08230784653804,-23.646246927129123,-10.925737739891316,125.51293749555366,1,1,1,1,1,2,2,1,1,1,1
1062000.0,101,-61.16546,-144.308074,-175.734887,7.042866,102,-61.165524,-144.310752,172.331792,2.904941,142.911502,3,-1,1,7,-92.83802355281131,87.16432241906999,82.89686344718868,-85.16746958093002,11.933321000000063,-0.008190839,-0.9114133057352389,-4.144398252303486,-142.73622088918415,-7.07592044684229,8.942692187894284,137.88578229773574,1,0,1,1,1,2,2,1,0,0,1
1063000.0,101,-61.165503,-144.308118,-160.250702,5.415306,102,-61.165564,-144.310744,173.530381,3.540739,142.76176,3,-1,1,7,-92.75869344262011,87.24360697735895,67.49200855737988,-86.28677402264105,26.218916999999976,0.0006357979999999998,-2.2288175586701504,-1.578587882760218,-142.5963127259901,-6.871078172255159,41.56168099732146,77.1129572989475,1,0,1,1,1,2,2,0,0,1,1
1064000.0,101,-61.165539,-144.308121,-171.384719,4.269576,102,-61.165555,-144.310741,169.400132,1.747529,141.439909,3,-1,1,7,-90.72661579423693,89.27567936985952,80.65810320576306,-80.1244526301405,19.215149000000025,-0.0017932099999999997,-0.9610347620095971,-2.5036913181864455,-141.42853533179715,-1.7936699336516186,19.69191200144295,131.39367275612503,1,0,1,1,0,0,2,1,0,0,1
1065000.0,101,-61.165578,-144.308034,143.730974,5.383664,102,-61.165536,-144.310739,129.774322,0.340533,141.221956,3,-1,1,7,-88.15720957447876,91.84516005128067,128.11181642552123,-37.92916194871934,13.95665200000002,-0.0014069960000000002,2.923130442010765,-4.122708237828864,-141.14891925361565,4.541304878801717,-19.743368446908175,113.43858566847047,1,1,1,1,0,2,2,1,1,1,1
1066000.0,101,-61.165594,-144.308116,-133.919317,3.19282,102,-61.165549,-144.310738,165.163491,0.723362,140.935588,3,-1,1,7,-87.96307494747622,92.03922196928337,45.95624205252379,-73.12426903071662,60.91719199999997,0.00038282899999999995,-2.485068814032319,-1.5154373165322794,-140.84653475097667,5.009352607639558,34.965604647739816,79.2137172908528,1,0,1,1,1,2,2,0,0,1,1
1067000.0,101,-61.16565,-144.30814,-164.447215,5.798698,102,-61.165585,-144.31074,177.498716,2.009769,140.476906,3,-1,1,7,-87.03374395361486,92.96853369175007,77.41347104638514,-84.53018230824993,18.05406899999994,0.001286407,-1.6424917529178942,-3.5785177954249625,-140.2886928588141,7.269372414325748,12.583990386694115,130.5537588792237,1,0,1,1,0,2,2,1,0,0,1
1068000.0,101,-61.165723,-144.308207,-158.331302,8.241293,102,-61.165552,-144.31073,47.379843,0.31898,140.443798,3,-1,1,7,-82.00150780080017,98.00070239137008,76.32979419919982,50.62085939137008,154.288855,-0.0016907889999999998,-3.2777318503183874,-7.874909853246353,-139.07752293826806,19.542338908644492,-999,8557.764804218481,1,0,1,1,1,2,2,0,1,0,0
1069000.0,101,-61.165789,-144.308202,-175.046001,7.445996,102,-61.165546,-144.310726,31.23032,0.452237,140.623579,3,-1,1,7,-78.7117346314471,101.29047643751117,96.33426636855289,70.06015643751118,153.723679,0.00013325700000000002,-0.8774813439818234,-7.804883717661008,-137.90318342363665,27.52640500312511,-999,7835.506970998065,1,1,1,1,0,2,2,1,1,1,0
1070000.0,101,-61.165846,-144.308182,175.038126,6.551289,102,-61.165609,-144.310745,-175.788714,2.508247,140.89722,3,-1,1,7,-79.1472146939223,100.85503054115144,105.81465930607771,-83.35625545884858,9.173159999999967,0.0020560099999999996,0.7508317619515289,-4.025263055807271,-138.37716102750434,26.529001294744145,-12.545118706085972,131.16638673046214,1,1,1,1,0,2,2,1,1,1,1
1071000.0,101,-61.165862,-144.308158,156.922544,2.813803,102,-61.165607,-144.310748,-172.902395,1.472551,141.354759,3,-1,1,7,-78.4629113465543,101.53935754111606,124.6145446534457,-85.5582474588839,30.17506099999997,-0.001035696,1.284889296750263,-1.1273636655743755,-138.49874894771503,28.271265126730505,-66.58164681126502,70.66054599756306,1,1,1,1,0,2,2,0,1,1,1
1072000.0,101,-61.165912,-144.308209,-161.788077,5.328459,102,-61.165632,-144.310773,-164.234637,2.041942,142.094546,3,-1,1,7,-77.24251095915933,102.75973515270228,84.54556604084065,-93.00562784729772,2.446560000000005,0.0005693910000000003,-1.1105245332211657,-3.096411610307308,-138.5867240401294,31.378016552534593,5.146042552092451,141.0439596060396,1,0,1,1,1,2,2,1,0,0,1
1073000.0,101,-61.165967,-144.30827,-154.865297,6.637079,102,-61.165724,-144.310822,-166.599873,5.369492,141.047579,3,-1,1,7,-78.83241951567885,101.16981608560138,76.03287748432115,-92.23031091439861,11.734576000000004,0.00332755,-1.5747048195741729,-0.7853157557226105,-138.37682918553503,27.317991989136136,56.974054450762864,86.95102181506932,1,0,1,1,1,0,2,0,0,1,1
1074000.0,101,-61.165975,-144.308272,-152.886128,1.936269,102,-61.165755,-144.310839,-165.979654,4.663556,139.838191,3,-1,1,7,-79.92452725361952,100.07772148852969,72.9616007463805,-93.94262451147029,13.093525999999997,-0.0007059360000000003,0.24734831277211178,2.801149686166304,-137.68162893052508,24.464029046534378,4.612800563778458,139.30165725968408,1,0,1,1,1,0,2,0,0,0,1
1075000.0,101,-61.166033,-144.308264,179.371996,5.611613,102,-61.165736,-144.310808,-173.514453,1.905011,138.156413,3,-1,1,7,-76.39319164015221,103.60903695401593,104.23481235984781,-82.87651004598405,7.1135510000000295,-0.002758545,0.276682091523742,-3.718456266825832,-134.2787841653125,32.502347240037736,-11.474036983452597,131.49747170244265,1,1,1,1,0,0,2,1,1,1,1
1076000.0,101,-61.166081,-144.308223,163.295891,5.651977,102,-61.165762,-144.310797,178.714727,2.317892,139.474597,3,-1,1,7,-75.58948077055855,104.41277410492494,121.11462822944145,-74.30195289507508,15.418836000000056,0.00041288100000000003,1.5725521214401448,-3.096165383521165,-135.08637561428873,34.710723583752994,-25.005508224354195,104.85661842632639,1,1,1,1,0,1,2,0,1,1,1
1077000.0,101,-61.16607,-144.308127,88.90835,4.132076,102,-61.165866,-144.310822,-176.137901,5.976441,141.018087,3,-1,1,7,-81.08104793391544,98.9213129409968,-169.98939793391543,-84.94078605900319,94.95374900000002,0.003658549,4.533871063935334,6.041592029184872,-139.3129861553667,21.863045295982438,-15.77148756066715,135.35672023953094,0,1,2,1,1,1,2,0,1,0,1
1078000.0,101,-61.166115,-144.308274,-132.487469,6.116023,102,-61.16594,-144.31087,-170.585186,6.903703,143.375364,3,-1,1,7,-82.04397638403493,97.95829776606065,50.44349261596507,-91.45651623393934,38.09771699999999,0.0009272619999999998,-3.380793820193221,2.6797704777433218,-141.99531833400732,19.84501381597957,39.46355975803267,86.33538250213594,1,0,1,1,0,1,2,1,0,1,1
1079000.0,101,-61.166166,-144.308356,-141.091846,7.045279,102,-61.165999,-144.310921,-166.249347,6.922108,142.750201,3,-1,1,7,-82.31262360340625,97.68962339141468,58.77922239659375,-96.06102960858533,25.157500999999996,1.840499999999956e-05,-2.77959115091814,1.2414055274151092,-141.46726154182898,19.095386809283514,55.02085592547593,50.52651270728986,1,0,1,1,0,2,2,1,0,1,1
1080000.0,101,-61.166205,-144.30838,-153.989251,4.988966,102,-61.166039,-144.31095,-164.53005,6.059075,141.513492,3,-1,1,7,-82.37280384875008,97.62944752708675,71.61644715124991,-97.84050247291327,10.540798999999993,-0.0008630329999999997,-0.5717050361896352,1.3559150560067357,-140.2614728128678,18.782642582959838,61.24070730400739,123.31333717251388,1,0,1,1,0,0,2,1,0,0,1
1081000.0,101,-61.166242,-144.30839,-167.01314,4.340644,102,-61.166115,-144.310957,-169.946301,6.993011,139.836272,3,-1,1,7,-84.1438863039851,95.85836244505818,82.8692536960149,-94.19533655494183,2.9331610000000126,0.0009339360000000001,0.24531506687382354,2.6560129359308373,-139.10650290121765,14.26757924286771,0.5388168772747894,139.82913097454198,1,0,1,1,0,0,2,1,0,0,1
1082000.0,101,-61.166333,-144.308303,161.418114,9.641849,102,-61.166148,-144.310953,-172.488809,5.672565,141.145767,3,-1,1,7,-81.76448304836542,98.23783841154403,116.81740295163456,-89.27335258845596,26.093076999999937,-0.0013204460000000005,3.8139850797846626,-3.5153210161689277,-139.690219177788,20.218066378361755,-21.277241143721138,80.03510459797549,1,1,1,1,0,1,2,0,1,1,1
1083000.0,101,-61.166398,-144.308335,-177.07136,7.569857,102,-61.166125,-144.310935,-175.953188,2.40781,142.674693,3,-1,1,7,-77.71835356769647,102.28392409162056,99.35300643230353,-81.76288790837941,1.118171999999987,-0.003264755,-0.21683758979248313,-5.158163667957238,-139.4094063574629,30.349389478275,-4.747488515899023,140.56108983164359,1,1,1,1,1,1,2,1,1,0,1
1084000.0,101,-61.166407,-144.308342,-169.806721,2.128185,102,-61.166194,-144.310978,-168.843189,4.555397,145.043491,3,-1,1,7,-80.48958716250023,99.51272203455346,89.31713383749978,-91.64408896544654,0.9635320000000149,0.0021475870000000003,0.5048225251579946,2.3747113431855777,-143.04995375971714,23.965078986096962,-2.5896955947859612,144.90643257450108,1,0,1,1,1,1,2,1,1,0,1
1085000.0,101,-61.166411,-144.30838,-114.904714,1.707275,102,-61.16629,-144.31103,-167.640448,7.081303,144.506789,3,-1,1,7,-84.59261125040182,95.40971021203964,30.312102749598182,-96.9498417879604,52.73573399999998,0.002525906,-0.032791320047407035,6.198232759595567,-143.86370782170164,13.6178426662442,2.7390284817437274,143.81313124435326,1,0,1,1,1,2,2,0,0,1,1
1086000.0,101,-61.166498,-144.30836,177.765322,8.193989,102,-61.166332,-144.311056,-166.295436,6.194731,143.213567,3,-1,1,7,-82.72539646636854,97.27696529458275,99.50928153363145,-96.42759870541727,15.939242000000036,-0.0008865720000000002,1.7871329593740817,-2.16938890183092,-142.0607932782599,18.13440889621174,-39.58430722341917,98.36122001215531,1,1,1,1,0,0,2,1,1,1,1
1087000.0,101,-61.166533,-144.308411,-157.815819,4.985027,102,-61.166351,-144.311056,-167.499481,4.609356,142.546702,3,-1,1,7,-81.88109139430377,98.12122569021193,75.93472760569624,-94.37929330978807,9.683661999999998,-0.001585375,-0.8845841487120459,-0.11592290200541111,-141.11797122258378,20.131578405550442,148.48021190940983,38.601909035142896,1,0,1,1,1,2,2,1,0,1,1
1088000.0,101,-61.166576,-144.308447,-157.868284,5.09691,102,-61.166434,-144.311072,-171.462311,6.439793,143.890138,3,-1,1,7,-83.60109669798864,96.40120286726413,74.26718730201135,-92.13648613273585,13.594027000000011,0.0018304369999999999,-0.9641436587698208,1.6470590776918401,-142.99371000950794,16.036542999530706,52.70659225546748,116.21360414596114,1,0,1,1,1,1,2,0,0,0,1
1089000.0,101,-61.166657,-144.308461,-172.690456,8.387126,102,-61.166553,-144.31111,-171.84582,9.167427,145.628429,3,-1,1,7,-85.34709783532129,94.65522275682979,87.34335816467872,-93.4989572431702,0.8446360000000084,0.002727634,0.23319096944855122,0.7557780605061737,-145.14849661288721,11.813266441874315,-39.04897620634011,142.18088476140002,1,0,1,1,0,1,2,1,1,0,1
1090000.0,101,-61.166674,-144.308429,163.089353,3.10007,102,-61.166609,-144.311137,-170.29898,8.051581,144.660063,3,-1,1,7,-87.1518450156185,92.85052726305503,109.7588019843815,-96.85049273694494,26.61166700000004,-0.0011158459999999995,2.258495501341043,4.970425600135849,-144.48136849685196,7.188044549169421,-9.897239912755458,134.51486037398612,1,1,1,1,0,2,2,0,1,1,1
1091000.0,101,-61.166716,-144.308462,-167.057486,4.519944,102,-61.166635,-144.311145,-170.089382,6.0866,143.409402,3,-1,1,7,-86.4190856498809,93.58326472878777,80.63840035011911,-96.32735327121225,3.031895999999989,-0.0019649810000000006,0.035227872912532376,1.5906563389072028,-143.12940791258427,8.957073885520082,3.7480609313853206,143.29275131138778,1,0,1,1,1,0,2,1,0,0,1
1092000.0,101,-61.166758,-144.30846,-177.604135,4.672538,102,-61.166759,-144.311138,-176.291268,9.069684,142.671073,3,-1,1,7,-90.045536819619,89.95680918070607,87.55859818038101,-93.7519228192939,1.3128670000000113,0.002983084000000001,0.3913383305611471,4.3822365129819545,-142.6710279405346,-0.11339031054831483,-2.906262593732179,142.0954454227035,1,0,1,1,0,2,2,1,1,1,1
1093000.0,101,-61.166802,-144.30832,132.3078,7.241049,102,-61.166756,-144.31113,-177.381264,5.377789,144.005661,3,-1,1,7,-88.05710368205324,91.94535795429113,139.63509631794676,-90.67337804570889,50.31093600000003,-0.0036918950000000006,5.600750837230859,0.49812723529867853,-143.92287403931553,4.88228720071232,-26.399850741183872,18.457351910102723,1,1,1,1,0,1,2,0,1,1,1
1094000.0,101,-61.166835,-144.3084,-157.781857,4.185776,102,-61.166752,-144.311137,-174.712621,3.124827,145.545027,3,-1,1,7,-86.40310956210688,93.59928812477423,71.37874743789313,-91.68809087522573,16.93076400000001,-0.0022529620000000003,-1.2948272997777148,-0.763454943205244,-145.2583229063267,9.130964399889672,72.9378792206667,82.36130353946766,1,0,1,1,1,1,2,1,0,0,1
1095000.0,101,-61.166859,-144.308411,-163.287782,3.001576,102,-61.166849,-144.311148,-176.347921,6.122167,144.218345,3,-1,1,7,-89.56713081834596,90.43526686995911,73.72065118165403,-93.21681213004086,13.06013900000002,0.0029973400000000002,-0.4731798425695754,3.2349413479024087,-144.2142291786522,1.0895581426469185,6.968502581503792,142.54052972292874,1,0,1,1,0,0,2,1,0,0,1
1096000.0,101,-61.166934,-144.308445,-168.20402,7.574106,102,-61.166822,-144.311134,-179.606395,2.574284,142.858612,3,-1,1,7,-85.06498519574787,94.9373704437303,83.13903480425215,-85.45623455626969,11.402374999999978,-0.003547883,-1.5306701554780198,-4.8399307603172,-142.32902224535664,12.289525997666264,5.9672696148788775,139.41291623918562,1,0,1,1,0,0,2,1,0,1,1
1097000.0,101,-61.166998,-144.30843,179.005812,7.229781,102,-61.166912,-144.311123,178.130116,5.449642,142.437937,3,-1,1,7,-86.21264889585349,93.78971024930796,94.78153910414653,-84.34040575069203,0.8756959999999481,0.0028753579999999997,-0.05237713443178221,-1.7819525384078512,-142.12686321797784,9.408541259631287,-2.9375527691897028,142.34193452715817,1,1,1,1,0,2,2,1,1,0,1
1098000.0,101,-61.167044,-144.308397,166.557951,5.570162,102,-61.166986,-144.311118,178.24117,6.559354,142.371621,3,-1,1,7,-87.47037920296151,92.53200447253928,105.97166979703849,-85.70916552746073,11.683219000000008,0.0011097120000000001,1.0935263098292858,1.138693299963033,-142.2328852235712,6.283695341601279,-63.91137933263693,107.16352116130332,1,1,1,1,0,2,2,0,1,1,1
1099000.0,101,-61.167069,-144.308469,-143.112341,3.97245,102,-61.166967,-144.311107,174.133662,3.204457,142.303121,3,-1,1,7,-85.41719843216478,94.58511253283605,57.695142567835205,-79.54854946716394,42.753997000000055,-0.003354897,-2.7119765551595045,0.01045439277422755,-141.84816465987814,11.369979286029476,52.37738781290574,10.824218112811048,1,0,1,1,1,2,2,0,0,1,1
1100000.0,101,-61.167113,-144.308522,-149.419921,5.393871,102,-61.166992,-144.31111,176.570361,3.033043,142.09568,3,-1,1,7,-84.46368647922336,95.53858068516996,64.95623452077663,-81.03178031483003,34.009717999999964,-0.00017141399999999997,-2.925534329626897,-1.6160749565524855,-141.43283950684233,13.708908916984601,31.665391025322652,81.18290352241706,1,0,1,1,0,2,2,1,0,0,1
1101000.0,101,-61.167179,-144.308547,-166.066783,7.15866,102,-61.166982,-144.311106,172.622716,1.388469,141.878675,3,-1,1,7,-80.9314576305538,99.07078412971282,85.13532536944619,-73.55193187028718,21.310501000000045,-0.0016445740000000002,-1.90202204050273,-5.571055625757096,-140.10526149516372,22.362337112373005,3.9974900033568828,139.8171410490725,1,0,1,1,0,2,2,1,0,0,1
1102000.0,101,-61.167225,-144.308513,171.309039,5.443327,102,-61.166971,-144.311103,153.080964,0.401933,141.649596,3,-1,1,7,-78.5064691088242,101.49579980864384,110.18449189117578,-51.58516419135616,18.22807499999999,-0.0009865359999999999,0.6405457171133135,-5.02244287110435,-138.8091261796391,28.224714988964028,-10.034869819837374,134.22570980783235,1,1,1,1,0,2,2,1,1,1,1
1103000.0,101,-61.167248,-144.308496,164.072432,3.170206,102,-61.166963,-144.311099,62.655002,0.211434,141.270036,3,-1,1,7,-77.20983762661207,102.79244267936795,118.71773037338795,40.13744067936795,101.41742999999991,-0.00019049899999999998,0.6821663742829908,-3.145621469886286,-137.76475622020416,31.274510628130034,-999,3158.3547309319083,1,1,1,1,0,2,2,0,1,0,0
1104000.0,101,-61.16728,-144.308505,-178.663568,3.468151,102,-61.166973,-144.311101,165.185614,0.384741,140.858104,3,-1,1,7,-76.22295118689165,103.77932298713806,102.44061681310835,-61.40629101286193,16.150818000000015,0.00017330699999999999,-0.1792616180140834,-3.0952556889574825,-136.80558144915477,33.54457253913808,-8.565342252049495,138.51965765562045,1,1,1,1,1,2,2,1,1,1,1
1105000.0,101,-61.167314,-144.308579,-142.571536,4.765238,102,-61.166974,-144.311096,146.485868,0.282039,140.848353,3,-1,1,7,-74.35337677522702,105.64882819302913,68.21815922477299,-40.83703980697088,70.94259600000001,-0.00010270200000000002,-3.0518964719814092,-3.5489864936295255,-135.62899475932872,37.987291603727044,12.361066887262714,127.61562043806606,1,0,1,1,1,2,2,0,0,1,1
1106000.0,101,-61.16734,-144.308612,-145.592905,3.661225,102,-61.167018,-144.311111,-175.180848,2.091433,141.048942,3,-1,1,7,-75.04194492181234,104.96024427859275,70.55096007818766,-79.85890772140726,29.587942999999996,0.001809394,-1.8931421507823007,-0.9366305684670126,-136.2695046516286,36.40640247702509,44.3401776924968,93.873747421261,1,0,1,1,0,2,2,1,0,1,1
1107000.0,101,-61.167392,-144.308503,145.820773,6.407899,102,-61.166998,-144.311097,159.711604,0.406452,141.340534,3,-1,1,7,-72.51902775473276,107.48324466896008,141.66019924526722,-52.22835933103991,13.890830999999935,-0.001684981,3.4589162980959705,-4.919918901091233,-134.81297042822334,42.45714964201122,-17.025002925376125,86.43293591711753,1,1,1,1,0,2,2,1,1,1,1
1108000.0,101,-61.167441,-144.308602,-153.098248,6.160332,102,-61.167053,-144.311131,-169.11876,2.67906,141.812858,3,-1,1,7,-72.3536052133144,107.64861026942697,80.74464278668562,-83.23262973057302,16.020511999999997,0.0022726080000000006,-2.281579357733995,-2.8627915906413954,-135.1399268288759,42.98938090754779,12.356972146710875,132.58431819778164,1,0,1,1,1,2,2,0,0,0,1
1109000.0,101,-61.167523,-144.308658,-160.810888,9.023657,102,-61.167041,-144.311136,-158.01522,1.16763,142.564239,3,-1,1,7,-68.03495768627583,111.96721311962612,92.77593031372417,-90.01756688037386,2.7956680000000063,-0.0015114300000000002,-2.5288460706353812,-7.439568386588107,-132.21582015963315,53.324845439669645,-1.0292095512096713,142.3432481542199,1,1,1,1,0,2,2,1,1,0,1
1110000.0,101,-61.167551,-144.308674,-159.928919,4.215879,102,-61.167032,-144.311142,-125.49349,0.493887,142.107202,3,-1,1,7,-66.44097891557291,113.56118313023603,93.4879400844271,-120.94532686976396,34.435429,-0.000673743,-1.0447155625568363,-3.673082547446022,-130.26240067469743,56.79932949193497,-8.034219051583005,141.31574542734015,1,1,1,1,0,2,2,0,1,1,1
1111000.0,101,-61.167579,-144.308783,-125.333068,5.689517,102,-61.167123,-144.311204,-161.629443,4.3117,140.855102,3,-1,1,7,-68.66710141013351,111.33501946329487,56.665966589866485,-87.03553753670514,36.29637500000001,0.003817813,-3.282649057980411,0.8015573742714115,-131.20406244375135,51.2411334543509,48.49770900301956,30.60685717557949,1,0,1,1,1,0,2,0,0,1,1
1112000.0,101,-61.167643,-144.3088,-163.228384,6.756614,102,-61.167133,-144.311184,-169.419034,3.001023,139.048599,3,-1,1,7,-66.07906763849917,113.92302082268554,97.14931636150084,-76.65794517731445,6.190650000000005,-0.0013106770000000001,-1.398609459469719,-3.5192101501867077,-127.10514200062626,56.38081021822439,-1.3811439880746224,138.9418596523457,1,1,1,1,0,0,2,1,1,0,1
1113000.0,101,-61.167696,-144.308753,168.222122,6.16238,102,-61.167238,-144.311227,-169.970013,6.477131,139.879986,3,-1,1,7,-69.00041855159678,111.00174875402286,122.77745944840319,-79.02823824597715,21.807864999999993,0.003476108,2.3859335491735423,0.34550036601157164,-130.58958317872415,50.127549796167784,-50.736376007617835,68.32570785419433,1,1,1,1,0,2,2,0,1,1,1
1114000.0,101,-61.167719,-144.308767,-176.817076,3.154909,102,-61.167353,-144.311291,-167.94831,9.123811,142.510766,3,-1,1,7,-73.26558350951157,106.73662759911197,103.55149249048841,-85.31506240088805,8.868765999999994,0.0026466799999999998,1.7298245104459298,5.772676756665696,-136.47539373601822,41.033953386257515,0.021730194360775865,142.5107045973923,1,1,1,1,1,1,2,1,0,0,1
1115000.0,101,-61.167758,-144.308727,160.187764,4.400366,102,-61.167493,-144.311385,-165.707087,11.919179,145.158978,3,-1,1,7,-78.32052042050003,101.68180807879786,121.49171557949998,-92.61110492120213,34.10514899999998,0.002795368,4.434051774371639,7.4103346916764465,-142.15351592062277,29.385486305483106,-5.601391093450547,137.07337636893422,1,1,1,1,0,1,2,0,1,1,1
1116000.0,101,-61.16778,-144.30877,-155.502072,2.980198,102,-61.16756,-144.311444,-163.157129,10.376163,143.812406,3,-1,1,7,-80.31946028357889,99.682882233107,75.1826117164211,-97.15998876689298,7.655056999999999,-0.0015430159999999997,1.7707027910347564,7.219146915519702,-141.7646092318331,24.182714670907018,-1.409436814807931,143.44434000268922,1,0,1,1,1,0,2,1,1,0,1
1117000.0,101,-61.167802,-144.308828,-133.865465,3.58693,102,-61.167599,-144.311463,-163.03172,8.12644,141.679787,3,-1,1,7,-80.92475221139627,99.07755614068088,52.94071278860373,-97.89072385931911,29.166255000000007,-0.0022497229999999995,-0.21442669032605854,5.287041872666051,-139.9062451066787,22.347362808960344,6.440867126578786,139.0188570752581,1,0,1,1,1,0,2,0,0,1,1
1118000.0,101,-61.16787,-144.308877,-158.872359,7.24316,102,-61.167755,-144.311476,-171.031494,11.677826,139.916419,3,-1,1,7,-84.75872399586254,95.24355282147286,74.11363500413745,-93.72495317852713,12.15913500000002,0.0035513859999999993,-0.7902999705187432,4.778781988572822,-139.33140722573557,12.781364022662023,7.941120896507954,135.4148468968974,1,0,1,1,0,0,2,1,0,1,1
1119000.0,101,-61.1679,-144.308795,148.104929,4.558947,102,-61.16785,-144.311482,-173.185769,11.241207,141.254115,3,-1,1,7,-87.79143330462833,92.21092060511126,124.10363769537167,-94.60331039488875,38.70930200000004,-0.0004366190000000003,3.742565292249277,7.2911757201307115,-141.14918658559424,5.443540268826198,-7.8316391233047975,128.13990893952814,1,1,1,1,0,1,2,0,1,1,1
1120000.0,101,-61.167931,-144.308789,165.288835,3.653421,102,-61.167873,-144.311497,-171.634041,7.87844,142.949337,3,-1,1,7,-87.45816861299869,92.54420369433798,107.2529963870013,-95.82175530566201,23.07712399999994,-0.003362766999999999,2.0740487992765493,4.260949532210924,-142.8086904343204,6.33962815739371,-12.173063463406294,131.18250324395765,1,1,1,1,1,1,2,1,1,0,1
1121000.0,101,-61.167998,-144.308788,177.5533,6.896572,102,-61.167923,-144.311514,-171.074537,6.97092,141.848267,3,-1,1,7,-86.73590961068892,93.26647846659544,95.71079038931106,-95.65898453340458,11.372162999999972,-0.0009075200000000007,1.3759489023792717,-0.0037756357702400933,-141.61814631070604,8.076601167740476,-102.95517389116466,7.68799969316385,1,1,1,1,1,0,2,1,1,1,1
1122000.0,101,-61.168049,-144.308905,-142.676833,7.353776,102,-61.167919,-144.311508,-171.413487,4.084962,140.600133,3,-1,1,7,-84.08851727695577,95.91376304826088,58.58831572304422,-92.67274995173909,28.736654000000016,-0.0028859579999999997,-3.8487724530835266,-1.8087555299834595,-139.85244909995345,14.480672648831646,24.786373399842937,74.12373661693135,1,0,1,1,1,0,2,0,0,0,1
1123000.0,101,-61.168061,-144.308824,137.818863,2.795062,102,-61.168002,-144.311498,-177.676527,6.088358,139.811549,3,-1,1,7,-87.38151114143959,92.6208313834379,134.79962585856043,-89.70264161656212,44.50461000000004,0.0020033960000000006,2.1236478834245487,4.012139800592567,-139.66556889988,6.387338855288658,-15.298713804083555,126.80414089304816,1,1,1,1,0,2,2,0,1,0,1
1124000.0,101,-61.168105,-144.308803,162.965392,4.616975,102,-61.168011,-144.311485,179.13794,4.081852,141.136857,3,-1,1,7,-85.84433159386073,94.15801793988945,111.19027640613928,-84.97992206011054,16.172547999999892,-0.0020065060000000008,1.2911271590855358,-0.33302899753461723,-140.76578639007366,10.22769699505243,-100.34282718156489,25.756959664697234,1,1,1,1,1,1,2,1,1,1,1
1125000.0,101,-61.168184,-144.308838,-173.248142,8.134547,102,-61.16807,-144.311497,-178.131281,5.058794,142.723828,3,-1,1,7,-84.92068606415786,95.08164332230426,88.32745593584214,-86.78707567769573,4.883139,0.0009769420000000002,-0.7914106138715881,-3.022027455169238,-142.1633650696225,12.636008509605306,7.494983153483072,140.72738491533198,1,0,1,1,1,1,2,1,0,0,1
1126000.0,101,-61.168222,-144.308856,-168.909199,5.000607,102,-61.168101,-144.311503,-177.260005,4.452383,141.390641,3,-1,1,7,-84.58620748903303,95.41611138581409,84.32299151096697,-87.32388361418589,8.350806000000006,-0.0006064109999999996,-0.7490984188895394,-0.4599206602635473,-140.75993716037968,13.339919527375118,122.14978497016949,85.20113228946381,1,0,1,1,1,0,2,0,0,1,1
1127000.0,101,-61.168261,-144.308877,-165.752832,4.546233,102,-61.168163,-144.3115,-178.932983,5.400256,140.113703,3,-1,1,7,-85.57097586586325,94.43132198516008,80.18185613413677,-86.63569501483994,13.180150999999995,0.0009478729999999995,-1.0182894891159708,0.9929147291227771,-139.69528999519983,10.820153489171217,81.17504819679492,90.12364770150599,1,0,1,1,1,0,2,0,0,0,1
1128000.0,101,-61.168305,-144.30889,-170.477962,4.906641,102,-61.168248,-144.311487,178.546113,7.01154,139.698068,3,-1,1,7,-87.39520129903165,92.60707377620412,83.08276070096834,-85.93903922379587,10.975925000000018,0.0016112840000000004,-0.9895902178852419,2.1702452452121683,-139.55372734536803,6.348809884325018,27.38558067903627,124.3531431729274,1,0,1,1,0,2,2,1,0,0,1
1129000.0,101,-61.168364,-144.308883,179.548007,6.320059,102,-61.168274,-144.311476,176.671555,5.421087,139.85456,3,-1,1,7,-85.88440169537384,94.11786987670777,94.56759130462615,-82.55368512329224,2.876451999999972,-0.0015904530000000001,-0.26488949410159707,-0.9079200921954387,-139.493914441643,10.03722006041424,31.455334080073012,136.72257089285003,1,1,1,1,0,2,2,1,0,0,1
1130000.0,101,-61.168412,-144.308874,176.368995,5.517575,102,-61.168296,-144.311472,176.180938,4.25486,139.759478,3,-1,1,7,-84.71128057781885,95.29099537522204,98.91972442218116,-80.88994262477796,0.18805700000007164,-0.0011662270000000001,0.06603262577612717,-1.261087536242198,-139.16450304928898,12.882266177847862,-15.964580882340925,138.30050518153465,1,1,1,1,0,2,2,1,1,0,1
1131000.0,101,-61.168426,-144.308949,-127.196324,3.515907,102,-61.168286,-144.311465,171.730438,2.120497,139.525502,3,-1,1,7,-83.41903056988126,96.58317354787803,43.777293430118746,-75.14726445212196,61.07323799999995,-0.002134363,-3.1056536382943545,-0.027085790536285348,-138.60615266345832,15.9906270104112,44.41313161489341,17.20681100787438,1,0,1,1,1,2,2,0,0,1,1
1132000.0,101,-61.168476,-144.308947,-172.085365,5.057411,102,-61.168268,-144.311458,147.695866,0.607908,139.301175,3,-1,1,7,-80.25433185476592,99.74786788317537,91.83103314523407,-47.94799811682462,40.21876899999998,-0.0015125889999999997,-1.0212672272859318,-4.495417747896274,-137.2909002319742,23.58020504310193,1.9057857872619774,139.11009530971512,1,1,1,1,0,2,2,1,0,0,1
1133000.0,101,-61.168553,-144.30891,171.219845,8.185654,102,-61.168265,-144.311456,123.585968,0.305538,139.067547,3,-1,1,7,-76.79987588049295,103.20235451970454,111.98027911950706,-20.383613480295452,47.633876999999984,-0.00030237000000000005,0.9949567430560862,-7.920709045319721,-135.39316103994645,31.7564886630801,-10.874681792698016,135.92481754861436,1,1,1,0,0,2,2,0,1,1,1
1134000.0,101,-61.168581,-144.308958,-158.738568,4.16931,102,-61.168233,-144.311438,20.555248,1.411296,138.75527,3,-1,1,7,-73.7770025963872,106.22516998494406,84.96156540361278,85.66992198494407,179.293816,0.0011057580000000003,-2.0074125534786185,-5.206972662876505,-133.2302608701352,38.764965384334104,-999,5588.411032341828,1,0,1,1,1,2,2,0,1,0,0
1135000.0,101,-61.168626,-144.308953,-177.406979,4.863936,102,-61.168239,-144.311437,34.292419,0.618353,138.342984,3,-1,1,7,-72.09689373441417,107.90528235161592,105.31008526558584,73.61286335161591,148.300602,-0.0007929430000000001,-0.5684412516352918,-5.369822216911991,-131.6441039594973,42.52776874849328,-999,5367.700218688528,1,1,1,1,0,2,2,1,1,1,0
1136000.0,101,-61.168659,-144.308986,-160.769381,4.114322,102,-61.168289,-144.311457,-176.147646,1.867638,138.33485,3,-1,1,7,-72.75121663784188,107.25094806074057,88.01816436215813,-76.6014059392594,15.378264999999999,0.001249285,-1.2296610853817644,-2.02132678062825,-132.1134118093741,41.01922896166167,13.162386034204125,134.21041271147422,1,0,1,1,1,2,2,1,0,1,1
1137000.0,101,-61.168736,-144.309023,-166.888588,8.010212,102,-61.168276,-144.31144,159.982518,0.620127,138.538506,3,-1,1,7,-68.46393324865905,111.53818414418795,98.42465475134095,-48.44433385581205,33.128893999999974,-0.0012475109999999998,-2.0293526332236054,-7.218728190934704,-128.8666725549946,50.855661919945916,-1.9467628000183148,137.82188063539036,1,1,1,1,0,2,2,0,1,0,1
1138000.0,101,-61.168764,-144.309027,-170.158406,3.867084,102,-61.168242,-144.311405,33.368937,1.393009,138.834003,3,-1,1,7,-65.52614412206081,114.47593910503231,104.6322618779392,81.10700210503231,156.47265699999997,0.0007728819999999999,-1.4271746278903776,-4.973542432815686,-126.35982351449839,57.51587076963043,-999,5150.483352082248,1,1,1,1,0,2,2,0,1,0,0
1139000.0,101,-61.168803,-144.30905,-165.72564,4.413572,102,-61.168292,-144.311441,-175.270959,1.487481,139.310422,3,-1,1,7,-66.09894916274249,113.90314545407014,99.62669083725751,-70.82589554592982,9.545319000000006,9.447200000000011e-05,-0.9656005598289997,-2.794890906155728,-127.36406914749038,56.442781363176735,-3.8280241390543317,138.81402384738948,1,1,1,1,1,2,2,1,1,1,1
1140000.0,101,-61.168838,-144.309136,-137.807101,5.38365,102,-61.168359,-144.311489,-166.505246,3.947507,138.516912,3,-1,1,7,-67.11450710741288,112.88755422064378,70.69259389258711,-80.60719977935622,28.69814500000001,0.002460026,-2.6946384811263124,-0.15015939809486412,-127.61340103788903,53.86793838229418,44.94624587865676,60.96449143857805,1,0,1,1,1,2,2,0,0,1,1
1141000.0,101,-61.168898,-144.309143,-168.189594,6.385902,102,-61.168373,-144.311483,-169.924952,2.994997,137.533796,3,-1,1,7,-65.05082794342265,114.95122199675103,103.13876605657735,-75.12382600324895,1.7353579999999909,-0.0009525099999999997,-0.783088339703032,-3.3019014152540045,-124.69946417230855,58.01369387746958,-8.06949822555409,134.72151485395565,1,1,1,1,0,2,2,1,1,0,1
1142000.0,101,-61.168912,-144.309168,-149.967833,2.675241,102,-61.168422,-144.311506,-169.063344,4.016051,138.682438,3,-1,1,7,-66.51101312222609,113.49103506664467,83.45681987777392,-77.44562093335531,19.095510999999988,0.001021054,-0.5769812285011556,1.6270342772980246,-127.19075396421478,55.2750460482705,65.99287271162301,103.22541230259509,1,0,1,1,1,1,2,0,0,1,1
1143000.0,101,-61.168929,-144.309177,-160.643482,2.11066,102,-61.16848,-144.311552,-165.046394,5.098475,140.103903,3,-1,1,7,-68.59404934999537,111.40803125313411,92.04943265000463,-83.5455747468659,4.402911999999986,0.0010824239999999996,0.6160261219428022,2.9344617517599,-130.43924369775323,51.13420909128793,7.875232607576,138.16267561313649,1,1,1,1,0,1,2,1,0,0,1
1144000.0,101,-61.169006,-144.309236,-161.702672,7.893335,102,-61.168573,-144.311653,-159.318697,7.583074,142.486302,3,-1,1,7,-69.6211413932238,110.38097600550606,92.08153060677621,-90.30032699449396,2.383975000000021,0.002484599,0.2000128112376811,-0.39983330850574905,-133.56816190016,49.61746047761664,-298.3015041932903,101.55493847945259,1,1,1,1,2,1,2,1,1,1,1
1145000.0,101,-61.169039,-144.309357,-128.475731,6.859354,102,-61.168669,-144.31176,-156.430979,9.279055,143.215432,3,-1,1,7,-72.29296704823076,107.70913808717393,56.18276395176923,-95.85988291282604,27.95524800000001,0.0016959809999999998,-1.6597318797399634,4.23721344012428,-136.43047983131873,43.55897308182043,33.821580471535626,128.05281013525786,1,0,1,1,1,2,2,0,0,0,1
1146000.0,101,-61.169044,-144.309332,-154.579292,1.334245,102,-61.168748,-144.311834,-156.248608,9.432282,141.459358,3,-1,1,7,-76.21695559347276,103.7852362711904,78.36233640652725,-99.96615572880961,1.6693159999999807,0.0001532270000000011,3.2262899704161363,7.428320018861271,-137.38601128755238,33.702134476449594,-2.9463962500192133,139.43974434613108,1,0,1,1,0,0,2,1,1,0,1
1147000.0,101,-61.169128,-144.30935,-173.859939,8.056788,102,-61.168803,-144.311845,-160.269579,8.097933,137.642805,3,-1,1,7,-74.884996240617,105.11718949335427,98.974942759383,-94.61323150664572,13.590360000000004,-0.0013343490000000014,1.8720740850741242,-0.3880544890031947,-132.88096692759956,35.89136938950953,-75.27750859843675,10.45584155012872,1,1,1,1,0,0,2,0,1,1,1
1148000.0,101,-61.169156,-144.309332,173.306492,3.927184,102,-61.168965,-144.311848,-170.907527,11.898989,134.024589,3,-1,1,7,-81.05478364022738,98.9474204923737,105.63872435977262,-90.1450525076263,15.785981000000078,0.003801056000000001,2.338123090916109,7.849057378478912,-132.39451020041324,20.839484768381322,-2.1707147925598598,132.83397535279607,1,1,1,1,0,0,2,0,1,0,1
1149000.0,101,-61.169248,-144.309328,178.119158,9.27646,102,-61.169084,-144.311854,-173.690482,12.40238,136.627185,3,-1,1,7,-82.33315240370216,97.6690604916479,99.54768959629786,-88.64045750835209,8.190360000000027,0.0005033910000000006,1.6674770557266392,3.0557929485740694,-135.40581457557894,18.227810075490684,-13.856510876275513,127.5937223179665,1,1,1,1,1,1,2,1,1,1,1
1150000.0,101,-61.169278,-144.309281,156.053858,4.618638,102,-61.169228,-144.311892,-173.444352,13.903006,140.34967,3,-1,1,7,-87.72704696794982,92.27524039355151,116.21909503205018,-94.28040760644848,30.50179,0.0015006259999999986,3.461882895603879,9.591000598865588,-140.23924685762574,5.566283312481579,-4.301750961130049,133.8073808458033,1,1,1,1,0,1,2,0,1,0,1
1151000.0,101,-61.169288,-144.309242,128.858214,2.614613,102,-61.169408,-144.311911,-175.059662,16.355198,140.02887,3,-1,1,7,-95.32781940672811,84.67451876765548,135.81396659327189,-100.26581923234448,56.08212400000002,0.002452192000000002,3.4444843667563734,14.654041070621705,-139.42390763877657,-13.002246429398436,-3.1570298473544858,132.782850476449,1,1,1,1,0,2,2,0,1,1,1
1152000.0,101,-61.16934,-144.309311,-158.133023,5.587599,102,-61.169508,-144.311905,-176.638437,14.302093,137.702153,3,-1,1,7,-97.65048625951789,82.35178621275288,60.48253674048212,-101.00977678724712,18.505414000000002,-0.002053105000000002,-1.2424903693030431,9.091907404118619,-136.47641347225672,-18.332253178074712,0.03590678370548175,137.70179219347756,1,0,1,1,1,0,2,1,0,0,1
1153000.0,101,-61.169359,-144.309337,-148.706741,3.059757,102,-61.169644,-144.311859,179.029278,14.60513,137.269733,3,-1,1,7,-103.1900511626822,76.81215823553777,45.5166898373178,-102.21711976446224,32.26398100000003,0.00030303700000000155,-1.8367272165109894,11.988410522422658,-133.64835689699458,-31.32245674631621,-0.9172325323353507,136.85100012354832,1,0,1,1,1,2,2,0,1,1,1
1154000.0,101,-61.169378,-144.309308,162.786865,2.284341,102,-61.169599,-144.311857,178.199834,6.875958,137.174412,3,-1,1,7,-100.19369842391846,79.80853462741267,97.01943657608155,-98.39129937258734,15.412968999999975,-0.007729172000000001,0.4599992962341034,4.690537889602274,-135.00912465721575,-24.276646531968147,-8.09520802215991,131.99761788322283,1,1,1,1,0,2,2,1,1,1,1
1155000.0,101,-61.169446,-144.30931,179.087875,6.645346,102,-61.169552,-144.311851,173.512875,2.11743,137.130225,3,-1,1,7,-94.94534289906626,85.05688314440016,85.96678210093376,-88.45599185559985,5.574999999999932,-0.004758528,-0.13344044500768382,-4.5406312777546045,-136.61974220171643,-11.821364104331211,3.5169655927727104,136.2136055394706,1,0,1,1,1,2,2,1,0,0,1
1156000.0,101,-61.169519,-144.309283,172.289449,7.997131,102,-61.169476,-144.31184,9.865025,2.147771,137.038288,3,-1,1,7,-88.00383950651239,91.99840055364878,99.7067114934876,82.13337555364878,162.424424,3.0340999999999952e-05,0.7049917212240231,-10.040839273178406,-136.95512815963878,4.773389649699964,-999,10042.063698957581,1,1,1,1,0,2,2,0,1,0,0
1157000.0,101,-61.169584,-144.309295,-178.965702,7.371938,102,-61.16953,-144.31184,167.651058,1.132589,135.861318,3,-1,1,7,-87.48167458430638,92.52055496445801,91.48402741569362,-75.13050303554199,13.383239999999972,-0.001015182,-0.37529133395369363,-6.26435231233609,-135.7301057622929,5.969599522071038,0.3533910897432848,135.84419152073002,1,1,1,1,1,0,2,1,0,1,1
1158000.0,101,-61.169641,-144.309323,-170.160349,6.625054,102,-61.169518,-144.311836,124.990209,0.277022,135.842533,3,-1,1,7,-84.2053960450221,95.79680547067726,85.9549529549779,-29.193403529322737,64.84944200000001,-0.0008555670000000001,-1.3591150434542512,-6.368744087346628,-135.148407782526,13.715015337364934,3.84867385230313,135.42463679858216,1,0,1,1,1,2,2,0,0,1,1
1159000.0,101,-61.169656,-144.309389,-130.380841,3.767504,102,-61.169545,-144.311841,177.096106,1.278795,135.806808,3,-1,1,7,-84.63804330427531,95.36410477266955,45.74279769572469,-81.73200122733044,52.52305300000003,0.001001773,-2.9346997634508383,-1.1636818718035666,-135.21254881565258,12.69077388986299,33.207000331064286,63.72525932288302,1,0,1,1,1,2,2,1,0,1,1
1160000.0,101,-61.169646,-144.309363,19.318942,0.585234,102,-61.169525,-144.31184,29.665071,0.112974,135.914827,3,-1,1,7,-84.21667762220656,95.78549235556994,-103.53561962220655,66.12042135556995,10.346129000000019,-0.001165821,0.13769674182684605,0.45411354682930766,-135.22303168780343,13.695689088148756,-60.3978320811551,133.4030015064805,0,1,1,1,1,2,2,1,1,0,1
1161000.0,101,-61.169738,-144.309396,-171.935652,8.591325,102,-61.169575,-144.311856,-173.375864,2.155919,135.991342,3,-1,1,7,-82.17722187006868,97.8249332164476,89.75843012993133,-88.7992027835524,1.4402120000000025,0.002042945,-0.9565381354830708,-6.364839954312018,-134.72578046062995,18.50970497428609,0.2658303906609297,135.98048703677006,1,0,1,1,0,2,2,1,0,0,1
1162000.0,101,-61.169776,-144.309362,169.093851,5.003579,102,-61.169545,-144.31185,-51.820242,0.06747,135.653642,3,-1,1,7,-79.10278774869023,100.89939186724295,111.80336125130975,152.71963386724295,139.08590700000002,-0.0020884489999999996,0.9997177816884363,-4.9549117036906605,-133.20752359634963,25.645004293080536,-999,4999.795503599061,1,1,1,1,0,2,2,0,1,0,0
1163000.0,101,-61.169807,-144.309433,-146.035311,4.415646,102,-61.169635,-144.311876,-172.841314,3.980742,135.311866,3,-1,1,7,-81.69438874763195,98.3077514473943,64.34092225236806,-88.85093455260568,26.806003000000004,0.003913272,-1.9708699555185154,0.28745389127912535,-133.8926673604545,19.546219775307947,71.67101797903865,7.436927998923974,1,0,1,1,1,2,2,1,0,1,1
1164000.0,101,-61.169874,-144.309398,174.555539,6.898771,102,-61.16967,-144.311895,-170.345408,3.973976,135.85535,3,-1,1,7,-80.38523240161065,99.61695510119617,105.05922859838932,-90.03763689880384,15.099053000000055,-6.765999999999827e-06,1.3210292463885878,-2.949956796173648,-133.9469927253593,22.690951135971364,-23.79150779904359,112.98435296089613,1,1,1,1,0,2,2,1,1,0,1
1165000.0,101,-61.169892,-144.309406,-177.603935,2.781785,102,-61.169661,-144.311907,-161.310403,2.070928,136.661421,3,-1,1,7,-79.15805675598492,100.84413425119881,98.44587824401509,-97.8454627488012,16.293532,-0.001903048,0.5473120632774808,-0.8176280878255893,-134.2219894181691,25.70606049880343,-111.13661025783931,98.14807069526219,1,1,1,1,1,2,2,0,1,1,1
1166000.0,101,-61.169944,-144.309412,-177.075697,5.323084,102,-61.169715,-144.311939,-163.914474,3.709742,135.633235,3,-1,1,7,-79.35781184793724,100.6444019377434,97.71788515206275,-95.44112406225656,13.161222999999978,0.001638814,0.7562999559294058,-1.7516497668435531,-133.30029388537284,25.048075507680526,-44.014193681716606,112.74577590850835,1,1,1,1,1,0,2,1,1,0,1
1167000.0,101,-61.169974,-144.309486,-141.278294,4.667379,102,-61.169758,-144.311956,-166.375702,4.165862,134.419264,3,-1,1,7,-79.7222276324266,100.27993621913454,61.55606636757339,-93.34436178086548,25.097408,0.00045611999999999985,-1.9383375587616096,0.4071809360575904,-132.26241676558539,23.98315337123734,74.78444460625633,14.247650234421506,1,0,1,1,1,0,2,0,0,1,1
1168000.0,101,-61.170054,-144.309565,-154.177837,8.954195,102,-61.169765,-144.311961,-164.778007,2.854283,135.857198,3,-1,1,7,-75.95762239044521,104.04447663385344,78.2202146095548,-91.17751636614656,10.600169999999991,-0.0013115789999999996,-3.1508428713075505,-5.305979042369836,-131.79731329368093,32.96432096947434,5.8400066415718115,130.18641308405512,1,0,1,1,0,1,2,1,0,0,1
1169000.0,101,-61.170077,-144.309615,-139.409817,4.643573,102,-61.169842,-144.312016,-163.836417,5.313732,138.091044,3,-1,1,7,-78.5274640017111,101.47463940394405,60.88235299828891,-94.68894359605594,24.426600000000008,0.002459449,-1.5420730621851955,1.5774350549919962,-135.33200655487732,27.46605968901585,74.26848145030586,92.06902058889958,1,0,1,1,1,1,2,0,0,1,1
1170000.0,101,-61.170117,-144.309642,-156.098504,4.717917,102,-61.169876,-144.312054,-159.775119,4.849698,137.309459,3,-1,1,7,-78.29471356045791,101.70739948245482,77.80379043954208,-98.5174815175452,3.676614999999998,-0.00046403399999999983,-0.23496870138341386,0.23735573708666458,-134.4539846897318,27.857019437227038,451.79973820550714,84.27241645441005,1,0,1,1,0,2,2,1,0,1,1
1171000.0,101,-61.170172,-144.309615,174.874849,5.833821,102,-61.169959,-144.312091,-164.480678,6.659201,136.091551,3,-1,1,7,-79.8860092533339,100.11615985850467,105.23914174666609,-95.40316214149533,20.644472999999948,0.0018095030000000003,2.3029020709032877,0.6059112971419491,-133.97673304041209,23.898645513998407,-50.8285363174482,57.25456761507813,1,1,1,1,0,0,2,0,1,1,1
1172000.0,101,-61.170229,-144.309574,164.356158,6.469423,102,-61.170021,-144.312094,-169.494441,6.737746,134.419472,3,-1,1,7,-80.28795192196272,99.71425573744459,115.3558900780373,-90.7913032625554,26.149400999999955,7.85449999999992e-05,2.9730229717509733,0.39502965992781647,-132.49297449048257,22.676114381064593,-43.04408901403067,39.93663335381309,1,1,1,1,0,0,2,0,1,1,1
1173000.0,101,-61.170275,-144.309543,162.786817,5.585138,102,-61.170088,-144.312094,-173.237693,7.03572,135.739886,3,-1,1,7,-81.35730245187133,98.64493236651298,115.85588054812865,-88.11737463348703,23.97548999999995,0.00029797400000000087,2.4812587993760924,1.6517924784573674,-134.1985149165973,20.39792257738057,-35.06171782422513,91.43756624786,1,1,1,1,2,1,2,1,1,0,1
1174000.0,101,-61.170327,-144.309523,167.51549,5.844504,102,-61.170093,-144.312086,-174.73115,4.440338,137.487818,3,-1,1,7,-79.27991423790218,100.722331093931,113.20459576209782,-84.54651890606897,17.753359999999986,-0.0025953820000000007,1.6711923378613243,-1.284731148770641,-135.088332256758,25.574256323281038,-56.35241894585672,62.17939032554099,1,1,1,1,1,1,2,1,1,1,1
1175000.0,101,-61.17036,-144.309525,175.920415,4.043842,102,-61.170122,-144.312116,-168.385457,4.026251,140.096604,3,-1,1,7,-79.21601849207845,100.78625136992895,104.86356650792158,-90.82829163007102,15.69412799999995,-0.00041408699999999945,1.0982784181145784,-0.0897854836630616,-137.6224418717102,26.213010998368052,-127.09559864940326,14.931390338174495,1,1,1,1,1,1,2,1,1,1,1
1176000.0,101,-61.170397,-144.309611,-141.854505,5.244631,102,-61.170226,-144.312172,-167.558849,7.131391,139.840503,3,-1,1,7,-82.11756560854207,97.88467797344505,59.73693939145792,-94.55647302655495,25.70434400000002,0.0031051399999999997,-1.7030379848251769,2.8393173389212665,-138.51922757586445,19.177848447594048,35.70682847268667,113.12117652074807,1,0,1,1,1,2,2,0,0,0,1
1177000.0,101,-61.170411,-144.309662,-123.827608,3.472298,102,-61.170294,-144.312205,-167.306196,7.36184,138.623535,3,-1,1,7,-84.55087085579306,95.45135695781067,39.27673714420693,-97.24244704218933,43.478588,0.00023044900000000014,-1.266798686615645,5.248889934970169,-137.99708193825893,13.163959602705983,11.333318273136378,132.03301619680536,1,0,1,1,1,0,2,0,0,0,1
1178000.0,101,-61.170475,-144.309702,-159.350905,6.752195,102,-61.170348,-144.312207,-170.595388,6.82587,137.010319,3,-1,1,7,-83.99913533327023,96.0030591915159,75.35176966672978,-93.4015528084841,11.244483000000002,-0.0005359699999999999,-1.2657345021153323,0.4157050309098107,-136.25954599191985,14.32353442965948,109.30763769466742,31.18664053904312,1,0,1,1,0,0,2,1,0,1,1
1179000.0,101,-61.170511,-144.309639,157.960093,4.727295,102,-61.170381,-144.312201,-173.362775,5.54767,138.354847,3,-1,1,7,-83.99409979663432,96.00814466407273,118.04580720336568,-90.62908033592726,28.677131999999972,-0.0012782,2.4151419678782933,1.128651751287694,-137.59543467276856,14.476188918541151,-46.79277111524366,71.6392747330512,1,1,1,1,0,1,2,0,1,0,1
1180000.0,101,-61.170528,-144.309533,116.013242,5.103863,102,-61.170403,-144.312207,-172.963724,4.333044,140.062982,3,-1,1,7,-84.46404718520687,95.53829539439731,159.52271081479313,-91.49798060560266,71.023034,-0.001214626,5.117592534996711,2.061964525870929,-139.40970859728733,13.511923458625494,-27.85519287008031,71.0178738097814,1,1,2,1,0,1,2,0,1,1,1
1181000.0,101,-61.170587,-144.309572,-177.86423,5.960417,102,-61.170492,-144.312251,-170.14297,6.631257,142.683743,3,-1,1,7,-85.7952489359993,94.20709802559524,92.0689810640007,-95.64993197440475,7.721260000000001,0.0022982129999999995,0.9130761977072324,0.5770898899811954,-142.29969554566176,10.461699866752758,-101.95888814101464,84.99193558668078,1,1,1,1,1,1,2,1,1,0,1
1182000.0,101,-61.170626,-144.309657,-143.779867,5.621663,102,-61.170584,-144.312302,-168.23504,8.143952,142.616425,3,-1,1,7,-88.11508228652293,91.8872348905335,55.66478471347706,-99.8777251094665,24.455173000000002,0.0015126950000000007,-1.6612494491633243,3.4375740603877016,-142.539256526871,4.690951774159399,22.485352215852302,127.80978729336344,1,0,1,1,1,2,2,0,0,0,1
1183000.0,101,-61.170674,-144.309655,-170.638177,5.280689,102,-61.17062,-144.312331,-165.789918,6.636807,141.401532,3,-1,1,7,-87.60483761616103,92.39750671971761,83.03333938383898,-101.81257528028237,4.848259000000013,-0.0015071450000000003,0.770187837997074,1.2233808214810846,-141.27799827618392,5.9093531813216496,-46.142344329806626,122.75803858955759,1,0,1,1,0,0,2,1,1,1,1
1184000.0,101,-61.170696,-144.309638,172.198155,2.933531,102,-61.170725,-144.312332,-172.498198,8.539094,139.847346,3,-1,1,7,-91.28003792928428,88.72232217713722,96.52180707071568,-98.77947982286275,15.303646999999955,0.0019022870000000003,1.51306111662075,5.55962912705537,-139.81244751436375,-3.124052382241687,-6.897586210770387,134.0853148866476,1,1,1,1,0,0,2,0,1,0,1
1185000.0,101,-61.170793,-144.309749,-156.434892,10.406577,102,-61.170719,-144.312322,-173.248603,4.926072,141.205148,3,-1,1,7,-86.58784342862924,93.41441067543107,69.84704857137075,-93.3369863245689,16.813711000000012,-0.003613022000000001,-3.5813379460697563,-4.646822107551046,-140.95482266129022,8.404272141365565,12.219273967636294,117.02847456623851,1,0,1,1,1,1,2,0,0,1,1
1186000.0,101,-61.17083,-144.309697,170.65249,5.11511,102,-61.170825,-144.312334,-175.576461,7.641383,142.927209,3,-1,1,7,-89.77585920532047,90.22645096823472,99.5716507946795,-94.1970880317653,13.771049000000062,0.0027153110000000006,1.4201762730775482,2.571432092539199,-142.9261153435628,0.5591290801484321,-23.728501638758388,125.38804971164879,1,1,1,1,0,1,2,1,1,0,1
1187000.0,101,-61.17086,-144.309712,-174.160588,3.641789,102,-61.170865,-144.312374,-170.163952,6.501735,145.604872,3,-1,1,7,-90.2243463367915,89.77798573903728,83.93624166320849,-100.05806226096274,3.996635999999995,-0.0011396480000000003,0.7401698813202697,2.783271883571493,-145.6037558101814,-0.5701263942776319,-13.03304330892325,140.567182322113,1,0,1,1,1,1,2,1,1,0,1
1188000.0,101,-61.170895,-144.309726,-170.513475,3.85111,102,-61.170956,-144.312419,-168.839999,8.00229,145.747613,3,-1,1,7,-92.69067811505154,87.31168112013161,77.82279688494846,-103.84831987986837,1.6734759999999937,0.0015005550000000002,0.9141159365797223,4.052527085642456,-145.58693002382614,-6.841966196592686,-9.273823892361913,140.51338914966328,1,0,1,1,1,2,2,1,1,1,1
1189000.0,101,-61.170962,-144.309732,-176.519184,6.902649,102,-61.171065,-144.312443,-171.322386,9.633481,144.494772,3,-1,1,7,-94.50634069525293,85.49603431097503,82.01284330474707,-103.18157968902494,5.196798000000001,0.0016311909999999993,1.0343577875921122,2.633290803990315,-144.04808734583162,-11.352870444942559,-21.873118903523697,129.9318819636957,1,0,1,1,0,0,2,0,1,1,1
1190000.0,101,-61.170981,-144.309791,-140.293235,3.743348,102,-61.171058,-144.312456,-167.497121,5.63761,143.992118,3,-1,1,7,-93.4302094858035,86.57212522177079,46.86302551419651,-105.93075377822922,27.203885999999983,-0.003995871,-1.170991582518905,2.6240668718785125,-143.73414454211104,-8.615436081444585,23.409976991821893,135.78257089167067,1,0,1,1,1,2,2,0,0,0,1
1191000.0,101,-61.171053,-144.309722,164.418976,7.439744,102,-61.17111,-144.312444,-173.982,5.667523,142.761157,3,-1,1,7,-92.48783312329141,87.51455152140049,103.0931908767086,-98.50344847859952,21.59902400000007,2.991300000000052e-05,2.59250947485977,-1.530055827337919,-142.62659914509237,-6.196867295963524,-38.25530705102994,77.96005614426679,1,1,1,1,0,0,2,1,1,1,1
1192000.0,101,-61.171069,-144.309744,-174.04243,2.721746,102,-61.17109,-144.312431,-175.874609,2.570486,142.680606,3,-1,1,7,-90.92974280466427,89.07261117773191,83.11268719533572,-95.05277982226812,1.8321789999999964,-0.0030970370000000004,-0.09757594592400701,-0.14322006100249807,-142.66182123324361,-2.315187020799801,457.84372597520843,116.63183155323271,1,0,1,1,1,2,2,1,0,0,1
1193000.0,101,-61.171126,-144.309724,172.962675,5.77341,102,-61.171071,-144.312419,172.63791,0.73395,141.42715,3,-1,1,7,-87.5776741751992,92.42468681622334,99.4596508248008,-80.21322318377666,0.32476499999995667,-0.0018365359999999997,0.613286625228234,-5.0020168680770345,-141.300775933977,5.977413954088035,-4.593238501995396,139.52310730965883,1,1,1,1,0,0,2,1,1,0,1
1194000.0,101,-61.171137,-144.309743,-164.856172,2.052127,102,-61.171134,-144.312412,176.746192,3.210174,141.283208,3,-1,1,7,-89.86761053919976,90.1347276753917,74.98856146080023,-86.6114643246083,18.39763599999995,0.002476224,-0.7183104636643376,1.2241359354546244,-141.2828308432189,0.3264532089857232,52.75462372848144,121.72747168374973,1,0,1,1,1,2,2,0,0,1,1
1195000.0,101,-61.171198,-144.30979,-161.693443,6.322742,102,-61.171214,-144.31241,178.333165,5.419618,141.103235,3,-1,1,7,-90.72674602081085,89.27554926808145,70.96669697918915,-89.05761573191856,19.97339199999999,0.002209444,-2.1436242447875955,-0.5854203367027395,-141.09188433744697,-1.7897210882466534,59.23476244390801,35.78849598633557,1,0,1,1,1,2,2,0,0,1,1
1196000.0,101,-61.171278,-144.309864,-158.141696,9.118915,102,-61.171165,-144.312403,168.802104,1.164615,140.875337,3,-1,1,7,-84.72774435780356,95.27447997003283,73.41395164219644,-73.52762402996719,33.05620000000002,-0.004255003,-3.6212520292305426,-7.320889494022011,-140.2793371332357,12.944811637237674,5.883180203149572,131.5016681733468,1,0,1,1,0,2,2,0,0,0,1
1197000.0,101,-61.171283,-144.309868,-148.628539,2.179704,102,-61.171082,-144.312381,10.629901,2.993953,140.497604,3,-1,1,7,-80.58290668190443,99.419294867647,68.04563231809556,88.789393867647,159.25844,0.001829338,-1.6869973466243604,-4.803627941911103,-138.60417285255537,22.98825782002124,18.44460034098669,154.93828119028643,1,0,1,1,1,2,2,0,0,0,1
1198000.0,101,-61.171322,-144.309834,165.693152,4.072848,102,-61.17108,-144.312381,11.147896,1.879571,140.088042,3,-1,1,7,-78.8540942414221,101.14813709454303,115.4527537585779,90.00024109454303,154.54525600000005,-0.0011143819999999997,0.6430607330915138,-5.790639615570784,-137.4457152444123,27.080156431337155,-999,5779.870107238824,1,1,1,1,0,2,2,1,1,0,0
1199000.0,101,-61.17138,-144.309821,172.706575,6.069675,102,-61.171072,-144.312374,14.381487,1.525948,140.081071,3,-1,1,7,-75.95436769423836,104.04786889885509,111.33905730576166,89.6663818988551,158.32508799999994,-0.000353623,0.39153973793323216,-7.498695443021698,-135.8930313238795,33.99691883265514,-999,7461.567160192574,1,1,1,1,1,2,2,0,1,0,0
1200000.0,101,-61.171404,-144.309764,142.880345,3.991844,102,-61.17109,-144.312375,60.969289,0.269734,140.284587,3,-1,1,7,-75.99710244278432,104.00518496259272,141.12255255721567,43.03589596259272,81.91105600000003,-0.001256214,2.1731596957826858,-3.3139004839946073,-136.11581874921507,33.944796891296846,-999,3857.081828805064,1,1,1,1,0,2,2,1,1,1,0
1201000.0,101,-61.171464,-144.309841,-159.642918,6.531534,102,-61.171165,-144.312401,-174.553461,3.224771,140.579015,3,-1,1,7,-76.38515209724585,103.61709063001139,83.25776590275416,-81.8294483699886,14.91054299999999,0.0029550369999999998,-1.9660384923805905,-2.9133810671466875,-136.62874918956436,33.09145438425668,12.798271955316405,131.82518664592783,1,0,1,1,1,2,2,1,0,1,1
1202000.0,101,-61.171507,-144.309887,-154.289925,5.62207,102,-61.171206,-144.312422,-171.083404,3.790381,141.053849,3,-1,1,7,-76.16749291154696,103.8347279151461,78.12243208845305,-85.08186808485391,16.79347899999999,0.0005656099999999999,-1.8514565253245796,-1.3209150074756346,-136.963116745314,33.72377453851046,35.92804632425422,107.48398365413642,1,0,1,1,1,2,2,0,0,1,1
1203000.0,101,-61.17155,-144.309903,-164.596825,4.937944,102,-61.171222,-144.312446,-164.949857,3.095966,141.80726,3,-1,1,7,-75.02564406653747,104.97658376924949,89.57118093346253,-90.0735592307505,0.3530320000000131,-0.0006944149999999998,-0.5076532418372735,-1.7708053348087822,-136.99170809570498,36.64110945002575,1.3675296314892176,141.78469529660583,1,0,1,1,0,2,2,1,0,0,1
1204000.0,101,-61.17158,-144.309927,-160.563237,3.786048,102,-61.171251,-144.312476,-160.731827,3.23724,140.997519,3,-1,1,7,-75.0157972265109,104.98643586623261,85.54743977348909,-94.28173713376736,0.1685900000000231,0.00014127399999999966,-0.19161199953121488,-0.5143745503583572,-136.20320144183037,36.45529153842469,24.23024185532055,140.3608855879085,1,0,1,1,1,2,2,1,0,1,1
1205000.0,101,-61.171662,-144.31,-158.965402,8.89107,102,-61.171231,-144.312462,-154.388266,1.097534,139.744698,3,-1,1,7,-70.04746851065497,109.95468836501642,88.91793348934505,-95.6570456349836,4.577136000000024,-0.002139706,-2.716854713540461,-7.308908662000296,-131.35661413651084,47.686691452678915,0.14195128508901314,139.74061066240736,1,0,1,1,0,0,2,0,0,1,1
1206000.0,101,-61.171655,-144.310045,-105.132021,2.742437,102,-61.17131,-144.312479,-171.297872,4.11744,137.936748,3,-1,1,7,-73.62011488650599,106.38201746005122,31.511906113494007,-82.32011053994876,66.165851,0.003019906,-2.0243896683056977,3.3541442917032347,-132.3383143563066,38.89880463647793,46.01774087250732,121.91850201516236,1,0,1,1,1,0,2,0,0,1,1
1207000.0,101,-61.171705,-144.310002,168.788101,4.810409,102,-61.171382,-144.31249,-173.815741,5.662567,138.765299,3,-1,1,7,-74.93226058195448,105.06991907343927,116.27963841804552,-81.11433992656072,17.396158000000014,0.0015451269999999999,1.5453336090113896,0.9110128785961082,-133.99443087089546,36.07354573845245,-55.12976860040879,99.1400399782501,1,1,1,1,0,2,2,1,1,1,1
1208000.0,101,-61.17172,-144.309987,159.041047,2.309926,102,-61.171468,-144.312526,-171.722575,7.26049,141.498634,3,-1,1,7,-78.37002481838697,101.63219951742005,122.58892818161303,-86.64522548257992,29.23637800000006,0.0015979229999999998,1.871524246978544,5.027760307608263,-138.59365551103247,28.524762504799625,-4.121970949643029,139.83867893368583,1,1,1,1,0,1,2,0,1,0,1
1209000.0,101,-61.171793,-144.309986,177.827884,7.21069,102,-61.17165,-144.312605,-170.297283,12.542322,144.276602,3,-1,1,7,-83.54070184077116,96.46159258337676,98.63141415922883,-93.24112441662328,11.874832999999967,0.005281832,2.3871302468122364,5.15740110414456,-143.36073736206552,16.230738358783093,-7.880892108521805,136.919868342483,1,1,1,1,1,1,2,1,1,1,1
1210000.0,101,-61.171828,-144.310061,-147.264728,5.204358,102,-61.17178,-144.312666,-169.280048,13.408847,143.092428,3,-1,1,7,-87.81271788781324,92.1895642730916,59.452010112186755,-98.53038772690843,22.015320000000003,0.0008665249999999993,-0.32013635217025227,8.797045228559153,-142.98817267391914,5.461265998710854,1.3210526343006077,142.6982792077198,1,0,1,1,1,0,2,0,0,0,1
1211000.0,101,-61.171898,-144.310035,178.297722,7.33172,102,-61.171819,-144.312684,-168.401381,9.941411,141.053779,3,-1,1,7,-86.46198487850096,93.54033583087042,95.24029312149906,-98.0582831691296,13.300896999999992,-0.003467435999999999,2.2165594984283503,2.4099239765508473,-140.78494089146724,8.704538377588657,-26.28538623405152,109.549528741084,1,1,1,1,0,0,2,1,1,1,1
1212000.0,101,-61.171912,-144.309986,141.992304,3.133976,102,-61.171939,-144.312674,-174.0146,11.196721,139.291871,3,-1,1,7,-91.19456753051537,88.80778734699408,126.81312846948464,-97.1776126530059,43.99309600000001,0.0012553099999999997,3.097338493986905,8.66633446222133,-139.26159794906064,-2.9039048460357493,-5.772204605623731,130.20811476180248,1,1,1,1,0,0,2,0,1,0,1
1213000.0,101,-61.171974,-144.310021,-172.598861,6.193041,102,-61.17195,-144.312662,-175.489462,7.277185,140.629175,3,-1,1,7,-88.92145792535726,91.08085577755675,83.67740307464274,-93.42968222244326,2.8906010000000038,-0.0039195359999999995,-0.22546283886541962,1.1132024222798442,-140.60425996348593,2.6470627686339334,27.630504826844646,137.2835730634235,1,0,1,1,1,1,2,1,0,0,1
1214000.0,101,-61.172055,-144.310037,-174.312677,8.623958,102,-61.172006,-144.312673,-175.242247,6.903215,142.324335,3,-1,1,7,-87.793415074441,92.20889424970468,86.51926192555901,-92.54885875029532,0.929569999999984,-0.0003739699999999999,-0.2820569087562672,-1.702078234426799,-142.2188012142339,5.479864448911601,10.268019483141565,141.20132113624194,1,0,1,1,0,1,2,1,0,0,1
1215000.0,101,-61.172072,-144.310011,164.996819,3.071193,102,-61.172034,-144.312681,-174.421098,5.431815,141.224344,3,-1,1,7,-88.31049990976533,91.69183920133345,106.69268109023469,-93.88706279866653,20.58208300000004,-0.0014714,1.323109551551096,2.439585433455829,-141.16295094067155,4.163726690345775,-23.604609387322995,126.08683357422746,1,1,1,1,0,0,2,0,1,1,1
1216000.0,101,-61.172114,-144.310086,-148.770911,5.210602,102,-61.172074,-144.312677,-176.78157,5.034323,139.975673,3,-1,1,7,-88.16731242074944,91.83495748171956,60.60359857925057,-91.38347251828043,28.010658999999976,-0.00039749200000000065,-2.418854709530791,0.5707908948687672,-139.90407231980177,4.4765589618147414,59.29377099039272,29.57786007510379,1,0,1,1,1,0,2,0,0,1,1
1217000.0,101,-61.172166,-144.31005,173.54079,5.573909,102,-61.172121,-144.312657,178.135434,5.108518,139.187261,3,-1,1,7,-87.95092507274903,92.05135884783951,98.508284927251,-86.0840751521605,4.594644000000017,7.419500000000045e-05,0.46082536566294996,-0.4327137259367655,-139.09826025998967,4.976707478474147,-160.17402259051428,91.65680965538185,1,1,1,1,0,2,2,1,1,0,1
1218000.0,101,-61.172179,-144.310001,134.723215,2.954738,102,-61.172196,-144.312641,176.537927,6.40803,140.51223,3,-1,1,7,-90.76628340897082,89.23602942291349,134.51050159102917,-87.3018975770865,41.814711999999986,0.001299512,1.7124170453856622,4.317137434200146,-140.4996635896411,-1.8791782168210205,-13.961696640876326,130.39777351970818,1,1,1,1,0,1,2,0,1,0,1
1219000.0,101,-61.172242,-144.310031,-174.625828,6.317139,102,-61.172246,-144.312645,178.179259,6.059788,142.244914,3,-1,1,7,-90.18297608943823,89.8193139660561,84.44285191056179,-88.3599450339439,7.1949129999999855,-0.00034824199999999996,-0.7841952927111113,-0.23264210344712488,-142.2441886463501,-0.45426336959858193,165.4600709866934,40.03715096058019,1,0,1,1,1,1,2,1,0,1,1
1220000.0,101,-61.172284,-144.309995,166.088188,5.04772,102,-61.172267,-144.312681,-173.728442,4.613267,144.927349,3,-1,1,7,-89.24914939831756,90.75320373509464,104.66266260168243,-95.51835426490538,20.183370000000053,-0.0014465210000000005,1.7175714124971984,-0.31399689809744125,-144.91490454336684,1.899191763533518,-80.85747664943794,24.253025362472407,1,1,1,1,0,1,2,0,1,1,1
1221000.0,101,-61.172322,-144.310122,-133.698089,6.262423,102,-61.17234,-144.312729,-168.858074,6.107544,145.053845,3,-1,1,7,-90.82152772646627,89.180756198279,42.87656127353374,-101.96116980172098,35.15998499999998,0.0014942770000000002,-3.3474487509491264,1.6659792119387067,-145.03893454160942,-2.0797635247204247,44.01337615942686,75.44000702584091,1,0,1,1,1,2,2,0,0,0,1
1222000.0,101,-61.172393,-144.310114,-172.286285,7.402392,102,-61.17244,-144.312755,-171.037988,8.110459,143.817312,3,-1,1,7,-92.11488860521251,87.88742510786545,80.17139639478748,-101.07458689213456,1.2482969999999796,0.0020029150000000005,0.2698696929863633,0.6760367489725665,-143.71934910946084,-5.307346084274174,-77.65468614395785,131.52028141194842,1,0,1,1,0,0,2,1,1,0,1
1223000.0,101,-61.172374,-144.310128,-56.071237,0.975067,102,-61.172531,-144.312759,-174.128138,8.876602,143.301311,3,-1,1,7,-97.05610581368616,82.94619913941312,-40.984868813686155,-102.92566286058684,118.05690100000001,0.0007661429999999996,0.09906763916144934,9.374273121547766,-142.21599523848462,-17.603307434855495,-2.4304731639925925,142.06970165798356,0,0,1,1,1,2,2,0,1,0,1
1224000.0,101,-61.17245,-144.310107,175.277227,7.018561,102,-61.172551,-144.312748,-176.081281,6.253781,142.072649,3,-1,1,7,-94.53601213731125,85.46630157763707,90.18676086268874,-98.45241742236294,8.641491999999971,-0.002622821,1.0052617590513262,-0.7555714763250032,-141.62765230167784,-11.235911061958856,-84.36007258981525,94.07618988814912,1,1,1,1,0,0,2,1,1,1,1
1225000.0,101,-61.172522,-144.310096,175.741112,7.888467,102,-61.172493,-144.312731,179.161962,1.238948,142.045195,3,-1,1,7,-88.69359693524943,91.30871152342982,95.56529106475057,-87.85325047657017,3.4208500000000868,-0.005014833000000001,0.5677018502259328,-6.627868919789374,-142.0082728610354,3.2384968139160812,-2.29969261320441,141.2138260312364,1,1,1,1,0,2,2,1,1,0,1
1226000.0,101,-61.172556,-144.310086,172.693368,4.436368,102,-61.17252,-144.312723,175.699242,1.93269,140.841291,3,-1,1,7,-88.37936167989693,91.62294853154036,98.92727032010305,-84.07629346845964,3.0058740000000626,0.0006937420000000001,0.4192785758349067,-2.4730956675420606,-140.78495344585974,3.983231576720894,-10.846758873787596,138.13872723101744,1,1,1,1,0,0,2,1,1,1,1
1227000.0,101,-61.172587,-144.310113,-166.529698,3.794253,102,-61.172529,-144.312717,172.554462,1.581968,140.748437,3,-1,1,7,-87.35631018846838,92.64597111300718,79.17338781153161,-79.90849088699282,20.915839999999946,-0.000350722,-1.0888356302867104,-2.1212464898056194,-140.59863684510125,6.491982381546449,23.86068590732018,128.0565762589409,1,0,1,1,1,2,2,0,0,1,1
1228000.0,101,-61.172596,-144.310106,179.26932,1.373069,102,-61.172517,-144.312711,151.178705,0.529125,140.499186,3,-1,1,7,-86.40226318773837,93.60001898975858,94.32841681226165,-57.57868601024143,28.090614999999957,-0.0010528430000000001,-0.23757026761559671,-0.9093763492432967,-140.22229131137573,8.81647809787346,34.70628474097811,138.01559443637922,1,1,1,1,0,2,2,0,0,0,1
1229000.0,101,-61.172672,-144.310139,-170.137478,7.418422,102,-61.172518,-144.312705,136.164824,0.400421,140.214504,3,-1,1,7,-82.90606247105833,97.0961855404808,87.23141552894165,-39.06863845951921,53.697698,-0.00012870399999999994,-1.5479881492772634,-7.01995167357099,-139.14116345994015,17.315997314051387,2.4735707636824458,139.68569046003472,1,0,1,1,1,2,2,0,0,0,1
1230000.0,101,-61.172727,-144.310159,-169.825024,6.41345,102,-61.172572,-144.312711,178.288902,2.566888,139.902444,3,-1,1,7,-82.82168106986848,97.1805546775812,87.00334293013154,-81.10834732241881,11.88607399999998,0.002166467,-1.2096141102950797,-3.746841336654777,-138.80589663749848,17.481901951253032,6.4527308404570425,137.46507401173443,1,0,1,1,2,2,2,1,0,1,1
1231000.0,101,-61.17275,-144.31013,166.015713,3.329282,102,-61.172552,-144.312699,158.955157,0.717756,139.540112,3,-1,1,7,-80.9195051706372,99.08274547015138,113.0647818293628,-59.872411529848634,7.06055600000002,-0.001849132,0.5467951559947611,-2.560727426142133,-137.79133827196387,22.02248746608266,-20.142262555131136,130.1773786689221,1,1,1,1,0,2,2,1,1,1,1
1232000.0,101,-61.17279,-144.310188,-154.51595,4.687518,102,-61.172584,-144.312703,176.447732,1.794711,139.577776,3,-1,1,7,-80.36005315598716,99.64215017735705,74.15589684401284,-76.80558182264295,29.036318000000023,0.0010769549999999999,-2.128049252177216,-2.4401835750090606,-137.60687158820102,23.373156500878,20.373179367176913,119.26930416071131,1,0,1,1,1,2,2,0,0,1,1
1233000.0,101,-61.172854,-144.310125,164.611838,6.960036,102,-61.172562,-144.312687,110.943879,0.380459,139.821636,3,-1,1,7,-76.70190380214413,103.30034070744317,118.68625819785586,-7.643538292556826,53.66795900000005,-0.0014142519999999997,1.491571248774883,-6.574524114669806,-136.07253083439343,32.16140926700111,-23.429611733948573,158.3679982549342,1,1,1,0,0,2,2,0,1,0,1
1234000.0,101,-61.172931,-144.310111,172.501824,8.343678,102,-61.172556,-144.312678,67.877924,0.437453,140.151206,3,-1,1,7,-73.14570196773481,106.85654692303817,114.3524740322652,38.978622923038174,104.62389999999994,5.699399999999999e-05,0.6835558845224782,-8.43706793105615,-134.1310331180448,40.63528636469054,-999,8405.925695910057,1,1,1,1,1,2,2,0,1,0,0
1235000.0,101,-61.172974,-144.310163,-162.148017,5.62291,102,-61.17258,-144.312688,175.121263,0.937551,140.655073,3,-1,1,7,-72.06851424548738,107.93369785067428,90.07950275451263,-67.18756514932572,22.73071999999999,0.000500098,-1.8034898428426966,-4.418021984995205,-133.82280325347708,43.30481370490457,2.0951206863819216,140.26468850789038,1,1,1,1,1,2,2,1,0,1,1
1236000.0,101,-61.172995,-144.310143,173.545808,2.764762,102,-61.172565,-144.312687,35.249886,0.12305,141.431133,3,-1,1,7,-70.6829478029562,109.31928093889307,115.77124419704381,74.06939493889308,138.29592199999996,-0.000814501,0.23976610877500448,-2.8477269451405776,-133.4689198840943,46.784749722926826,-999,2800.103717976113,1,1,1,1,0,2,2,0,1,0,0
1237000.0,101,-61.173018,-144.310182,-151.107439,2.988787,102,-61.172617,-144.312726,-163.808574,2.286084,140.513006,3,-1,1,7,-71.89804967720711,108.1041790653716,79.20938932279289,-88.08724693462841,12.701134999999994,0.002163034,-0.8066197887594986,-0.42135706419515806,-133.55833665854271,43.65862531229538,95.54740840947852,101.15902323687767,1,0,1,1,1,2,2,1,0,1,1
1238000.0,101,-61.173076,-144.310348,-130.563336,8.970189,102,-61.172704,-144.312772,-166.481405,5.270173,139.257961,3,-1,1,7,-72.34573937347342,107.65638424133022,58.21759662652657,-85.86221075866979,35.918069,0.002984089,-5.58258070476424,-0.7090500986404784,-132.69945248175682,42.23310328308214,21.083747877945004,59.11661671114878,1,0,1,1,1,0,2,0,0,1,1
1239000.0,101,-61.173135,-144.310346,-163.954155,6.711168,102,-61.1728,-144.312797,-170.190002,7.451953,137.437704,3,-1,1,7,-74.17474053440013,105.82740673600695,89.77941446559986,-83.98259126399307,6.235847000000007,0.00218178,-0.5853353585666206,0.8932853823231417,-132.22852122148748,37.47987001538623,111.47193020464165,91.33612749687052,1,0,1,1,0,0,2,1,0,0,1
1240000.0,101,-61.173184,-144.310278,159.562847,6.02381,102,-61.172843,-144.312791,-173.251922,6.349357,138.224934,3,-1,1,7,-74.28309232239435,105.71910926580674,126.15406067760563,-81.02896873419326,27.18523099999996,-0.0011025959999999993,2.849467835412876,0.6607253099044614,-133.05695967847174,37.442994811124514,-42.52956272386433,66.60957967272583,1,1,1,1,0,2,2,0,1,1,1
1241000.0,101,-61.17322,-144.310299,-177.420371,4.266507,102,-61.172927,-144.312823,-171.895441,7.600344,141.04885,3,-1,1,7,-76.46427074952041,103.53794047678757,100.95610025047958,-84.56661852321241,5.5249299999999835,0.0012509869999999994,0.8794704146417599,3.2622516607302705,-137.13109920757068,33.01272052475989,-1.1183885121609736,140.99711655937088,1,1,1,1,1,1,2,1,1,0,1
1242000.0,101,-61.173243,-144.310299,-178.756872,2.856861,102,-61.173027,-144.312881,-168.99718,9.102909,143.533163,3,-1,1,7,-80.15823440837491,99.84402763196947,98.59863759162508,-91.15879236803056,9.759692000000001,0.0015025650000000006,1.6753771909515351,6.07938882520228,-141.42086624508977,24.533802625622467,-2.190132483552055,142.8565756298226,1,1,1,1,1,1,2,0,1,0,1
1243000.0,101,-61.173284,-144.31037,-147.104862,5.07172,102,-61.173099,-144.312983,-160.881971,9.106903,149.193092,3,-1,1,7,-81.64765469504562,98.35463450505678,65.45720730495438,-100.76339449494321,13.777108999999996,3.9940000000004974e-06,0.228182030238667,4.346069359357075,-147.61067436613334,21.671813807242984,3.6400605149481886,148.55657209364222,1,0,1,1,1,1,2,0,0,0,1
1244000.0,101,-61.173365,-144.310318,171.744375,8.383362,102,-61.173167,-144.313096,-154.055504,9.117985,152.140949,3,-1,1,7,-81.59252587130801,98.40990788383404,106.66309912869201,-107.53458811616593,34.200120999999996,1.108199999999826e-05,5.192885865738635,-0.09742884018387699,-150.50593103815433,22.24484400842,-29.133003156144223,19.422055158198454,1,1,1,1,0,1,2,0,1,1,1
1245000.0,101,-61.173361,-144.310472,-99.975636,5.660093,102,-61.173368,-144.313198,-161.828595,14.383486,152.284859,3,-1,1,7,-90.30633374659786,89.69605445473606,9.669302253402137,-108.47535054526395,61.852959,0.0052655010000000006,-1.088875883957546,12.685655628370057,-152.2826824426461,-0.8141920670743793,1.4623374906643307,151.92955463592418,1,0,0,1,1,2,2,0,0,0,1
1246000.0,101,-61.17341,-144.310484,-156.368999,5.129959,102,-61.17366,-144.313192,-172.059428,21.17801,149.019688,3,-1,1,7,-100.84044308005032,79.16192935559243,55.52855591994968,-108.77864264440757,15.690428999999995,0.006794524000000001,0.8693380436859415,16.275161566871187,-146.3603929427269,-28.026822675214678,-2.248637392932333,144.65965094722446,1,0,1,1,0,0,2,1,1,1,1
1247000.0,101,-61.173442,-144.310449,168.571435,3.819119,102,-61.173876,-144.31311,-178.622835,22.176768,143.177666,3,-1,1,7,-108.69003522365946,71.31229603886769,82.73852977634056,-110.0648689611323,12.805729999999926,0.0009987579999999987,1.2897341617297666,18.426966733706543,-135.62733837459666,-45.88103231870673,-3.0024923327582282,132.09308213889219,1,0,1,1,0,0,2,1,1,1,1
1248000.0,101,-61.173473,-144.310504,-151.579138,3.989375,102,-61.174108,-144.313006,176.478488,23.631914,148.221611,3,-1,1,7,-117.76256263153334,62.23962933605844,33.81657536846666,-114.23885866394156,31.94237400000003,0.0014551459999999992,-3.350270868089901,20.07873547366684,-131.15915819729608,-69.04289382993721,-2.338674178661338,140.73801437519734,1,0,1,1,1,1,2,0,1,0,1
1249000.0,101,-61.173545,-144.310528,-168.55029,7.431331,102,-61.174338,-144.312906,173.588665,24.521256,154.99292,3,-1,1,7,-124.67014742489964,55.33193591102768,43.88014257510035,-118.25672908897232,17.86104500000002,0.0008893420000000027,-4.213355865098974,17.08445388310814,-127.47246061969089,-88.16789117183055,-3.1478355834599605,144.87597626574896,1,0,1,1,0,1,2,1,1,0,1
1250000.0,101,-61.173545,-144.310596,-111.203965,3.229124,102,-61.174489,-144.312902,174.877076,21.53712,161.081566,3,-1,1,7,-130.33369334533828,49.6683269137921,-19.12972834533828,-125.20874908620789,73.91895900000003,-0.0029841359999999996,-4.933618202952816,20.283149317619667,-122.7905201005669,-104.25813674934267,-3.8276961459727126,144.1541760313587,0,0,0,1,1,1,2,0,1,1,1
1251000.0,101,-61.173614,-144.310586,-175.860019,6.64283,102,-61.174542,-144.312961,178.998731,15.534684,161.196612,3,-1,1,7,-129.02252188737802,50.979558823147904,46.837497112621975,-128.0191721768521,5.141249999999985,-0.006002436000000002,-0.7510303888785308,8.906815457754906,-125.23341049748913,-101.49354962482059,-10.155857639517556,133.3184289926398,1,0,1,1,0,2,2,1,1,1,1
1252000.0,101,-61.173668,-144.310667,-152.23859,6.984322,102,-61.174634,-144.312923,176.407516,13.518856,160.461283,3,-1,1,7,-131.60893505230788,48.39304140505053,20.629654947692103,-128.01447459494946,31.353894000000025,-0.0020158280000000008,-4.100318672620148,7.311899968568348,-119.97602593702031,-106.55316298620855,-4.452285891864418,156.79225844777474,1,0,0,1,1,2,2,0,1,0,1
1253000.0,101,-61.173688,-144.310658,-168.587347,2.895094,102,-61.174709,-144.312857,171.574364,11.698388,158.266133,3,-1,1,7,-133.92072058478595,46.08120593640344,34.66662641521404,-125.49315806359655,19.838288999999946,-0.001820468,-2.286977161367901,8.734275040512587,-113.99914324539573,-109.78326008135043,-8.588475307072905,138.0896625183606,1,0,1,1,0,0,2,1,1,1,1
1254000.0,101,-61.173676,-144.310669,-40.01109,0.898499,102,-61.174802,-144.312689,159.918895,11.805483,154.302202,3,-1,1,7,-139.1425870603235,40.85918264133497,-99.13149706032351,-119.05971235866502,160.07001499999996,0.00010709500000000105,-4.631089605990208,11.77597693108964,-100.94123224224369,-116.70491495848076,-6.38268414198805,136.95268964004404,0,1,1,1,1,0,2,0,1,1,1
1255000.0,101,-61.173751,-144.310644,173.625455,6.986111,102,-61.174867,-144.312604,156.421463,10.519039,156.535651,3,-1,1,7,-139.74357671819905,40.258140419391495,46.63096828180096,-116.1633225806085,17.20399199999997,-0.0012864440000000012,-3.4320260714214847,2.697913884875585,-101.15483096411472,-119.46175206573517,1.2122355290011677,156.43248519841995,1,0,1,1,0,1,2,1,0,0,1
1256000.0,101,-61.173818,-144.310676,-172.133294,7.45983,102,-61.174996,-144.312402,150.930947,13.068893,159.405205,3,-1,1,7,-144.7619717921238,35.23954034173537,27.371322207876204,-115.69140665826464,36.93575899999999,0.002549854,-7.370715366890116,4.033040237321192,-91.97274522405723,-130.19613480070242,2.062344510691065,158.36647369779075,1,0,1,1,1,1,2,0,0,0,1
1257000.0,101,-61.173886,-144.310658,176.821684,7.512383,102,-61.175079,-144.312295,149.820753,12.245819,160.21679,3,-1,1,7,-146.5127382190637,33.488695943567365,36.6655777809363,-116.33205705643263,27.000931000000037,-0.0008230740000000001,-5.739543481131821,3.0851556664918753,-88.39986685765953,-133.62216634021533,2.0877177568946834,159.55337335913606,1,0,1,1,0,2,2,1,0,0,1
1258000.0,101,-61.173863,-144.310669,-19.598862,0.91351,102,-61.175108,-144.312256,148.03552,9.170639,158.342305,3,-1,1,7,-148.42630234002698,31.57508801812409,-128.82744034002698,-116.4604319818759,167.63438200000002,-0.0030751799999999994,-5.1612972392291,8.640739165735212,-82.90721621607103,-134.90247978452686,-8.463455209631077,140.85705288411813,0,1,1,1,1,0,2,0,1,1,1
1259000.0,101,-61.173912,-144.310566,138.402131,5.850398,102,-61.175104,-144.312267,146.086313,5.597155,158.044684,3,-1,1,7,-145.4717910111735,34.52969922171809,76.12607798882652,-111.5566137782819,7.684182000000021,-0.0035734839999999996,0.7611743499521171,0.2699006206399339,-89.58161051969016,-130.20467425310963,-197.69792380353297,98.05212238257734,1,0,1,1,0,2,2,1,1,1,1
1260000.0,101,-61.173986,-144.310479,149.541476,8.810294,102,-61.175106,-144.312255,141.834818,3.76877,158.144509,3,-1,1,7,-142.6013853468203,37.400170593591135,67.85713865317973,-104.43464740640889,7.706657999999948,-0.0018283849999999999,2.137227025846663,-4.631311525280075,-96.05011627697328,-125.63463252634998,16.425997103245024,140.20775429239686,1,0,1,1,1,2,2,0,0,0,1
1261000.0,101,-61.173986,-144.310348,101.547284,6.465009,102,-61.175034,-144.312382,-26.916112,1.358704,158.266049,3,-1,1,7,-136.90150929713417,43.1002726744243,121.55120670286584,70.0163846744243,128.463396,-0.002410066,6.9492217460922525,-2.5056592230992605,-108.13599640579253,-115.5627472302248,-12.523366941751283,148.45041055714407,1,1,1,1,0,2,2,0,1,0,1
1262000.0,101,-61.173986,-144.310368,100.717381,1.028262,102,-61.175023,-144.312412,-36.941581,1.539392,158.381429,3,-1,1,7,-136.45949121480015,43.5422995178101,122.82312778519986,80.48388051781009,137.65896199999997,0.0001806880000000002,1.9355006744686796,-1.4215774887501649,-109.10377972500463,-114.80872049543846,-11.08435222899036,157.25775249070645,1,1,1,1,0,2,2,0,1,0,1
1263000.0,101,-61.174029,-144.310356,169.962257,4.145943,102,-61.175039,-144.31239,-71.45796,0.27784,158.447146,3,-1,1,7,-135.84474503859417,44.1570369334686,54.19299796140581,115.6149969334686,118.57978299999996,-0.001261552,0.9860423829734299,-4.170834902608961,-110.37507734555759,-113.67867159897453,-999,4368.798608106756,1,0,1,1,1,2,2,1,1,0,0
1264000.0,101,-61.174094,-144.310261,149.972605,7.760421,102,-61.175013,-144.312435,-39.604047,1.489316,158.397628,3,-1,1,7,-131.24391105142115,48.75799357389134,78.78348394857886,88.36204057389133,170.42334800000003,0.0012114760000000002,4.832830253769007,-7.866336349068704,-119.10074041064942,-104.42615663549763,-999,9251.022828643547,1,0,1,1,0,2,2,0,1,0,0
1265000.0,101,-61.174124,-144.310099,117.454381,8.284545,102,-61.175046,-144.312382,158.613501,0.734361,158.136979,3,-1,1,7,-129.95139046094894,50.05060965907729,112.59422853905107,-108.56289134092273,41.15912000000003,-0.0007549550000000001,7.083734444879936,-3.1357308793347287,-121.22614863158421,-101.54567945116864,-7.4810444790373545,142.4138969444258,1,1,1,1,0,2,2,1,1,1,1
1266000.0,101,-61.174112,-144.309976,85.962371,6.857218,102,-61.175035,-144.312386,80.448946,0.114711,157.915288,3,-1,1,7,-128.46275691824508,51.53935446544643,145.5748720817549,-28.909591534553577,5.513425000000041,-0.00061965,6.727077647199241,0.4637941701819772,-123.64966575873443,-98.22422482196644,-19.167791215580962,89.49101380258638,1,1,1,1,0,2,2,1,1,1,1
1267000.0,101,-61.174183,-144.309985,166.632162,6.774214,102,-61.175022,-144.312385,10.337526,0.593612,157.7546,3,-1,1,7,-125.94552596864281,54.05657665459774,67.4223120313572,43.71905065459774,156.29463599999997,0.000478901,1.459688938890376,-7.1746485004911875,-127.71425383713527,-92.60444475285072,-999,7380.989569815951,1,0,1,1,1,2,2,0,1,0,0
1268000.0,101,-61.17421,-144.309935,146.37377,4.294364,102,-61.175057,-144.312315,131.954135,1.712019,158.255754,3,-1,1,7,-126.43312678362203,53.56895831836054,87.19310321637795,-78.38517668163948,14.419635000000028,0.0011184069999999999,1.1049073150638462,-2.4312331788394665,-127.32475629348414,-93.98558458036736,16.208489904348323,155.1504830285116,1,0,1,1,0,2,2,1,0,1,1
1269000.0,101,-61.174223,-144.309877,121.38934,3.41398,102,-61.17505,-144.312307,110.9952,1.065998,159.031221,3,-1,1,7,-125.21818217386274,54.783946732932755,113.39247782613725,-56.21125326706724,10.394139999999993,-0.000646021,1.9191093663904923,-1.3962381324302104,-129.92245369235417,-91.71196911695291,-24.967931124251432,150.817070176246,1,1,1,1,0,2,2,1,1,1,1
1270000.0,101,-61.17428,-144.309855,163.536863,5.852247,102,-61.175102,-144.312232,141.389541,3.146245,159.847848,3,-1,1,7,-125.65091579498458,54.35116667994641,70.81222120501542,-87.0383743200536,22.14732200000003,0.002080247,-0.3048094430011241,-3.1538216103790577,-129.8896658500334,-93.16656704847385,49.310969141623616,130.69177820819826,1,0,1,1,1,2,2,0,0,1,1
1271000.0,101,-61.174283,-144.309754,105.780321,4.542792,102,-61.175197,-144.312083,144.955003,6.786586,158.52127,3,-1,1,7,-129.14526412262478,50.85677630081397,125.0744148773752,-94.09822669918603,39.17468200000002,0.0036403409999999996,0.47459023718485494,4.320775901066577,-122.94084218047047,-100.07268541599923,-60.12114413196785,185.5157334144193,1,1,1,1,0,0,2,0,1,0,1
1272000.0,101,-61.174321,-144.309717,144.58464,4.602022,102,-61.175205,-144.312061,141.186037,4.837237,158.516547,3,-1,1,7,-128.0338024132309,51.96825115206299,87.38155758676908,-89.21778584793701,3.398603000000037,-0.0019493489999999997,-0.3650795179682378,0.018582422166653956,-124.85514590347914,-97.6662081491042,320.19589156655115,103.92138587912817,1,0,1,1,1,2,2,1,0,1,1
1273000.0,101,-61.174367,-144.309687,158.318962,5.206923,102,-61.175215,-144.312038,138.455032,3.705956,158.331648,3,-1,1,7,-126.80189714548159,53.20016255297929,74.87914085451843,-85.2548694470207,19.863930000000096,-0.001131281,-0.5341767031932299,-2.0648898413648094,-126.77797706413752,-94.84859139660918,101.18015823462481,135.2895613725125,1,0,1,1,1,2,2,0,0,0,1
1274000.0,101,-61.174419,-144.309666,166.661309,5.819428,102,-61.175119,-144.312132,1.462971,2.385826,158.137772,3,-1,1,7,-120.48860545072678,59.513554998183885,72.85008554927322,58.05058399818388,165.19833799999998,-0.0013201300000000003,1.2816696973616744,-8.047487347820807,-136.27207472289294,-80.23388675517518,-999,8199.884333037953,1,0,1,1,1,2,2,0,1,0,0
1275000.0,101,-61.174436,-144.309606,132.444993,3.689961,102,-61.175159,-144.312091,109.612356,0.799765,157.932279,3,-1,1,7,-121.10986898690777,58.89230810836481,106.44513801309222,-50.7200478916352,22.832637000000034,-0.001586061,1.9695499777909435,-2.2218436244709303,-135.21815871069808,-81.60057784735537,-14.088063598200728,155.87460373497157,1,1,1,1,0,2,2,1,1,1,1
1276000.0,101,-61.174508,-144.30945,136.574698,9.860861,102,-61.175201,-144.31205,147.946047,2.289587,157.700241,3,-1,1,7,-118.93609027974875,61.06618756763902,104.48921172025123,-86.87985943236097,11.37134900000001,0.0014898220000000002,5.563313593709896,-5.2211226290080495,-138.01293291027994,-76.30069698869504,-5.731698890546727,150.15576427077153,1,1,1,1,1,2,2,1,1,1,1
1277000.0,101,-61.174523,-144.309436,136.638101,3.546076,102,-61.175196,-144.312053,141.972516,1.272265,157.30443,3,-1,1,7,-118.07588633977659,61.926406401481444,105.2860126602234,-80.04610959851857,5.334415000000035,-0.001017322,1.650985289029411,-1.5759259973254331,-138.79363422805113,-74.03384898406169,-20.27143111896911,149.41656808615184,1,1,1,1,0,2,2,1,1,1,1
1278000.0,101,-61.174564,-144.309421,163.003399,4.422028,102,-61.175125,-144.312105,-8.592165,2.429114,156.864505,3,-1,1,7,-113.43884915472485,66.5635022844541,83.55775184527516,75.1556672844541,171.59556399999997,0.0011568490000000002,1.655534948532912,-6.6307347151241895,-143.92085081461028,-62.39600652039938,-999,6854.871037188772,1,0,1,1,1,2,2,0,1,0,0
1279000.0,101,-61.174584,-144.309401,156.083021,2.769793,102,-61.175172,-144.312063,136.852729,0.699105,156.817289,3,-1,1,7,-114.61556764903261,65.38676451677479,89.30141135096738,-71.46596448322522,19.23029200000002,-0.0017300090000000005,0.6448076043043228,-2.0218957323630944,-142.56619939642283,-65.31876391182645,11.566388072248436,155.77433363764527,1,0,1,1,0,2,2,1,0,1,1
1280000.0,101,-61.174631,-144.309411,-179.136351,4.778948,102,-61.175216,-144.312018,153.17192,2.437438,156.633174,3,-1,1,7,-114.95931151980727,65.04297246192162,64.17703948019272,-88.12894753807838,27.69172900000001,0.0017383330000000003,-1.1720850003819567,-2.603321365063352,-142.00483848683498,-66.09521195701082,49.68299613370033,104.96559998536935,1,0,1,1,1,2,2,0,0,1,1
1281000.0,101,-61.174691,-144.30933,153.914282,7.075669,102,-61.175196,-144.312018,124.616853,0.89159,156.902283,3,-1,1,7,-111.29031633628038,68.71203860955512,94.79540166371964,-55.90481439044488,29.297428999999966,-0.0015458480000000003,2.377528760007005,-5.848421966285951,-146.19411139085184,-56.97023964537357,-0.5494442140066184,156.89021808071715,1,1,1,1,0,2,2,0,1,0,1
1282000.0,101,-61.174709,-144.30922,118.246931,5.820564,102,-61.175244,-144.311973,151.55433,2.692931,157.340165,3,-1,1,7,-111.95396383557575,68.04844805717984,129.79910516442425,-83.50588194282015,33.307398999999975,0.0018013410000000004,3.8447175326282768,-0.3869015480669744,-145.9305713677386,-58.82342953715452,-33.97123820807955,73.57967155815759,1,1,1,1,0,2,2,0,1,1,1
1283000.0,101,-61.174757,-144.309189,151.716899,5.573612,102,-61.175315,-144.311917,157.65489,4.817285,158.161306,3,-1,1,7,-112.99022875442203,67.01216123741447,95.29287224557794,-90.64272876258552,5.937991000000011,0.0021243539999999997,0.8094792262131509,-0.45265994264359843,-145.59878683331561,-61.77371599873487,-92.49507316018227,125.47483273803849,1,1,1,1,1,2,2,1,1,0,1
1284000.0,101,-61.174813,-144.309234,-170.79739,6.147441,102,-61.17535,-144.311884,156.893192,4.614755,157.075286,3,-1,1,7,-112.7982042638052,67.20411739330645,57.999185736194804,-89.68907460669355,32.309417999999994,-0.00020253000000000033,-2.7941806275858405,-1.8237814779436547,-144.80382584763345,-60.86458323089089,49.6808646375372,30.33895443044203,1,0,1,1,1,0,2,0,0,1,1
1285000.0,101,-61.174864,-144.309122,144.621747,7.015631,102,-61.175343,-144.31187,147.882597,2.767862,156.64548,3,-1,1,7,-109.87791372263577,70.12449379259853,105.50033927736422,-77.75810320740148,3.260850000000005,-0.0018468929999999996,2.590302060238061,-3.375908232458787,-147.31242733375123,-53.26213624582345,-10.701355357490348,149.30770567769912,1,1,1,1,0,2,2,1,1,0,1
1286000.0,101,-61.17489,-144.309104,151.719881,3.855622,102,-61.175324,-144.31187,122.142163,1.189131,156.543181,3,-1,1,7,-108.02811554215798,71.97430774303471,100.25200345784202,-50.16785525696528,29.577718000000004,-0.001578731,0.8198532066390021,-2.7627782761748234,-148.85765665404858,-48.447554871883334,2.5717881200887684,156.52463293987716,1,1,1,1,1,2,2,0,0,0,1
1287000.0,101,-61.174963,-144.30908,168.716564,7.444172,102,-61.175397,-144.311821,156.334764,3.811135,156.445091,3,-1,1,7,-108.18179049009521,71.82061089411948,83.10164550990476,-84.51415310588052,12.381800000000112,0.0026220040000000003,-0.07321321161292915,-3.809642995180972,-148.63398606483125,-48.816028970798435,15.52224902628895,147.85801692509187,1,0,1,1,1,2,2,1,0,1,1
1288000.0,101,-61.174995,-144.30904,155.429041,4.662063,102,-61.175408,-144.311812,155.615107,2.877407,156.31951,3,-1,1,7,-107.17353816244159,72.82889038141444,97.3974208375584,-82.78621661858556,0.18606599999998252,-0.0009337280000000003,0.7505998664121833,-1.6191782946947137,-149.34997836509766,-46.155965692258754,-11.69448422555857,154.9109691677896,1,1,1,1,0,2,2,1,1,0,1
1289000.0,101,-61.174989,-144.309096,-91.82155,1.606545,102,-61.175409,-144.311809,152.996022,1.894808,156.138271,3,-1,1,7,-107.80272024724921,72.1996566066456,-15.98117024724921,-80.7963653933544,115.18242799999996,-0.0009825989999999998,-2.4660752185743218,1.6371598138760082,-148.66157085838333,-47.737794469239084,44.364180363105774,126.60866537839588,0,0,0,1,1,2,2,0,0,1,1
1290000.0,101,-61.175013,-144.309,125.189521,3.978962,102,-61.175419,-144.311803,154.716384,1.625842,155.811228,3,-1,1,7,-106.72282012140214,73.27963558188694,128.08765887859786,-81.43674841811307,29.52686300000005,-0.00026896600000000004,2.5574119171447918,-0.8229135802458534,-149.22165442432552,-44.8334319647198,-41.5771246120782,89.9347814434969,1,1,1,1,0,2,2,1,1,1,1
1291000.0,101,-61.175104,-144.309087,-164.642456,9.161756,102,-61.175384,-144.311817,19.787445,0.659537,155.457626,3,-1,1,7,-102.01071545649408,77.99167629208199,62.63174054350593,58.204231292081985,175.570099,-0.000966305,-2.649688810707225,-9.455201865313802,-152.0544564694942,-32.349895661695285,-999,9882.774875725245,1,0,1,1,1,2,2,0,1,0,0
1292000.0,101,-61.175169,-144.309,160.590882,8.022218,102,-61.175403,-144.311812,150.652523,0.495798,155.043222,3,-1,1,7,-99.79386976318979,80.20859382670695,99.6152482368102,-70.44392917329306,9.938358999999991,-0.000163739,2.422880108974753,-7.134144637480327,-152.78363821279066,-26.373482564962288,-3.4556783406407297,153.1608768108842,1,1,1,1,0,2,2,1,1,1,1
1293000.0,101,-61.175204,-144.308975,159.237391,4.791785,102,-61.175423,-144.311804,165.177454,1.179054,155.021206,3,-1,1,7,-99.12297525263041,80.87950323139069,101.6396337473696,-84.29795076860933,5.940063000000009,0.000683256,1.397039673590956,-3.3407747760592903,-153.06023532961726,-24.579232505036178,-9.671312366614513,150.69930074406267,1,1,1,1,0,2,2,1,1,1,1
1294000.0,101,-61.17523,-144.30895,155.152292,3.41942,102,-61.175423,-144.3118,159.479644,0.766367,155.202443,3,-1,1,7,-97.99661086658209,82.0058860159733,106.85109713341791,-77.4737579840267,4.327352000000019,-0.000412687,1.1682245894914114,-2.385137859462284,-153.69330089821543,-21.59091411170109,-17.562579759341865,147.53182266200236,1,1,1,1,0,2,2,1,1,1,1
1295000.0,101,-61.175282,-144.308942,172.129434,5.42289,102,-61.175389,-144.311803,8.078909,1.023467,155.470707,3,-1,1,7,-94.43687794236095,85.5656285773195,93.43368805763907,77.4867195773195,164.05052499999994,0.0002570999999999999,0.5987523828616348,-6.385115612126996,-155.0047871229032,-12.027331543751293,-999,6406.103848226329,1,1,1,1,1,2,2,0,1,0,0
1296000.0,101,-61.17537,-144.308842,155.92048,9.96251,102,-61.175497,-144.311776,172.005078,4.026868,154.871016,3,-1,1,7,-95.13155081822603,84.87101965935958,108.94796918177397,-87.13405834064042,16.084598000000028,0.003003401,3.5046671164912464,-5.107844664972518,-154.25028729347864,-13.852092504439993,-11.105699461444633,135.21079211666262,1,1,1,1,0,2,2,1,1,1,1
1297000.0,101,-61.175401,-144.308932,-151.760084,4.964531,102,-61.175461,-144.311763,147.335234,1.115717,154.551243,3,-1,1,7,-92.51828460043588,87.48419563867792,59.24179939956413,-59.8510383613221,60.90468199999998,-0.0029111510000000003,-2.9512182710275487,-3.4343645024314164,-154.40198523106375,-6.790704643217829,24.14614003093088,112.73501334746565,1,0,1,1,1,2,2,0,0,1,1
1298000.0,101,-61.17544,-144.308899,171.581568,4.374331,102,-61.175437,-144.311748,55.926083,0.800318,155.638604,3,-1,1,7,-89.87611057308564,90.12638543608824,98.54232142691433,34.20030243608824,115.65548500000006,-0.0003153990000000001,-0.02250817156933793,-4.775586582262193,-155.63824016004855,0.3365337306493604,-999,4773.798772165513,1,1,1,1,0,1,2,0,1,0,0
1299000.0,101,-61.175433,-144.308844,92.630083,2.296804,102,-61.175482,-144.311738,159.375506,1.766832,156.426666,3,-1,1,7,-92.01257531075372,87.98996012335395,175.35734168924628,-71.38554587664605,66.74542299999996,0.000966514,1.6720325264896045,1.5481994689529808,-156.33017314523207,-5.493523482913217,-133.09855057821758,211.21688963152928,1,1,2,1,0,2,2,1,1,1,0
1300000.0,101,-61.17549,-144.308873,-174.924405,5.369383,102,-61.175497,-144.311749,171.6446,1.670044,158.208467,3,-1,1,7,-90.29050449126882,89.7120151738547,84.63390050873119,-81.9325848261453,13.430995000000024,-9.678799999999987e-05,-0.7177084287706023,-3.696011056745962,-158.2064334294978,-0.8021546035364996,8.29685364680128,155.15279220109767,1,0,1,1,1,1,2,1,0,1,1
1301000.0,101,-61.175566,-144.308857,176.579565,7.904178,102,-61.175648,-144.31174,177.613272,7.468833,157.102624,3,-1,1,7,-93.37745839592273,86.62506740460555,90.04297660407724,-90.98820459539445,1.0337070000000494,0.005798789,0.16054853744020164,-0.42774378226730114,-156.8297498272143,-9.25548684936411,-100.173578568503,150.08185928323266,1,1,1,1,0,0,2,1,1,1,1
1302000.0,101,-61.175603,-144.308875,-173.625727,4.809287,102,-61.17574,-144.311734,177.884893,8.546494,156.669815,3,-1,1,7,-95.67728345583848,84.32522131991186,77.94844354416153,-93.55967168008814,8.489379999999954,0.001077660999999999,-0.8493671601816387,3.7611158839818533,-155.90132917400118,-15.498596514328433,5.01935736639387,155.4859338046032,1,0,1,1,1,2,2,0,0,0,1
1303000.0,101,-61.175627,-144.30892,-147.699579,3.535755,102,-61.175749,-144.311722,175.752711,5.653977,155.439027,3,-1,1,7,-95.1615606301045,84.84089420831262,52.5380183698955,-90.91181679168739,36.54771000000002,-0.002892516999999999,-2.308101862457896,2.6498245587136076,-154.80871852848082,-13.983983061929294,29.314782166411252,126.47823935836776,1,0,1,1,1,0,2,0,0,1,1
1304000.0,101,-61.175661,-144.308829,141.392069,4.741098,102,-61.175805,-144.311706,174.48874,5.879932,155.36164,3,-1,1,7,-95.92823143618884,84.074289111071,122.67969956381117,-90.41445088892901,33.096671000000015,0.0002259549999999999,2.393670445613476,2.1478954138648203,-154.53077328977642,-16.04616122171653,-49.527079775191616,97.2343925774241,1,1,1,1,0,2,2,1,1,1,1
1305000.0,101,-61.175701,-144.308751,138.229977,5.818809,102,-61.175782,-144.311701,169.668074,2.658236,155.222733,3,-1,1,7,-93.26084053584931,86.74174396691296,128.50918246415068,-82.92633003308703,31.43809699999997,-0.003221696,3.3993993421747755,-1.7246776653938207,-154.97141594594598,-8.829330648350062,-30.23802324672102,80.25811664373221,1,1,1,1,0,2,2,1,1,1,1
1306000.0,101,-61.175769,-144.308813,-169.338795,7.106111,102,-61.175766,-144.311696,157.064408,1.037307,155.079779,3,-1,1,7,-89.87759995600766,90.1249258483312,79.46119504399235,-66.93948215166878,33.59679700000004,-0.0016209290000000001,-1.7188738901407767,-6.028146201660639,-155.07942513069298,0.3312941632937215,7.2194768785567405,149.25711370509245,1,0,1,1,1,2,2,0,0,0,1
1307000.0,101,-61.175829,-144.30887,-158.974769,7.235999,102,-61.175784,-144.311694,167.242551,1.385197,153.753277,3,-1,1,7,-88.10822253242861,91.89425158276548,70.8665464675714,-75.34829941723451,33.78267999999994,0.00034789000000000006,-2.902009773043911,-5.403242947792895,-153.66947589173932,5.075664232085671,10.66182907894084,137.8101703701151,1,0,1,1,1,0,2,0,0,1,1
1308000.0,101,-61.17587,-144.308876,-169.249832,5.012148,102,-61.175815,-144.311694,174.348615,2.167567,153.397408,3,-1,1,7,-87.68304290583198,92.31942595373411,81.56678909416802,-82.02918904626588,16.401553000000007,0.00078237,-1.1483525779683532,-2.7671525494209495,-153.27200164054614,6.201475164740018,17.357143222488343,143.9463860044568,1,0,1,1,0,2,2,1,0,0,1
1309000.0,101,-61.175921,-144.308853,173.769249,5.578324,102,-61.175811,-144.311691,169.832905,1.150427,153.04539,3,-1,1,7,-85.40490183781623,94.59758454437903,100.82584916218377,-75.23532045562098,3.9363439999999628,-0.00101714,0.40235893661738537,-4.413010029449497,-152.55346172536838,12.261024258138807,-5.954464898016947,150.81035928539544,1,1,1,1,0,2,2,1,1,0,1
1310000.0,101,-61.175978,-144.308785,155.757673,6.838959,102,-61.175832,-144.311692,175.891345,1.619469,152.674505,3,-1,1,7,-84.05411165255293,95.94843518171218,120.18821534744706,-79.94290981828782,20.133671999999933,0.00046904199999999997,2.692022413870047,-4.620572423695156,-151.85314231269905,15.815424330513284,-15.394155036683241,123.49263788542791,1,1,1,1,0,2,2,0,1,1,1
1311000.0,101,-61.175996,-144.308883,-131.912511,4.019636,102,-61.175858,-144.311693,178.349793,2.111002,152.694878,3,-1,1,7,-84.18497858000508,95.81748327268897,47.727532419994915,-82.53230972731103,49.73769600000003,0.0004915329999999999,-3.0520669595354963,-0.5749705234468898,-151.9091377010744,15.470606011106906,43.674494839981996,44.64644284539214,1,0,1,1,1,2,2,0,0,1,1
1312000.0,101,-61.17606,-144.308796,158.545055,6.850903,102,-61.175856,-144.311689,174.600262,1.200199,152.915578,3,-1,1,7,-81.68019026001214,98.32234431008607,119.77475473998788,-76.27791768991392,16.055206999999882,-0.0009108030000000001,2.3929079340456196,-5.181299984443971,-151.30626685043242,22.126626648900256,-13.669369945224895,128.2057901899595,1,1,1,1,0,2,2,1,1,0,1
1313000.0,101,-61.176032,-144.30884,-32.606254,1.8039,102,-61.17587,-144.311689,177.192841,1.363761,153.219227,3,-1,1,7,-83.27478003396746,96.72771598764841,-50.66852603396746,-80.46512501235158,150.20090499999998,0.000163562,-1.0388440992466756,2.88171830751923,-152.16495586697357,17.943180556398456,-999,3131.6708220436326,0,0,1,1,1,2,2,0,1,0,0
1314000.0,101,-61.176111,-144.308911,-157.022655,7.761152,102,-61.175808,-144.311666,13.575168,1.888279,153.697658,3,-1,1,7,-77.15075044044879,102.8516632273197,79.8719045595512,89.2764952273197,170.597823,0.0005245180000000001,-3.4729170419751894,-8.980902408440455,-149.8488470594891,34.18030294814265,-999,9642.743356038201,1,0,1,1,0,2,2,0,1,0,0
1315000.0,101,-61.17618,-144.30892,-171.032567,7.665166,102,-61.175767,-144.311641,14.502568,2.964304,152.902559,3,-1,1,7,-72.5260320054419,107.4763518752595,98.5065349945581,92.9737838752595,174.464865,0.0010760249999999998,-1.9371237739769573,-10.441326086328294,-145.84663742874505,45.91242641678463,-999,10591.428134040554,1,1,1,1,0,2,2,0,1,0,0
1316000.0,101,-61.176236,-144.308896,174.846591,6.508173,102,-61.175799,-144.311636,55.197248,0.711913,151.916776,3,-1,1,7,-71.69659797264245,108.3058025549875,113.45681102735756,53.10855455498749,119.64934299999999,-0.002252391,1.4589188658820085e-05,-6.888191945680994,-144.23082505571944,47.70928561591161,-999,6835.116069358863,1,1,1,1,0,2,2,1,1,1,0
1317000.0,101,-61.176269,-144.30892,-169.638732,4.198434,102,-61.175894,-144.31166,-179.806788,3.847465,153.065161,3,-1,1,7,-74.15331949158279,105.84908103747641,95.48541250841721,-74.3441309625236,10.168056000000007,0.0031355520000000002,-0.7421316840896941,-0.2825281764416774,-147.24804808595565,41.796600900456134,149.97091758216928,91.52366067185281,1,1,1,1,1,1,2,1,0,1,1
1318000.0,101,-61.17627,-144.308886,125.196238,1.343288,102,-61.175943,-144.311672,-177.104216,4.451631,154.092807,3,-1,1,7,-76.31865191491941,103.68378891550593,158.48511008508058,-79.21199508449405,57.699546,0.0006041659999999997,1.322605729358659,3.6717040713473335,-149.720603608521,36.44631701886175,-4.883104146932397,153.2343368739887,1,1,2,1,0,1,2,0,1,0,1
1319000.0,101,-61.176345,-144.308984,-153.715571,7.890354,102,-61.176081,-144.311734,-171.990847,8.746112,155.351389,3,-1,1,7,-78.73967281377158,101.26273647937725,74.97589818622843,-86.74641652062274,18.27527599999999,0.004294481,-2.275458949811927,1.5862557584986359,-152.36089041003638,30.335015043513803,60.53582715069992,67.29625589731207,1,0,1,1,1,1,2,1,0,1,1
1320000.0,101,-61.176403,-144.309021,-159.834627,6.969005,102,-61.176098,-144.311745,-170.345186,6.124558,153.252682,3,-1,1,7,-76.92649575270617,103.07589076255178,82.90813124729384,-86.57892323744818,10.510559,-0.002621554,-1.3752701222855583,-0.5040056745653079,-149.28047597999534,34.66589146955776,81.27805454581738,84.41748068961626,1,0,1,1,0,0,2,1,0,0,1
1321000.0,101,-61.17643,-144.309021,-169.280229,3.67745,102,-61.176203,-144.311758,-173.637667,8.288701,149.503082,3,-1,1,7,-80.2402484417063,99.7621494645615,89.03998055829369,-86.60018353543853,4.357438000000002,0.0021641429999999994,0.2344907442968419,4.624377163388695,-147.33935708993826,25.343349814544855,3.8896939245547744,148.4338355319926,1,0,1,1,0,0,2,1,0,0,1
1322000.0,101,-61.176446,-144.309013,176.373972,2.092813,102,-61.176287,-144.311708,178.292521,8.664584,143.277378,3,-1,1,7,-83.02438007535612,96.9779810354963,100.60164792464388,-81.3145399645037,1.9185489999999845,0.000375883,-0.12581854239873397,6.572113343820039,-142.21682720298142,17.40060650874598,3.0623112772235674,141.85771167863967,1,1,1,1,0,0,2,1,0,1,1
1323000.0,101,-61.176535,-144.309031,-175.524103,8.63588,102,-61.176546,-144.311647,175.718156,16.608467,142.129364,3,-1,1,7,-90.50085617421522,89.50143572800935,85.02324682578478,-86.21672027199064,8.757740999999982,0.007943883,-1.9139750995443436,7.952567421493004,-142.12393359962942,-1.242420706774763,3.91905612966809,138.46906752645924,1,0,1,1,1,0,2,0,0,1,1
1324000.0,101,-61.176601,-144.308974,165.052125,7.874241,102,-61.17677,-144.311626,176.559073,19.894612,149.240987,3,-1,1,7,-97.53088732851297,82.47143611672226,97.41698767148705,-94.08763688327775,11.50694800000008,0.0032861449999999977,0.8370202611723494,12.250962517654017,-147.953686857423,-19.559620293599245,-2.4608914687291525,146.2776177546481,1,1,1,1,0,1,2,0,1,0,1
1325000.0,101,-61.176589,-144.308892,91.5635,3.709154,102,-61.176988,-144.311581,175.743961,21.634487,151.2877,3,-1,1,7,-107.10837729071,72.89397857300965,161.32812270929,-102.84998242699037,84.18046100000004,0.0017398750000000014,2.1021999075364652,21.473623397319074,-144.5932211755327,-44.50582615089263,-3.244221779222254,140.05161066213165,1,1,2,1,0,1,2,0,1,1,1
1326000.0,101,-61.176637,-144.308853,150.091945,5.146451,102,-61.177201,-144.311463,171.982392,22.636663,148.199351,3,-1,1,7,-114.14422925101265,65.8580574027171,95.76382574898736,-106.12433459728291,21.890446999999995,0.0010021759999999987,-0.59123346017391,17.954314385121414,-135.23467855171913,-60.6187211497768,-3.2393084896679207,137.17191124678965,1,1,1,1,1,0,2,1,1,1,1
1327000.0,101,-61.176672,-144.308888,-171.073185,4.106589,102,-61.177427,-144.311274,166.979154,24.113715,149.302018,3,-1,1,7,-123.27991980240775,56.722170604691925,47.79326519759225,-110.25698339530807,21.94766100000001,0.0014770520000000004,-6.07018440513066,19.436859591810336,-124.81644578473663,-81.92647582154518,-2.0079050308356727,143.56409212958894,1,0,1,1,1,1,2,0,1,0,1
1328000.0,101,-61.176745,-144.308791,154.373476,8.23581,102,-61.177479,-144.311204,163.635165,17.354024,146.442367,3,-1,1,7,-122.25113208854407,57.75098197490828,83.37539191145595,-105.88418302509172,9.261689000000047,-0.006759691,-1.327527807040347,9.225288637803722,-123.84884000669237,-78.14621988016695,-6.747799407469803,133.7546450488219,1,0,1,1,0,0,2,1,1,1,1
1329000.0,101,-61.176774,-144.308805,173.214169,3.962707,102,-61.177529,-144.311119,158.862855,13.250428,146.172945,3,-1,1,7,-124.0901347078749,55.91189262114738,62.69569629212509,-102.95096237885261,14.351314000000002,-0.004103595999999999,-4.3098979683595475,8.423991286656937,-121.05412629962944,-81.9294108108095,-1.8398688740264961,145.08551980394083,1,0,1,1,1,2,2,0,1,0,1
1330000.0,101,-61.176835,-144.308705,147.60507,7.470668,102,-61.177572,-144.311021,152.295275,10.628111,144.921489,3,-1,1,7,-123.42860353090893,56.57342555118645,88.96632646909109,-95.72184944881354,4.690204999999935,-0.002622316999999999,-0.9387429416640467,3.1016064760999766,-120.94755387696155,-79.83687860354142,-14.037773011308643,138.95004753165568,1,0,1,1,0,0,2,1,1,1,1
1331000.0,101,-61.176835,-144.308676,114.674591,2.483258,102,-61.17758,-144.310953,143.28087,7.583066,144.494399,3,-1,1,7,-124.16427973347707,55.83771518038305,121.16112926652292,-87.44315481961695,28.606278999999972,-0.003045045000000001,-2.277340496994712,5.041733038859736,-119.55912146002868,-81.14337815297874,-5.304110402684988,142.43659917181338,1,1,1,1,0,2,2,0,1,0,1
1332000.0,101,-61.17689,-144.308692,179.920104,5.350799,102,-61.177639,-144.310833,140.664031,8.130847,145.815242,3,-1,1,7,-125.96742774795464,54.03444801518192,54.112468252045346,-86.62958298481807,39.256073000000015,0.0005477809999999997,-5.146410504112284,0.9379483047179944,-118.01571418120099,-85.64097153710743,18.490790568181684,105.48986122304181,1,0,1,1,1,1,2,0,0,1,1
1333000.0,101,-61.176909,-144.308643,143.285196,3.184263,102,-61.177727,-144.310694,142.204762,9.673298,147.17646,3,-1,1,7,-129.6010101663901,50.400786747234754,87.11379383360986,-91.80397525276524,1.080434000000082,0.0015424510000000015,-4.024542055773229,5.091324895259004,-113.39975743139351,-93.81580566531798,-0.5026677961088748,147.13998287327829,1,0,1,1,0,1,2,1,1,0,1
1334000.0,101,-61.17693,-144.308476,108.776286,7.380691,102,-61.177725,-144.310676,136.85184,6.284573,145.533894,3,-1,1,7,-126.85475854358978,53.14716891168201,124.36895545641022,-83.70467108831801,28.07555400000001,-0.003388725000000001,2.6899700494261873,2.2094956015891007,-116.45018354174887,-87.28957014383928,-92.54266719579296,176.87459854321452,1,1,1,1,0,0,2,0,1,0,1
1335000.0,101,-61.176974,-144.308468,153.47084,5.120096,102,-61.177709,-144.310677,126.276567,3.559157,145.097257,3,-1,1,7,-124.61313324098722,55.388802099523375,81.91602675901277,-70.88776490047663,27.194272999999953,-0.002725416,-0.5823794299182912,-2.475092008306199,-119.41594018932796,-82.41994429519411,104.20200097976766,185.05650358634804,1,0,1,1,1,2,2,1,0,0,1
1336000.0,101,-61.177043,-144.30846,172.555554,7.20134,102,-61.177735,-144.310639,132.839336,3.556615,145.090431,3,-1,1,7,-123.37533908121046,56.626569976569115,64.06910691878954,-76.21276602343089,39.716218000000026,-2.542000000000044e-06,-1.6748946259431956,-4.7223374076389595,-121.16280204340903,-79.81734503699955,39.967627369862576,121.6726051705722,1,0,1,1,1,2,2,0,0,1,1
1337000.0,101,-61.17705,-144.308347,111.252031,4.960808,102,-61.177739,-144.31063,131.02474,2.514739,144.965912,3,-1,1,7,-122.04770915895718,57.95429101508462,126.70025984104282,-73.07044898491539,19.77270900000002,-0.0010418759999999997,2.726263300537581,-0.14751283692347572,-122.87405625131072,-76.92257108509487,-42.19912382300362,83.5151704676769,1,1,1,1,0,2,2,1,1,1,1
1338000.0,101,-61.177073,-144.30832,136.268616,3.409099,102,-61.17776,-144.310607,138.766948,2.556661,144.821549,3,-1,1,7,-121.92783146877103,58.0741722102564,101.80355253122895,-80.69277578974362,2.498332000000005,4.1922000000000016e-05,0.6714811409232226,-0.540678022227594,-122.91220621010612,-76.58897191713537,-51.56549251711522,136.77872770850257,1,1,1,1,1,2,2,1,1,0,1
1339000.0,101,-61.177136,-144.308314,171.727933,6.321391,102,-61.177732,-144.310635,83.168248,0.648822,144.650712,3,-1,1,7,-118.042639037461,61.9593944297757,70.22942796253898,-21.208853570224306,88.559685,-0.0019078390000000001,0.26526714438639865,-6.332803674644537,-127.668425002162,-68.00442441175635,-999,6395.949873189308,1,0,1,0,1,2,2,0,1,0,0
1340000.0,101,-61.177177,-144.308243,148.248141,5.68484,102,-61.177728,-144.31064,61.332536,0.401056,144.344003,3,-1,1,7,-115.49344808781372,64.50865196480953,96.25841091218626,3.176115964809533,86.91560500000003,-0.000247766,2.639704763280209,-5.026416000214375,-130.2898781945682,-62.12679648998962,-999,5667.985585511633,1,1,1,0,0,2,2,1,1,1,0
1341000.0,101,-61.177191,-144.308175,121.677518,4.072968,102,-61.177706,-144.310657,-4.051423,1.08408,144.019554,3,-1,1,7,-113.28800498565738,66.71416953685598,125.0344770143426,70.76559253685598,125.72894100000002,0.0006830239999999998,3.5427581095107983,-3.2202402427855064,-132.28616134940484,-56.93859367597822,-96.70432272120271,424.1620628181981,1,1,1,1,0,2,2,0,1,1,0
1342000.0,101,-61.177234,-144.308146,154.297538,4.827551,102,-61.177694,-144.310664,-7.829667,1.180345,143.641765,3,-1,1,7,-110.75463224308677,69.24757381976308,94.94782975691322,77.07724081976308,162.127205,9.626500000000004e-05,2.254494953174223,-5.519246471258649,-134.32035716460294,-50.901849705965745,-999,5954.047555332064,1,1,1,1,1,2,2,0,1,0,0
1343000.0,101,-61.177282,-144.308154,176.645096,5.174039,102,-61.177695,-144.310657,0.894235,0.683889,143.661612,3,-1,1,7,-108.89503068820537,71.10716223360374,74.45987331179464,70.21292723360375,175.750861,-0.000496456,0.2921149550655654,-5.848977425209522,-135.9201832042772,-46.52271015487235,-999,5891.7142157987255,1,0,1,1,1,2,2,0,1,1,0
1344000.0,101,-61.177331,-144.308113,162.91173,5.687946,102,-61.177733,-144.310623,154.253308,1.384966,143.886596,3,-1,1,7,-108.3782984294469,71.62390062594798,88.70997157055308,-82.62940737405202,8.658421999999973,0.0007010769999999999,1.0697525698930943,-4.18937016993646,-136.54773211793102,-45.36594936642426,2.530417227349854,143.52863844361187,1,0,1,1,0,2,2,1,0,1,1
1345000.0,101,-61.177346,-144.308002,115.244683,5.235608,102,-61.177768,-144.310592,157.465392,2.478503,144.197387,3,-1,1,7,-108.67485338771539,71.32741575772276,136.08046361228463,-86.13797624227725,42.220709000000056,0.001093537,3.785714849234747,0.05635761082119384,-136.6055244569141,-46.17160496971279,-36.63288703489532,44.15589838026079,1,1,1,1,0,2,2,0,1,1,1
1346000.0,101,-61.177403,-144.308049,-175.45441,5.772494,102,-61.177798,-144.31057,158.919756,2.888289,144.683768,3,-1,1,7,-108.00554354906637,71.99666514510645,67.44886645093362,-86.92309085489356,25.625833999999998,0.000409786,-1.4963291323776313,-3.059339337672122,-137.59811390450398,-44.723056387069214,32.72600385098596,104.51774145674678,1,0,1,1,1,2,2,1,0,0,1
1347000.0,101,-61.177472,-144.308026,174.255532,7.37284,102,-61.177834,-144.310555,163.402285,3.328776,145.444515,3,-1,1,7,-106.53785731938079,73.46435838487831,79.20661068061924,-89.9379266151217,10.85324700000001,0.0004404870000000001,-0.2129030919916446,-4.14573586582153,-139.42774692212438,-41.40060786758158,12.494766988553145,137.16237199635364,1,0,1,1,0,2,2,1,0,0,1
1348000.0,101,-61.177499,-144.307977,150.800734,4.29871,102,-61.177822,-144.310565,161.628467,1.50113,144.402275,3,-1,1,7,-104.51544467603013,75.48682271934855,104.68382132396988,-86.14164428065145,10.827732999999967,-0.0018276459999999998,1.6239966395173404,-2.3278442379644755,-139.79297065014777,-36.1931261703455,-16.1913040895097,135.4278936616277,1,1,1,1,0,0,2,1,1,1,1
1349000.0,101,-61.177547,-144.307899,144.03485,6.19438,102,-61.177879,-144.310535,165.899245,3.453589,143.747218,3,-1,1,7,-104.64257069754498,75.35973875272121,111.32257930245501,-90.5395062472788,21.86439500000006,0.001952459,2.79652613012015,-1.6640441330350373,-139.07854067622313,-36.33761420500357,-26.827112748680403,103.2509796609752,1,1,1,1,0,2,2,0,1,1,1
1350000.0,101,-61.177613,-144.307845,156.303374,7.662353,102,-61.177982,-144.310479,166.629989,6.722903,143.669702,3,-1,1,7,-106.20445162311083,73.79785607683198,97.49217437688918,-92.83213292316802,10.32661500000006,0.0032693139999999997,1.524857139336746,-0.47561892057000055,-137.96199300281512,-40.09328820962427,-69.3152828506773,79.86865880446005,1,1,1,1,1,2,2,1,1,1,1
1351000.0,101,-61.177636,-144.307886,-167.830421,3.398739,102,-61.177947,-144.310488,160.377253,2.62155,143.553029,3,-1,1,7,-103.92548511229836,76.07679455151133,63.90493588770164,-84.30045844848867,31.792326000000003,-0.004101352999999999,-1.5968574008839371,-0.8530610079277285,-139.33393834275427,-34.547442176988916,79.3738559143109,35.471000997392025,1,0,1,1,1,2,2,0,0,1,1
1352000.0,101,-61.177678,-144.307893,-174.225484,4.397807,102,-61.17795,-144.310485,158.421339,1.764816,143.312842,3,-1,1,7,-102.28128026850825,77.72099063464542,71.94420373149174,-80.70034836535457,27.353177000000017,-0.0008567340000000001,-1.0915409369701352,-2.7343643183062554,-140.03314534951906,-30.484239955055916,29.951071316513076,119.01777897967537,1,0,1,1,0,2,2,1,0,0,1
1353000.0,101,-61.177701,-144.307901,-171.331156,2.972888,102,-61.17791,-144.310495,18.643194,0.798029,143.082012,3,-1,1,7,-99.48909297701094,80.51317967822959,71.84206302298905,61.86998567822959,170.02565,-0.000966787,-0.703192329034277,-3.6950802756307324,-141.1242212161513,-23.588479054465008,-999,3809.555472652882,1,0,1,1,2,2,2,0,1,0,0
1354000.0,101,-61.177744,-144.307891,176.831209,4.477091,102,-61.177899,-144.310497,8.779184,0.947616,142.83819,3,-1,1,7,-97.03445735993623,82.96782580911862,86.1343336400638,74.18864180911862,168.05202499999996,0.00014958700000000002,0.10285145937913137,-5.406759259967453,-141.76300132386112,-17.492855059339302,-999,5418.98580110784,1,0,1,1,0,2,2,1,1,0,0
1355000.0,101,-61.177816,-144.307869,173.008858,7.524555,102,-61.177898,-144.310493,14.559411,0.6402,142.44315,3,-1,1,7,-93.70996542363432,86.29233351613843,93.28117657636568,71.73292251613843,158.44944700000002,-0.000307416,0.7549220494623626,-8.088251365389528,-142.14464315906744,-9.216908543751787,-999,8112.499039799802,1,1,1,1,0,2,2,1,1,0,0
1356000.0,101,-61.177832,-144.307858,165.092969,2.725376,102,-61.177925,-144.310484,161.802283,0.86726,142.015268,3,-1,1,7,-94.2026230588134,85.79967763383566,100.70440794118656,-76.00260536616433,3.2906860000000506,0.00022706000000000004,0.43026398151876893,-1.8097686036810756,-141.63340644921882,-10.407426324610567,-12.458134711291759,140.20097705284252,1,1,1,1,0,2,2,1,1,1,1
1357000.0,101,-61.17787,-144.30786,178.285955,4.019897,102,-61.177951,-144.310474,167.322033,1.674669,141.989548,3,-1,1,7,-93.67883908264166,86.3234510973932,88.03520591735833,-80.9985819026068,10.963922000000025,0.0008074089999999999,-0.24730114861056374,-2.3842594116590234,-141.69696203432952,-9.110581292436262,10.289897455174444,140.0043794831508,1,0,1,1,1,2,2,0,0,1,1
1358000.0,101,-61.177928,-144.307867,-177.833961,6.074359,102,-61.178004,-144.310461,171.700657,3.315789,142.174852,3,-1,1,7,-93.47892935293147,86.52334330586291,84.35503164706851,-85.1773136941371,10.465382000000034,0.00164112,-0.7082005642456765,-2.7889546222180153,-141.91284957515637,-8.627378899813092,15.350800605206791,135.42704598728164,1,0,1,1,1,2,2,1,0,1,1
1359000.0,101,-61.178003,-144.307847,174.985805,7.955689,102,-61.177975,-144.310453,148.643346,0.874977,142.452337,3,-1,1,7,-88.72439124933027,91.2778919234415,96.28980375066976,-57.36545407655851,26.34245900000002,-0.002440812,0.24004117102731926,-7.178061189904559,-142.4170340206395,3.1712359618259365,-1.3103828586328627,142.23919830667484,1,1,1,1,0,2,2,0,1,0,1
1360000.0,101,-61.178012,-144.3078,136.882618,2.964573,102,-61.177994,-144.310454,167.749432,1.323884,142.912262,3,-1,1,7,-89.19515826800816,90.8071669588612,133.92222373199183,-76.94226504113881,30.86681400000009,0.00044890700000000007,1.7453601244227606,-0.8702669127245062,-142.8981623586613,2.007442271727745,-56.54615989405476,64.66966167521235,1,1,1,1,0,2,2,0,1,1,1
1361000.0,101,-61.178015,-144.307806,151.595259,0.677109,102,-61.178107,-144.310456,178.319816,5.696285,142.960141,3,-1,1,7,-94.12012618318154,85.88219554039793,114.28461481681848,-92.43762045960207,26.724556999999947,0.004372401,0.15508056376735455,5.098244627139899,-142.59067575782487,-10.27137292024484,-2.9091052018910446,142.2126549238332,1,1,1,1,1,2,2,1,1,0,1
1362000.0,101,-61.178087,-144.307843,-169.012642,7.033764,102,-61.178049,-144.310467,-174.595344,0.963368,141.930576,3,-1,1,7,-88.2805312151966,91.72176772930102,80.7321107848034,-93.68288827069898,5.582702000000012,-0.004732917,-1.2498430867209085,-5.945744736287708,-141.8666677828759,4.258752854404595,4.053632107704027,139.70911428659338,1,0,1,1,1,0,2,1,0,1,1
1363000.0,101,-61.178178,-144.307916,-161.658638,10.064281,102,-61.178126,-144.310476,-176.774427,3.952252,140.696192,3,-1,1,7,-87.5884228392083,92.41382003539813,74.07021516079169,-90.81175296460185,15.115789000000007,0.0029888840000000002,-2.944623571392857,-5.607010370191086,-140.57158418203537,5.92014897226477,8.8777135639671,127.2653097245165,1,0,1,1,1,0,2,0,0,1,1
1364000.0,101,-61.178184,-144.307941,-138.629279,2.854035,102,-61.178169,-144.310466,179.460858,4.270107,139.849201,3,-1,1,7,-89.29510605556358,90.70710615536422,49.33417294443642,-88.75375184463579,41.90986299999997,0.00031785500000000024,-1.9264932331024094,2.1281104940294844,-139.83861756101138,1.7204821892701467,40.60485198014964,104.73217581574382,1,0,1,1,1,2,2,0,0,1,1
1365000.0,101,-61.178225,-144.307864,149.258244,4.787503,102,-61.178181,-144.310456,176.498769,3.119805,141.1787,3,-1,1,7,-87.98446245675568,92.01780845501823,122.75729354324432,-84.48096054498178,27.240525000000048,-0.0011503020000000004,2.256698713537952,-1.000781092680345,-141.0913564345836,4.965327092880357,-47.84587165720042,54.21001390871505,1,1,1,1,0,1,2,1,1,1,1
1366000.0,101,-61.178255,-144.307858,165.072111,3.658153,102,-61.178304,-144.31046,179.547202,7.292174,142.932639,3,-1,1,7,-92.23814141583797,87.76413825869923,102.68974758416203,-91.78306374130077,14.47509100000002,0.0041723689999999996,0.8847236303189211,3.7572530084945988,-142.82360147779522,-5.58194880093399,-10.205714872305041,137.74751953285727,1,1,1,1,1,1,2,1,1,0,1
1367000.0,101,-61.178339,-144.307812,166.481238,8.59174,102,-61.178384,-144.310469,-179.177504,7.935042,141.811569,3,-1,1,7,-92.01322781880614,87.98910004443884,101.50553418119387,-92.83339595556117,14.341258000000039,0.000642868,2.122343171926093,-0.419467894730305,-141.72403484096736,-4.981872202097085,-62.491905355650275,32.49394611966856,1,1,1,1,1,0,2,1,1,1,1
1368000.0,101,-61.178388,-144.307845,-173.357079,5.977769,102,-61.178395,-144.310464,179.929303,5.32212,140.566947,3,-1,1,7,-90.31880389002895,89.68349068120781,83.03827510997105,-90.24581231879219,6.713617999999997,-0.002612922,-0.6980828259757523,-0.6155206177867871,-140.5647710242282,-0.7821354148102303,110.6846506024468,92.42379940550273,1,0,1,1,1,0,2,1,0,0,1
1369000.0,101,-61.178426,-144.307754,143.96136,5.621795,102,-61.178439,-144.310442,175.582044,5.138208,139.733567,3,-1,1,7,-90.57595517441949,89.42639985033841,125.46268482558048,-86.15564414966158,31.620683999999983,-0.0001839120000000003,2.911670847716904,0.5770424553076099,-139.7265070894804,-1.404622054814175,-49.71557431973179,27.742966673271894,1,1,1,1,0,2,2,0,1,1,1
1370000.0,101,-61.178451,-144.30781,-158.126594,3.281414,102,-61.178495,-144.310422,173.625696,5.607785,141.047365,3,-1,1,7,-92.00240534815691,87.99988309198568,66.1241886518431,-85.62581290801432,28.247709999999927,0.00046957700000000016,-1.8451084715186936,2.5279339774033858,-140.96123598007244,-4.928399782237656,26.773772230843797,116.85753584029047,1,0,1,1,1,1,2,1,0,0,1
1371000.0,101,-61.178543,-144.307773,173.211227,9.140603,102,-61.178563,-144.310419,175.772902,6.366343,142.733537,3,-1,1,7,-90.89942849184078,89.10288973845651,95.88934450815918,-86.67001226154348,2.561674999999923,0.0007585579999999999,0.6112428596251533,-2.7274905858174554,-142.71595067354266,-2.2405374081470377,-10.243066569099891,139.75224269875594,1,1,1,1,0,1,2,1,1,0,1
1372000.0,101,-61.178577,-144.307732,157.84367,5.073326,102,-61.178598,-144.310448,-177.9152,5.399529,145.337957,3,-1,1,7,-90.92006130154398,89.08231825814308,111.236268698456,-93.00248174185691,24.241130000000027,-0.0009668139999999994,2.1097560430742073,0.6972519565768289,-145.31921879495786,-2.3337510057867727,-65.88097914518129,44.05846702442635,1,1,1,1,0,1,2,0,1,1,1
1373000.0,101,-61.178605,-144.307822,-138.601714,4.446607,102,-61.178603,-144.310486,-167.08656,3.600452,145.274907,3,-1,1,7,-89.91193961916527,90.09039438232598,48.68977438083472,-102.82304561767404,28.484846000000005,-0.001799077,-2.135869633582072,0.17385514590120899,-145.2747354161617,0.22327924863382512,70.2326842842052,12.887646719145856,1,0,1,1,1,2,2,0,0,1,1
1374000.0,101,-61.178597,-144.307797,36.138598,0.192354,102,-61.178731,-144.310495,-174.855241,7.734424,144.0309,3,-1,1,7,-95.88334228842963,84.11902150275272,-132.02194028842962,-101.02573749724729,149.006161,0.004133972,0.8070030731518695,7.8586081670163255,-143.27224030064596,-14.76364839881942,-3.8812432244941015,141.02094674350974,0,1,1,1,1,0,2,0,1,0,1
1375000.0,101,-61.178683,-144.307814,-175.514009,7.974125,102,-61.178802,-144.310497,-176.309534,7.815964,143.464646,3,-1,1,7,-95.25783654244688,84.74451410868869,80.2561724575531,-98.94595189131132,0.7955250000000262,8.154000000000039e-05,-0.12061460136624336,-0.14993979933262036,-142.8610046241559,-13.146787047876751,502.5039010892057,103.12129217094494,1,0,1,1,0,2,2,1,0,1,1
1376000.0,101,-61.178713,-144.307796,172.501469,4.111673,102,-61.178807,-144.310482,-178.997914,4.954692,142.246139,3,-1,1,7,-94.15325508009818,85.84909819982201,93.34527591990184,-95.15298780017798,8.500616999999949,-0.0028612720000000006,0.6232281626322012,0.8774233988533924,-141.87258597185502,-10.302107069232468,-86.40036633261539,109.72567612118502,1,1,1,1,0,0,2,0,1,0,1
1377000.0,101,-61.178785,-144.307818,-174.559419,7.412892,102,-61.178858,-144.310465,177.248302,5.261015,142.179927,3,-1,1,7,-93.27533193944048,86.72698717277969,81.28408706055951,-90.52131482722031,8.192279000000042,0.0003063230000000008,-0.9554110185903004,-2.124548509557189,-141.94767717501662,-8.123335912209537,27.900759601861203,126.12953244976039,1,0,1,1,1,2,2,1,0,0,1
1378000.0,101,-61.178825,-144.307844,-166.292699,5.073232,102,-61.178844,-144.310453,171.828954,2.621914,142.098647,3,-1,1,7,-90.86661364822952,89.13567217128576,75.42608535177048,-82.69328182871425,21.878346999999934,-0.0026391010000000005,-1.574812254959212,-2.333444134107152,-142.08239310493803,-2.1491972465230953,28.09736231378515,116.5887831697581,1,0,1,1,1,2,2,0,0,1,1
1379000.0,101,-61.17888,-144.307823,175.565686,6.038116,102,-61.178858,-144.310446,170.132419,2.208072,140.823153,3,-1,1,7,-89.00439742180743,90.99790066434844,95.42991657819255,-79.13451833565156,5.433267000000001,-0.0004138419999999998,0.08844282321107033,-3.8446348920761393,-140.8018931644527,2.4468964357829486,-1.5060406857938677,140.70841902115316,1,1,1,1,0,0,2,1,1,0,1
1380000.0,101,-61.178905,-144.307898,-139.616514,4.247154,102,-61.178812,-144.310433,34.816866,0.848223,140.563387,3,-1,1,7,-85.6492503128788,94.35297067379801,53.96726368712119,59.536104673798015,174.43338,-0.001359849,-3.236030079337867,-3.931538832388906,-140.15832970737574,10.663413081669928,-999,5169.067334980374,1,0,1,1,1,2,2,0,1,0,0
1381000.0,101,-61.178946,-144.307949,-147.800526,5.197126,102,-61.178823,-144.31043,101.869778,0.384834,140.204216,3,-1,1,7,-84.12942732291006,95.87274635321674,63.67109867708993,-5.997031646783256,110.32969600000001,-0.0004633889999999999,-3.145990107294175,-4.318642185830867,-139.4689122613462,14.3403171796017,26.590296500070966,140.71757306963502,1,0,1,0,0,2,2,1,0,1,1
1382000.0,101,-61.178979,-144.307925,177.670915,3.823607,102,-61.178848,-144.31043,167.281733,1.142578,139.859572,3,-1,1,7,-83.80988623882806,96.19230846503442,98.51919876117194,-71.08942453496559,10.389182000000005,0.0007577440000000001,-0.09615919425507632,-2.7059041296845607,-139.04413253924963,15.080752183852017,-3.872036133155329,139.4924434602537,1,1,1,1,0,2,2,1,1,1,1
1383000.0,101,-61.179002,-144.307842,130.210118,4.267317,102,-61.178892,-144.310433,177.577406,2.651868,139.466059,3,-1,1,7,-84.96828803405741,95.03398201779461,144.8215939659426,-82.54342398220538,47.36728800000003,0.0015092899999999997,3.1467798084453906,-0.10545023457464797,-138.92859958324695,12.23216378362047,-43.531502823694694,7.885283824718264,1,1,1,1,0,2,2,0,1,1,1
1384000.0,101,-61.17905,-144.307827,163.076816,5.075745,102,-61.178803,-144.310395,18.180192,2.431829,139.474582,3,-1,1,7,-78.71763828727623,101.28461161313906,118.20554571272376,83.10441961313906,144.89662400000003,-0.00022003899999999986,0.7187488146177313,-7.1663763453599945,-136.77922640729142,27.287400893042857,-999,7155.569303415377,1,1,1,1,1,2,2,0,1,0,0
1385000.0,101,-61.179115,-144.307908,-158.70547,7.416053,102,-61.178802,-144.310387,23.623075,1.591838,139.692354,3,-1,1,7,-75.32438913239292,104.67778279316374,83.38108086760707,81.05470779316374,177.67145500000004,-0.0008399909999999999,-3.331108942506424,-8.368172913590024,-135.134986284157,35.390524834226575,-999,9015.965685093528,1,0,1,1,1,2,2,0,1,0,0
1386000.0,101,-61.179154,-144.307902,-173.733457,4.766441,102,-61.178879,-144.310411,179.954895,2.49078,139.999372,3,-1,1,7,-77.19197150056128,102.81022671018584,96.5414854994387,-77.14466828981415,6.311648000000048,0.0008989419999999999,-0.5222363665103378,-2.2471816370485933,-136.51594969937292,31.035779965592386,0.2878573282287192,139.99775897428006,1,1,1,1,0,2,2,1,0,1,1
1387000.0,101,-61.179197,-144.307939,-161.689185,5.079126,102,-61.178884,-144.310415,-178.166228,1.729298,140.484711,3,-1,1,7,-75.30733757314528,104.69483172550704,86.38184742685473,-77.13894027449294,16.47704299999998,-0.000761482,-1.5403800989717844,-3.0935381326046745,-135.89089499072722,35.63170895947419,7.7842392704371095,137.5385404200646,1,0,1,1,1,2,2,0,0,1,1
1388000.0,101,-61.179259,-144.307885,165.864603,6.762379,102,-61.178903,-144.310435,-168.023031,1.904769,141.246364,3,-1,1,7,-73.85017390988314,106.1520602236241,120.28522309011686,-85.82490877637588,26.11236600000001,0.00017547099999999993,2.0467434051385114,-4.694318867446365,-135.67244771362226,39.28768604302026,-17.441004501526045,108.66738768434207,1,1,1,1,0,2,2,0,1,1,1
1389000.0,101,-61.179313,-144.307939,-165.033487,6.350374,102,-61.178963,-144.310476,-165.164475,3.891148,140.206959,3,-1,1,7,-74.03119732239725,105.97102542255367,91.00228967760276,-88.86449957744634,0.1309880000000021,0.001986379,-0.6437027541998911,-2.373513942106546,-134.7966019529497,38.57288495777472,-0.7899138046464786,140.19346136588567,1,1,1,1,1,0,2,1,1,0,1
1390000.0,101,-61.179342,-144.308005,-140.867862,4.753952,102,-61.179061,-144.310521,-167.475669,6.727314,138.953035,3,-1,1,7,-76.95708215650505,103.04512219091298,63.91077984349495,-89.47920880908703,26.607807000000008,0.0028361659999999998,-1.5414252261003847,2.8796258259543195,-135.36822596495853,31.35903912448783,37.73197586150665,109.24952821011796,1,0,1,1,1,0,2,0,0,1,1
1391000.0,101,-61.179367,-144.308005,-163.585516,2.996271,102,-61.179053,-144.310493,-172.454953,3.678064,137.140481,3,-1,1,7,-75.33037639688554,104.67180341903064,88.25513960311447,-82.87324358096936,8.869436999999976,-0.00304925,-0.36374755045634116,0.7720683810505959,-132.6699963371327,34.730154056907935,114.76411874519331,105.68776717561047,1,0,1,1,0,0,2,1,0,1,1
1392000.0,101,-61.179378,-144.307926,117.897819,3.174929,102,-61.179118,-144.310495,-175.825809,5.084406,137.95479,3,-1,1,7,-78.14455887468007,101.8576919086321,163.95762212531992,-82.31649909136792,66.27637199999998,0.0014063420000000005,3.1760382389312785,3.5853818053942703,-135.01208382142343,28.341864902314292,-19.34271690124687,122.30188745647231,1,1,2,1,0,2,2,0,1,0,1
1393000.0,101,-61.179456,-144.307975,-171.743393,7.62442,102,-61.179188,-144.310518,-173.857714,6.158859,140.740219,3,-1,1,7,-77.66945102093115,102.33277698484022,94.07394197906885,-83.80950901515979,2.1143209999999897,0.0010744529999999993,-0.4359331734998172,-1.4218891041776818,-137.49360279354323,30.05525636256192,7.605321582513538,140.2643104519546,1,1,1,1,1,1,2,1,0,0,1
1394000.0,101,-61.179504,-144.307965,179.344964,5.762384,102,-61.179284,-144.310576,-169.634044,8.086332,143.579143,3,-1,1,7,-80.08679251878233,99.91549506551449,100.56824348121768,-90.45046093448553,11.020992000000007,0.001927473000000001,1.5208889035495015,2.192343977415062,-141.435458714109,24.718036389325352,-21.96869441447216,130.3100755926164,1,1,1,1,0,1,2,0,1,1,1
1395000.0,101,-61.179538,-144.307984,-170.376524,4.092759,102,-61.179389,-144.310627,-168.676917,9.586387,142.467651,3,-1,1,7,-83.33100952763121,96.67130609430136,87.04551447236878,-94.65177690569863,1.699606999999986,0.0015000549999999997,1.1980049701168323,5.364629931678938,-141.50366478478122,16.545223900995378,-2.662561237167851,141.7079942467132,1,0,1,1,1,0,2,1,1,0,1
1396000.0,101,-61.179573,-144.308032,-152.267538,4.438955,102,-61.179546,-144.31065,-172.421221,12.671731,140.478826,3,-1,1,7,-88.77556093498721,91.22673278575411,63.49197706501279,-96.35204621424589,20.153683,0.0030853439999999994,-0.3943741285273328,8.631983781756997,-140.4467490228891,3.0018732884447026,1.1515689806806395,140.16443973549093,1,0,1,1,1,0,2,0,0,1,1
1397000.0,101,-61.179609,-144.307997,169.058514,4.125419,102,-61.179659,-144.310637,-175.921255,12.625774,138.700634,3,-1,1,7,-92.25103822944735,87.75127476798238,98.69044777055262,-96.32747023201762,15.020230999999939,-4.595699999999958e-05,1.6810696372797214,8.543370690104538,-138.59360214225217,-5.447872725851236,-3.7139886020469683,134.9344499880706,1,1,1,1,0,0,2,1,1,1,1
1398000.0,101,-61.179698,-144.308043,-170.017027,9.118306,102,-61.179719,-144.310625,-177.818417,10.28228,140.037145,3,-1,1,7,-90.96771552042094,89.03454666274908,79.04931147957907,-93.14703633725094,7.801389999999998,-0.002343494,-1.1892970556816995,1.2945788549732153,-140.01717155048357,-2.3650900095942933,55.97585537221871,104.85118553337438,1,0,1,1,1,1,2,1,0,1,1
1399000.0,101,-61.179724,-144.307992,157.993679,4.107701,102,-61.179797,-144.310629,-178.018864,9.645753,141.728975,3,-1,1,7,-93.28781435824007,86.71449601346329,108.71850664175994,-95.26663998653669,23.987457000000063,-0.000636527000000001,1.8726501259359434,5.831563115128436,-141.49569431252218,-8.128397478464349,-8.729650112930106,132.2577124868766,1,1,1,1,0,1,2,0,1,0,1
1400000.0,101,-61.179764,-144.307999,177.822353,4.414665,102,-61.17985,-144.310633,-177.911385,8.151297,140.620047,3,-1,1,7,-93.87586395065895,86.12644379377096,88.30178304934105,-95.96217120622907,4.266261999999983,-0.0014944559999999995,0.46482339066555023,3.734404926763702,-140.2984267337289,-9.50521300775102,-7.11186395474963,138.05001941654646,1,0,1,1,1,0,2,1,1,0,1
1401000.0,101,-61.179818,-144.307998,179.377832,5.757698,102,-61.179935,-144.310619,179.664608,8.706382,139.3713,3,-1,1,7,-95.29171652495221,84.71057983129377,85.33045147504777,-94.95402816870622,0.28677600000003167,0.0005550850000000001,0.011556712542836717,2.948874292050359,-138.77730539469323,-12.85374541050378,-4.543600099876827,138.72586592292512,1,0,1,1,1,0,2,1,1,0,1
1402000.0,101,-61.179874,-144.308063,-158.080951,6.626676,102,-61.180001,-144.310591,176.209804,8.193171,138.579371,3,-1,1,7,-95.95064042748623,84.0515744491494,62.130310572513764,-92.15822955085059,25.70924500000004,-0.0005132110000000001,-3.0153077412051776,2.0276027013094415,-137.83264662303193,-14.366752995929438,31.519968284501807,89.20902779100858,1,0,1,1,1,2,2,0,0,1,1
1403000.0,101,-61.179907,-144.307972,145.425702,4.954509,102,-61.180007,-144.310574,172.795585,5.252422,139.903329,3,-1,1,7,-94.55937235187882,85.44290735940899,120.01492564812116,-87.352677640591,27.36988299999996,-0.0029407489999999994,2.152852656603155,1.131456164244124,-139.4606043295084,-11.121209706256698,-62.9521844236736,60.235019797594795,1,1,1,1,0,1,2,0,1,1,1
1404000.0,101,-61.179938,-144.307945,152.808023,3.991738,102,-61.180027,-144.310575,173.951154,4.039978,141.632546,3,-1,1,7,-94.0166934272771,85.985610816329,113.17528357272289,-87.965543183671,21.143130999999926,-0.0012124440000000005,1.3984001574651148,0.46691250625024106,-141.2846517116146,-9.92095142463,-102.23090246959487,37.84901959299919,1,1,1,1,1,1,2,1,1,1,1
1405000.0,101,-61.179947,-144.30794,154.164451,1.612215,102,-61.180035,-144.310611,-172.724748,2.799192,144.309447,3,-1,1,7,-93.91098118221379,86.09135898346267,111.9245678177862,-101.18389301653735,33.11080100000001,-0.0012407859999999996,1.0570654917916902,1.3255845695137356,-143.97338274618767,-9.84284278374697,-61.69792315882863,106.66810267522919,1,1,1,1,1,1,2,0,1,0,1
1406000.0,101,-61.18002,-144.308031,-154.770935,7.700118,102,-61.180118,-144.310648,-170.391063,5.390116,144.423178,3,-1,1,7,-94.4430992795201,85.55919357657665,60.32783572047991,-104.04974342342337,15.620127999999994,0.0025909239999999997,-2.382352868053369,-1.6511182943688807,-143.98915172114928,-11.188321153932682,38.31065156210881,74.09686366449169,1,0,1,1,1,2,2,1,0,1,1
1407000.0,101,-61.180092,-144.308049,-168.160417,8.049805,102,-61.180126,-144.310676,-162.994728,3.731795,143.185813,3,-1,1,7,-91.53908581475426,88.46321580358142,76.62133118524574,-108.54205619641857,5.165688999999986,-0.001658321,-0.5601970274784633,-4.309919570882574,-143.13415658227194,-3.8458112216570126,5.342697272078551,141.4477168034977,1,0,1,1,0,0,2,1,0,0,1
1408000.0,101,-61.180107,-144.308069,-156.147275,2.994759,102,-61.180308,-144.310634,179.997985,10.104107,141.647907,3,-1,1,7,-99.23430023996117,80.76794705976523,56.912974760038836,-99.23003794023477,23.85474000000002,0.006372312000000001,-1.2113972343328674,7.365136564803688,-139.81220324032753,-22.73053854544576,0.03631133659116423,141.64766523831844,1,0,1,1,1,0,2,0,0,0,1
1409000.0,101,-61.180139,-144.307959,131.177403,5.175881,102,-61.180343,-144.31061,176.836427,7.679117,140.370145,3,-1,1,7,-99.07094277111436,80.93137987734505,129.75165422888563,-95.90504712265493,45.65902399999993,-0.002424990000000001,3.4719690947571755,4.25965235364752,-138.61466034808205,-22.1303760453111,-25.352520716176297,99.65879936755869,1,1,1,1,0,0,2,0,1,1,1
1410000.0,101,-61.180196,-144.307895,148.717445,6.878638,102,-61.180337,-144.310592,172.160846,4.436214,141.689748,3,-1,1,7,-96.19088263864448,83.8114803128577,115.0916723613555,-88.3493656871423,23.443400999999994,-0.003242903,2.9667275049659665,-1.4838437802157403,-140.86343281592187,-15.279986374921021,-31.894556620332352,77.83190087611116,1,1,1,1,1,1,2,1,1,1,1
1411000.0,101,-61.180251,-144.30789,168.794571,6.206502,102,-61.180392,-144.31058,172.970324,5.147561,143.401936,3,-1,1,7,-96.20687183395704,83.79548498582798,94.99855716604299,-89.17483901417202,4.175752999999986,0.000711347,0.5761167044902668,-0.9793196249888734,-142.56131439573767,-15.504415058548126,-49.184771362173834,130.77274559518438,1,1,1,1,1,1,2,1,1,0,1
1412000.0,101,-61.180268,-144.307965,-134.76214,3.602139,102,-61.180453,-144.310598,178.946332,5.763293,146.0504,3,-1,1,7,-98.29393562203819,81.7083712584917,36.4682043779618,-97.23796074150832,46.29152800000003,0.0006157320000000003,-2.663629899899474,3.225817605194755,-144.52286801965855,-21.067984230399407,22.53741081905823,126.22025194292958,1,0,1,1,1,1,2,0,0,1,1
1413000.0,101,-61.180306,-144.30798,-161.68096,4.155632,102,-61.180535,-144.310618,-177.650219,7.068164,146.093853,3,-1,1,7,-100.20957660353596,79.79273465920218,61.471383396464034,-102.5570463407978,15.969258999999994,0.0013048710000000004,-1.0163539888660824,3.117191665386722,-143.78060230345395,-25.895024341398518,6.473727156635054,144.73081689586348,1,0,1,1,0,2,2,1,0,0,1
1414000.0,101,-61.180361,-144.307928,164.265103,6.052368,102,-61.180564,-144.310636,-174.751758,5.607865,144.853025,3,-1,1,7,-98.8403472372391,81.1620253563566,96.8945497627609,-104.08621664364341,20.98313900000005,-0.001460299,2.1542793283436197,-0.24121078278112762,-143.13222972968748,-22.261259269380844,-63.81571275279462,38.07662261044143,1,1,1,1,0,0,2,0,1,1,1
1415000.0,101,-61.18041,-144.307928,175.259741,5.471132,102,-61.180725,-144.310581,176.584257,10.402767,144.314158,3,-1,1,7,-103.838199714798,76.1641246934043,80.90205928520203,-100.4201323065957,1.324516000000017,0.004794902,-0.16767600930512483,4.93186807332079,-140.12544407440586,-34.517185896296915,-6.036863824996522,141.2173935240834,1,0,1,1,1,2,2,1,1,0,1
1416000.0,101,-61.180453,-144.307862,151.20625,5.596069,102,-61.180706,-144.310574,174.344699,5.54755,143.089006,3,-1,1,7,-100.95398535266459,79.04839074816434,107.83976464733541,-95.29630825183565,23.13844899999998,-0.004855217,2.1487172381540613,0.6163819948827944,-140.48193961043174,-27.189856221742883,-69.45708934579844,17.911503653407056,1,1,1,1,0,0,2,0,1,1,1
1417000.0,101,-61.18052,-144.307882,-179.809204,7.104008,102,-61.180761,-144.310541,170.761352,5.832934,144.400652,3,-1,1,7,-100.64966652906318,79.35266313739331,79.15953747093681,-91.40868886260668,9.429444000000018,0.00028538399999999964,-0.9601165414933611,-1.3466982937655034,-141.91342624203637,-26.685721842798504,65.9389070538259,100.18388422663061,1,0,1,1,1,1,2,1,0,0,1
1418000.0,101,-61.18054,-144.307851,158.023152,3.219776,102,-61.180777,-144.310531,169.044899,4.301448,145.837825,3,-1,1,7,-100.39659793277676,79.60575013306111,101.58025006722323,-89.43914886693888,11.021747000000005,-0.001531486,0.38749703121193,1.2372487031452724,-143.4434869795842,-26.31800227730981,-60.206330619150606,129.4135426478322,1,1,1,1,0,1,2,0,1,0,1
1419000.0,101,-61.180575,-144.307781,141.327446,4.841528,102,-61.180878,-144.310515,173.199443,6.973114,148.13708,3,-1,1,7,-102.94893749905137,77.05345788012104,115.72361650094862,-96.14598511987896,31.871996999999965,0.002671666,2.1996078220348316,3.1441283586523934,-144.36997718898823,-33.19494174384733,-36.71128084195436,103.96743264149332,1,1,1,1,0,1,2,0,1,1,1
1420000.0,101,-61.180609,-144.307892,-137.49541,5.073259,102,-61.18092,-144.310529,177.039378,6.091299,147.605183,3,-1,1,7,-103.74898999627018,76.25332039783547,33.74642000372981,-100.78605760216453,45.465212000000065,-0.0008818149999999996,-3.7423569539232795,2.343044451307409,-143.37574239919698,-35.08114222688032,27.726637977402927,107.60274546199977,1,0,1,1,1,2,2,0,0,0,1
1421000.0,101,-61.180622,-144.307805,128.62244,3.041173,102,-61.181043,-144.31048,173.231783,9.105569,146.287348,3,-1,1,7,-108.08248406363403,71.91985962540731,123.29507593636595,-101.3119233745927,44.60934299999997,0.003014269999999999,1.302875840123572,7.1438561252129205,-139.06231306636656,-45.40552025365375,-11.305135790637182,129.26262110122113,1,1,1,1,0,0,2,1,1,0,1
1422000.0,101,-61.180722,-144.307853,-173.053838,9.656311,102,-61.181109,-144.310447,171.117464,8.456863,145.654529,3,-1,1,7,-107.19814485073155,72.80412787234911,65.85569314926846,-98.3133361276509,15.828697999999946,-0.0006487059999999989,-2.4736196682363634,-1.2299962377305498,-139.14201440567757,-43.06671156870527,52.42006898632968,23.412570672944092,1,0,1,1,1,2,2,1,0,1,1
1423000.0,101,-61.180758,-144.307826,171.852397,4.950249,102,-61.181097,-144.31045,169.93081,4.683354,146.997753,3,-1,1,7,-105.00430014271872,74.99799886495613,83.1433028572813,-94.93281113504388,1.9215869999999313,-0.003773509000000001,-0.11725723769050334,-0.2890645458379577,-141.98607022789636,-38.05647445951724,308.20885763938793,117.50787525587475,1,0,1,1,0,1,2,1,0,0,1
1424000.0,101,-61.180804,-144.307809,170.298994,5.215045,102,-61.181112,-144.310462,174.183823,3.464631,148.760107,3,-1,1,7,-103.54231505400149,76.46000936276936,86.1586909459985,-97.72381363723063,3.884828999999968,-0.0012187229999999997,0.5276739842715503,-1.6936769659051962,-144.6241665167673,-34.8341770963778,-5.364796701976699,148.43969524925228,1,0,1,1,0,1,2,0,1,0,1
1425000.0,101,-61.180826,-144.307759,142.901207,3.608122,102,-61.181136,-144.31047,178.400948,3.175058,147.878773,3,-1,1,7,-103.34603262053463,76.65634261313923,113.75276037946537,-101.74460538686077,35.49974099999997,-0.00028957299999999984,2.0877870777559795,0.295995589904233,-143.8851192202446,-34.135084165144896,-73.39302627659833,15.535219317333729,1,1,1,1,0,2,2,0,1,1,1
1426000.0,101,-61.180881,-144.307767,176.907454,5.562891,102,-61.181179,-144.310462,177.105662,3.781476,147.44766,3,-1,1,7,-102.92064640933344,77.08171480728751,80.17189959066656,-100.02394719271248,0.19820799999990868,0.0006064180000000002,0.10916910519151679,-1.7781375797071743,-143.71438598700988,-32.96949650589677,13.52083949759445,145.46465811639672,1,0,1,1,1,2,2,1,0,0,1
1427000.0,101,-61.180932,-144.307801,-167.957843,5.829343,102,-61.181239,-144.31044,173.8274,4.927303,147.400587,3,-1,1,7,-103.56897939492912,76.43333275861664,64.38886360507088,-97.39406724138337,18.21475699999999,0.001145827,-1.745986543781415,-0.8023276210287955,-143.2863664033118,-34.58251365763406,73.75855116572602,28.554450145523013,1,0,1,1,1,2,2,0,0,1,1
1428000.0,101,-61.180958,-144.307758,158.893695,3.571962,102,-61.181238,-144.310437,172.279539,3.010676,147.340124,3,-1,1,7,-102.23469913038824,77.76764806918744,98.87160586961176,-94.51189093081256,13.38584400000002,-0.0019166270000000002,0.8818072058585136,-0.3489479596707956,-143.99369587891465,-31.223832043264892,-119.46381807153114,82.52111182373413,1,1,1,1,0,2,2,1,1,0,1
1429000.0,101,-61.180994,-144.307717,153.706549,4.401017,102,-61.181272,-144.31042,170.178705,3.327055,147.134335,3,-1,1,7,-102.04523894200814,77.95712928605836,104.24821205799185,-92.22157571394165,16.47215600000004,0.000316379,1.3819980172297868,-0.6673793035332163,-143.89489825856595,-30.704572803561035,-68.1805583968675,90.96453092691583,1,1,1,1,0,2,2,0,1,0,1
1430000.0,101,-61.181041,-144.307708,169.86451,5.094664,102,-61.181344,-144.310387,169.31909,5.196995,146.917001,3,-1,1,7,-103.20569556670998,76.79665163496574,86.92979443329,-92.52243836503425,0.5454200000000355,0.00186994,-0.06666577869380796,0.09179646069441727,-143.0319569925253,-33.56284346896721,471.9774397628751,135.4958139795615,1,0,1,1,1,2,2,1,0,0,1
1431000.0,101,-61.181098,-144.307736,-172.407936,6.178787,102,-61.181278,-144.310397,123.528544,0.564627,146.685265,3,-1,1,7,-97.98918861332687,82.01314281785412,74.41874738667313,-41.51540118214588,64.06351999999998,-0.004632368,-1.2870148926617795,-5.812749774149153,-145.2615836250709,-20.387233526321218,15.519976415395526,143.43154843055964,1,0,1,1,1,2,2,0,0,0,1
1432000.0,101,-61.181116,-144.307721,172.64571,2.673308,102,-61.181205,-144.310405,3.293996,3.006901,146.298514,3,-1,1,7,-93.93633050122432,86.06602108060818,93.41795949877564,82.77202508060819,169.35171400000002,0.0024422740000000004,0.16942045428666216,-5.653249423592374,-145.95338858835095,-10.04308509303911,16.7664378427205,171.2332091853832,1,1,1,1,0,2,2,0,0,0,1
1433000.0,101,-61.181175,-144.307671,161.162786,6.292597,102,-61.181259,-144.310396,150.248636,0.574464,145.875418,3,-1,1,7,-93.66017808243893,86.34220942286218,105.17703591756106,-63.90642657713782,10.91414999999995,-0.002432437,1.746686363870135,-5.456821733229429,-145.57786551172669,-9.312499649629029,-6.750390713256815,141.522539352558,1,1,1,1,0,2,2,1,1,1,1
1434000.0,101,-61.181226,-144.307662,170.934627,5.797093,102,-61.181245,-144.310392,44.706569,0.370849,145.851398,3,-1,1,7,-90.82837543170044,89.17401645461088,98.23699756829956,44.46744745461088,126.22805799999998,-0.00020361499999999998,0.6525140077811773,-5.98825209445889,-145.8361545879085,-2.108628361293019,-999,6005.728557991753,1,1,1,1,1,2,2,0,1,0,0
1435000.0,101,-61.181284,-144.30769,-172.776897,6.395356,102,-61.181241,-144.310385,38.961433,0.472527,146.035935,3,-1,1,7,-88.10538939784793,91.89697182398996,84.67150760215206,52.93553882398996,148.26167,0.00010167799999999998,-1.1012326289529095,-6.712025521092139,-145.9561015627391,4.828118467023406,-999,6815.367806741935,1,0,1,1,1,2,2,0,1,0,0
1436000.0,101,-61.181316,-144.307725,-158.640141,4.363625,102,-61.181272,-144.310381,166.43119,1.170623,146.311007,3,-1,1,7,-88.03285353923853,91.96947351320912,70.60728746076147,-74.46171648679086,34.928668999999985,0.000698096,-1.8639820580083457,-2.925943332627254,-146.22478214570947,5.022335691075466,20.5368721975627,126.061803669825,1,0,1,1,1,2,2,1,0,1,1
1437000.0,101,-61.181355,-144.307667,156.804015,4.591676,102,-61.181255,-144.310377,83.800432,0.255707,146.767736,3,-1,1,7,-85.62370414788504,94.37867021698332,117.57228085211497,10.578238216983323,73.00358299999994,-0.000914916,1.554346296047096,-4.248112697549784,-146.33982097864566,11.19933598494289,-644.3960927355496,2857.276969510387,1,1,1,0,0,2,2,0,1,0,0
1438000.0,101,-61.181408,-144.30766,172.214732,5.681386,102,-61.181305,-144.310377,175.58618,2.138795,145.265066,3,-1,1,7,-85.50447623144369,94.4979042678988,102.2807917685563,-81.08827573210121,3.3714479999999867,0.0018830879999999998,0.6050045990590468,-3.4965671780010235,-144.81815225827108,11.386051839183107,-10.020897131390349,140.75698306913276,1,1,1,1,1,0,2,1,1,1,1
1439000.0,101,-61.181471,-144.307752,-154.20212,7.63828,102,-61.181327,-144.31036,169.725006,2.308904,143.910361,3,-1,1,7,-83.46671602610746,96.53556897364685,70.73540397389255,-73.18943702635316,36.072873999999985,0.00017010900000000008,-3.7360082059830817,-4.605133806519346,-142.97579655214844,16.374174893073956,12.038669901547681,121.49518128330442,1,0,1,1,1,0,2,0,0,1,1
1440000.0,101,-61.181494,-144.307766,-155.073108,3.521893,102,-61.181365,-144.310346,170.206816,3.067273,144.723535,3,-1,1,7,-84.07922679232524,95.92303367590635,70.99388120767475,-74.28378232409365,34.720076000000006,0.0007583690000000001,-2.006061711338402,-0.1712385075456142,-143.9515048696498,14.928691458376937,69.79258713623867,27.1675683476939,1,0,1,1,2,2,2,1,0,1,1
1441000.0,101,-61.181562,-144.307657,151.499006,7.880355,102,-61.181453,-144.310352,177.545947,5.689112,146.609599,3,-1,1,7,-85.20501250019396,94.79734872722999,123.29598149980603,-82.74859827277002,26.04694100000006,0.0026218389999999995,3.516702973531496,-1.2414311921209515,-146.09649120114173,12.255193905259938,-35.067455250584885,38.691584469262914,1,1,1,1,0,1,2,1,1,0,1
1442000.0,101,-61.181593,-144.307624,149.365699,4.651734,102,-61.181552,-144.310381,-177.426503,7.776045,148.733066,3,-1,1,7,-88.23414090967997,91.76827464048412,122.40016009032001,-90.80522235951588,33.207798,0.002086933,2.719473237598201,3.765677800571517,-148.6624326208889,4.5832356474470215,-20.211405671589162,123.65543299306405,1,1,1,1,1,1,2,0,1,0,1
1443000.0,101,-61.181626,-144.307675,-160.485161,3.893502,102,-61.181673,-144.310406,-176.153256,10.010466,147.740619,3,-1,1,7,-92.0459284812719,87.95646429069437,68.4392325187281,-95.89027970930562,15.668094999999994,0.0022344209999999995,-0.629046811935119,6.318073291339321,-147.64643884449816,-5.274428788127398,1.5287043660531952,147.44295674730316,1,0,1,1,1,2,2,1,0,0,1
1444000.0,101,-61.181659,-144.307664,179.252441,3.723359,102,-61.181655,-144.310414,-173.744757,5.383257,146.349132,3,-1,1,7,-89.82831435534321,90.17409506381804,90.91924464465677,-96.08114793618199,7.002802000000031,-0.0046272089999999984,0.635126693701708,1.6281650061227606,-146.34847497403527,0.4385315582623697,-29.850905305371207,136.50290993596673,1,1,1,1,0,0,2,1,1,1,1
1445000.0,101,-61.181731,-144.30766,178.596303,7.274814,102,-61.181773,-144.310401,-178.745158,8.390342,145.631349,3,-1,1,7,-91.82190805404352,88.18049348171068,89.58178894595648,-93.0743485182893,2.658538999999962,0.003007085,0.3619520520934465,1.115698917910949,-145.55772898035084,-4.630048125293512,-42.06390027674206,137.02529333027638,1,0,1,1,1,2,2,1,1,0,1
1446000.0,101,-61.181763,-144.307693,-163.714775,4.391729,102,-61.181844,-144.310393,179.876845,8.1856,146.968445,3,-1,1,7,-93.56248040120812,86.43988521370815,70.15229459879188,-93.43695978629185,16.408379999999994,-0.00020474199999999954,-1.2491197071765539,3.970058638928478,-146.68444791185794,-9.132172058796112,8.841884271797918,142.67062989437258,1,0,1,1,1,1,2,0,0,0,1
1447000.0,101,-61.181777,-144.307701,-161.954309,2.094883,102,-61.181863,-144.310403,-178.538509,5.837429,148.350925,3,-1,1,7,-93.77890718551946,86.22346018197874,68.17540181448054,-95.23803081802123,16.58420000000001,-0.0023481710000000005,-0.5000590603677786,3.843694786825127,-148.02838022434284,-9.77730006254337,2.4908079835173953,148.05292326992452,1,0,1,1,1,1,2,0,0,0,1
1448000.0,101,-61.181848,-144.307705,-177.207161,6.969005,102,-61.181988,-144.310391,179.32245,8.964083,146.852647,3,-1,1,7,-96.1726137592039,83.82973959207743,81.03454724079612,-95.49271040792257,3.470388999999983,0.0031266540000000004,-0.4455664186018343,2.002728770628214,-146.0012646591846,-15.790207371194949,7.9711378920855,145.94594219421168,1,0,1,1,0,0,2,1,0,1,1
1449000.0,101,-61.181874,-144.307681,167.206821,3.660597,102,-61.182038,-144.310377,177.723735,7.686546,145.349375,3,-1,1,7,-97.19373502953756,82.80862708394561,95.59944397046246,-94.9151079160544,10.516914000000043,-0.0012775370000000007,0.5052815730458249,4.110755484640425,-144.20524284026885,-18.20133924385015,-8.79502214568764,140.90961690744112,1,1,1,1,0,0,2,0,1,1,1
1450000.0,101,-61.181943,-144.307664,172.850607,7.069122,102,-61.182085,-144.31035,174.10653,6.7611,144.561585,3,-1,1,7,-96.26010122323903,83.74225213014327,90.88929177676096,-90.36427786985672,1.2559230000000525,-0.000925446,0.18557680941784138,-0.2887953082091457,-143.69958300195984,-15.763302407017557,-179.90760311545642,129.44073778557515,1,1,1,1,1,2,2,1,1,1,1
1451000.0,101,-61.181988,-144.307554,139.370881,6.951139,102,-61.182061,-144.310333,166.186466,3.14833,145.886225,3,-1,1,7,-93.12050053527928,86.88193430099412,127.50861846472071,-79.30453169900588,26.815585,-0.00361277,3.7745995251949394,-2.218226997774789,-145.6699132080247,-7.941475348899429,-23.718823106886077,82.575595220041,1,1,1,1,0,1,2,0,1,1,1
1452000.0,101,-61.182019,-144.307615,-164.156272,3.957017,102,-61.182167,-144.310318,173.148574,6.496721,147.61909,3,-1,1,7,-96.4816904010058,83.5206778488353,67.6745815989942,-89.62789615116469,22.695153999999945,0.003348391,-1.8553505060232176,2.6436372720993777,-146.67550589497617,-16.66408421968972,22.563400703622275,129.6511199598232,1,0,1,1,1,1,2,1,0,0,1
1453000.0,101,-61.182025,-144.307596,159.820877,1.249893,102,-61.1822,-144.310318,174.417074,5.406242,146.442155,3,-1,1,7,-97.59824925016795,82.40413564717454,102.58087374983205,-92.01293835282547,14.596196999999961,-0.001090479,-0.09479503134096828,4.207424101266827,-145.1563315288005,-19.363475363296264,-3.8883645873004875,145.5559201180933,1,1,1,1,0,0,2,1,1,0,1
1454000.0,101,-61.182094,-144.307614,-174.882553,6.67612,102,-61.182261,-144.310305,174.435592,5.931686,145.908754,3,-1,1,7,-97.33739732240068,82.66496041538389,77.54515567759933,-91.77063158461613,10.681854999999956,0.0005254440000000002,-1.1706576923546876,-0.7457737887570106,-144.71395031866186,-18.634298403760226,95.32356395785895,62.03784052264226,1,0,1,1,1,2,2,1,0,1,1
1455000.0,101,-61.182139,-144.307601,176.438033,5.258527,102,-61.182234,-144.31029,165.028611,2.537198,144.806303,3,-1,1,7,-94.19305981858578,85.8092961672347,89.36890718141422,-79.2193148327653,11.409422000000063,-0.0033944879999999998,-0.32874944528280214,-2.7972958356549538,-144.41870593170924,-10.5878593463601,10.331622586848718,142.20624081878861,1,0,1,1,0,0,2,0,0,0,1
1456000.0,101,-61.182192,-144.307607,-178.706891,5.764106,102,-61.182371,-144.310248,170.979781,7.526618,144.716525,3,-1,1,7,-98.00502808998134,81.9972858424163,80.70186291001868,-88.9824951575837,10.313327999999984,0.00498942,-1.3101248610322354,1.6708988222169046,-143.30638569764486,-20.15322372111891,33.313670471145784,125.22218341957678,1,0,1,1,1,2,2,1,0,1,1
1457000.0,101,-61.182234,-144.307638,-165.892466,5.030911,102,-61.182311,-144.310248,157.773403,2.086178,144.610052,3,-1,1,7,-93.50351382721665,86.49877294413483,72.38895217278336,-71.27463005586517,36.33413099999996,-0.00544044,-2.0153867102117666,-2.948013859237749,-144.3397834148016,-8.837084542476346,26.199067082410078,114.26988562441561,1,0,1,1,1,2,2,0,0,1,1
1458000.0,101,-61.182276,-144.307606,169.552737,4.780523,102,-61.182306,-144.310251,152.838019,1.076237,143.307747,3,-1,1,7,-91.34909376275769,88.65322367440822,99.0981692372423,-64.18479532559178,16.714717999999948,-0.0010099409999999997,0.37554385453850647,-3.743723541753169,-143.26802248427705,-3.3740307735256594,-3.299168193575928,142.89692193299936,1,1,1,1,0,0,2,1,1,0,1
1459000.0,101,-61.182343,-144.307572,167.409812,7.201043,102,-61.182344,-144.310254,173.212222,2.276115,143.018028,3,-1,1,7,-90.04549448240662,89.95685537377199,102.54469351759337,-83.25536662622801,5.802410000000009,0.0011998779999999997,1.300636416640183,-4.767726351903118,-143.01798291490812,-0.11356037966954985,-7.416610307093016,138.00870203799892,1,1,1,1,0,2,2,1,1,1,1
1460000.0,101,-61.18239,-144.307635,-160.278764,5.919959,102,-61.182356,-144.310259,177.014802,1.866859,142.747259,3,-1,1,7,-88.46134651821043,91.54095252140212,71.81741748178956,-85.47384947859788,22.706433999999973,-0.0004092559999999998,-2.0948779286839745,-3.708401286847659,-142.69578972330862,3.832955420348265,14.677118735081294,126.20220579912335,1,0,1,1,1,2,2,0,0,1,1
1461000.0,101,-61.18244,-144.307617,178.623017,5.530602,102,-61.182375,-144.310264,-179.01914,1.975304,142.353283,3,-1,1,7,-87.084812195491,92.91750699673882,94.292170804509,-88.06335300326117,2.3578430000000026,0.0001084449999999999,0.16671758347938995,-3.553990337638938,-142.1690651911451,7.23975714744784,-3.9041465842492116,141.67365443534908,1,1,1,1,0,2,2,1,1,0,1
1462000.0,101,-61.182506,-144.307642,-172.597872,7.106566,102,-61.182293,-144.310241,9.070469,2.41791,141.926581,3,-1,1,7,-80.35185539846974,99.65042173797421,92.24601660153026,90.57995273797421,178.331659,0.00044260600000000006,-1.2967375349660908,-9.435017066848143,-139.91910845830168,23.786497904978994,-999,9510.73170995356,1,1,1,1,1,2,2,0,1,0,0
1463000.0,101,-61.182532,-144.307723,-136.801571,4.951552,102,-61.182233,-144.310216,9.773422,4.116747,141.902138,3,-1,1,7,-76.02862903786503,103.97355522549469,60.772941962134965,94.2001332254947,146.57499299999998,0.0016988370000000001,-4.088299205409902,-7.666618616750677,-137.70417418372003,34.26043171576718,28.85709361739639,256.2572527989021,1,0,1,1,1,2,2,1,0,1,0
1464000.0,101,-61.18255,-144.30768,162.521433,2.331031,102,-61.182302,-144.310235,166.012235,0.581251,142.088799,3,-1,1,7,-78.61576240544808,101.38647618050823,118.8628045945519,-64.62575881949178,3.4908020000000306,-0.0035354960000000004,0.5596259593211226,-1.659390456524212,-139.2932749447458,28.04657477179435,-39.765643397082535,123.03525429990763,1,1,1,1,0,2,2,1,1,1,1
1465000.0,101,-61.18255,-144.307612,97.417461,2.84788,102,-61.18225,-144.310211,14.895241,1.990403,142.367715,3,-1,1,7,-76.53423369698699,103.46804343948871,-173.95169469698698,88.57280243948871,82.52222,0.0014091519999999999,2.312410440841002,-2.2911754057378504,-138.45391664435832,33.15236402065925,-114.86310257724469,262.8262578554681,0,1,2,1,1,2,2,0,1,0,0
1466000.0,101,-61.182624,-144.307655,-172.960769,7.080447,102,-61.182317,-144.310238,-175.517056,1.73313,142.829121,3,-1,1,7,-76.14978355872927,103.85247956059449,96.81098544127073,-80.6304644394055,2.5562869999999975,-0.00025727299999999987,-0.7322356682794139,-5.299250204305222,-138.6763423326577,34.19107899537781,-2.7667141402846216,142.0511222173805,1,1,1,1,0,2,2,1,1,1,1
1467000.0,101,-61.182687,-144.307702,-163.509258,7.244487,102,-61.182389,-144.310267,-171.99801,4.253576,142.023805,3,-1,1,7,-76.44984081037649,103.55240653964695,87.0594171896235,-84.44958346035304,8.488752000000005,0.0025204459999999995,-1.464293408247293,-2.73432954999869,-138.0705979094518,33.27568450993174,10.855495278460552,137.44255501103905,1,0,1,1,1,2,2,0,0,1,1
1468000.0,101,-61.182732,-144.307729,-163.112331,5.585002,102,-61.182408,-144.31026,-175.226297,3.380287,141.032301,3,-1,1,7,-75.1280895132119,104.87412804796755,87.98424148678811,-79.89957495203248,12.113965999999976,-0.0008732889999999997,-1.3411131299358012,-1.9755937517397935,-136.30800432199902,36.197208222575554,18.128640453976303,133.14921528981742,1,0,1,1,0,2,2,0,0,1,1
1469000.0,101,-61.182782,-144.307781,-156.193723,6.094464,102,-61.182481,-144.310278,-174.501863,5.269553,142.183881,3,-1,1,7,-75.96039453802506,104.04179323501839,80.23332846197495,-81.45634376498163,18.30813999999998,0.0018892660000000001,-1.9551094425582767,-0.33060984372738034,-137.93660207020426,34.49275033319738,63.088040236807636,57.24156333682664,1,0,1,1,1,1,2,0,0,1,1
1470000.0,101,-61.182845,-144.307714,164.260246,7.039265,102,-61.182567,-144.310315,-171.93698,7.029797,143.502639,3,-1,1,7,-77.49874702526641,102.50353187006422,118.24100697473358,-85.55948812993574,23.802773999999943,0.0017602440000000002,2.8955446078881852,0.18498414234844152,-140.1003742042173,31.062719581559424,-47.70932565561033,39.936112518179435,1,1,1,1,0,1,2,0,1,1,1
1471000.0,101,-61.182878,-144.307665,149.580564,4.788669,102,-61.182612,-144.310365,-165.980745,6.380443,145.771579,3,-1,1,7,-78.44972130496924,101.55264433117962,131.96971469503075,-92.46661066882035,44.438691000000006,-0.0006493540000000006,3.9702784636541804,2.0609272690498663,-142.81961359962253,29.18751814402446,-26.75404768078227,91.92537629887109,1,1,1,1,0,1,2,0,1,0,1
1472000.0,101,-61.182886,-144.307767,-113.736978,3.585289,102,-61.182682,-144.310428,-162.479527,7.166672,145.66661,3,-1,1,7,-80.9641880064017,99.03814346042317,32.772789993598295,-98.48232953957682,48.742549,0.0007862290000000005,-1.124482293879233,5.3909886864228636,-143.85894131179788,22.877199862325675,14.489621289215938,139.0108742796594,1,0,1,1,1,2,2,0,0,0,1
1473000.0,101,-61.182939,-144.307801,-156.92965,5.662777,102,-61.182779,-144.310475,-164.759485,8.680076,143.065587,3,-1,1,7,-82.92490954624057,97.07743331220232,74.00474045375944,-98.16308168779767,7.829835000000003,0.0015134039999999994,0.06272273117980376,3.1649121010783885,-141.97622557448756,17.621394816438094,5.0843133141690275,142.30335275740669,1,0,1,1,0,0,2,1,0,0,1
1474000.0,101,-61.182972,-144.307875,-138.229804,5.250701,102,-61.182871,-144.310471,-170.832015,9.205832,138.355614,3,-1,1,7,-85.38649110801038,94.61578341121943,52.843312891989626,-94.55220158878058,32.60221100000001,0.0005257559999999994,-2.0309647392602064,5.172140067504495,-137.907333769179,11.128486779129656,13.883355605824574,125.37258286836978,1,0,1,1,1,0,2,0,0,1,1
1475000.0,101,-61.183007,-144.307893,-156.898099,4.278812,102,-61.183015,-144.310391,177.916899,11.85606,130.689608,3,-1,1,7,-90.38176954339389,89.62041911385053,66.51632945660612,-88.29647988614947,25.18500199999994,0.002650228,-2.10982281908175,7.91253745895814,-130.68670687297225,-0.8707961251008646,4.176606507099707,126.50661323662564,1,0,1,1,0,0,2,1,0,0,1
1476000.0,101,-61.183055,-144.307837,161.27429,5.322622,102,-61.183239,-144.310281,172.435766,17.182335,129.538239,3,-1,1,7,-98.8784962216603,81.12364512541112,99.84721377833966,-91.31212087458889,11.161475999999993,0.005326274999999999,-0.5530776840772598,11.991936700892868,-127.98609378985552,-19.992877722714887,-1.1958951470149584,128.7716046300368,1,1,1,1,0,0,2,1,1,0,1
1477000.0,101,-61.183103,-144.307829,171.606698,5.398474,102,-61.183401,-144.31026,173.853922,17.57245,138.620873,3,-1,1,7,-104.26986835339243,75.73226160578331,84.12343364660757,-98.1216603942167,2.24722399999996,0.00039011500000000153,-1.093370345241682,12.130793309484556,-134.3437943458189,-34.16857257847399,-1.8078126628093139,136.86865975109276,1,0,1,1,1,1,2,1,1,0,1
1478000.0,101,-61.183178,-144.307751,157.701803,8.521307,102,-61.183583,-144.310296,178.118007,18.590034,149.767295,3,-1,1,7,-108.2718268591941,71.73040298558057,94.02637014080585,-106.38760401441944,20.416203999999993,0.0010175839999999993,2.6226977582763684,10.695908489920896,-142.21599164747607,-46.955876856278955,-7.642912441623955,127.02843567550028,1,1,1,1,0,1,2,0,1,1,1
1479000.0,101,-61.18322,-144.307786,-174.99425,5.206682,102,-61.183852,-144.310253,177.091681,23.062098,155.879644,3,-1,1,7,-117.99132603357283,62.01083547349862,57.00292396642716,-115.08084552650138,7.914069000000012,0.0044720639999999996,-1.6244362888694455,17.8455706018505,-137.64463369578087,-73.16022299255961,-3.372070119962343,143.71006508596497,1,0,1,1,1,1,2,1,1,0,1
1480000.0,101,-61.183209,-144.307748,83.263859,1.366938,102,-61.184117,-144.310201,176.227283,25.612455,164.847288,3,-1,1,7,-127.52386318846101,52.47828605480561,149.212277811539,-123.74899694519439,92.96342399999992,0.002550357000000002,-0.327765987472189,25.717288570884218,-130.7403392258261,-100.40713151998149,-4.0806806232643815,132.15574660147428,1,1,1,1,0,1,2,0,1,1,1
1481000.0,101,-61.183229,-144.307763,-173.042864,1.804065,102,-61.184274,-144.310216,177.720841,22.498086,166.920142,3,-1,1,7,-131.47235508433852,48.5297941606917,41.57050891566149,-129.1910468393083,9.236294999999927,-0.003114369,-1.1132320698767153,20.689506611851755,-125.06914687185326,-110.54430019701132,-5.00612442224688,130.8279272012638,1,0,1,1,1,1,2,1,1,1,1
1482000.0,101,-61.183293,-144.307858,-149.401944,7.304491,102,-61.184383,-144.310215,178.035407,18.638008,167.345344,3,-1,1,7,-133.81527664978415,46.18678848472961,15.586667350215833,-131.84861851527037,32.56264900000005,-0.0038600780000000016,-4.357021400814083,12.339644090098268,-120.75232667787432,-115.85913757817404,-5.6914834149152185,152.53462158755704,1,0,0,1,1,2,2,0,1,0,1
1483000.0,101,-61.183333,-144.307957,-134.339488,6.826127,102,-61.184539,-144.310017,168.282489,18.537515,165.481102,3,-1,1,7,-140.53574211009388,39.46606280336466,-6.196254110093889,-128.81642619663535,57.37802300000007,-0.00010049300000000016,-8.646842773765878,13.380370489492119,-105.17924956250235,-127.75492389964174,-3.505355455206201,157.7797434590497,0,0,0,1,1,0,2,0,1,0,1
1484000.0,101,-61.183424,-144.307968,-169.039579,9.392843,102,-61.184663,-144.309742,156.373656,18.047832,161.112745,3,-1,1,7,-145.39027979812502,34.611274531890054,23.64929920187498,-121.76238146810996,34.586765000000014,-0.0004896829999999994,-9.018904777806585,7.313530799658972,-91.50936172012388,-132.60223723229765,-1.0369109529975828,160.63207583552096,1,0,1,1,0,0,2,1,1,0,1
1485000.0,101,-61.183472,-144.30787,151.523233,6.857869,102,-61.184757,-144.309358,141.080623,18.300028,153.918299,3,-1,1,7,-150.83298201061783,29.168321735004834,57.6437849893822,-111.91230126499516,10.442610000000002,0.0002521960000000014,-8.226709199330422,8.209845146694079,-75.01317358837957,-134.40188449293794,-3.4547279407986804,148.13145635750104,1,0,1,1,0,0,2,1,1,1,1
1486000.0,101,-61.183519,-144.307899,-178.112021,5.393115,102,-61.184865,-144.308946,131.915101,20.024674,157.413367,3,-1,1,7,-159.44817476866322,20.55274258524926,18.663846231336777,-111.36235841475073,49.97287800000001,0.0017246459999999998,-15.078749699131333,7.986869684988363,-55.260667299621026,-147.39479895802728,-1.1261366470302876,156.12019771730058,1,0,0,1,1,1,2,0,1,0,1
1487000.0,101,-61.183534,-144.307837,133.127371,3.20015,102,-61.184996,-144.308504,127.917287,22.517941,164.920125,3,-1,1,7,-167.59847316068368,12.402111247580878,59.274155839316336,-115.51517575241913,5.210084000000052,0.0024932669999999995,-15.428790619119995,11.650103744489053,-35.41846931686676,-161.07197043950816,-3.5340660304843,149.8866889736236,1,0,1,1,0,1,2,1,1,1,1
1488000.0,101,-61.183579,-144.307892,-162.39392,4.822699,102,-61.185092,-144.308434,133.587232,18.338366,171.567691,3,-1,1,7,-170.20392001204942,9.796554874747391,-7.810000012049414,-123.79067712525261,64.01884800000002,-0.004179575,-14.74167327502545,8.046738975623771,-29.190883807580942,-169.0661553877765,-3.1820307898056135,162.39526236053197,0,0,0,1,1,1,2,0,1,0,1
1489000.0,101,-61.183618,-144.307929,-157.095606,4.760685,102,-61.185191,-144.308214,133.234485,17.595012,174.421569,3,-1,1,7,-175.00923048685195,4.991019223182564,-17.913624486851944,-128.24346577681743,69.66990899999999,-0.0007433540000000001,-14.671792918459115,7.667000698416469,-15.173848397081782,-173.76028906871713,-3.925473902386084,161.04152974745787,0,0,0,1,1,1,2,0,1,1,1
1490000.0,101,-61.183641,-144.308016,-126.578709,4.825067,102,-61.185238,-144.308184,135.607516,13.294652,172.241536,3,-1,1,7,-177.09742311495737,2.90272408258519,-50.51871411495736,-132.7047919174148,97.81377499999996,-0.004300360000000001,-13.175251385950055,6.62450042518158,-8.721942365348568,-172.02056401783722,-4.795210509665972,157.6102620707869,0,0,1,1,1,0,2,0,1,1,1
1491000.0,101,-61.183667,-144.30811,-120.957972,5.53116,102,-61.185248,-144.30822,137.763559,8.607554,169.352585,3,-1,1,7,-178.07934620069219,1.9207501786645682,-57.12137420069219,-135.8428088213354,101.27846900000003,-0.004687097999999999,-10.529143490213851,3.527557431249687,-5.6759289151369225,-169.2574426048454,-4.519039036911089,162.30294213657925,0,0,1,1,1,0,2,0,1,0,1
1492000.0,101,-61.183671,-144.30817,-103.014705,3.737141,102,-61.185244,-144.308178,129.362222,6.059399,168.001122,3,-1,1,7,-179.85955332804062,0.14045368136703795,-76.84484832804061,-129.22176831863297,127.62307300000003,-0.0025481550000000003,-8.325978381694538,3.001388986175713,-0.41181348856082617,-168.00061726943008,-6.791292565173819,158.22405491102157,0,0,1,1,1,0,2,0,1,1,1
1493000.0,101,-61.183696,-144.308282,-115.03808,5.921945,102,-61.185232,-144.308206,124.626764,3.329647,168.124824,3,-1,1,7,178.63387234677614,-1.3661942426028453,-66.32804765322385,-125.99295824260284,120.33515600000004,-0.002729752,-8.105310368509548,-0.6142893652106869,4.008291907545799,-168.07703603114518,1.0624401498050378,167.89932485665742,0,0,1,1,0,2,2,1,0,0,1
1494000.0,101,-61.183699,-144.308417,-96.039428,6.76528,102,-61.18522,-144.308286,142.610065,0.850189,168.823128,3,-1,1,7,177.62291793259197,-2.377196846460094,-86.33765406740804,-144.9872618464601,121.35050700000005,-0.0024794580000000004,-7.243996464883404,-0.036300894218626034,7.002109385665638,-168.67785572461952,-0.847168351974655,168.71082733857818,0,0,1,1,1,2,2,0,1,0,1
1495000.0,101,-61.183664,-144.308455,-46.619214,4.607285,102,-61.18521,-144.30826,90.572587,0.795985,169.615553,3,-1,1,7,176.52109601844103,-3.479074835845382,-136.85968998155897,-94.05166183584538,137.191801,-5.420399999999992e-05,-4.144543226193667,3.172439782305893,10.292445982093545,-169.30298690572914,-33.99080458414323,144.3281733516414,0,1,1,1,1,2,2,0,1,1,1
1496000.0,101,-61.183691,-144.308536,-115.709288,4.532678,102,-61.185207,-144.308454,-87.182473,2.736795,170.490842,3,-1,1,7,178.50662852847174,-1.4934433179503455,-65.78408347152828,85.68902968204965,28.526815,0.0019408099999999998,-1.3504866773743776,-2.100827051468032,4.443212661884039,-170.43293422079617,214.87938866069797,407.14368997737773,0,0,1,1,0,2,2,1,0,0,0
1497000.0,101,-61.183684,-144.308626,-86.229913,4.644998,102,-61.18521,-144.308532,-90.594689,3.192127,171.420646,3,-1,1,7,178.2994191642432,-1.700663196289977,-95.47066783575679,88.89402580371002,4.364776000000006,0.0004553320000000003,-1.4429908528259605,0.3385537508936768,5.087143736513911,-171.34514537523776,-31.46198862832448,165.67286658634112,0,1,1,1,1,2,2,1,1,1,1
1498000.0,101,-61.183681,-144.308727,-85.851213,5.224724,102,-61.185214,-144.308516,-95.108029,1.936678,171.510677,3,-1,1,7,176.20461491975388,-3.79556995334916,-97.94417208024612,91.31245904665084,9.256815999999958,-0.0012554490000000003,-3.282046154331609,0.5504216563459434,11.352897438767739,-171.13452031879234,-12.389095303554436,166.90870215550552,0,1,1,1,1,2,2,0,1,0,1
1499000.0,101,-61.183676,-144.308813,-83.718991,4.807049,102,-61.185224,-144.308629,-99.347741,3.276318,171.498522,3,-1,1,7,176.7211337049791,-3.279027511382209,-99.5598752950209,96.06871348861779,15.628749999999968,0.00133964,-1.5453827425363875,1.0580738729243304,9.808992067773678,-171.21777572086035,-92.37973035459895,151.9039955331271,0,1,1,1,1,2,2,0,1,1,1
1500000.0,101,-61.183702,-144.309038,-103.266909,10.306793,102,-61.185209,-144.308445,72.348342,0.926004,171.336478,3,-1,1,7,169.2609752905365,-10.739544281797436,-87.47211570946354,-83.08788628179744,175.615251,-0.002350314,-10.91412649544303,-2.6460730474753995,31.92612643852301,-168.33570965209944,0.8690890697099578,171.12239956136847,0,0,1,1,0,2,2,0,0,0,1
1501000.0,101,-61.183738,-144.309114,-123.22468,6.906903,102,-61.185222,-144.30852,-119.372439,0.740973,171.000858,3,-1,1,7,169.0805560215429,-10.91996442708165,-67.6947639784571,108.45247457291835,3.8522410000000207,-0.00018503100000000005,-5.132099529695256,-3.421019344439645,32.392465274433675,-167.90479930657364,11.126305413593808,157.6957469532984,0,0,1,1,0,2,2,1,0,1,1
1502000.0,101,-61.183721,-144.309185,-76.815823,4.468693,102,-61.185222,-144.308538,-105.820979,0.784833,170.354215,3,-1,1,7,168.26346228292454,-11.737104602991813,-114.92071471707547,94.08387439700817,29.00515599999997,4.386000000000001e-05,-3.5958047286749064,1.2331994323406628,34.652041814190305,-166.79266940238662,-28.251069785604095,147.95871839047533,0,1,1,1,1,2,2,0,1,1,1
1503000.0,101,-61.183729,-144.309279,-97.243962,4.912286,102,-61.185226,-144.308701,-95.896949,3.295145,170.10673,3,-1,1,7,169.45813937781347,-10.54236705196406,-93.29789862218655,85.35458194803594,1.347013000000004,0.0025103120000000002,-1.5953692824680314,-0.28087011715572857,31.121680894850844,-167.23558404111242,-1.0336542971372207,170.09869123833317,0,1,1,1,0,2,2,1,1,0,1
1504000.0,101,-61.183694,-144.309339,-48.906465,4.880734,102,-61.185225,-144.308814,-92.270592,4.147806,171.393988,3,-1,1,7,170.61516337612323,-9.385296616278554,-140.47837162387677,82.88529538372144,43.36412699999994,0.0008526609999999999,0.4662449226647407,3.372390343408536,27.948336550875023,-169.0999397001169,-4664.759433966487,15717.426389501165,0,1,1,1,1,1,2,0,1,0,0
1505000.0,101,-61.183676,-144.309439,-65.956923,5.394113,102,-61.185211,-144.308829,-81.242345,3.140116,171.090151,3,-1,1,7,169.15712827376464,-10.843406193502673,-124.88594872623537,70.39893880649733,15.285421999999983,-0.00100769,-1.8226105780013002,1.719587936975795,32.184839538774426,-168.03563869925375,-88.85701694491445,130.65852616020445,0,1,1,1,0,2,2,1,1,1,1
1506000.0,101,-61.183667,-144.309568,-79.458637,6.455383,102,-61.185211,-144.308951,-85.914169,4.205261,172.209478,3,-1,1,7,169.0980763757554,-10.902464224731974,-111.44328662424459,75.01170477526803,6.455532000000005,0.0010651450000000002,-2.151863044344882,0.8813539196293689,32.569704890125465,-169.10150394482784,-45.92042651416321,144.6854518660405,0,1,1,1,0,1,2,1,1,0,1
1507000.0,101,-61.183697,-144.309607,-128.92621,4.23592,102,-61.185208,-144.309073,-86.283032,4.930587,171.130135,3,-1,1,7,170.33326762846488,-9.66720024946089,-60.74052237153512,76.61583175053912,42.643178000000006,0.0007253259999999999,1.624856776825626,-2.981148301433937,28.735662735108942,-168.70028094906152,198.1003256707481,513.7191807885771,0,0,1,1,0,0,2,0,0,0,0
1508000.0,101,-61.183711,-144.30968,-113.817908,4.12859,102,-61.185196,-144.309339,-84.933786,7.905613,168.0803,3,-1,1,7,173.68438592912716,-6.315912846862877,-72.49770607087282,78.61787315313713,28.88412199999999,0.0029750259999999995,4.097755816358758,-2.365374147590909,18.489703356325492,-167.06022302716192,26.78678430153216,138.14805442125385,0,0,1,1,1,0,2,1,0,1,1
1509000.0,101,-61.183697,-144.309756,-75.653032,4.102015,102,-61.185187,-144.309498,-84.018432,8.119867,169.503687,3,-1,1,7,175.22932377412707,-4.7709022792285865,-109.11764422587294,79.24752972077141,8.365400000000022,0.0002142539999999995,4.101572977207175,0.17029240629604725,14.09725398240858,-168.91645075820603,1.7345045498266358,169.35585129779898,0,1,1,1,1,1,2,1,0,0,1
1510000.0,101,-61.183675,-144.309819,-57.88599,4.212198,102,-61.185179,-144.309724,-84.857119,9.408725,168.939321,3,-1,1,7,178.2562123755764,-1.74387086111673,-123.8577976244236,83.11324813888326,26.97112900000002,0.0012888580000000012,5.80315005598273,1.3958329679479575,5.1408467153926445,-168.86108454877896,-6.233470003706294,165.4031047397316,0,1,1,1,1,2,2,0,1,1,1
1511000.0,101,-61.183667,-144.309997,-82.117776,7.944617,102,-61.185178,-144.309833,-86.029647,8.285691,170.702716,3,-1,1,7,177.00542205006502,-2.9947216427483494,-100.87680194993499,83.03492535725165,3.911871000000019,-0.0011230340000000006,0.39624871863112254,0.5157991778388067,8.917757927454172,-170.4696185345764,-582.706143313127,272.8264035653516,0,1,1,1,0,1,2,1,1,0,0
1512000.0,101,-61.183669,-144.310104,-90.49454,6.371883,102,-61.185177,-144.310022,-87.470525,8.870229,169.757603,3,-1,1,7,178.49870832131109,-1.5013635250929889,-91.00675167868894,85.96916147490701,3.02401500000002,0.0005845380000000002,2.4899406443686845,-0.4464700011920597,4.4475617092554405,-169.69933108633035,13.896523575252852,166.25239808652685,0,1,1,1,0,2,2,1,0,1,1
1513000.0,101,-61.183673,-144.310199,-93.730685,5.47227,102,-61.185159,-144.310168,-83.264088,8.604477,166.530766,3,-1,1,7,179.42392307796956,-0.5761040834732001,-86.84539192203044,82.6879839165268,10.466596999999979,-0.0002657520000000009,3.08440931861204,-1.3653095342308497,1.6743452233173484,-166.5223486281043,23.216654970840715,151.8834279131945,0,0,1,1,0,0,2,0,0,1,1
1514000.0,101,-61.183624,-144.310298,-49.580699,7.047582,102,-61.185135,-144.310317,-78.86386,8.533947,165.50242,3,-1,1,7,-179.65275469803038,0.3472619493000411,-130.07205569803037,79.21112194930005,29.283161000000007,-7.052999999999976e-05,3.0077969271580853,2.921231729058767,-1.0030334953381408,-165.49938051141953,-59.267280772116756,177.42522348645898,0,1,1,1,1,0,2,0,1,0,1
1515000.0,101,-61.183604,-144.310359,-56.1473,4.632106,102,-61.185116,-144.310402,-75.930624,7.402702,166.785888,3,-1,1,7,-179.2146879039358,0.7853497715971511,-123.06738790393581,76.71597377159715,19.783323999999993,-0.001131245,3.3337999968436254,0.7807880087466135,-2.2859427945993565,-166.77022186676004,-13.017433441502284,161.91267891908262,0,1,1,1,0,1,2,1,1,1,1
1516000.0,101,-61.183639,-144.310366,-154.676783,3.172174,102,-61.185096,-144.310622,-77.300058,8.870278,166.600479,3,-1,1,7,-175.15940840694267,4.840815893911676,-20.482625406942674,82.14087389391169,77.37672499999996,0.001467576000000001,7.29644907233275,-4.817445784136581,-14.058380594047506,-166.00626957468307,11.761680515381897,148.09363039387983,0,0,0,1,0,2,2,0,0,1,1
1517000.0,101,-61.183615,-144.310411,-50.197777,2.764475,102,-61.185087,-144.310793,-79.679724,8.959797,168.15845,3,-1,1,7,-172.8705012542558,7.129833444616065,-122.6727242542558,86.80955744461606,29.48194699999999,8.951899999999924e-05,6.691010792144434,0.16449859100294728,-20.870542532625134,-166.85827747162077,-3.747567493875538,166.29496768844444,0,1,1,1,1,1,2,1,1,0,1
1518000.0,101,-61.183614,-144.31054,-85.614489,5.619962,102,-61.185085,-144.310875,-81.655029,7.508225,167.706251,3,-1,1,7,-173.73602331951614,6.2642701991368765,-88.12153431951613,87.91929919913687,3.9594599999999787,-0.0014515719999999997,1.8252218351414422,-0.6599489053079108,-18.298321850771433,-166.7050030500602,21.814320894642755,163.01902088943862,0,0,1,1,0,2,2,1,0,1,1
1519000.0,101,-61.183606,-144.310687,-84.060634,7.282247,102,-61.185057,-144.311122,-78.818066,9.465225,164.671783,3,-1,1,7,-171.77795674240352,8.222424393672947,-87.71732274240352,87.04049039367295,5.242568000000006,0.001957,2.042384904090624,-1.0820067452548825,-23.549665117498574,-162.9791685745536,27.702824349805656,155.27697801792252,0,0,1,1,2,0,2,0,0,1,1
1520000.0,101,-61.183593,-144.310778,-76.426136,5.725482,102,-61.185027,-144.311351,-76.595714,10.531374,164.095969,3,-1,1,7,-169.09880731452654,10.90169473358295,-92.67267131452654,87.49740873358294,0.16957800000000134,0.0010661489999999993,4.678925229932543,-1.097626894163801,-31.033154186537526,-161.13482051773772,1.3698383158711855,163.96364962734557,0,1,1,1,1,2,2,1,0,0,1
1521000.0,101,-61.1836,-144.310923,-93.528049,7.16871,102,-61.185021,-144.311369,-76.490088,7.49416,164.382897,3,-1,1,7,-171.3977077017055,8.602683072226815,-77.86965870170552,85.09277107222681,17.037960999999996,-0.0030372139999999995,0.13166919106563846,-2.191879628613829,-24.587555650118443,-162.53365477114252,1918.7324298555839,4052.5900714825957,0,0,1,1,0,2,2,0,0,0,0
1522000.0,101,-61.183567,-144.311031,-64.10731,6.895692,102,-61.185022,-144.311255,-71.004547,3.201715,164.652641,3,-1,1,7,-175.7563074462915,4.243888816813682,-111.64899744629149,75.24843581681368,6.897237000000018,-0.004292445,-3.1760938976929847,1.9691229679058537,-12.184082498075005,-164.2012190026462,-22.85271763195428,146.26800158739786,0,1,1,1,1,2,2,1,1,1,1
1523000.0,101,-61.18354,-144.311074,-48.073078,4.575488,102,-61.185022,-144.31131,-78.142965,3.064552,164.884886,3,-1,1,7,-175.61098350889452,4.389223268285954,-127.53790550889451,82.53218826828596,30.069886999999994,-0.00013716300000000015,-0.40498769484967845,2.427585105501299,-12.618292963806836,-164.40135131413166,-429.33749435783477,897.4432163618835,0,1,1,1,1,2,2,0,1,0,0
1524000.0,101,-61.183574,-144.311139,-128.301043,4.407953,102,-61.185025,-144.311288,-81.030178,1.699957,165.048918,3,-1,1,7,-177.16652971601783,2.83360083400108,-48.86548671601784,83.86377883400108,47.270865000000015,-0.001364595,-1.780040081019767,-2.9970672876356343,-8.158901235283052,-164.847134229272,267.23324948746017,789.4080886296529,0,0,1,1,0,2,2,0,0,1,0
1525000.0,101,-61.183567,-144.311211,-85.827021,3.796731,102,-61.185026,-144.31117,79.471403,0.887127,165.161842,3,-1,1,7,179.22401009909467,-0.7760258240649864,-94.94896890090536,-80.24742882406498,165.298424,-0.00081283,-4.658856686945641,0.11417855613150388,2.236814026771687,-165.14669453501818,-1.3451106318979615,165.04231798024892,0,1,1,1,1,2,2,0,1,1,1
1526000.0,101,-61.183553,-144.311343,-78.008048,6.272602,102,-61.185018,-144.311026,82.552552,3.075639,165.217703,3,-1,1,7,174.04600485982107,-5.954272887484135,-107.94594714017893,-88.50682488748414,160.56060000000002,0.0021885119999999997,-9.185407134741705,0.9046310329725453,17.138014480664385,-164.32643683916703,-3.6116441271313717,161.85562209283358,0,1,1,1,1,2,2,1,1,1,1
1527000.0,101,-61.183543,-144.311414,-75.255338,4.629347,102,-61.185022,-144.311132,69.502819,0.302942,165.189259,3,-1,1,7,174.74930481820354,-5.2509422630101605,-109.99535718179646,-74.75376126301016,144.75815699999998,-0.002772697,-4.760663571459656,1.0721451134595266,15.117080451287068,-164.4960946879846,-10.224368287071549,157.15863093560094,0,1,1,1,1,2,2,1,1,1,1
1528000.0,101,-61.183538,-144.311485,-80.600877,4.082055,102,-61.185021,-144.311177,-81.265137,0.579572,165.520839,3,-1,1,7,174.2836440645414,-5.716625797196977,-105.11547893545861,75.54851120280301,0.664260000000013,0.00027663,-3.4544020995376945,0.5786288008408293,16.48650440415809,-164.69773318353714,-12.438040277185339,159.7111192632167,0,1,1,1,0,2,2,1,1,0,1
1529000.0,101,-61.183525,-144.311599,-76.737111,5.679847,102,-61.185022,-144.311268,-89.346434,1.953292,166.01365,3,-1,1,7,173.91691211410932,-6.083377899621152,-109.34597688589068,83.26305610037885,12.60932299999996,0.0013737200000000001,-3.575187345632524,1.28078633743001,17.592560440509967,-165.07887146291466,-21.37104657745654,149.74048927740273,0,1,1,1,1,2,2,0,1,1,1
1530000.0,101,-61.183502,-144.311742,-71.96314,7.454161,102,-61.185019,-144.311285,-84.874299,1.630033,166.547779,3,-1,1,7,171.7384779222966,-8.2619224893726,-116.29838207770342,76.6123765106274,12.911158999999998,-0.00032325899999999995,-5.4643303979389595,2.162393809608314,23.93152286891528,-164.8194312058121,-15.723376923084134,144.76179827835492,0,1,1,1,1,2,2,0,1,1,1
1531000.0,101,-61.18352,-144.311759,-115.528707,2.944588,102,-61.185025,-144.311403,-92.703931,3.108841,167.179419,3,-1,1,7,173.49576470175418,-6.504547216335124,-70.97552829824582,86.19938378366487,22.824775999999986,0.0014788079999999999,0.4482734259461729,-1.1223497408234973,18.937525902461296,-166.1033661605663,1013.8509118304745,1064.9314225232552,0,0,1,1,0,2,2,0,0,0,0
1532000.0,101,-61.183546,-144.311828,-127.595434,4.283938,102,-61.18503,-144.311465,-95.751849,3.188805,167.614353,3,-1,1,7,173.27602009427105,-6.724297957093209,-59.12854590572897,89.0275510429068,31.84358500000002,7.996399999999993e-05,-0.2215777253684439,-2.2939709813325333,19.625360661765235,-166.46145665139497,1254.7247684087263,2728.1261817372347,0,0,1,1,0,2,2,0,0,0,0
1533000.0,101,-61.183546,-144.311987,-93.775589,7.124266,102,-61.18501,-144.311334,3.736892,0.644201,166.58649,3,-1,1,7,167.8670733542089,-12.133498787723093,-98.35733764579106,-15.870390787723093,97.51248099999998,-0.002544604,-7.150789288796975,-1.1119555541128876,35.01322162403206,-162.86538294562942,-1.5764106959203297,166.32136561224985,0,1,1,0,1,0,2,0,1,1,1
1534000.0,101,-61.183546,-144.312055,-90.985228,4.638979,102,-61.185009,-144.311392,-65.399084,1.047101,166.061086,3,-1,1,7,167.67873859434292,-12.321842309320571,-101.33603340565708,53.07724169067943,25.58614399999999,0.00040290000000000004,-3.6862381100689467,-0.5156687593288375,35.4362625587688,-162.2361105899836,-3.664303452364705,165.58414425564283,0,1,1,1,1,2,2,1,1,1,1
1535000.0,101,-61.183533,-144.312097,-67.097562,3.170284,102,-61.185017,-144.31151,-91.291544,2.66612,166.439668,3,-1,1,7,169.20612719830027,-10.794387116112812,-123.69631080169972,80.49715688388719,24.193982000000005,0.0016190189999999998,-0.25492419362345364,1.2938514741393894,31.170199858180595,-163.49489816123105,-4364.947658011984,5589.733069645262,0,1,1,1,1,2,2,1,1,0,0
1536000.0,101,-61.183549,-144.312164,-110.437219,3.629912,102,-61.185015,-144.311518,-88.330184,1.950124,166.628128,3,-1,1,7,168.00924881663045,-11.991317192088996,-81.55353218336955,76.338866807911,22.107034999999968,-0.0007159959999999999,-1.4521326214115169,-1.3243216261703945,34.61762565783448,-162.99249379832932,81.01564827775083,162.13183050092258,0,0,1,1,0,2,2,1,0,1,1
1537000.0,101,-61.183567,-144.312385,-101.592055,9.719201,102,-61.185002,-144.311466,-37.920119,0.728829,166.781028,3,-1,1,7,162.84611199832665,-17.154693206060408,-95.56183300167334,20.765425793939592,63.67193600000002,-0.001221295,-9.073048866727094,-2.5279466330460676,49.19025303598896,-159.36194748744808,-0.6747334074031857,166.7263261332352,0,1,1,0,1,2,2,0,1,0,1
1538000.0,101,-61.183606,-144.312469,-123.616679,7.121315,102,-61.18503,-144.311674,-102.007796,3.93823,166.907873,3,-1,1,7,164.93935541954346,-15.061341139412454,-71.4439655804565,86.94645486058755,21.60888300000002,0.0032094009999999997,-2.0782882927603388,-3.1232738526774053,43.36955566411176,-161.17481103100957,64.6971149253891,182.46983808497245,0,0,1,1,0,2,2,1,0,0,1
1539000.0,101,-61.183587,-144.312497,-67.195821,2.966144,102,-61.185037,-144.311727,-102.58939,3.611712,166.99351,3,-1,1,7,165.64340873580434,-14.357265918780195,-127.16077026419566,88.2321240812198,35.39356899999996,-0.0003265180000000001,0.7905811045679867,1.9368443084494895,41.40704154510544,-161.7785192558085,-312.63308854236084,529.3202446004087,0,1,1,1,1,2,2,0,1,0,0
1540000.0,101,-61.183592,-144.31252,-99.555206,1.679574,102,-61.185026,-144.311678,-91.973223,1.586127,167.018847,3,-1,1,7,164.19824003536382,-15.802497703743528,-96.24655396463618,76.17072529625648,7.58198299999998,-0.0020255849999999995,-0.07108531397902396,-0.22419145028860796,45.480869412900184,-160.70714287378806,5679.4957507965355,1199.8498459697976,0,1,1,1,0,2,2,1,0,0,0
1541000.0,101,-61.183575,-144.312716,-79.128605,8.207256,102,-61.185038,-144.311752,-102.505445,2.393132,166.959928,3,-1,1,7,162.3808194973411,-17.62002513509723,-118.49057550265891,84.88541986490276,23.376840000000016,0.000807005,-5.723604366363773,2.0661215552371477,50.536928086032816,-159.1277362919247,-20.49274337079044,134.5196859966485,0,1,1,1,1,2,2,0,1,1,1
1542000.0,101,-61.183584,-144.312829,-95.21212,6.6538,102,-61.185034,-144.311745,-95.911545,1.491657,167.262185,3,-1,1,7,160.1847707991931,-19.81617897422123,-104.6031092008069,76.09536602577877,0.6994249999999624,-0.000901475,-5.142563403531218,-0.45082258211973786,56.699872581828544,-157.35870798967125,-8.268184384494887,161.70912059924282,0,1,1,1,0,2,2,1,1,0,1
1543000.0,101,-61.183614,-144.312903,-121.112651,5.518824,102,-61.185036,-144.311771,-98.194827,1.464886,167.727861,3,-1,1,7,159.0088590786199,-20.992132751279655,-79.8784899213801,77.20269424872035,22.917823999999968,-2.67710000000001e-05,-3.2750295904070885,-2.642895658928866,60.084077344370584,-156.59674008519784,17.71742337999753,161.24373845683147,0,0,1,1,0,2,2,0,0,1,1
1544000.0,101,-61.183663,-144.312939,-151.939787,5.788154,102,-61.185039,-144.311795,-100.388382,1.423759,168.237693,3,-1,1,7,158.16320500745593,-21.837797336796136,-49.897007992544104,78.55058466320386,51.55140500000002,-4.112699999999991e-05,-1.322322227088339,-4.851046294328365,62.57836973817398,-156.16615826380132,121.23445387447894,486.06436837127666,0,0,1,1,0,2,2,0,0,0,0
1545000.0,101,-61.183658,-144.313039,-93.816909,4.620362,102,-61.184998,-144.311651,43.447589,2.147887,168.899605,3,-1,1,7,153.46954180047825,-26.531674330194868,-112.71354919952176,-69.97926333019487,137.264498,0.0007241279999999999,-6.0871954529581656,-1.8669439370886136,75.44297660730676,-151.11397635488714,-5.255206143682009,166.6886676431877,0,1,1,1,1,2,2,0,1,1,1
1546000.0,101,-61.18368,-144.313121,-115.216924,4.947914,102,-61.18503,-144.311761,-112.562844,0.931891,169.125406,3,-1,1,7,154.10108979614137,-25.900101802039813,-90.68198620385863,86.66274219796018,2.6540800000000218,-0.0012159959999999998,-3.6158206121748506,-1.7504782846244022,73.87138603891079,-152.13947968675012,-0.05001574611539993,169.12529207242935,0,1,1,1,0,2,2,1,1,0,1
1547000.0,101,-61.183679,-144.313166,-94.275098,3.028635,102,-61.185028,-144.311762,-101.009023,0.605358,168.20481,3,-1,1,7,153.36024581517682,-26.64098433467211,-112.36465618482316,74.36803866532789,6.733924999999999,-0.00032653300000000005,-2.4259905360892047,-0.11016923780250557,75.41956863144016,-150.34875049225911,-28.03096547251348,153.61604758542603,0,1,1,1,1,2,2,0,1,1,1
1548000.0,101,-61.183679,-144.313282,-91.21718,5.30955,102,-61.185045,-144.311871,-109.947086,2.417316,167.686361,3,-1,1,7,153.5332329243174,-26.46800335885577,-115.2495870756826,83.47908264114423,18.729906000000028,0.0018119580000000002,-3.03605536705628,0.7118860704775176,74.73423178526701,-150.1116593236125,-39.195659769318965,129.97872838055378,0,1,1,1,1,2,2,0,1,1,1
1549000.0,101,-61.183701,-144.3134,-108.171975,6.38003,102,-61.185017,-144.311817,-43.047352,0.93051,168.02464,3,-1,1,7,149.89625508021388,-30.105131904989364,-101.93176991978612,12.942220095010633,65.12462300000001,-0.001486806,-5.426655650548044,-2.6697486084483035,84.27566223012505,-145.36124794044483,-3.68066459468717,167.982034073651,0,1,1,0,0,2,2,0,1,0,1
1550000.0,101,-61.183724,-144.313492,-115.563819,5.849277,102,-61.18503,-144.311876,-94.152833,1.441695,168.327396,3,-1,1,7,149.18880443690483,-30.812611462358866,-95.24737656309514,63.340221537641135,21.41098600000001,0.000511185,-3.8387534628994513,-2.4196541786185812,86.21909255585119,-144.5696383165787,1.2144874247774138,168.28171083759545,0,1,1,1,0,2,2,1,0,0,1
1551000.0,101,-61.183781,-144.313596,-135.864593,7.912701,102,-61.185054,-144.311965,-113.419183,2.703436,168.586169,3,-1,1,7,148.30370884645558,-31.697720195947802,-75.83169815354438,81.72146280405221,22.44541000000001,0.001261741,-3.029329039572211,-4.604420183970706,88.57796761324794,-143.44071957294054,20.95822767196169,159.14729011328205,0,0,1,1,0,2,2,0,0,1,1
1552000.0,101,-61.18382,-144.313617,-152.795176,5.137538,102,-61.185077,-144.312049,-117.817345,3.534325,168.780465,3,-1,1,7,148.98458463858103,-31.016789205203207,-58.220239361418976,86.8005557947968,34.97783100000001,0.000830889,0.7771548259906029,-2.919904347280064,86.96728675382033,-144.64970238578098,175.70481455706565,371.7132816664592,0,0,1,1,0,2,2,0,0,0,0
1553000.0,101,-61.183816,-144.313705,-94.998455,4.076053,102,-61.185096,-144.31212,-118.801294,3.82446,168.810835,3,-1,1,7,149.1702136572001,-30.831175081600023,-115.8313313427999,87.97011891839998,23.80283899999995,0.00029013500000000023,-0.7091937319038597,1.48738141320678,86.51375390814874,-144.9567811387846,-858.3440737468248,1246.403206776819,0,1,1,1,1,2,2,1,1,0,0
1554000.0,101,-61.18382,-144.313774,-97.401045,3.844979,102,-61.185077,-144.312082,-101.263718,1.665448,168.793669,3,-1,1,7,147.02561800736996,-32.975864482171374,-115.57333699263006,68.28785351782862,3.8626729999999725,-0.002159012,-2.1795767166820985,-0.16998204322671612,91.86831668754846,-141.60337242974782,-36.52643047879885,148.31946190820557,0,1,1,1,2,2,2,1,1,1,1
1555000.0,101,-61.18385,-144.313886,-117.854922,6.131244,102,-61.185112,-144.312187,-119.952792,3.362807,168.69281,3,-1,1,7,147.0214949334145,-32.97999368983316,-95.12358306658552,86.97279831016684,2.0978700000000003,0.001697359,-2.507177577703871,-1.1857244539848346,91.82360638956469,-141.51215303043904,-7.87690446957165,167.18582846474584,0,1,1,1,0,2,2,1,1,0,1
1556000.0,101,-61.183899,-144.313973,-135.751398,6.984013,102,-61.185091,-144.312147,-97.686617,1.319144,168.955173,3,-1,1,7,143.56043184991574,-36.441168047994616,-80.68817015008426,61.24544895200538,38.06478099999998,-0.002043663,-3.565964787423187,-4.826339268489215,100.35508134799322,-135.92169852932824,18.209301030431227,172.12781583329223,0,0,1,1,0,2,2,0,0,0,1
1557000.0,101,-61.183912,-144.314007,-127.702224,3.380489,102,-61.185067,-144.312098,-3.649055,0.921066,169.384346,3,-1,1,7,141.4585648506678,-38.543107769802596,-90.83921114933219,-34.8940527698026,124.05316900000003,-0.00039807800000000006,-2.6160209791816316,-2.986562887091396,105.54007286872482,-132.48528102665583,-999,3999.9032751660993,0,1,1,1,1,2,2,0,1,0,0
1558000.0,101,-61.183898,-144.314131,-80.217297,5.634099,102,-61.185124,-144.312241,-126.59805,3.092863,169.980106,3,-1,1,7,143.38714988342153,-36.61450608994282,-136.39555311657847,89.98354391005718,46.38075299999997,0.0021717969999999996,-3.069107684368466,2.8012584168407146,101.37697038816681,-136.44026645638004,-133.9713531741537,391.17987900225796,0,1,1,1,1,2,2,1,1,1,0
1559000.0,101,-61.183902,-144.31418,-93.505859,3.461224,102,-61.185166,-144.312346,-129.698384,4.519112,170.482074,3,-1,1,7,145.03404055890985,-34.96756634898837,-121.46010044109016,94.73081765101163,36.19252500000002,0.0014262489999999999,0.02233768367539657,2.6749092913229897,97.70151393975266,-139.70881049247322,-205.49075126355197,422.52934501624804,0,1,1,1,0,2,2,1,1,0,0
1560000.0,101,-61.183929,-144.314235,-128.999976,4.01113,102,-61.185149,-144.312306,-122.449942,2.028342,170.836614,3,-1,1,7,142.68991038872568,-37.31177975608933,-88.31011361127435,85.13816224391067,6.550034000000011,-0.00249077,-1.405596741770434,-1.4359522350884983,103.54893568802825,-135.8777634525296,14.147962621627789,169.08823905984835,0,0,1,1,0,2,2,1,0,1,1
1561000.0,101,-61.184018,-144.314369,-145.310933,10.633345,102,-61.185216,-144.312471,-131.438721,5.283343,169.910953,3,-1,1,7,142.63480773812316,-37.366855246454016,-72.05425926187684,94.07186575354598,13.872212000000019,0.0032550010000000004,-2.090945386067883,-5.246681238328822,103.11778722190495,-135.04241521768688,21.478401643556047,149.706013357689,0,0,1,1,0,2,2,0,0,1,1
1562000.0,101,-61.184024,-144.314469,-109.482049,5.878013,102,-61.185163,-144.312396,-88.788793,1.44065,169.393916,3,-1,1,7,138.74273112223716,-41.25908519289327,-111.77521987776282,47.52970780710673,20.69325600000002,-0.0038426930000000008,-4.101145294771833,-1.9908374128201596,111.70532598451341,-127.34291862725877,-12.301143952549134,163.72376584778945,0,1,1,1,1,2,2,0,1,0,1
1563000.0,101,-61.184016,-144.314482,-78.322703,2.129486,102,-61.185151,-144.312383,-55.887538,0.933745,169.675983,3,-1,1,7,138.28832224608732,-41.71351684948034,-143.3889747539127,14.174021150519657,22.435164999999984,-0.000506905,-1.3123288952788505,-0.09265560606927198,112.89943265788328,-126.663559528952,-82.18019039540268,134.37301784401438,0,1,1,0,1,2,2,0,1,1,1
1564000.0,101,-61.184073,-144.314566,-143.662436,6.484398,102,-61.185185,-144.312453,-122.765731,2.034206,169.917646,3,-1,1,7,137.51543828062293,-42.48641308231869,-78.82212571937703,80.27931791768131,20.896704999999997,0.001100461,-2.131730063518744,-4.122518609510178,114.7609379848372,-125.30735626858329,18.789353553983595,162.04022199912498,0,0,1,1,0,2,2,1,0,0,1
1565000.0,101,-61.184065,-144.314676,-91.627724,5.327426,102,-61.185185,-144.312453,-119.947984,1.351853,170.113317,3,-1,1,7,136.26981600615582,-43.73213173619713,-132.10245999384418,76.21585226380287,28.32026000000002,-0.0006823530000000002,-4.153924118836011,0.5235361153917728,117.59307273598951,-122.92440711775171,-34.09142538454067,107.78681804601155,0,1,1,1,1,2,2,0,1,1,1
1566000.0,101,-61.184129,-144.314791,-135.240835,8.447891,102,-61.185205,-144.312485,-133.093555,1.840066,170.2523,3,-1,1,7,134.07217225039406,-45.929848215377895,-90.6869927496059,87.16370678462212,2.147279999999995,0.000488213,-4.6047110691363695,-4.741499516422207,122.32018388839195,-118.42135900588194,-0.04117231815347679,170.252093239477,0,1,1,1,0,2,2,1,1,0,1
1567000.0,101,-61.184174,-144.314809,-155.26109,5.633935,102,-61.185191,-144.312462,-112.653043,0.580556,170.347091,3,-1,1,7,131.95735753696536,-48.04469885247691,-72.78155246303464,64.60834414752308,42.608047,-0.0012595100000000001,-1.8219429291573,-4.893275007316407,126.67735722954117,-113.89020404539407,25.42160123892878,173.31270718465956,0,0,1,1,0,2,2,0,0,0,1
1568000.0,101,-61.18418,-144.31485,-122.64236,2.66818,102,-61.185156,-144.312409,21.548123,1.419694,170.378727,3,-1,1,7,129.67867446261533,-50.323464287346596,-107.67896553738467,-71.8715872873466,144.19048299999997,0.000839138,-2.768180066210251,-2.759669651714047,131.12981519083795,-108.78364850544962,-14.082772314483616,174.0421922899757,0,1,1,1,1,2,2,0,1,0,1
1569000.0,101,-61.184202,-144.314879,-142.229006,2.896258,102,-61.185187,-144.312457,-135.528589,0.633992,170.323437,3,-1,1,7,130.15786104792605,-49.84426105499758,-87.61313295207395,85.68432794500242,6.700416999999987,-0.000785702,-1.3298330018231699,-1.8369743948229444,130.17318390397088,-109.84086390681725,6.0554227814307255,169.85724091486523,0,0,1,1,0,2,2,1,0,1,1
1570000.0,101,-61.18424,-144.315007,-125.833999,6.680797,102,-61.185174,-144.312443,-14.004843,0.282552,170.62727,3,-1,1,7,127.08223204505393,-52.920014475532035,-107.08376895494607,-38.915171475532034,111.82915600000001,-0.00035143999999999996,-5.3478541101469625,-4.185351350537892,136.12147943519818,-102.88152460002631,-113.64305491532433,746.3998908180029,0,1,1,1,1,2,2,0,1,0,0
1571000.0,101,-61.184233,-144.315005,-90.992552,1.465695,102,-61.185136,-144.3124,21.373626,1.878471,171.092702,3,-1,1,7,125.72446744153716,-54.277815001759954,-143.28298055846284,-75.65144100175996,112.36617799999999,0.001595919,-2.1500803958362154,-1.7746660724655192,138.89891693532877,-99.89896672064955,-22.87586095325473,166.69648560424076,0,1,1,1,1,2,2,0,1,1,1
1572000.0,101,-61.184314,-144.315094,-153.031689,8.477131,102,-61.185167,-144.312443,-126.091059,0.336153,171.600916,3,-1,1,7,123.72748015550657,-56.274842593319015,-83.24083084449342,69.81621640668098,26.94063,-0.001542318,-3.57271973072487,-7.357288674536312,142.71840759659312,-95.28027343123951,3.9775971323760926,170.24950342833063,0,0,1,1,0,2,2,1,0,0,1
1573000.0,101,-61.184349,-144.315231,-124.97543,7.793662,102,-61.185255,-144.312563,-149.828287,4.396721,172.119485,3,-1,1,7,125.16753276667724,-54.83480487860863,-109.85703723332276,94.99348212139137,24.852856999999972,0.004060568,-4.176348502387214,-0.6664561507045845,140.7027578038582,-99.1355186754679,-26.885500631489162,120.45413254058542,0,1,1,1,1,2,2,1,1,1,1
1574000.0,101,-61.184355,-144.315264,-112.083039,3.315524,102,-61.185202,-144.312513,-106.055896,0.689798,172.391557,3,-1,1,7,122.57123087800385,-57.43117948956444,-125.34573012199616,48.62471651043556,6.027142999999967,-0.003706923,-2.409406443089284,-1.0556902676940785,145.27829839976735,-92.80659965192348,-38.35416468456573,143.39801406678882,0,1,1,1,1,2,2,1,1,0,1
1575000.0,101,-61.184415,-144.315258,-173.731988,5.835396,102,-61.18525,-144.312583,-141.824247,2.645706,171.471879,3,-1,1,7,122.92957508686384,-57.07276869226078,-63.33843691313615,84.75147830773923,31.907740999999987,0.001955908,0.9981419246194639,-3.720673876944598,143.92309983018188,-93.21344657860334,47.49979461935543,127.63112678746195,0,0,1,1,0,2,2,0,0,1,1
1576000.0,101,-61.184406,-144.315285,-95.556769,1.204767,102,-61.18527,-144.312638,-136.476318,2.973519,170.96103,3,-1,1,7,124.10755787537708,-55.89476137085945,-140.33567312462293,80.58155662914055,40.91954899999996,0.00032781299999999993,0.8486212567712812,2.039408336256515,141.5534032626678,-95.86609308518543,-22.599368818527974,168.2629103478875,0,1,1,1,1,2,2,0,1,0,1
1577000.0,101,-61.184483,-144.315373,-152.682694,8.148113,102,-61.185291,-144.312684,-135.652305,3.116394,171.293808,3,-1,1,7,121.94180068565109,-58.06055536126829,-85.37550531434891,77.59174963873173,17.030388999999985,0.0001428750000000001,-1.5609221149698214,-5.010856564610096,145.35751613071835,-90.62428572655801,11.101602610141029,166.40769003526324,0,0,1,1,0,2,2,1,0,1,1
1578000.0,101,-61.184524,-144.315434,-145.784138,6.073991,102,-61.185271,-144.312678,-111.41457,1.512433,171.575381,3,-1,1,7,119.35251578663666,-60.649898964545336,-94.86334621336334,50.76467103545466,34.369568000000015,-0.001603961,-2.0074608613719223,-4.470524842420374,149.5485938528,-84.10308818316621,6.602937392389359,171.71057642509848,0,1,1,1,1,2,2,0,0,0,1
1579000.0,101,-61.184551,-144.315454,-152.437523,3.750748,102,-61.185286,-144.312701,-126.188527,1.674575,171.807482,3,-1,1,7,118.98421701497855,-61.0181951080269,-88.57825998502142,65.17033189197309,26.248996000000005,0.00016214200000000002,-0.3840158863734542,-2.3363207370242964,150.28914845396605,-83.252523854608,45.42324308586458,169.28445663907115,0,0,1,1,0,2,2,1,0,1,1
1580000.0,101,-61.184587,-144.315486,-155.780072,4.233908,102,-61.185313,-144.312732,-140.307126,2.261882,171.988774,3,-1,1,7,118.6772487441865,-61.32516425586948,-85.54267925581348,78.98196174413053,15.472945999999979,0.000587307,-0.2923185146517606,-2.120758087806516,150.89207782578697,-82.53314020101091,39.63129901226468,162.48410576507354,0,0,1,1,0,2,2,1,0,1,1
1581000.0,101,-61.184642,-144.315485,-175.370502,5.810624,102,-61.18533,-144.31275,-143.755065,2.196865,172.123465,3,-1,1,7,117.56189444790856,-62.440501905491494,-67.06760355209144,81.31456309450851,31.615436999999986,-6.50170000000001e-05,0.8298832280377351,-4.019901835275151,152.5894322238358,-79.64265425771329,36.017704836819824,138.9204790786171,0,0,1,1,0,2,2,0,0,1,1
1582000.0,101,-61.184663,-144.315612,-119.969184,5.814786,102,-61.185302,-144.312731,-84.124177,0.562724,172.311781,3,-1,1,7,114.71209522591877,-65.29042904985813,-125.31872077408121,18.83374795014187,35.84500699999995,-0.0016341409999999998,-4.477547872834451,-2.9622917757034086,156.53145860358404,-72.03646534100919,-26.41373381542568,155.07613984018656,0,1,1,0,1,2,2,0,1,0,1
1583000.0,101,-61.184719,-144.315731,-133.469665,8.256859,102,-61.185392,-144.31281,-155.166261,4.106926,172.62382,3,-1,1,7,115.55034146045102,-64.45221786411305,-110.97999353954899,90.71404313588694,21.696596,0.0035442019999999993,-4.267468521061118,-1.953314977495015,155.7423632767151,-74.4533378189057,-20.306555111449754,133.4006149849318,0,1,1,1,0,2,2,1,1,1,1
1584000.0,101,-61.184754,-144.315756,-147.65379,4.970994,102,-61.185313,-144.312759,-18.253772,1.023151,173.100915,3,-1,1,7,111.15698552048616,-68.84564039343478,-101.18922447951388,-50.59186839343478,129.40001799999996,-0.0030837749999999995,-2.3391724423733953,-5.171312329755022,161.4330523312196,-62.47636664261882,-999,5663.109203936488,0,1,1,1,0,2,2,0,1,0,0
1585000.0,101,-61.184779,-144.315709,160.86831,3.208848,102,-61.185271,-144.312729,7.102126,2.338811,173.821173,3,-1,1,7,108.90993554287,-71.0926754757705,-51.958374457130006,-78.1948014757705,153.76618400000007,0.0013156600000000002,0.7625028217868333,-5.35248234152482,164.4399008476744,-56.33222161696572,-999,5482.263424737873,0,0,1,1,0,2,2,0,1,1,0
1586000.0,101,-61.184801,-144.315741,-159.826941,2.715391,102,-61.185349,-144.31278,-159.464788,1.909971,174.559843,3,-1,1,7,111.00721125269855,-68.9953831198032,-89.16584774730143,90.4694048801968,0.3621530000000064,-0.0004288400000000001,-0.26643596531064595,-0.7602107971226493,162.95777799971756,-62.577163387128834,6.4466385363125145,174.4836608818242,0,0,1,1,1,2,2,1,0,1,1
1587000.0,101,-61.18485,-144.315875,-132.353677,7.356429,102,-61.185297,-144.312752,1.020297,1.074249,175.280657,3,-1,1,7,106.54092675716352,-73.46180955663954,-121.10539624283649,-74.48210655663954,133.37397400000003,-0.0008357220000000001,-5.455531705048964,-6.030142665473113,168.0269503022717,-49.90243170898149,-999,8049.45350084876,0,1,1,1,1,2,2,0,1,0,0
1588000.0,101,-61.184905,-144.315899,-157.537781,6.406125,102,-61.185351,-144.312784,-161.499424,1.651629,175.941607,3,-1,1,7,106.54603709691602,-73.4566922088841,-95.91618190308395,88.0427317911159,3.9616430000000094,0.00057738,-1.9235293845162218,-4.353829439532417,168.65607958997055,-50.10564729732541,-4.554712109117665,174.5206392878842,0,1,1,1,0,2,2,1,1,1,1
1589000.0,101,-61.184919,-144.315931,-139.708137,2.990344,102,-61.185368,-144.3128,-159.513565,1.839378,176.446963,3,-1,1,7,106.5707898045588,-73.43195352037243,-113.72107319544119,86.08161147962757,19.805428000000006,0.00018774899999999994,-1.2900441936367129,-0.5578686419112453,169.11878500218685,-50.322632197724616,-83.90248932982468,114.63228737692322,0,1,1,1,1,2,2,0,1,1,1
1590000.0,101,-61.184919,-144.316021,-95.953801,4.033943,102,-61.185482,-144.312887,-161.913009,6.114598,176.795902,3,-1,1,7,110.44270352685342,-69.56004242817428,-153.60349547314658,92.3529665718257,65.95920799999999,0.00427522,-2.113841522825605,5.394025882973226,165.66163774367965,-61.74959711670561,-45.13891957903301,194.83453870902724,0,1,1,1,1,2,2,0,1,0,1
1591000.0,101,-61.184992,-144.316071,-155.707559,7.47202,102,-61.185437,-144.312884,-144.697617,2.162407,176.895849,3,-1,1,7,106.15772051668691,-73.84507187643895,-98.13472048331312,70.85254512356106,11.009941999999995,-0.003952191,-1.8243082765198344,-5.045659448805762,169.90833847626436,-49.227003866434835,-2.4445072353463173,176.5306841208899,0,1,1,1,0,2,2,1,1,1,1
1592000.0,101,-61.185043,-144.316104,-160.254583,6.275405,102,-61.185483,-144.31293,-151.508592,3.435376,176.808954,3,-1,1,7,106.04763191714531,-73.95514908673042,-93.6977850828547,77.55344291326958,8.745991000000004,0.0012729690000000003,-0.48132482298984436,-2.8871172752243566,169.9191010741189,-48.8764289278327,7.975901785105753,175.67029255617865,0,1,1,1,0,2,2,1,0,1,1
1593000.0,101,-61.185074,-144.316159,-144.470564,4.723771,102,-61.185574,-144.31301,-156.417514,6.172613,176.605387,3,-1,1,7,108.23508268047287,-71.76767642055503,-107.29435331952715,84.64983757944498,11.946950000000015,0.002737237,-0.27561265452653183,1.8128221386115295,167.73637540765188,-55.26274588294592,-58.96322034093759,160.04115710805024,0,1,1,1,1,2,2,0,1,1,1
1594000.0,101,-61.185112,-144.316237,-137.851773,5.621721,102,-61.185771,-144.313193,-157.880709,12.640916,176.22665,3,-1,1,7,114.1897324437695,-65.81293466105393,-107.9584945562305,92.06777433894607,20.028935999999987,0.006468303000000001,0.9873013921941864,7.542561398936579,160.7528153757923,-72.2105568388649,-7.715582471013642,168.95273677234417,0,1,1,1,1,2,2,0,1,0,1
1595000.0,101,-61.185119,-144.316297,-111.959583,3.652556,102,-61.185847,-144.313283,-155.525184,11.564565,175.790282,3,-1,1,7,116.61880921723512,-63.38383160305423,-131.42160778276488,92.14135239694576,43.56560099999999,-0.0010763510000000008,1.40356574297616,9.159530902371625,157.15777728240852,-78.76329275298488,-7.373261417158822,167.88249850700146,0,1,1,1,1,2,2,0,1,1,1
1596000.0,101,-61.185159,-144.316318,-155.791358,4.334157,102,-61.186007,-144.313474,-153.844008,14.729315,175.301785,3,-1,1,7,121.74410467823023,-58.258387193154284,-82.46453732176974,95.58562080684572,1.9473500000000001,0.0031647499999999996,4.715658813534879,9.267988414687913,149.07775360299993,-92.23090157246355,-1.3962801392524948,174.69297307567737,0,0,1,1,0,2,2,1,1,0,1
1597000.0,101,-61.185267,-144.31636,-168.781265,10.914794,102,-61.186167,-144.31374,-149.177328,17.395667,170.221175,3,-1,1,7,125.47940254312525,-54.52289306572999,-65.73933245687476,94.65443493427,19.603937000000002,0.002666352,6.789710258598802,4.232424875944648,138.61522635065964,-98.79811456771841,7.5083811394920374,157.25862016545594,0,0,1,1,0,0,2,0,0,1,1
1598000.0,101,-61.185286,-144.316435,-134.713108,4.909857,102,-61.186208,-144.313888,-142.036236,14.016096,167.468299,3,-1,1,7,126.91023369078063,-53.09199795703025,-98.37665830921935,88.94423804296974,7.323127999999997,-0.0033795710000000005,5.133049867213371,7.595923841455324,133.90386771906782,-100.5752722085692,-0.947390266652913,167.25990443950613,0,1,1,1,1,0,2,1,1,0,1
1599000.0,101,-61.185325,-144.316474,-149.595959,4.885226,102,-61.186247,-144.314008,-137.104087,11.663303,169.768014,3,-1,1,7,127.80328922515608,-52.19887145227551,-82.60075177484396,84.90521554772448,12.491872,-0.0023527929999999984,5.466457811578133,4.331036263003589,134.1370735840408,-104.05971395220062,5.4987006861748355,164.87670547014923,0,0,1,1,0,1,2,0,0,1,1
1600000.0,101,-61.185325,-144.316623,-96.248717,6.518553,102,-61.18629,-144.314133,-133.371832,10.377041,168.67306,3,-1,1,7,128.80367476644633,-51.19850694006844,-134.94760823355367,82.17332505993157,37.12311500000001,-0.0012862620000000007,1.0633746736280711,6.416718317155628,131.4465403573582,-105.6996130449161,-29.69479693218896,183.77976109147366,0,1,1,1,1,0,2,0,1,0,1
1601000.0,101,-61.185346,-144.316602,-154.585729,2.348951,102,-61.186306,-144.31425,-125.579038,8.800143,165.193622,3,-1,1,7,130.26108165828614,-49.740979134559154,-75.15318934171387,75.83805886544084,29.00669099999999,-0.001576898,6.149200594624542,2.9985078738401003,126.06048987658507,-106.75994399377643,9.273979330248117,151.24187248301203,0,0,1,1,0,0,2,1,0,1,1
1602000.0,101,-61.185364,-144.316705,-114.491366,4.669387,102,-61.186391,-144.314456,-128.713281,10.765773,166.91012,3,-1,1,7,133.45561959490473,-46.54635095181138,-112.05301440509527,82.16693004818862,14.221914999999996,0.001965629999999999,4.151123029668285,4.797444941430166,121.16128154986609,-114.79952966632085,-1.345274499254629,166.74305834971784,0,1,1,1,1,1,2,1,1,0,1
1603000.0,101,-61.185385,-144.316736,-133.216143,3.317147,102,-61.186505,-144.31474,-130.486173,13.895569,166.175835,3,-1,1,7,139.34037497860854,-40.66137389360148,-87.44348202139145,89.82479910639853,2.7299699999999802,0.0031297960000000007,8.150994874828982,6.750475397450177,108.27419219807472,-126.05993591066752,0.27994014053229205,166.1490473778436,0,0,1,1,0,2,2,1,0,1,1
1604000.0,101,-61.185401,-144.31687,-108.372281,6.157298,102,-61.186591,-144.314941,-130.868184,14.079224,168.695739,3,-1,1,7,142.00126145294414,-38.00042871544128,-109.62645754705585,92.86775528455874,22.495903000000027,0.0001836549999999999,4.803495548524848,7.271613393040309,103.85654078510589,-132.9363430101331,-7.698193313569732,160.48980441829195,0,1,1,1,1,1,2,0,1,1,1
1605000.0,101,-61.185443,-144.316939,-134.400798,6.028658,102,-61.186663,-144.315132,-129.74327,13.705414,167.82243,3,-1,1,7,144.47910911358014,-35.52247416062085,-81.12009288641985,94.22079583937915,4.657528000000013,-0.0003738100000000006,6.231072247475987,4.54444748601076,97.50479081947951,-136.59130198645317,-0.21548165017526041,167.81374442455353,0,0,1,1,0,2,2,1,1,0,1
1606000.0,101,-61.185448,-144.317036,-103.039803,5.101306,102,-61.186716,-144.315354,-125.027876,13.39503,163.638524,3,-1,1,7,147.40882335810562,-32.59265039284258,-109.55137364189437,92.43522560715743,21.988072999999986,-0.0003103839999999991,5.999065412000655,6.537414221984761,88.1424253686637,-137.87124205949593,-5.551370028576476,158.32694554812102,0,1,1,1,1,0,2,0,1,1,1
1607000.0,101,-61.185488,-144.317089,-138.716318,5.239479,102,-61.186722,-144.315485,-117.40399,10.965031,161.708718,3,-1,1,7,147.9344677013784,-32.06693770718494,-73.34921429862163,85.33705229281506,21.312328000000008,-0.0024299990000000004,6.277628103997301,1.1095654629508016,85.84935955954363,-137.03866950762372,9.138984774781692,149.90883285943502,0,0,1,1,0,0,2,1,0,1,1
1608000.0,101,-61.185474,-144.317284,-85.077774,8.520659,102,-61.186749,-144.315643,-114.68141,10.272427,163.025959,3,-1,1,7,148.1886183642858,-31.812819463309722,-126.73360763571421,82.86859053669028,29.603636000000023,-0.0006926039999999993,0.8447406274718468,5.020582413549322,85.93499566864146,-138.53750332419108,-142.02763277431157,610.3091817280689,0,1,1,1,1,1,2,0,1,0,0
1609000.0,101,-61.185479,-144.317313,-95.838899,3.554948,102,-61.186784,-144.3158,-114.368957,9.942072,163.0246,3,-1,1,7,150.80486620267925,-29.196459472813718,-113.35623479732075,85.17249752718628,18.530058000000025,-0.0003303550000000008,5.519801970147142,3.7405569042988294,79.52103912213711,-142.31452681330722,-2.3160006190020557,162.42810899467088,0,1,1,1,0,2,2,1,1,1,1
1610000.0,101,-61.185517,-144.317399,-130.331094,5.647445,102,-61.186773,-144.315841,-107.135712,7.214631,161.015344,3,-1,1,7,149.12749743083188,-30.873867673414072,-80.54140856916808,76.26184432658593,23.195381999999995,-0.0027274409999999997,2.5892258156390975,-1.5293565508191578,82.62170521838753,-138.20128375034804,70.90557089447528,105.26369039452247,0,0,1,1,0,0,2,0,0,1,1
1611000.0,101,-61.185537,-144.317458,-125.033334,4.2848,102,-61.186797,-144.31598,-108.031244,7.440969,160.596404,3,-1,1,7,150.51887622552985,-29.482418783831307,-84.44778977447015,78.5488252161687,17.00208999999998,0.00022633800000000016,3.5670548751874582,-0.15645733955282104,79.03539918557567,-139.80204094829205,24.16640966168771,136.20974074819517,0,0,1,1,1,2,2,1,0,0,1
1612000.0,101,-61.18555,-144.317485,-128.56428,2.592375,102,-61.186788,-144.316002,-101.66531,5.320475,161.892321,3,-1,1,7,150.0008317677444,-30.000467622536583,-81.43488823225562,71.66484237746343,26.89897000000002,-0.0021204939999999997,3.1835807329920875,-0.5402963258051905,80.94412515449068,-140.20403775120457,33.896372772706435,124.83756655773774,0,0,1,1,0,1,2,0,0,1,1
1613000.0,101,-61.185571,-144.317616,-110.813338,6.027882,102,-61.186784,-144.316023,-97.212372,3.935757,161.999782,3,-1,1,7,147.66886525993735,-32.3325305113917,-101.51779674006264,64.87984148860829,13.600965999999971,-0.0013847179999999998,-1.729904639696675,-1.6477303012957463,86.63936081334296,-136.88517277595443,22.091667713312056,160.2686102043005,0,1,1,1,1,2,2,1,0,0,1
1614000.0,101,-61.185576,-144.31769,-100.765449,4.497206,102,-61.186863,-144.31627,-117.850726,7.798775,164.014256,3,-1,1,7,151.99786488092604,-28.00337931003403,-107.23668611907397,89.84734668996596,17.08527700000002,0.0038630179999999997,2.477369627160469,2.8033223533700196,77.00542557738348,-144.81312303406617,-20.570038571013207,154.82227326175942,0,1,1,1,1,1,2,0,1,1,1
1615000.0,101,-61.185598,-144.317834,-107.872226,7.171762,102,-61.186942,-144.316498,-123.04951,10.260792,164.877723,3,-1,1,7,154.40174560443197,-25.599424987019514,-97.72602839556805,97.45008501298048,15.177283999999986,0.0024620170000000004,1.7749157044053003,3.394881781306232,71.2367842358343,-148.69426388869854,-42.65859544960742,147.00323370231487,0,1,1,1,0,2,2,1,1,1,1
1616000.0,101,-61.185655,-144.317789,-178.031444,5.721581,102,-61.186986,-144.316641,-122.619913,9.8709,162.102003,3,-1,1,7,157.42796851630519,-22.57303735161294,-24.54058748369482,100.04687564838706,55.411531,-0.0003898919999999997,8.117372384387473,-0.3971619486265707,62.22198151054296,-149.6846164223754,8.68459448536662,146.46931635270437,0,0,1,1,0,0,2,0,0,1,1
1617000.0,101,-61.185661,-144.317867,-115.734399,3.370457,102,-61.187003,-144.316678,-122.749967,7.498213,162.302904,3,-1,1,7,156.8773289459082,-23.123712846009497,-87.38827205409177,99.6262541539905,7.015568000000002,-0.002372687000000001,3.2701287169188156,2.592885781826549,63.736520011495124,-149.26449230697,-10.834909177447727,156.5780026845802,0,0,1,1,1,2,2,1,1,0,1
1618000.0,101,-61.185698,-144.317941,-134.355278,5.215264,102,-61.187028,-144.316761,-121.864102,6.743706,162.59005,3,-1,1,7,156.84869434292125,-23.152339563672868,-68.79602765707875,98.71176243632713,12.491175999999996,-0.0007545069999999994,1.9984364250328115,-0.08597447541011372,63.924004178929046,-149.49664226575376,35.827580714439044,146.6174119465952,0,0,1,1,0,2,2,0,0,1,1
1619000.0,101,-61.185707,-144.318069,-103.513789,6.179734,102,-61.187034,-144.316781,-120.141148,4.906184,162.905215,3,-1,1,7,154.93049148960745,-25.070637045794903,-101.55571951039258,95.0705109542051,16.627359000000013,-0.0018375220000000007,-1.7658161879517094,1.019475296200317,69.02578064844651,-147.55863471877467,-110.42225790855214,130.7281129001212,0,1,1,1,1,2,2,0,1,1,1
1620000.0,101,-61.185726,-144.318145,-114.306302,5.049249,102,-61.187001,-144.31668,-96.645521,1.17616,163.195024,3,-1,1,7,151.0236574383029,-28.977626182975268,-94.67004056169708,67.66789481702473,17.660780999999986,-0.0037300239999999993,-3.4334159721519644,-1.9422319250316127,79.05957614475217,-142.76623998051048,0.46139416002199013,163.18865986246144,0,1,1,1,0,2,2,0,0,0,1
1621000.0,101,-61.185774,-144.318289,-124.81633,8.365572,102,-61.18701,-144.316697,-113.080848,1.185624,163.429779,3,-1,1,7,148.1695448638736,-31.8318500342431,-87.01412513612638,81.2489979657569,11.73548199999999,9.463999999999917e-06,-5.7773039353755244,-4.31150336807169,86.19408708782912,-138.8519787942706,2.2123616095243634,162.8438292329526,0,0,1,1,0,2,2,1,0,1,1
1622000.0,101,-61.185751,-144.318348,-72.321315,4.449473,102,-61.187011,-144.316696,-114.634882,0.791359,163.568954,3,-1,1,7,147.71169929490168,-32.28974817445039,-139.96698570509832,82.34513382554962,42.31356699999998,-0.000394265,-3.5200130179745526,1.6810754270369488,87.37522184478917,-138.27643805156393,-54.9513825507519,115.56057828776751,0,1,1,1,1,2,2,0,1,1,1
1623000.0,101,-61.185808,-144.318381,-154.248381,5.651738,102,-61.186977,-144.316611,38.001925,1.561779,163.628592,3,-1,1,7,143.88084944659133,-36.120701413669615,-61.87076955340865,-74.12262641366962,167.74969399999998,0.00077042,-3.4170831223945783,-6.321107423630628,96.45355495998693,-132.17801577979316,-999,7250.327424605496,0,0,1,1,0,2,2,0,1,0,0
1624000.0,101,-61.185848,-144.318497,-131.171326,6.881541,102,-61.187,-144.316665,-124.848456,0.334904,163.484872,3,-1,1,7,142.5323578549822,-37.46924732958077,-86.29631614501784,87.37920867041923,6.322869999999995,-0.001226875,-4.905197450016988,-4.338839946365155,99.4500194971726,-129.75745448670133,1.8657653649986727,163.08303855154267,0,0,1,1,1,2,2,1,0,1,1
1625000.0,101,-61.185846,-144.318587,-97.027719,4.980232,102,-61.187026,-144.316737,-131.303758,1.877475,163.84769,3,-1,1,7,142.92549604902547,-37.076124907291735,-120.04678495097454,94.22763309270826,34.276039,0.0015425710000000002,-3.5324175467093006,0.629900192341319,98.77607328822008,-130.72625162566345,-38.547074405521904,112.82072622060079,0,1,1,1,1,2,2,0,1,1,1
1626000.0,101,-61.185864,-144.318683,-108.820859,5.353754,102,-61.18703,-144.316758,-125.083573,1.622398,164.380605,3,-1,1,7,141.49191961316237,-38.50976705783554,-109.68722138683762,86.57380594216446,16.262714000000017,-0.000255077,-3.7398669316673727,-0.7946694637345566,102.34747438049423,-128.6311695822599,-17.879564946258817,147.1800837073612,0,1,1,1,0,2,2,1,1,0,1
1627000.0,101,-61.185926,-144.318767,-142.470459,7.677435,102,-61.187034,-144.316777,-120.718021,1.42556,164.965708,3,-1,1,7,139.12092087291578,-40.88082275114206,-78.40862012708419,79.83719824885793,21.752438000000012,-0.00019683800000000007,-3.4513240544269626,-5.360313114149096,107.96424565614363,-124.72933286056306,10.195263356596662,159.38464372598668,0,0,1,1,0,2,2,0,0,0,1
1628000.0,101,-61.185934,-144.318843,-112.175342,4.592519,102,-61.18706,-144.316838,-129.834652,2.452994,165.663818,3,-1,1,7,139.3647742125141,-40.63698255466171,-108.4598837874859,89.1976694453383,17.659310000000005,0.001027434,-2.3691797481230505,-0.16208614153833212,107.88705372958125,-125.71747782980523,-40.311993906494536,132.82973721676157,0,1,1,1,1,2,2,1,1,1,1
1629000.0,101,-61.185958,-144.31886,-143.476649,3.177949,102,-61.18707,-144.31686,-130.665108,2.174011,166.070407,3,-1,1,7,139.08100553234402,-40.920746854294975,-77.44234546765597,89.74436114570503,12.811541000000005,-0.00027898299999999974,-0.24230204856661897,-1.137180368726024,108.7746809482955,-125.4888396063258,144.9525097643928,149.17985010888316,0,0,1,1,0,2,2,1,0,0,1
1630000.0,101,-61.185981,-144.318896,-142.880997,3.180118,102,-61.1871,-144.316931,-132.408277,3.162912,165.0355,3,-1,1,7,139.7584071612934,-40.243314558924396,-77.36059583870656,92.1649624410756,10.47272000000001,0.0009889009999999997,0.41624742105448465,-0.40267814140741676,106.61491038413288,-125.97609751073146,534.4999317201338,146.26076875915092,0,0,1,1,2,0,2,1,0,1,1
1631000.0,101,-61.18601,-144.318968,-133.508615,4.557544,102,-61.187076,-144.31691,-104.643369,1.279191,164.506075,3,-1,1,7,137.06388221610348,-42.937920990204915,-89.42750278389656,61.70544800979509,28.865245999999985,-0.0018837209999999999,-2.0678134261741623,-2.81432155376677,112.0586610552791,-120.43714208832633,16.226963942779037,163.68746043993607,0,0,1,1,1,2,2,0,0,0,1
1632000.0,101,-61.186006,-144.319025,-91.311914,3.123936,102,-61.187093,-144.316956,-118.845006,1.876785,164.894334,3,-1,1,7,137.46877631197182,-42.53303653260035,-131.21930968802818,76.31196946739965,27.53309200000001,0.000597594,-1.4791886088078972,0.8339164630305732,111.46723267318762,-121.51212871760994,-157.87222884755178,122.47605567476568,0,1,1,1,1,2,2,1,1,1,1
1633000.0,101,-61.186059,-144.319086,-146.71293,5.917089,102,-61.187071,-144.316926,-58.049433,0.718185,165.153447,3,-1,1,7,134.1907855782851,-45.81110700016146,-79.09628442171493,12.238325999838537,88.66349699999998,-0.0011585999999999999,-2.638117179870665,-5.326333988290217,118.41877343246658,-115.12017700964482,-999,5990.58246735002,0,0,1,0,0,2,2,0,1,0,0
1634000.0,101,-61.186088,-144.319201,-123.399932,6.430901,102,-61.187068,-144.316926,-48.816996,0.534976,165.37641,3,-1,1,7,131.790966365359,-48.211026975473,-104.809101634641,0.6059690245270062,74.58293599999999,-0.00018320899999999996,-4.9661997300190395,-3.8923444040075834,123.30152243555376,-110.20930790801079,-19.196720159056657,187.03229820645308,0,1,1,0,1,2,2,1,1,1,1
1635000.0,101,-61.186141,-144.31927,-142.916663,6.891279,102,-61.187107,-144.316991,-135.491688,1.975559,165.53267,3,-1,1,7,131.33181187755324,-48.67018496903563,-85.75152512244676,86.82150303096438,7.424974999999989,0.0014405830000000003,-2.7703838776140355,-4.08871461658737,124.2980797043986,-109.32086817770828,4.663108839752567,164.23865852258362,0,0,1,1,0,2,2,1,0,1,1
1636000.0,101,-61.186134,-144.319305,-95.759135,2.54172,102,-61.18714,-144.317051,-139.066277,3.009497,165.628561,3,-1,1,7,132.8022430423746,-47.19973189957133,-131.4386219576254,91.86654510042868,43.307142,0.001033938,-0.5571117166730157,2.0185253982433844,121.52221595809344,-112.53964300443297,-288.0387010712765,470.48861935427215,0,1,1,1,1,2,2,0,1,0,0
1637000.0,101,-61.186167,-144.319382,-130.446662,4.867281,102,-61.187133,-144.317049,-131.167393,1.740723,165.664367,3,-1,1,7,130.66752453907674,-49.33451962247551,-98.88581346092326,81.83287337752449,0.7207310000000007,-0.001268774,-2.3936523448410876,-2.0117489946125726,125.65705623398472,-107.95826375095095,-8.469597341510784,163.49307021481334,0,1,1,1,0,2,2,1,1,1,1
1638000.0,101,-61.186229,-144.319456,-148.089098,7.385724,102,-61.187066,-144.31697,11.573381,2.181031,165.615921,3,-1,1,7,124.9384131246982,-55.063765094622326,-86.97248887530179,-66.63714609462232,159.662479,0.00044030799999999993,-4.34165724610588,-8.40621533235381,135.7666496620388,-94.8475098683327,-999,9475.137469753601,0,0,1,1,0,2,2,0,1,0,0
1639000.0,101,-61.186265,-144.319566,-129.146085,6.901616,102,-61.187045,-144.31695,16.443206,2.286175,165.928611,3,-1,1,7,121.74432206122631,-58.257970063520325,-109.10959293877369,-74.70117606352032,145.58929099999997,0.00010514400000000013,-5.999607182466522,-6.5496610851155985,141.1064155622135,-87.29996240304594,-39.24519407171056,357.0345638274642,0,1,1,1,1,2,2,1,1,1,0
1640000.0,101,-61.186276,-144.319594,-124.868787,3.157241,102,-61.187067,-144.316979,-6.76417,0.466269,166.403974,3,-1,1,7,122.11430567137602,-57.88798557739653,-113.01690732862397,-51.12381557739653,118.10461700000002,-0.001819906,-2.535482259355942,-2.268014974296725,140.9423712801898,-88.46202880846562,-425.8940890503714,1411.8403148228347,0,1,1,1,1,2,2,1,1,0,0
1641000.0,101,-61.186318,-144.319704,-130.015727,6.476179,102,-61.187173,-144.317121,-149.666418,4.856827,166.922298,3,-1,1,7,124.48263820493814,-55.51962500732952,-105.50163479506188,94.14679299267047,19.650690999999995,0.004390558,-2.5070373446988854,0.02775667155100514,137.59368025435856,-94.50414130429493,-55.64377713079493,92.97922068090156,0,1,1,1,0,2,2,1,1,1,1
1642000.0,101,-61.186339,-144.319774,-123.053368,4.903033,102,-61.187203,-144.317162,-148.416271,4.53444,167.526145,3,-1,1,7,124.46413445716533,-55.5381541653634,-112.48249754283466,92.87811683463659,25.36290299999999,-0.000322387,-1.7346545806665539,1.1885671194424128,138.1220534415916,-94.80141144328576,-133.64783702047475,113.50708411413653,0,1,1,1,1,2,2,0,1,0,1
1643000.0,101,-61.186337,-144.31975,-130.815623,0.308112,102,-61.187163,-144.317119,-129.413718,1.167934,167.933835,3,-1,1,7,123.08160123139837,-56.92070403835549,-106.10277576860165,72.4930139616445,1.4019049999999993,-0.003366506,0.6691399411682049,0.5401490871403235,140.71075898906696,-91.6638164300829,60.115346843999106,159.708440337433,0,1,1,1,0,2,2,1,0,0,1
1644000.0,101,-61.186408,-144.319833,-153.732815,7.406909,102,-61.187138,-144.317101,-27.906781,0.664851,167.116286,3,-1,1,7,119.00583118283795,-60.996562583146655,-87.26135381716205,-33.08978158314666,125.82603399999996,-0.0005030830000000001,-2.966811273896022,-7.229607537648122,146.15495072902496,-81.03445824974763,-999,7828.103646470577,0,0,1,1,0,2,2,0,1,0,0
1645000.0,101,-61.186468,-144.319866,-161.94629,7.077513,102,-61.187179,-144.317165,-136.512533,1.867197,166.478119,3,-1,1,7,118.64381000715589,-61.3585565980298,-79.40989999284409,75.1539764019702,25.433757000000014,0.001202346,-0.9083833901859308,-5.374363738926549,146.10397695111217,-79.80345872734492,14.009209565735526,158.89380999561521,0,0,1,1,0,2,2,1,0,1,1
1646000.0,101,-61.18649,-144.3199,-148.492613,3.713551,102,-61.187224,-144.317227,-144.79204,3.367525,166.832891,3,-1,1,7,119.6738714658032,-60.328470606556046,-91.8335155341968,84.46356939344395,3.70057300000002,0.0015003280000000002,0.000799235931711495,-0.4145863807702974,144.9539865042872,-82.59270740163927,293.11699080656774,149.86430727190205,0,1,1,1,1,2,2,1,0,1,1
1647000.0,101,-61.18649,-144.319984,-97.31423,3.814404,102,-61.187274,-144.317291,-147.408221,4.488681,167.158344,3,-1,1,7,121.13531140801068,-58.867048188711294,-141.55045859198933,88.5411728112887,50.09399099999999,0.0011211559999999997,-1.3655380602750045,3.296231620886375,143.0789475733444,-86.43105188603512,-128.50970787835837,338.72043996998343,0,1,1,1,1,2,2,0,1,0,0
1648000.0,101,-61.186543,-144.320128,-127.2556,8.315762,102,-61.187284,-144.317311,-144.737646,3.437774,167.32196,3,-1,1,7,118.62652501765001,-61.37594322821342,-114.11787498234997,83.36170277178658,17.482045999999997,-0.0010509069999999996,-4.634171193849196,-2.227126452865208,146.868736356995,-80.16366121342698,-16.545133135757453,136.45217997493447,0,1,1,1,0,2,2,1,1,1,1
1649000.0,101,-61.186596,-144.32006,172.554857,5.81813,102,-61.187232,-144.317274,-60.457467,0.844176,167.542881,3,-1,1,7,115.34646154482948,-64.65597953897941,-57.20839545517052,-4.198512538979408,126.98767600000002,-0.002593598,1.4883197831884543,-6.185317000560517,151.41448367755336,-71.72357427262033,-999,6461.968836005515,0,0,1,0,0,2,2,0,1,0,0
1650000.0,101,-61.186626,-144.32009,-165.605405,3.870056,102,-61.187239,-144.317281,-93.359581,0.624579,167.828765,3,-1,1,7,114.36210742625249,-65.64035381054552,-80.03248757374752,27.719227189454486,72.245824,-0.00021959700000000003,-0.33858456440540663,-3.7119601737632415,152.88473261157552,-69.22971107633113,250.06995607380568,891.2617687703969,0,0,1,1,1,2,2,1,0,1,0
1651000.0,101,-61.186673,-144.320172,-145.269688,6.007822,102,-61.18727,-144.317305,-146.658535,1.539183,168.236157,3,-1,1,7,113.36839935157037,-66.6341127055155,-101.36191264842961,80.0244222944845,1.3888469999999984,0.000914604,-2.576765292538324,-3.651636381571353,154.4363384424483,-66.72946793297706,-7.610295608926735,164.65749948729385,0,1,1,1,1,2,2,1,1,1,1
1652000.0,101,-61.186691,-144.320291,-114.33377,6.113093,102,-61.18723,-144.317281,-10.532303,0.888043,168.788547,3,-1,1,7,110.38387750651887,-69.61875984663155,-135.28235249348114,-59.08645684663155,103.801467,-0.0006511399999999999,-5.4076840727849,-3.3919901916271127,158.21901447913572,-58.79045037778033,-55.522375645580276,285.02853747758274,0,1,1,1,1,2,2,0,1,0,0
1653000.0,101,-61.186753,-144.320299,-163.003865,6.426345,102,-61.187249,-144.317293,-127.802773,0.404918,169.532419,3,-1,1,7,108.90069049131887,-71.10194335797071,-88.09544450868111,56.70082964202929,35.20109199999999,-0.00048312500000000005,-1.5585309030247827,-5.897478433739592,160.39147765713454,-54.91643640070311,3.054019806882086,169.2245530870964,0,0,1,1,0,2,2,1,0,1,1
1654000.0,101,-61.186817,-144.320328,-166.837327,7.20316,102,-61.187328,-144.317345,-162.470997,3.634745,170.48045,3,-1,1,7,109.56847632082022,-70.43413737767568,-83.59419667917979,92.03685962232433,4.3663299999999765,0.0032298270000000002,-0.5455352784633878,-3.5479505002247653,160.63381851112578,-57.099563770112944,9.292845355692245,167.45095897747703,0,0,1,1,0,2,2,1,0,1,1
1655000.0,101,-61.186849,-144.320281,161.970865,4.353502,102,-61.18731,-144.317337,-156.691366,1.552512,171.441592,3,-1,1,7,108.00066742246521,-72.00191210449785,-53.97019757753479,84.68945389550214,41.33776900000001,-0.0020822330000000006,1.9617153463074215,-2.7139353460709064,163.05002609443272,-52.98026479831218,42.81241559217395,101.22570308321785,0,0,1,1,0,2,2,0,0,1,1
1656000.0,101,-61.186867,-144.3204,-119.115869,4.826486,102,-61.187321,-144.317346,-157.231348,1.460898,172.37456,3,-1,1,7,107.14368348400706,-72.85899242511694,-133.74044751599294,84.37235557488306,38.11547899999999,-9.161399999999986e-05,-3.65121529954414,-1.0014012787165931,164.7157091520191,-50.81066909361712,-33.48920814068869,94.42185223279638,0,1,1,1,1,2,2,1,1,1,1
1657000.0,101,-61.186933,-144.320489,-144.69982,8.022472,102,-61.187378,-144.317381,-162.949508,3.362663,173.230456,3,-1,1,7,106.54711921993831,-73.4556040054892,-108.7530607800617,89.4939039945108,18.24968800000002,0.001901765,-3.649886181478476,-3.3325634299184617,166.05626227389143,-49.33668660938351,-15.67968337431846,148.87556564701984,0,1,1,1,0,2,2,1,1,0,1
1658000.0,101,-61.186974,-144.320487,-165.986554,4.985647,102,-61.18731,-144.317364,-25.681212,0.917521,173.954068,3,-1,1,7,102.58553792271712,-77.41719844537526,-91.42790807728284,-51.73598644537526,140.305342,-0.0024451419999999995,-0.809652210241692,-5.664156309744214,169.77426357150637,-37.90405258677913,-999,5732.132065903333,0,1,1,1,0,2,2,0,1,0,0
1659000.0,101,-61.186989,-144.320545,-130.228931,3.3999,102,-61.187331,-144.317383,-120.751373,0.68999,174.53756,3,-1,1,7,102.65015315182815,-77.35261738849877,-127.12091584817188,43.39875561150123,9.477557999999988,-0.00022753100000000003,-2.0027483217865694,-1.8430012330037735,170.3007373693613,-38.2232743522246,-41.22418652226984,144.012742118921,0,1,1,1,1,2,2,1,1,1,1
1660000.0,101,-61.187022,-144.32059,-144.473893,4.227423,102,-61.18751,-144.317505,-162.277338,8.052971,174.857187,3,-1,1,7,108.1721848237837,-71.83051825188426,-107.35392217621632,90.44681974811573,17.803444999999982,0.007362980999999999,-0.0050413431287918975,4.230294548889235,166.13593434794078,-54.53335826711652,-15.019587754529534,166.30413634771267,0,1,1,1,0,2,2,0,1,0,1
1661000.0,101,-61.187071,-144.32057,179.120455,5.148727,102,-61.187571,-144.317555,-161.036519,7.767978,175.007216,3,-1,1,7,108.98958845606982,-71.01305328693974,-70.13086654393017,90.02346571306026,19.84302600000001,-0.0002849929999999992,2.6033591419170983,2.198257573348317,165.48292443589935,-56.946706421118726,25.0048063393483,150.33999722521827,0,0,1,1,0,2,2,0,0,1,1
1662000.0,101,-61.187094,-144.320704,-120.369699,5.978985,102,-61.187661,-144.317633,-159.904483,8.892991,174.894441,3,-1,1,7,110.96283198214329,-69.03985882963407,-128.66746901785672,90.86462417036593,39.534784,0.001125013,-2.1030465222120998,5.328755235698429,163.3186510174778,-62.57062987164006,-35.615493375208814,154.92413375354457,0,1,1,1,1,2,2,0,1,0,1
1663000.0,101,-61.187114,-144.320795,-115.507576,5.491502,102,-61.187791,-144.317756,-158.660698,11.43692,174.771274,3,-1,1,7,114.80922036677325,-65.19344240846183,-129.68320363322675,93.46725559153816,43.153121999999996,0.0025439290000000003,-0.7944527083041093,8.288017854698479,158.64162720378908,-73.33370530470343,-15.771457206847828,156.97520151661422,0,1,1,1,1,2,2,0,1,0,1
1664000.0,101,-61.187153,-144.320802,-157.342632,4.344469,102,-61.187865,-144.317839,-156.434741,10.64703,174.662055,3,-1,1,7,116.50208171026716,-63.50051447519014,-86.15528628973283,92.93422652480987,0.9078910000000064,-0.0007898899999999998,2.5830373559846196,5.749939745841113,156.30824303813532,-77.93950612593237,-1.113017247467334,174.51998703443525,0,0,1,1,0,2,2,1,1,0,1
1665000.0,101,-61.187213,-144.320879,-150.705395,7.095482,102,-61.187973,-144.317999,-152.042918,11.979117,170.642141,3,-1,1,7,118.70424104857943,-61.2982824141369,-90.59036395142056,90.74463558586308,1.337522999999976,0.0013320869999999996,2.144108720164864,4.39306339773359,149.67203324320218,-81.95744474975818,-1.6617886009295428,170.45432024624287,0,1,1,1,1,0,2,0,1,1,1
1666000.0,101,-61.187277,-144.320946,-153.238455,7.908417,102,-61.187998,-144.318113,-143.034114,9.617538,167.900598,3,-1,1,7,117.83852676071628,-62.16395552169624,-88.92301823928375,80.87015847830375,10.204341,-0.002361579000000001,2.2224155225054,0.6230197094064973,148.46898631606788,-78.40644687164983,48.55186303786077,115.98104334997426,0,0,1,1,0,0,2,0,0,1,1
1667000.0,101,-61.187291,-144.320995,-129.567869,3.754847,102,-61.188002,-144.318186,-133.765185,7.18911,169.279812,3,-1,1,7,117.70956775976519,-62.29289349389276,-112.72256324023482,71.47229150610724,4.197316000000001,-0.0024284279999999994,2.2973351505568624,2.5809328628364145,149.86612433823532,-78.7134011880565,12.371101873344223,164.2886502896308,0,1,1,1,1,1,2,1,0,0,1
1668000.0,101,-61.187307,-144.321029,-131.493313,2.819866,102,-61.18809,-144.31833,-138.569684,9.056159,168.725586,3,-1,1,7,121.04724513968019,-58.9551197328406,-107.45944186031983,79.6145642671594,7.076370999999995,0.0018670489999999989,3.880366069071433,4.921702082958806,144.5543495836848,-87.01932766622161,3.4841429480448576,167.3943858744912,0,1,1,1,0,2,2,0,0,0,1
1669000.0,101,-61.187314,-144.321062,-117.726607,2.122572,102,-61.188176,-144.318494,-138.664851,10.437082,166.577166,3,-1,1,7,124.85816096998117,-55.14408912090436,-117.41523203001884,83.52076187909563,20.938243999999997,0.001380923000000001,5.014447089470094,6.849244717462566,136.68813425038962,-95.20664991343314,0.4907138719290061,166.53108002101854,0,1,1,1,1,0,2,0,0,1,1
1670000.0,101,-61.187347,-144.321122,-138.378368,4.290423,102,-61.188165,-144.318531,-129.67954,6.94195,167.930391,3,-1,1,7,123.22900471321644,-56.77326553063942,-98.39262728678358,72.90627446936058,8.698827999999992,-0.0034951319999999998,2.492980953120629,1.2250922406226241,140.47159142114958,-92.02362862342743,28.647027304881156,144.66449488771505,0,1,1,1,0,1,2,1,0,1,1
1671000.0,101,-61.187387,-144.321223,-132.782797,6.382284,102,-61.188213,-144.318625,-132.360237,7.094301,167.671801,3,-1,1,7,123.41404807550424,-56.5882283027044,-103.80315492449574,75.7720086972956,0.42255999999997584,0.00015235099999999946,0.5579689082555284,0.4450860894634747,139.95780997198483,-92.33441546048466,70.48621711391036,159.46635542355438,0,1,1,1,1,2,2,1,0,0,1
1672000.0,101,-61.187459,-144.321306,-148.497016,8.686669,102,-61.188271,-144.318712,-136.949625,7.427097,169.202443,3,-1,1,7,123.00573981092934,-56.996533063890325,-88.49724418907067,79.95309193610967,11.547391000000005,0.0003327960000000001,0.5308839180794358,-1.9789871396236034,141.89587637231622,-92.16847067029268,122.53210927146918,168.82429014277974,0,0,1,1,0,1,2,0,0,0,1
1673000.0,101,-61.187495,-144.321331,-153.507094,5.061135,102,-61.18836,-144.318838,-141.628468,9.051401,168.522322,3,-1,1,7,125.7530955938528,-54.24908878564628,-80.73981040614717,87.37937921435372,11.878625999999997,0.0016243040000000005,3.3610259031667566,2.566653154591843,136.76301213707143,-98.46649949839252,10.70760551196075,161.30312326978427,0,0,1,1,0,2,2,0,0,1,1
1674000.0,101,-61.187499,-144.321405,-107.77533,3.646181,102,-61.188442,-144.318998,-140.307904,10.252255,165.434108,3,-1,1,7,129.1092079913683,-50.89290103538958,-123.11546200863171,89.41500296461044,32.53257400000001,0.0012008539999999997,3.0756066167721583,6.775858256330826,128.36777576172244,-104.35592094243535,-7.11322616131071,160.39740261510798,0,1,1,1,1,0,2,0,1,1,1
1675000.0,101,-61.187519,-144.321472,-119.605602,4.108705,102,-61.188484,-144.319112,-136.093769,9.265671,164.828208,3,-1,1,7,130.3138839778316,-49.6881838677454,-110.08051402216839,86.4055851322546,16.488167000000004,-0.0009865840000000006,2.853259520729316,4.645880087669147,125.68341673004491,-106.6396591871576,-5.386340817404965,162.96241067376224,0,1,1,1,0,2,2,1,1,0,1
1676000.0,101,-61.18755,-144.321534,-133.080147,4.689577,102,-61.188493,-144.319163,-130.837934,6.940236,165.126855,3,-1,1,7,129.53248047098293,-50.46959701328143,-97.38737252901706,80.36833698671856,2.242213000000021,-0.002325435,1.8254584629327262,1.3352922429209908,127.3563776079055,-105.10581013808711,17.392437268619965,160.02898026615804,0,1,1,1,0,2,2,1,0,1,1
1677000.0,101,-61.187574,-144.321612,-125.60232,4.877246,102,-61.188495,-144.319187,-126.011465,4.940014,165.386644,3,-1,1,7,128.24120530538505,-51.7609194943681,-106.15647469461493,74.25054550563189,0.4091449999999668,-0.002000222,0.030396699749697387,0.06514953311446359,129.89664661886712,-102.36993313837755,-817.5226894156082,162.35204845064112,0,1,1,1,1,2,2,1,1,0,1
1678000.0,101,-61.187608,-144.32166,-140.516555,4.664651,102,-61.188478,-144.319173,-113.410951,2.725339,165.603265,3,-1,1,7,125.97553299060515,-54.02664613396802,-93.50791200939483,59.384304866031975,27.105604,-0.0022146749999999997,-0.4650572311650518,-2.517375870220151,134.0174102198804,-97.28193633258192,84.67964088344385,208.55963763483805,0,1,1,1,0,2,2,0,0,0,0
1679000.0,101,-61.187649,-144.321703,-150.153516,5.058343,102,-61.188379,-144.31907,0.67771,3.474277,165.767312,3,-1,1,7,119.91225140905613,-60.090055640958354,-89.9342325909439,-60.76776564095835,150.831226,0.0007489379999999999,-2.55851882048244,-7.861448330021201,143.68547137166388,-82.66369846799805,-999,8294.76600802753,0,0,1,1,0,2,2,0,1,0,0
1680000.0,101,-61.187702,-144.32176,-153.299386,6.399309,102,-61.188389,-144.319067,2.516792,1.762368,165.88957,3,-1,1,7,117.89501272231901,-62.10734690072432,-88.80560127768098,-64.62413890072432,155.816178,-0.001711909,-2.952781801103024,-7.477596763196672,146.61425659536167,-77.61191401952632,-999,8051.475483952755,0,0,1,1,0,2,2,0,1,1,0
1681000.0,101,-61.187784,-144.321874,-148.385493,9.995249,102,-61.188429,-144.319096,-143.627934,0.745753,165.950601,3,-1,1,7,115.72452420522221,-64.277909896816,-95.88998279477778,79.35002410318401,4.757558999999986,-0.0010166149999999998,-4.79727372412605,-7.911428787856274,149.50345607257393,-72.02998399706306,-1.7983745827629776,165.18620679981427,0,1,1,1,1,2,2,1,1,1,1
1682000.0,101,-61.187782,-144.321899,-117.304778,2.730793,102,-61.188477,-144.319139,-156.369997,2.576533,165.806405,3,-1,1,7,117.58831826909824,-62.4141000617785,-125.10690373090176,93.95589693822151,39.06521900000001,0.00183078,-1.3937765507516549,1.107818986731699,146.95388841650416,-76.7874899856329,-162.30652492862043,129.98395032193525,0,1,1,1,1,2,2,0,1,1,1
1683000.0,101,-61.187809,-144.321962,-131.084502,4.152188,102,-61.188498,-144.319163,-154.765466,2.597742,166.167718,3,-1,1,7,117.05794774606,-62.94450475745897,-111.85755025394002,91.82096124254103,23.680964000000017,2.1209000000000254e-05,-2.022193804777595,-0.3788590081840675,147.98014815996297,-75.58826797779493,-58.54785912926047,102.1478282955518,0,1,1,1,0,2,2,1,1,1,1
1684000.0,101,-61.187846,-144.322057,-130.208143,5.940168,102,-61.188517,-144.319187,-152.724165,2.548134,166.698256,3,-1,1,7,115.88038972161269,-64.12212499329756,-113.9114672783873,88.60204000670244,22.516021999999992,-4.96080000000001e-05,-3.368786342762294,-1.5699633905394248,149.97962577779836,-72.76276798605929,-24.313845307828466,130.1545797064538,0,1,1,1,1,2,2,1,1,0,1
1685000.0,101,-61.187867,-144.322059,-152.472378,2.9613,102,-61.188503,-144.319184,-138.944199,1.147641,167.280502,3,-1,1,7,114.65731697395978,-65.34520212207427,-92.87030502604023,73.59899687792573,13.528178999999994,-0.0014004930000000003,-0.614878908374155,-1.7606437007996112,152.02773524550634,-69.78777876888076,10.550247304230508,166.58237088224735,0,1,1,1,0,2,2,1,0,0,1
1686000.0,101,-61.187899,-144.322088,-155.952863,3.691174,102,-61.188441,-144.319144,4.323789,2.068938,168.000704,3,-1,1,7,110.90858705245032,-69.09399250137291,-93.13854994754968,-73.41778150137291,160.27665199999998,0.0009212970000000003,-1.6600923105057455,-5.433868587455344,156.93802541906345,-59.9557563713528,-999,5690.071600572124,0,1,1,1,2,2,2,0,1,0,0
1687000.0,101,-61.187994,-144.322108,-172.716303,9.544742,102,-61.188494,-144.319179,-152.405688,1.047474,168.885877,3,-1,1,7,109.5060511296683,-70.49651528298882,-77.7776458703317,81.90917271701117,20.310615000000013,-0.0010214640000000001,-0.7249066055140008,-8.539397873271525,159.19288011977895,-56.392077184909716,5.64764328339039,163.49088820637587,0,0,1,1,0,2,2,1,0,1,1
1688000.0,101,-61.188033,-144.322097,178.999736,5.145311,102,-61.18852,-144.319196,-159.821116,1.764945,169.751653,3,-1,1,7,109.20618326458474,-70.79635861507799,-69.79355273541528,89.024757384922,21.179148000000026,0.000717471,0.6986435999422977,-3.4879138723773577,160.30342435703886,-55.84295690272435,26.549093657820375,146.44333401043858,0,0,1,1,0,2,2,0,0,1,1
1689000.0,101,-61.188068,-144.322158,-150.146222,4.705151,102,-61.18864,-144.319285,-162.252003,6.367214,170.565316,3,-1,1,7,112.44769277211554,-67.55482457552296,-97.40608522788443,94.69717842447704,12.105781000000007,0.004602269,-0.40124454846829694,1.983404803896815,157.6413281931947,-65.1286317042307,-58.300442404140085,143.43435505287255,0,1,1,1,1,2,2,1,1,1,1
1690000.0,101,-61.18809,-144.322199,-141.090014,3.524792,102,-61.188648,-144.319294,-160.426511,4.397809,171.308118,3,-1,1,7,111.7319289943614,-68.27061639248129,-107.1780570056386,92.15589460751872,19.33649700000001,-0.001969405,-0.7405824309525724,1.4009115010337228,159.1326299098414,-63.429310186059716,-121.53625461977776,127.2454021297913,0,1,1,1,1,2,2,0,1,1,1
1691000.0,101,-61.188099,-144.322294,-106.370518,4.481239,102,-61.188719,-144.31935,-160.567031,5.886919,171.988757,3,-1,1,7,113.60601913937535,-66.39656042039732,-140.02346286062465,94.17047057960266,54.19651299999998,0.00148911,-2.340965204307761,4.288521953016001,157.59685241351312,-68.87208900388029,-59.49746095321239,187.18229225571451,0,1,1,1,1,2,2,0,1,0,1
1692000.0,101,-61.188123,-144.322352,-126.019507,4.272073,102,-61.188795,-144.319414,-159.994125,7.079302,172.661018,3,-1,1,7,115.3905905755313,-64.61198372827066,-118.58990242446868,95.38214127172934,33.97461799999999,0.0011923830000000004,-1.0333785453858173,4.139881486714088,155.9829517555795,-74.03476141930143,-39.012105668143576,145.01852400223996,0,1,1,1,0,2,2,1,1,1,1
1693000.0,101,-61.188182,-144.322397,-155.140679,6.48283,102,-61.188806,-144.319454,-153.141161,5.187029,170.478296,3,-1,1,7,113.7487418757431,-66.2538368100568,-91.1105791242569,86.88732418994321,1.9995179999999948,-0.0018922730000000003,-0.3818598510798048,-1.254684186796684,156.0422488869259,-68.65614298352546,16.636201902104457,169.2788534987581,0,1,1,1,0,0,2,1,0,0,1
1694000.0,101,-61.188241,-144.322493,-145.430298,7.881348,102,-61.188856,-144.319544,-147.817088,5.862808,169.231858,3,-1,1,7,113.40089655062091,-66.60168739391224,-101.16880544937908,81.21540060608777,2.386790000000019,0.0006757790000000004,-1.3492714325949127,-1.527790245979971,155.31226878643378,-67.2125057302784,-24.12127388920024,160.93785668125372,0,1,1,1,1,0,2,0,1,1,1
1695000.0,101,-61.188252,-144.322508,-138.470706,2.750119,102,-61.1889,-144.319616,-145.823646,5.973535,169.580032,3,-1,1,7,114.93673166857765,-65.06580233257101,-106.59256233142236,80.75784366742899,7.35293999999999,0.0001107269999999998,1.5322486266832134,2.883194633757059,153.77074811038855,-71.49786205679479,2.936526107329743,169.34054585530447,0,1,1,1,1,2,2,0,0,0,1
1696000.0,101,-61.188305,-144.3225,-177.679169,5.316275,102,-61.188983,-144.319713,-148.991733,7.666414,169.996828,3,-1,1,7,116.78543042843616,-63.217011572216514,-65.53540057156386,85.7747214277835,28.68743599999999,0.0016928789999999996,3.734160320540302,1.2589153483672115,151.7562434750589,-76.60916457187238,28.53423703147154,121.27152172006284,0,0,1,1,0,2,2,0,0,1,1
1697000.0,101,-61.188347,-144.32257,-149.764448,5.494929,102,-61.188963,-144.319715,-140.043439,4.267035,170.554681,3,-1,1,7,114.11961261093717,-65.88288897236006,-96.11593938906287,74.16055002763994,9.721008999999981,-0.0033993789999999997,-0.02668695745329952,-1.4765956898075112,155.66429377389136,-69.69596010449537,71.02311079222594,161.4386492213961,0,1,1,1,1,2,2,1,0,0,1
1698000.0,101,-61.188399,-144.322646,-146.434489,6.73327,102,-61.188956,-144.319717,-132.077548,2.562204,171.261941,3,-1,1,7,111.53536865362325,-68.46719776979671,-102.03014234637675,63.610350230203295,14.356941000000006,-0.001704831,-1.820991705429767,-3.8935008524611225,159.30634180139566,-62.8660631576718,-3.192217704494494,170.9664797744507,0,1,1,1,1,2,2,0,1,0,1
1699000.0,101,-61.188399,-144.322751,-100.462573,5.16578,102,-61.18891,-144.319689,-44.726379,1.182437,172.117289,3,-1,1,7,109.10156844332636,-70.90111451559046,-150.43585855667362,-26.174735515590463,55.73619400000001,-0.001379767,-4.247785601339525,-1.7781631079347218,162.64050321516046,-56.324309908146226,-45.3994174225188,140.3411896237777,0,1,1,1,1,2,2,0,1,1,1
1700000.0,101,-61.188478,-144.322767,-164.685539,7.792873,102,-61.188963,-144.319716,-148.703255,1.988171,173.05963,3,-1,1,7,108.25657498241789,-71.74609833980567,-87.05788601758212,76.95715666019434,15.982283999999993,0.0008057339999999999,-1.0254299293970524,-5.817285279534676,164.34835904129469,-54.214872647370335,4.910651545872277,171.31471715602902,0,0,1,1,0,2,2,1,0,0,1
1701000.0,101,-61.188518,-144.322781,-167.04505,5.096482,102,-61.188995,-144.31973,-158.680354,2.572368,174.068441,3,-1,1,7,107.97499215814152,-72.02768116502668,-84.97995784185849,86.65267283497332,8.36469600000001,0.0005841970000000001,-0.20731656664635179,-2.57042722925479,165.57238704828117,-53.71784432853437,17.04474482463877,169.39591123632357,0,0,1,1,0,1,2,1,0,1,1
1702000.0,101,-61.188533,-144.322854,-124.442614,3.782396,102,-61.188959,-144.319709,-89.141695,0.293711,175.127378,3,-1,1,7,105.70026171382406,-74.30249397300273,-129.85712428617592,14.839201026997273,35.300918999999965,-0.002278657,-2.8256377365516805,-2.143649229973472,168.59346490770025,-47.390316685699894,-47.610033904404894,153.28264550349445,0,1,1,0,1,1,2,0,1,1,1
1703000.0,101,-61.188533,-144.322848,-120.670623,0.757435,102,-61.189032,-144.319751,-163.421998,3.156208,176.183753,3,-1,1,7,108.48785629515137,-71.51485733441922,-130.84152070484862,91.90714066558078,42.751374999999996,0.002862497,0.24905016953033554,2.6386422512321563,167.09106558469145,-55.86851190910087,-17.264295096879984,171.70081295552103,0,1,1,1,1,1,2,0,1,0,1
1704000.0,101,-61.188629,-144.322876,-171.989885,9.156955,102,-61.188982,-144.31973,-58.755734,0.330072,177.219084,3,-1,1,7,103.10798076590658,-76.89477579867007,-84.90213423409341,-18.13904179867007,113.23415099999997,-0.002826136,-0.9938030337893964,-9.238819305116696,172.6015322063233,-40.19097925938848,-999,9305.987517904987,0,0,1,0,0,1,2,0,1,0,0
1705000.0,101,-61.188641,-144.322962,-125.310007,4.483669,102,-61.189014,-144.319747,-159.105993,1.308489,178.157639,3,-1,1,7,103.53724142385845,-76.46557560011533,-131.15275157614155,82.64041739988468,33.79598600000003,0.000978417,-3.1921783530319456,-1.3691162945551638,173.20805971616358,-41.70266638257357,-34.790803767614214,108.82726583971944,0,1,1,1,1,2,2,1,1,1,1
1706000.0,101,-61.188651,-144.323041,-108.341184,4.29704,102,-61.189056,-144.319772,-163.117547,2.592117,178.968812,3,-1,1,7,104.41860848783901,-75.58425585221535,-147.240207512161,87.53329114778465,54.776363,0.001283628,-3.325973870601035,1.1282331310819953,173.33171333401415,-44.56403057833175,-67.96927294649306,61.74516485212121,0,1,1,1,1,2,2,0,1,1,1
1707000.0,101,-61.188709,-144.323091,-151.14972,6.436924,102,-61.189076,-144.319794,-159.894586,2.564706,179.548528,3,-1,1,7,103.0073698567597,-76.9955190183182,-105.84291014324032,82.8990669816818,8.744866000000002,-2.7410999999999853e-05,-2.22434695329327,-3.2295786627244762,174.9415141640482,-40.41213343733428,-15.494105041185321,167.078852500038,0,1,1,1,0,2,2,1,1,0,1
1708000.0,101,-61.188764,-144.323138,-155.918136,6.561551,102,-61.189113,-144.319829,-158.635079,3.258429,179.872761,3,-1,1,7,102.34613139852048,-77.65676799252725,-101.73573260147953,80.97831100747274,2.7169429999999863,0.0006937229999999998,-1.4903176388874415,-2.9559491743512565,175.71297630509218,-38.4598505947336,-13.09738026931234,174.21958831394642,0,1,1,1,0,2,2,1,1,0,1
1709000.0,101,-61.188848,-144.323189,-162.869996,9.256632,102,-61.189177,-144.319882,-159.523543,4.874638,179.845323,3,-1,1,7,101.6655052932237,-78.33739234730095,-95.46449870677634,81.18615065269904,3.346452999999997,0.001616209,-1.0211979210142221,-4.279358731748293,176.13056758166294,-36.364314490109564,-1.3029578822526553,179.76098473269457,0,1,1,1,0,2,2,0,1,0,1
1710000.0,101,-61.188879,-144.323219,-155.828123,4.69665,102,-61.189203,-144.319929,-153.531736,4.389739,179.836615,3,-1,1,7,101.55078055303821,-78.45210219276072,-102.62109644696181,75.07963380723928,2.29638700000001,-0.0004848990000000004,0.0333535631214088,-0.3552408407751013,176.1944959664071,-36.00982762805157,189.12528128900937,172.7232285901521,0,1,1,1,1,2,2,1,0,1,1
1711000.0,101,-61.188872,-144.323287,-91.062997,3.166408,102,-61.189305,-144.320023,-156.485738,7.311769,179.285492,3,-1,1,7,105.39217779261504,-74.61068217278634,-163.54482520738497,81.87505582721366,65.422741,0.0029220300000000004,-0.24863299279856665,6.645863120509266,172.85481719429953,-47.58676091527299,-14.185663416395473,175.64676056001304,0,1,2,1,1,2,2,0,1,0,1
1712000.0,101,-61.188941,-144.323324,-160.032314,6.862443,102,-61.189462,-144.320171,-157.257197,11.583787,178.818085,3,-1,1,7,108.92710492099658,-71.07565778764457,-91.0405810790034,86.18153921235542,2.775117000000023,0.004272017999999999,2.134779067130364,4.233232479192251,169.14975187704147,-58.0023186002295,5.0265649425333745,177.14991618730454,0,1,1,1,0,2,2,1,0,0,1
1713000.0,101,-61.188946,-144.323412,-110.933239,4.347434,102,-61.189578,-144.320326,-153.734719,12.845749,177.263479,3,-1,1,7,113.02490505127729,-66.9777989525038,-136.0418559487227,86.75692004749621,42.80148,0.0012619620000000004,1.624110102022848,9.966235645945847,163.14177071922654,-69.33327941024253,-5.420976189369672,172.62597952536169,0,1,1,1,1,0,2,0,1,1,1
1714000.0,101,-61.188959,-144.32352,-104.927746,5.478962,102,-61.189645,-144.32048,-147.000176,11.931458,175.34256,3,-1,1,7,115.09268733916568,-64.90997635965746,-139.97956666083434,82.09019964034255,42.07243,-0.0009142910000000005,1.2042520721761703,8.595197956603757,158.79424332865125,-74.35994642974602,-9.33858464503303,170.14282473932965,0,1,1,1,1,0,2,1,1,1,1
1715000.0,101,-61.18898,-144.323575,-121.455085,4.242781,102,-61.189795,-144.320784,-142.603688,15.73539,171.363871,3,-1,1,7,121.21438566221634,-58.78805986067885,-117.33052933778367,83.81562813932115,21.14860300000001,0.0038039320000000016,5.937188874522312,10.287028591963946,146.55623771620338,-88.80791333308265,-0.3362701849983902,171.3251734163648,0,1,1,1,0,0,2,1,1,0,1
1716000.0,101,-61.188971,-144.323641,-82.938974,3.589201,102,-61.189863,-144.321081,-132.688971,15.735947,165.273779,3,-1,1,7,125.86903253485474,-54.133210582305445,-151.19199346514526,78.55576041769456,49.74999699999998,5.569999999988085e-07,8.004651355652099,11.110466031972614,133.93100290088952,-96.83960185225233,-0.024824499746788263,165.27354849694606,0,1,1,1,1,0,2,0,1,1,1
1717000.0,101,-61.188946,-144.323808,-72.10425,7.84239,102,-61.189936,-144.321471,-123.754049,17.481129,159.735339,3,-1,1,7,131.31760818999683,-48.68443953114293,-156.57814181000316,75.06960946885707,51.64979900000003,0.0017451819999999999,7.071387972681722,12.122878951393792,119.97102589102407,-105.46246475452847,-3.7427076603476817,158.28663810613907,0,1,1,1,1,0,2,0,1,1,1
1718000.0,101,-61.188923,-144.323905,-66.641461,6.392646,102,-61.190027,-144.322014,-117.167778,21.582668,154.719483,3,-1,1,7,140.46274239988637,-39.5389145286165,-152.8957966001136,77.6288634713835,50.526317000000006,0.004101539000000002,13.332807288535378,12.38917556337937,98.49130502884384,-119.32133612016976,-0.6262138185263804,154.47073526159107,0,1,1,1,0,0,2,1,1,1,1
1719000.0,101,-61.188838,-144.324093,-46.59882,12.248296,102,-61.190065,-144.322522,-109.466413,23.132678,152.641155,3,-1,1,7,148.3251059775447,-31.676270560816754,-165.07607402245532,77.79014243918326,62.867593,0.0015500099999999969,12.91121659641691,16.124897097008294,80.15168587864252,-129.9039239228186,-4.706413400533447,150.91427048870537,0,1,2,1,1,0,2,0,1,1,1
1720000.0,101,-61.188752,-144.324194,-34.54503,11.317006,102,-61.190063,-144.323017,-101.207175,23.819832,150.882135,3,-1,1,7,156.60440347681006,-23.39662783125404,-168.85056652318994,77.81054716874597,66.66214500000001,0.0006871540000000032,16.94825662460488,13.951156029742183,59.91187912407434,-138.47738227588118,-2.8539068752988124,146.48856698406087,0,1,2,1,1,0,2,0,1,1,1
1721000.0,101,-61.188695,-144.324343,-47.796962,10.201468,102,-61.19004,-144.323562,-94.259495,25.366383,148.969842,3,-1,1,7,164.3669201602798,-15.633764165391232,-147.8361178397202,78.62573083460877,46.46253300000001,0.0015465509999999974,17.739387235511014,8.73699325106472,40.14377624428096,-143.4590222131535,-1.6678884117002324,146.54079651239937,0,1,1,1,0,0,2,1,1,0,1
1722000.0,101,-61.188609,-144.324401,-25.555302,10.16362,102,-61.189979,-144.324059,-86.688289,25.811006,147.068497,3,-1,1,7,173.14023632847056,-6.860063337623908,-161.30446167152942,79.82822566237608,61.132987000000014,0.000444623,21.38349892527569,7.678253964726301,17.56580819887978,-146.01570186852913,-1.6555737196063371,143.44156933406944,0,1,2,1,1,0,2,0,1,1,1
1723000.0,101,-61.188508,-144.324475,-20.625447,11.606954,102,-61.189881,-144.324492,-78.359145,25.476197,143.392993,3,-1,1,7,-179.65813047680203,0.3418844188653955,-159.03268347680202,78.70102941886539,57.733698000000004,-0.00033480899999999993,20.863558075715755,5.722490838146936,-0.8555848909783936,-143.39044046236964,-1.9996506567259134,138.1304382785488,0,1,2,1,0,0,2,1,1,1,1
1724000.0,101,-61.188446,-144.324466,-5.950261,7.6495,102,-61.189732,-144.32503,-69.842839,27.964341,139.283684,3,-1,1,7,-168.0661036320685,11.934390553145779,-162.11584263206848,81.77722955314577,63.892578000000015,0.002488144000000002,25.458565264104823,-2.028124973164706,-28.801503369942907,-136.27332105824317,-0.6897789616042291,138.13041013814362,0,1,2,1,1,0,2,0,1,2,1
1725000.0,101,-61.188387,-144.324398,19.694351,7.148809,102,-61.189565,-144.325353,-60.659275,26.782564,134.419096,3,-1,1,7,-158.66020355154305,21.340633232782512,-178.35455455154306,81.99990823278252,80.35362599999996,-0.0011817770000000004,25.756095029389623,-6.392884137791267,-48.91487729735392,-125.20314751811163,-0.633825186157676,133.3003929946405,0,1,2,1,1,0,2,0,1,1,1
1726000.0,101,-61.188281,-144.324364,10.177963,11.186378,102,-61.189409,-144.325701,-55.822201,26.36421,140.907656,3,-1,1,7,-150.26484432697285,29.73632716961565,-160.44280732697285,85.55852816961564,66.00016399999998,-0.00041835400000000077,23.787768549708417,-3.800088772609376,-69.88900698922357,-122.35397100819652,-2.0017216472566832,131.85539865266125,0,1,2,1,0,1,2,1,1,1,1
1727000.0,101,-61.188151,-144.324313,10.390572,14.096432,102,-61.189234,-144.326036,-50.945118,26.461887,143.183217,3,-1,1,7,-142.52259137145924,37.478918341208896,-152.91316337145923,88.4240363412089,61.33569,9.76770000000009e-05,23.091182107590896,-2.807428927436254,-87.11962325660848,-113.62924304111021,-3.0494755483338163,123.32685071216129,0,1,1,1,0,1,2,1,1,1,1
1728000.0,101,-61.188093,-144.324359,-7.979767,7.739919,102,-61.189087,-144.326297,-47.969121,24.77748,145.602555,3,-1,1,7,-136.78404762555652,43.217650470825554,-128.80428062555652,91.18677147082556,39.98935399999999,-0.0016844070000000002,17.329836243165662,-8.92431689974819,-99.70135534597922,-106.1119397839037,-1.9417658813081107,140.00131015407337,0,1,1,1,0,1,2,1,1,0,1
1729000.0,101,-61.188089,-144.324366,-18.763439,1.79033,102,-61.188836,-144.326633,-41.038021,27.85818,140.694429,3,-1,1,7,-124.36260357486015,55.639382792519996,-105.59916457486014,96.67740379252,22.27458200000001,0.0030807,17.714678053066308,-19.317520109548756,-116.14072866234042,-79.41192289207372,-0.7545075974509087,139.27044200346154,0,1,1,1,0,0,2,1,1,1,1
1730000.0,101,-61.18812,-144.324333,157.601731,2.878432,102,-61.188655,-144.32682,-37.039825,25.888443,137.658885,3,-1,1,7,-114.05553718264592,65.94664194915329,88.34273181735409,102.98646694915328,165.35844400000002,-0.0019697370000000022,16.69122594666351,-23.32587156916174,-125.70331765967421,-56.11278418323458,-1.1163187084146715,134.95571277556206,1,0,1,1,0,0,2,0,1,1,1
1731000.0,101,-61.188111,-144.324359,-57.212457,0.795941,102,-61.188478,-144.326983,-33.351973,24.28543,139.642881,3,-1,1,7,-106.1845292793514,73.81776989093221,-48.972072279351394,107.16974289093221,23.860483999999985,-0.001603012999999997,12.68252683896812,-19.85481591901256,-134.10869153327073,-38.92291187994804,-1.686047210488838,133.9724982150626,0,0,1,1,1,1,2,1,1,1,1
1732000.0,101,-61.188089,-144.32437,-17.261566,2.158169,102,-61.188186,-144.327105,-23.853107,27.481033,139.45328,3,-1,1,7,-94.21007604249935,85.7923203833844,-76.94851004249935,109.6454273833844,6.5915410000000065,0.0031956029999999983,10.472739761986649,-23.072781735095255,-139.0769767764833,-10.237765062352876,-1.8947572814628524,130.87330143948105,0,0,1,1,1,2,2,1,1,1,1
1733000.0,101,-61.188092,-144.324356,76.135351,0.399382,102,-61.188038,-144.327126,-19.833192,23.07821,137.260771,3,-1,1,7,-87.68483054897459,92.31759654254085,-163.82018154897457,112.15078854254085,95.96854300000001,-0.004402823000000002,8.21778839792891,-21.613608055971092,-137.14872982675115,5.544832046443164,-2.358750989341232,126.22620396626016,0,1,2,1,1,0,2,0,1,1,1
1734000.0,101,-61.188099,-144.324348,146.135363,0.754807,102,-61.187941,-144.327123,-16.573938,18.166663,138.804185,3,-1,1,7,-83.2634156447009,96.73901582677317,130.6012213552991,113.31295382677317,162.70930099999998,-0.004911546999999999,5.602687883640174,-18.03864101866473,-137.84587407500877,16.282406886300585,-3.206780760475326,126.88014764388689,1,1,1,1,0,1,2,0,1,0,1
1735000.0,101,-61.188084,-144.324422,-65.236872,3.024595,102,-61.187773,-144.327056,-7.298167,18.083205,139.130126,3,-1,1,7,-76.23524657794162,103.76706134659412,-10.998374577941618,111.06522834659413,57.93870500000003,-8.345800000000026e-05,-0.44931355512190096,-16.66979857020034,-135.13442488469482,33.10406579045313,-1.9708496572844159,136.02018483024514,0,0,0,1,1,2,2,1,1,0,1
1736000.0,101,-61.188068,-144.32438,26.151714,1.884209,102,-61.187769,-144.327023,-4.9166,11.100019,138.877339,3,-1,1,7,-76.79086115784122,103.21145465212285,-102.94257515784122,108.12805465212286,31.068313999999987,-0.006983186,1.7817978604845657,-9.367853788167325,-135.20298734074174,31.734326869498094,-6.034195707812252,126.89688055298998,0,1,1,1,1,2,2,1,1,1,1
1737000.0,101,-61.188066,-144.324395,-34.351402,0.572693,102,-61.187692,-144.326952,3.57703,10.107977,138.843433,3,-1,1,7,-73.11844068841594,106.88379976725695,-38.767038688415944,103.30676976725695,37.92843199999999,-0.0009920419999999996,-0.9537924915445528,-9.615473861832607,-132.86026643895505,40.319331455213415,-2.8238018993795695,136.19158787048087,0,0,1,1,0,2,2,0,1,0,1
1738000.0,101,-61.18807,-144.324361,104.167915,1.245387,102,-61.187757,-144.326939,11.193526,3.32076,138.917558,3,-1,1,7,-75.8611729171552,104.1410859394982,179.9709120828448,92.94755993949819,92.97438899999997,-0.006787217,0.5628679400225858,-3.562415989288119,-134.70928734432738,33.93369746825134,-25.987050693762708,133.6364060349258,1,1,2,1,0,2,2,0,1,1,1
1739000.0,101,-61.188022,-144.324382,-6.003083,4.512916,102,-61.187759,-144.326913,25.835692,2.055717,138.945525,3,-1,1,7,-77.83375195436713,102.16846572004498,-71.83066895436713,76.33277372004497,31.838775,-0.001265043,-1.3678344159914477,2.6379254942407835,-135.82483803120047,29.282627807691384,34.13775753411123,107.875784936194,0,0,1,1,1,2,2,1,0,1,1
1740000.0,101,-61.187974,-144.324352,11.221951,5.267956,102,-61.187745,-144.32689,30.153782,2.028278,138.986156,3,-1,1,7,-79.39697351326063,100.6052502939126,-90.61892451326064,70.4514682939126,18.93183099999999,-2.7439000000000213e-05,0.0063478488037918,3.4134242057381665,-136.61305509641866,25.57390734477646,9.038615815370171,136.77233486806833,0,1,1,1,1,2,2,1,0,0,1
1741000.0,101,-61.187953,-144.324307,35.44609,3.477771,102,-61.187768,-144.326883,85.949773,0.798788,139.082827,3,-1,1,7,-81.52549780823041,98.47675929488489,-116.97158780823041,12.526986294884892,50.50368299999997,-0.0012294899999999997,1.2200939683000804,2.776787151690037,-137.56425722772414,20.496533845908594,-55.07648083744781,187.16321669929272,0,1,1,0,1,2,2,0,1,0,1
1742000.0,101,-61.187929,-144.324289,25.274111,2.954869,102,-61.187757,-144.326874,52.747066,0.880887,139.272166,3,-1,1,7,-82.14043547990674,97.86182950869528,-107.41454647990675,45.11476350869528,27.472955000000013,8.209899999999992e-05,0.5604187742516406,2.1387843036818097,-137.9638733017135,19.044838826314454,-12.198113415799293,138.67797604053644,0,1,1,1,0,2,2,1,1,1,1
1743000.0,101,-61.187849,-144.324287,3.295645,7.959475,102,-61.187753,-144.326872,47.441679,0.694403,139.537394,3,-1,1,7,-85.59474456374771,94.40752042388547,-88.8903895637477,46.96584142388547,44.14603400000004,-0.00018648399999999997,-0.053914360197053424,7.476658781354473,-139.1251602125668,10.717934508983161,2.3852360856353103,139.17857887354887,0,0,1,1,0,2,2,0,0,0,1
1744000.0,101,-61.187831,-144.324285,3.901715,2.965887,102,-61.187815,-144.326874,172.89407,2.4184,139.929326,3,-1,1,7,-89.26646159092049,90.73580690197166,-93.16817659092048,-82.15826309802834,168.99235500000003,0.0017239970000000001,-0.09735195323716772,5.358837401570549,-139.9178583806757,1.791418705789796,-999,5360.519318601779,0,1,1,1,1,2,2,0,1,0,0
1745000.0,101,-61.187781,-144.324249,15.891416,5.291314,102,-61.187747,-144.326873,8.187179,1.511797,140.415993,3,-1,1,7,-88.46108330618574,91.54121585247424,-104.35249930618573,83.35403685247424,7.704236999999978,-0.0009066030000000001,1.2335506679810597,3.592703427398691,-140.36534696769513,3.7710026272339174,-10.66704504395601,133.99094037195192,0,1,1,1,1,2,2,1,1,1,1
1746000.0,101,-61.187754,-144.324228,20.306848,3.554763,102,-61.187763,-144.326882,-4.820953,0.218786,141.020892,3,-1,1,7,-90.40430958135298,89.59801586333862,-110.71115758135298,94.41896886333862,25.127800999999977,-0.0012930110000000002,1.2520597542992642,3.115813480883903,-141.0173809706366,-0.9951103747842843,-15.06585438809651,130.50961651782805,0,1,1,1,1,2,2,0,1,1,1
1747000.0,101,-61.187679,-144.324333,-26.145448,8.481453,102,-61.187675,-144.32689,-2.051507,3.971452,140.709072,3,-1,1,7,-89.81514483799641,90.18709561323645,-63.66969683799641,92.23860261323645,24.093940999999973,0.003752666,-3.5951941711300717,3.6447100339425207,-140.70833966527627,0.45397328382094465,17.29078825199416,100.4178785104587,0,0,1,1,0,2,2,1,0,1,1
1748000.0,101,-61.187634,-144.324361,-21.688382,5.777165,102,-61.18761,-144.326891,-1.331441,5.253159,140.041251,3,-1,1,7,-88.87349138252956,91.12872541002781,-67.18510938252956,92.46016641002781,20.356941000000006,0.001281707,-2.0129374732682837,0.116444506737448,-140.01418427144873,2.753213476248042,68.60345046193967,5.576157086764292,0,0,1,1,1,2,2,1,0,1,1
1749000.0,101,-61.187621,-144.324255,58.515329,4.100343,102,-61.187661,-144.326875,12.554807,0.978463,139.588973,3,-1,1,7,-91.8155799492812,88.18671570190827,-150.3309089492812,75.63190870190827,45.960522000000026,-0.004274696000000001,3.2839983594526463,1.186421395242302,-139.51889684465638,-4.422533939368322,-32.18253953140264,47.794088141588794,0,1,1,1,1,2,2,0,1,0,1
1750000.0,101,-61.187527,-144.324149,29.182493,10.394491,102,-61.187667,-144.32686,52.799608,0.517525,140.914366,3,-1,1,7,-96.11724040361015,83.88513498097079,-125.29973340361016,31.08552698097079,23.617114999999956,-0.000460938,4.656058118356167,8.762231759559965,-140.11198890007816,-15.016294870783996,-10.593299122836875,119.56672048662945,0,1,1,1,0,1,2,1,1,0,1
1751000.0,101,-61.187474,-144.324159,9.254906,6.567366,102,-61.18763,-144.326843,17.682458,1.863011,140.344442,3,-1,1,7,-96.87780743821646,83.12454428790896,-106.13271343821647,65.44208628790896,8.427551999999991,0.001345486,0.49033675837109236,4.706883811647501,-139.33449539005434,-16.806569985880085,-6.909428644011868,136.85187233803555,0,1,1,1,0,2,2,1,1,0,1
1752000.0,101,-61.187425,-144.324293,-40.810426,7.428158,102,-61.187561,-144.326839,6.281837,4.101465,141.007838,3,-1,1,7,-96.32576842924011,83.67646237973145,-55.515342429240114,77.39462537973145,47.092263,0.002238454,-5.303513711168759,1.5453570253606843,-140.14931214384498,-15.536430833410524,21.640568536257383,55.16323424974786,0,0,1,1,0,2,2,0,0,1,1
1753000.0,101,-61.187393,-144.324263,-3.270723,3.878271,102,-61.187472,-144.32685,1.005184,6.390374,141.868232,3,-1,1,7,-93.62669116276027,86.37557556910009,-90.35596816276026,85.3703915691001,4.275906999999961,0.0022889090000000004,-0.33337593753871836,-2.517436912455127,-141.5841223169797,-8.973937738604965,10.846999977737456,139.18065649520227,0,1,1,1,1,2,2,1,0,0,1
1754000.0,101,-61.187386,-144.324224,48.650269,1.91073,102,-61.187444,-144.326874,-3.836536,5.134611,142.985751,3,-1,1,7,-92.60136812955535,87.40095380253959,-141.25163712955535,91.23748980253959,52.486805000000004,-0.0012557630000000009,1.7779254291823954,-3.8607739087843713,-142.83840222639364,-6.489671674667441,-14.692155865215248,132.73535826086953,0,1,1,1,1,1,2,0,1,1,1
1755000.0,101,-61.187361,-144.324214,17.934415,2.634423,102,-61.18743,-144.326902,-11.022671,3.788843,142.109078,3,-1,1,7,-93.0500096800099,86.95234554747725,-110.9844246800099,97.97501654747725,28.957086000000004,-0.0013457679999999996,1.535629889105237,-1.2125295566277852,-141.90777676540645,-7.561279224420813,-55.93347510728171,93.91554174665337,0,1,1,1,0,2,2,1,1,1,1
1756000.0,101,-61.187299,-144.324251,-10.871491,6.376949,102,-61.187378,-144.326926,-11.586729,4.593898,141.408298,3,-1,1,7,-93.50775124145311,86.49459259413075,-82.6362602414531,98.08132159413076,0.7152379999999994,0.0008050550000000003,-0.2800469587952146,1.7622172422980666,-141.14337384622777,-8.651864686920895,7.692115852514208,140.75210878688316,0,0,1,1,0,2,2,1,0,0,1
1757000.0,101,-61.187252,-144.324279,-14.731002,5.576787,102,-61.187403,-144.326933,-23.371556,1.846891,141.812496,3,-1,1,7,-96.73392866591037,83.26839676920339,-82.00292666591037,106.63995276920339,8.640554000000009,-0.002747007,-0.6854252457124621,3.69812303440884,-140.83418645121992,-16.628768696841,2.6680574522301876,141.50804104303452,0,0,1,1,0,2,2,0,0,0,1
1758000.0,101,-61.187215,-144.324287,-9.660827,4.392496,102,-61.187415,-144.326938,-48.831757,0.776569,142.310573,3,-1,1,7,-98.8979398660129,81.10438294021056,-89.23711286601291,129.93613994021055,39.17093,-0.001070322,-0.15254302790861096,3.819009651305918,-140.5979261509355,-22.01186838149859,-6.870702333714139,141.70907315401658,0,0,1,1,1,2,2,0,1,0,1
1759000.0,101,-61.187164,-144.324337,-21.266063,5.863077,102,-61.187362,-144.32696,-16.722545,2.724519,142.921306,3,-1,1,7,-98.90288606478785,81.09941220659486,-77.63682306478785,97.82195720659486,4.543517999999949,0.0019479500000000002,-1.3425880340881324,2.854540621106338,-141.19940033099536,-22.118522891751606,12.177298204153349,137.1963284169356,0,0,1,1,0,2,2,1,0,1,1
1760000.0,101,-61.18715,-144.324348,-25.465122,2.385263,102,-61.187333,-144.326976,-16.026359,2.946213,143.532012,3,-1,1,7,-98.22267532101752,81.77962733092305,-72.75755332101753,97.80598633092305,9.438762999999994,0.00022169400000000028,-0.21218227254431532,-0.6781798196029185,-142.05646082036805,-20.528039554701344,107.2991251228679,130.22674896487388,0,0,1,1,0,2,2,0,0,1,1
1761000.0,101,-61.187109,-144.324371,-15.717465,4.334513,102,-61.187362,-144.326976,-48.470098,0.713071,144.28034,3,-1,1,7,-101.39462711040069,78.60765538886575,-85.67716211040069,127.07775338886574,32.752633,-0.002233142,-0.6403811142084296,3.6996683691328327,-141.43653201559576,-28.50480524257191,-1.6017139927668427,144.24042656659032,0,0,1,1,1,2,2,0,1,0,1
1762000.0,101,-61.187025,-144.32432,10.8006,8.689987,102,-61.187332,-144.327002,-27.450621,1.780789,145.145314,3,-1,1,7,-103.36181519502907,76.64053477014583,-114.16241519502907,104.09115577014583,38.25122099999999,0.001067718,2.4493458005881763,6.955759179098147,-141.216246415905,-33.54301602958497,-11.906273371065504,122.40901225985314,0,1,1,1,1,2,2,0,1,1,1
1763000.0,101,-61.18699,-144.324409,-32.187241,5.53954,102,-61.187313,-144.327028,-29.118316,2.07535,145.41926,3,-1,1,7,-104.35493544873228,75.64735931546137,-72.16769444873228,104.76567531546138,3.068924999999979,0.0002945609999999998,-1.940949752710639,2.875117683573433,-140.87904708841538,-36.05350566044364,13.616835549579632,136.94614041089324,0,0,1,1,0,2,2,1,0,0,1
1764000.0,101,-61.186952,-144.324429,-20.831531,4.535195,102,-61.187344,-144.327027,-109.483444,0.707783,145.487309,3,-1,1,7,-107.38503434331771,72.61724202055424,-86.55350334331771,-177.89931397944576,88.65191300000004,-0.0013675669999999997,-0.9455583569205273,4.474799835541408,-138.84121673281916,-43.47037630630563,-999,4557.511906589993,0,0,1,2,1,2,2,0,1,0,0
1765000.0,101,-61.186914,-144.324431,-6.973617,4.342984,102,-61.187413,-144.32699,176.346132,3.160755,145.296967,3,-1,1,7,-112.02948735627378,67.97275483635411,-105.05587035627377,-108.3733771636459,176.680251,0.002452972,-0.728722800052091,7.465185300762133,-134.68897201227037,-54.498526931256976,-999,7453.3154993174885,0,1,1,1,1,2,2,0,1,0,0
1766000.0,101,-61.186898,-144.324517,-58.347094,4.096379,102,-61.187425,-144.326984,174.504823,2.430094,144.939068,3,-1,1,7,-113.90594272967054,66.09621885257486,-55.558848729670544,-108.40860414742512,127.14808300000004,-0.000730661,-3.719723417465939,4.5685915557746455,-132.50502493656677,-58.73458775941514,35.877391895222466,222.64575970812785,0,0,1,1,0,2,2,1,0,1,0
1767000.0,101,-61.186828,-144.324604,-32.05339,8.17145,102,-61.187404,-144.326985,166.224619,0.596309,144.29354,3,-1,1,7,-116.6554059758677,63.34668025237972,-84.60201597586769,-102.87793874762028,161.72199100000006,-0.001833785,-4.47865508596528,7.504901759069004,-128.95814208975958,-64.73347877635639,-999,8742.615901173824,0,0,1,1,1,2,2,0,1,0,0
1768000.0,101,-61.186785,-144.324629,-23.286513,5.532539,102,-61.187329,-144.327029,-13.014193,2.976593,145.469236,3,-1,1,7,-115.18912238399356,64.81298049078919,-91.90260938399356,77.82717349078919,10.272320000000036,0.0023802839999999994,-1.516868588353974,2.1817182510103956,-131.63625656457404,-61.91279819301769,8.352537089125242,143.43907642772592,0,1,1,1,1,1,2,1,0,1,1
1769000.0,101,-61.186758,-144.324588,15.946494,3.526871,102,-61.187288,-144.327062,-16.199115,3.724271,146.772516,3,-1,1,7,-113.96625521583726,66.03591249687254,-129.91274921583727,82.23502749687253,32.14560899999998,0.0007476780000000001,2.007954215977695,-0.18525761717839684,-134.11850149079203,-59.61878068892946,-63.501130688459114,71.68834117715315,0,1,1,1,1,1,2,0,1,1,1
1770000.0,101,-61.186715,-144.32462,-11.947456,4.648734,102,-61.187164,-144.327177,-19.826808,8.019362,148.62036,3,-1,1,7,-110.01998261177805,69.98225782355003,-98.07252661177804,89.80906582355003,7.87935200000004,0.004295090999999999,1.7576363390105865,-2.9959591952138975,-139.6397191026162,-50.87986100091123,-7.3875807282820025,146.19288871782354,0,1,1,1,0,1,2,1,1,0,1
1771000.0,101,-61.18666,-144.324698,-29.199368,6.725163,102,-61.187086,-144.327275,-23.919674,8.757702,147.902228,3,-1,1,7,-108.93289812512192,71.06935983277307,-79.73353012512192,94.98903383277307,5.279694000000006,0.0007383400000000008,0.26998743298615,-2.134965438532854,-139.90060147813955,-47.98844395704827,16.012033568011212,144.88268450906563,0,0,1,1,0,2,2,1,0,1,1
1772000.0,101,-61.186669,-144.324699,-85.745167,0.979823,102,-61.187118,-144.327307,-39.941279,4.601056,150.146141,3,-1,1,7,-109.65877332152115,70.34351179881138,-23.913606321521158,110.28479079881137,45.80388799999997,-0.004156646,1.976765408687299,-3.4549469732461087,-141.39455111228122,-50.51182607022217,-7.7769312478264245,147.88226157490035,0,0,1,1,0,1,2,0,1,0,1
1773000.0,101,-61.1867,-144.324769,-133.841247,4.151451,102,-61.187071,-144.32741,-42.333643,5.64913,154.293498,3,-1,1,7,-106.25118347465782,73.7511305599681,27.590063525342188,116.08477355996811,91.50760400000001,0.0010480740000000006,0.8101050309325575,-7.051593851250305,-148.12855843704327,-43.17885709973651,21.797505556804957,199.25304769411065,1,0,1,1,0,1,2,0,0,0,1
1774000.0,101,-61.186655,-144.324675,36.580974,4.671135,102,-61.18702,-144.327546,-45.89904,6.866159,160.748674,3,-1,1,7,-104.77851995655243,75.22399560206394,-141.35949395655243,121.12303560206394,82.48001399999998,0.0012170289999999992,7.714490737677089,-1.0273371061623018,-155.4309610412171,-41.00429907414494,-18.94064114767448,61.17583855696646,0,1,1,1,1,1,2,1,1,1,1
1775000.0,101,-61.186668,-144.324675,128.599526,1.003497,102,-61.187009,-144.327702,-60.499148,6.959898,169.599868,3,-1,1,7,-103.15751572557868,76.84513651972415,128.2429582744213,137.34428451972414,170.90132600000004,9.373900000000024e-05,6.8417945321616225,-4.053362643916127,-165.14752466899353,-38.60583273705658,-16.583204339631184,117.77242918700476,1,1,1,1,0,1,2,0,1,0,1
1776000.0,101,-61.186658,-144.324749,-71.253047,2.780845,102,-61.187043,-144.327883,-84.54328,7.256086,180.659121,3,-1,1,7,-104.30109069370988,75.70165530493287,-33.048043693709886,160.24493530493288,13.290233,0.0002961879999999999,4.589890249503966,0.2037243234433651,-175.06068079437514,-44.625957023940025,-38.73143206847298,36.83541832787216,0,0,1,2,1,1,2,1,1,1,1
1777000.0,101,-61.186689,-144.324723,174.501885,2.781809,102,-61.187106,-144.328091,-104.506725,8.741827,193.478546,3,-1,1,7,-104.40901266609413,75.5939383637438,81.08910233390588,-179.89933663625618,80.99138999999997,0.001485741000000001,8.72965569813218,-0.5792388333405105,-187.39249067162524,-48.14563533861575,-21.34243353334959,60.51764630181878,1,0,1,2,0,1,2,0,1,0,1
1778000.0,101,-61.186675,-144.324697,53.446885,1.377333,102,-61.18722,-144.328303,-122.880094,11.149359,207.402901,3,-1,1,7,-107.41261936771009,72.59054019834703,-160.8595043677101,-164.52936580165297,176.326979,0.002407532,10.469745369218842,6.873089342169958,-197.89854728564353,-62.06551639556156,-17.10410581634214,58.597978731174905,0,1,2,2,1,1,2,0,1,1,1
1779000.0,101,-61.186682,-144.324727,-119.628116,0.977611,102,-61.187403,-144.328483,-139.874404,14.676468,221.632681,3,-1,1,7,-111.71884429681691,68.28444670184554,7.909271703183094,-151.84114929815445,20.246287999999993,0.003527108999999999,8.608683345447123,10.738820089703921,-205.8991794182825,-82.01568875602807,-14.21946985342302,109.3919964055618,1,0,0,1,0,1,2,1,1,0,1
1780000.0,101,-61.186656,-144.324802,-53.717174,3.898263,102,-61.187536,-144.328704,-140.762762,16.113603,235.283403,3,-1,1,7,-115.07860140566724,64.92481751959195,-61.36142740566724,-154.31242048040804,87.04558800000001,0.0014371350000000013,7.049970818735102,14.787407441324893,-213.10256936452774,-99.72750201171716,-15.701179002952598,167.42563384300476,0,0,1,1,1,1,2,0,1,0,1
1781000.0,101,-61.186655,-144.324835,-78.002922,2.214773,102,-61.187745,-144.328901,-147.658862,19.262971,255.163092,3,-1,1,7,-119.08608765678169,60.91747496840956,-41.08316565678169,-151.42366303159045,69.65593999999999,0.003149367999999999,8.138503332406842,16.735226240116738,-222.98454779731262,-124.04069881546327,-12.661302568062576,148.67138369905885,0,0,1,1,0,1,2,1,1,1,1
1782000.0,101,-61.186701,-144.324801,170.572928,4.231284,102,-61.187864,-144.329192,-142.089146,19.294905,271.741686,3,-1,1,7,-118.79340473661269,61.210442656396914,70.63366726338734,-156.7004113436031,47.33792599999995,3.1933999999999684e-05,12.548509488154153,11.04891684748971,-238.14412233190382,-130.88514395793675,-15.3560476864202,59.746652974349175,1,0,1,1,0,1,2,1,1,1,1
1783000.0,101,-61.186727,-144.324909,-128.505802,5.045745,102,-61.187998,-144.329425,-141.503671,19.349131,282.365416,3,-1,1,7,-120.28573121652332,59.718225704515966,8.220070783476672,-158.77810329548404,12.997869000000009,5.4225999999999884e-05,8.095623916042054,12.002109486072415,-243.82851439319055,-142.40043441528792,-18.424741543706737,123.13172588322261,1,0,0,2,1,1,2,1,1,0,1
1784000.0,101,-61.186756,-144.324978,-129.489712,4.937338,102,-61.188045,-144.329651,-134.424575,16.910343,286.237103,3,-1,1,7,-119.78652586254852,60.217568623478726,9.703186137451482,-165.35785637652128,4.934863000000007,-0.002438787999999999,8.266567013137873,8.69687908491641,-248.42011580529643,-142.19397032615592,-23.298179353914783,82.26673943235245,1,0,0,2,0,1,2,1,1,1,1
1785000.0,101,-61.186767,-144.32506,-110.000646,4.514372,102,-61.188231,-144.329657,-149.223849,17.194129,290.256412,3,-1,1,7,-123.45869260642706,56.54533529206292,-13.458046606427061,-154.23081570793707,39.223202999999984,0.0002837859999999992,4.555878133048469,13.228676669529882,-242.15614235436217,-160.02870813440825,-19.531691716789066,182.02849137360252,0,0,0,1,1,1,2,0,1,0,1
1786000.0,101,-61.186778,-144.325099,-116.219335,2.998977,102,-61.188243,-144.329823,-139.393194,13.585959,294.612365,3,-1,1,7,-122.76226942840627,57.24186974820984,-6.542934428406269,-163.36493625179017,23.173858999999993,-0.0036081699999999995,6.15220686961503,8.989404657609603,-247.7463575239445,-159.43082495085793,-26.860162911299444,116.33589581259737,0,0,0,2,0,1,2,1,1,1,1
1787000.0,101,-61.186806,-144.325069,172.204996,2.867321,102,-61.188231,-144.32999,-126.176151,11.005847,298.5915,3,-1,1,7,-121.00161281092633,59.002698977702615,66.79339118907365,-174.8211500222974,61.61885300000006,-0.0025801120000000016,9.272878994256649,3.65559226611804,-255.938541065721,-153.79319578381956,-28.34924039012208,50.63782959190792,1,0,1,2,0,1,2,0,1,1,1
1788000.0,101,-61.18688,-144.325193,-147.701048,8.702771,102,-61.188113,-144.330228,-90.402682,9.95186,301.352028,3,-1,1,7,-116.9382363096835,63.066175364938964,30.762811690316482,153.46885736493897,57.29836599999996,-0.0010539869999999993,5.301402639003836,-7.286262870490397,-268.65394643173306,-136.52143365189335,-15.31732552890039,310.9742663771286,1,0,1,1,1,1,2,1,1,0,0
1789000.0,101,-61.186919,-144.325203,-160.387546,5.122299,102,-61.187896,-144.330493,-54.679262,13.646231,301.963756,3,-1,1,7,-110.96980146888248,69.03483363319846,49.417744531117506,123.71409563319847,105.70828399999999,0.003694371,9.415015109625834,-12.71473552345374,-281.9644487054904,-108.06553383866861,-8.464335767957776,295.6944816629176,1,0,1,1,0,2,2,0,1,1,0
1790000.0,101,-61.186938,-144.325178,169.307697,2.556161,102,-61.187636,-144.330712,-37.469925,18.589808,299.45072,3,-1,1,7,-104.66823467230819,75.33661421724106,86.0240683276918,112.80653921724107,153.22237800000005,0.004943577000000001,11.783271372310235,-17.26600473632815,-289.6911089575765,-75.82740335424889,-5.8686193120688275,282.8808980754694,1,0,1,1,0,0,2,0,1,1,0
1791000.0,101,-61.187033,-144.325306,-152.711973,10.498792,102,-61.187357,-144.330836,-26.553717,22.449822,293.074052,3,-1,1,7,-96.93372930065343,83.07111607976042,55.778243699346575,109.6248330797604,126.158256,0.0038600139999999997,5.222576653904275,-29.41213043768205,-290.9306393510604,-35.38026345975862,-1.4012159299087246,293.7731136454965,1,0,1,1,1,0,2,1,1,0,0
1792000.0,101,-61.187034,-144.325349,-117.558726,3.377497,102,-61.187151,-144.330836,-19.114972,22.256761,284.204507,3,-1,1,7,-92.5357086569344,87.46909904217894,25.02301734306559,106.58407104217895,98.44375399999996,-0.00019306100000000015,4.294029709825383,-22.592222696664997,-283.9262260223234,-12.573781286214372,-2.218831717559322,281.4712970173385,1,0,1,1,1,0,2,1,1,1,0
1793000.0,101,-61.187094,-144.325315,175.58545,5.878947,102,-61.186801,-144.330792,-9.771221,27.346027,286.500279,3,-1,1,7,-83.66854049235006,96.33625843811954,100.74600950764994,106.10747943811954,174.64332899999994,0.0050892659999999985,5.093533432052771,-32.81083108767315,-284.75278590236223,31.595265276956873,-3.453877805516021,279.38205682860865,1,1,1,1,0,1,2,0,1,1,0
1794000.0,101,-61.187139,-144.325303,173.269905,5.172078,102,-61.186624,-144.330734,-5.789284,24.708699,284.209279,3,-1,1,7,-78.87143700761082,101.13332161480123,107.85865799238917,106.92260561480123,179.059189,-0.002637328,3.098500173343623,-29.71911295467137,-278.86516867805625,54.8555554876539,-4.247459412335367,275.12406491892096,1,1,1,1,0,0,2,0,1,1,0
1795000.0,101,-61.187143,-144.325338,-137.596622,1.7508,102,-61.186421,-144.330572,1.46207,23.919014,278.025457,3,-1,1,7,-74.03024239686077,105.97434361048629,63.566379603139225,104.51227361048629,139.05869199999998,-0.0007896849999999986,-1.7909424580378879,-25.204044814954134,-267.2956348634802,76.49312598520174,-2.5798204846815147,272.15780323835475,1,0,1,1,1,0,2,1,1,1,0
1796000.0,101,-61.187162,-144.325393,-128.262768,3.147826,102,-61.186254,-144.330308,11.219626,22.572647,267.04517,3,-1,1,7,-69.02965240186786,110.97465409608404,59.23311559813213,99.75502809608403,139.482394,-0.0013463670000000007,-6.863574644084297,-24.09060218650068,-249.35763835226095,95.57139224533631,-1.167482954727618,266.06139615065763,1,0,1,1,1,0,2,0,1,1,0
1797000.0,101,-61.187135,-144.325361,13.574755,2.258137,102,-61.186216,-144.330009,25.355507,17.89313,252.196575,3,-1,1,7,-67.69651145246893,112.30756110019213,-81.27126645246892,86.95205410019213,11.780752000000007,-0.004679517,-7.132422040807098,-13.974396124238972,-233.32889499915646,95.7117505858254,1.315620042084997,251.33559583351507,0,0,1,1,1,0,2,1,0,1,0
1798000.0,101,-61.187139,-144.325338,92.15931,1.038363,102,-61.186137,-144.329566,41.776646,18.347932,233.886193,3,-1,1,7,-63.81728856372243,116.18641598585884,-155.97659856372243,74.40976998585884,50.38266399999998,0.00045480200000000084,-11.186290551356006,-13.722050201104555,-209.88749322320612,103.19879584816792,3.0826029911692845,227.89595581251803,0,1,1,1,1,0,2,0,0,1,0
1799000.0,101,-61.187172,-144.32537,-163.173599,3.199471,102,-61.186141,-144.329097,61.089168,18.233732,212.655067,3,-1,1,7,-60.14703811399841,119.85622746274763,103.02656088600159,58.767059462747625,135.73723300000003,-0.0001142000000000003,-16.887479421313266,-11.877548701518718,-184.43695178772697,105.85456218806145,4.9994639698614725,193.14408346547054,1,1,1,1,0,0,2,0,0,1,1
1800000.0,101,-61.187151,-144.32547,-69.882763,4.386363,102,-61.186151,-144.328536,75.139753,20.811587,189.217314,3,-1,1,7,-55.913745061808115,124.08894135017685,13.969017938191882,48.949188350176854,145.022516,0.0025778549999999996,-24.234282479931764,-3.8287308774903988,-156.70879669290315,106.04501382166413,5.62072529364129,129.20109053821773,1,0,0,1,1,0,2,0,0,1,1
1801000.0,101,-61.187172,-144.325412,148.853402,2.063127,102,-61.186188,-144.327941,85.398496,23.768986,164.458984,3,-1,1,7,-51.086997476769355,128.91521841954173,160.05960052323064,43.516722419541736,63.45490599999994,0.0029573990000000025,-22.625262910320018,-3.6725894861453625,-127.96563750287498,103.30320922795693,4.854093346675182,122.48113176308532,1,1,2,1,0,0,2,1,0,1,1
1802000.0,101,-61.187159,-144.325349,71.409546,2.873887,102,-61.186357,-144.327497,103.929373,24.477492,139.676668,3,-1,1,7,-52.236062674277605,127.7658193931848,-123.64560867427761,23.8364463931848,32.51982700000002,0.0007085059999999998,-21.03375528542175,6.808559465486044,-110.42008071725495,85.53933222779523,6.079497849177726,47.47204078487236,0,1,1,1,1,0,2,1,0,1,1
1803000.0,101,-61.187159,-144.325215,88.293174,5.957873,102,-61.186555,-144.327124,118.343654,25.625532,117.25602,3,-1,1,7,-56.716537722513955,123.28513493606677,-145.00971172251394,4.9414809360667675,30.050479999999993,0.0011480399999999982,-16.598208231026835,12.343406900767741,-98.02202200574006,64.34794035667821,6.196357791918306,13.060713693770007,0,1,1,0,1,0,2,1,0,1,1
1804000.0,101,-61.187177,-144.325229,144.186807,1.972784,102,-61.186774,-144.326873,131.261993,25.955066,100.689628,3,-1,1,7,-63.04164220087733,116.95979826732058,152.77155079912268,-14.30219473267941,12.924814000000026,0.0003295339999999989,-18.35610573153653,15.51766043992389,-89.74831505097039,45.64691810287029,4.045061505195486,23.094265466181003,1,1,1,0,0,0,2,1,0,0,1
1805000.0,101,-61.187184,-144.325277,-122.478912,1.824957,102,-61.187047,-144.326783,147.586278,26.858299,94.611085,3,-1,1,7,-79.31168859970181,100.68963095495666,43.167223400298184,-46.89664704504334,89.93481000000003,0.0009032330000000001,-15.936340831368419,21.69378245075831,-92.96964444971377,17.54715406472033,2.6139748829344507,64.54813109965127,1,0,1,1,1,0,2,0,0,0,1
1806000.0,101,-61.187236,-144.32524,168.858544,5.091414,102,-61.187254,-144.32682,159.610951,24.363899,101.98037,3,-1,1,7,-91.35480963009084,88.64657476472088,99.78664636990914,-70.96437623527912,9.247592999999938,-0.002494399999999999,-7.504385638218449,17.842009827869244,-101.95186128534141,-2.4111917782298895,1.9070360574496616,94.91321877733012,1,1,1,1,0,1,2,1,0,0,1
1807000.0,101,-61.187274,-144.325118,131.288542,6.639455,102,-61.187461,-144.326985,174.449187,23.067276,119.554943,3,-1,1,7,-101.74119904372003,78.26043682236487,126.97025895627996,-96.18875017763513,43.16064499999993,-0.0012966230000000002,2.7575979468208773,18.578055271074223,-117.05346401797217,-24.328398161953523,-2.4882302636884854,112.3467239091182,1,1,1,1,0,1,2,0,1,0,1
1808000.0,101,-61.187336,-144.325142,175.520364,6.458131,102,-61.187736,-144.327156,-176.081422,26.187574,133.153237,3,-1,1,7,-112.39749105243297,67.60427361796266,72.08214494756703,-116.31430438203734,8.398214000000024,0.003120298000000002,2.2940377703000943,19.687949551231686,-123.10851891992702,-50.73536333682986,-3.262051743221571,116.40926734312313,1,0,1,1,1,1,2,1,1,0,1
1809000.0,101,-61.187361,-144.325124,166.676266,3.512126,102,-61.187903,-144.327433,-164.815345,23.955264,150.709881,3,-1,1,7,-115.96973580709259,64.03228734490646,77.3539981929074,-131.15236765509354,28.50838900000005,-0.0022323100000000017,7.083998917813877,19.701314351501203,-135.49202202844037,-65.99530436083154,-5.14953762539713,105.17004993296962,1,0,1,1,0,1,2,0,1,1,1
1810000.0,101,-61.187395,-144.325078,151.746057,4.235399,102,-61.188136,-144.327626,-162.504769,25.399973,163.488271,3,-1,1,7,-121.10905290489566,58.893179662376006,87.1448900951043,-138.60205133762398,45.74917399999998,0.0014447089999999995,9.640857247513347,20.494234672121863,-139.97628052678942,-84.46925857644894,-6.080578758393377,90.72125451966906,1,0,1,1,0,1,2,0,1,1,1
1811000.0,101,-61.187401,-144.32511,-151.198016,1.367612,102,-61.188371,-144.327729,-164.456827,25.917673,172.023118,3,-1,1,7,-127.54344722234484,52.45884755806538,23.654568777655157,-143.08432544193462,13.258811000000009,0.0005177000000000014,6.286120253416567,23.771408207647276,-136.39566638437145,-104.82449769975136,-5.5656954016873925,105.06635296380003,1,0,1,1,1,1,2,1,1,0,1
1812000.0,101,-61.187471,-144.325165,-160.848763,7.050959,102,-61.18853,-144.327785,-165.583891,22.954918,173.936494,3,-1,1,7,-129.98755172105157,50.014743938106584,30.861211278948417,-144.40136506189342,4.735128000000003,-0.0029627550000000014,3.4017495719373416,15.571410994183747,-133.26737251103407,-111.77527172419364,-8.725753639572547,106.35047861334715,1,0,1,1,0,1,2,1,1,0,1
1813000.0,101,-61.187528,-144.325228,-154.354113,7.095869,102,-61.188639,-144.327784,-168.045943,18.897189,174.152227,3,-1,1,7,-132.0487828183123,47.95345676538246,22.305330181687708,-144.00060023461754,13.691829999999982,-0.004057728999999999,0.8429756036588851,12.090556689500767,-129.32106287900262,-116.64073415794581,-10.828627097155584,121.03851957123307,1,0,0,1,1,2,2,0,1,0,1
1814000.0,101,-61.187555,-144.325222,-169.946539,3.661816,102,-61.188746,-144.327667,-177.372734,16.091217,171.995276,3,-1,1,7,-135.30743770157852,44.69470462455439,34.63910129842148,-137.9325613754456,7.426195000000007,-0.0028059720000000008,0.09836300939958087,12.468713119512454,-120.96469492498021,-122.26985543470082,-9.92373424952984,119.99752604967239,1,0,1,1,0,0,2,1,1,1,1
1815000.0,101,-61.187583,-144.325255,-155.590098,3.535074,102,-61.188886,-144.327325,161.814084,16.733339,167.175428,3,-1,1,7,-142.56252383635646,37.43928991365644,13.02757416364355,-124.37479408634357,42.59581800000001,0.0006421220000000005,-6.683409515347442,12.678406911342991,-101.62516070474783,-132.74016136315853,-4.92888979807138,151.80014168486753,1,0,0,1,1,0,2,0,1,0,1
1816000.0,101,-61.187654,-144.325309,-160.595214,7.49929,102,-61.18899,-144.32713,154.222097,15.827946,172.474302,3,-1,1,7,-146.70047724937203,33.301118326207856,13.89473675062797,-120.92097867379213,45.18268900000004,-0.0009053930000000001,-9.374881524075573,7.179560466808685,-94.69112656100911,-144.15608000009627,-1.0389830435473175,172.02297165156588,1,0,0,1,0,1,2,0,1,0,1
1817000.0,101,-61.18769,-144.325336,-158.589311,4.841613,102,-61.189167,-144.326769,146.491523,19.574427,181.013097,3,-1,1,7,-154.94106553233786,25.060190075679024,3.64824546766215,-121.43133292432097,54.91916599999996,0.0037464809999999994,-12.573698219746246,11.813756234213578,-76.668145502114,-163.9748052317736,-3.209391791011071,172.0036226342328,1,0,0,1,1,1,2,0,1,1,1
1818000.0,101,-61.187753,-144.325433,-147.675573,7.876334,102,-61.189329,-144.326486,144.2857,20.884487,188.207703,3,-1,1,7,-162.1519305637148,17.848992085744303,-14.4763575637148,-126.43670791425569,68.03872699999997,0.00131006,-16.402766886912826,10.301136092314826,-57.68453270516983,-179.14975343304943,-2.3799428881333258,182.3917275324209,0,0,0,1,1,1,2,0,1,0,1
1819000.0,101,-61.187786,-144.325451,-155.605071,4.609233,102,-61.189412,-144.326497,149.803709,16.345848,190.93152,3,-1,1,7,-162.77584140815193,17.225075108315462,-7.170770408151924,-132.57863389168455,54.591219999999964,-0.004538639,-10.125096106504488,9.930115088454343,-56.536887800299034,-182.36892730771544,-6.093523250206804,169.7914014306726,0,0,0,1,0,1,2,1,1,1,1
1820000.0,101,-61.187799,-144.325533,-116.169721,4.112831,102,-61.189468,-144.326447,149.902876,12.987851,188.289163,3,-1,1,7,-165.2160315629378,14.784769294025224,-49.04631056293779,-135.11810670597475,93.92740300000003,-0.003357997000000001,-10.204213835084984,9.422896167492235,-48.046729969717454,-182.0558173815317,-6.942536076621767,166.55026773703167,0,0,1,1,1,0,2,0,1,1,1
1821000.0,101,-61.187812,-144.325568,-123.182571,2.858742,102,-61.189488,-144.326404,146.597533,9.47932,184.733748,3,-1,1,7,-166.48358578041817,13.517146732155151,-43.30101478041817,-133.08038626784486,90.219896,-0.0035085309999999996,-7.611093173541233,6.3489511059555905,-43.17669590935248,-179.61717785467738,-8.726758831824656,165.65008019528977,0,0,1,1,0,0,2,1,1,1,1
1822000.0,101,-61.18788,-144.32568,-142.940531,8.315006,102,-61.189488,-144.326358,138.808809,6.656049,182.558474,3,-1,1,7,-168.51415394254423,11.486440128861025,-25.573622942544233,-127.32236887113898,78.25066000000001,-0.002823270999999999,-9.39448466328144,-1.62667707481355,-36.35211216712182,-178.90254433684746,7.00572085146132,170.0779144683289,0,0,1,1,0,0,2,1,0,0,1
1823000.0,101,-61.187859,-144.325816,-82.348191,6.714407,102,-61.18946,-144.326474,151.595848,2.299058,181.766531,3,-1,1,7,-168.79679283438367,11.20378371263787,-86.44860183438367,-140.39206428736213,126.05596100000002,-0.004356991000000001,-7.748253049860296,2.9163247965947923,-35.315284885953105,-178.30283913947622,-5.057735935556717,179.723016006535,0,0,1,1,1,2,2,0,1,0,1
1824000.0,101,-61.187791,-144.325874,-32.313095,7.712982,102,-61.189457,-144.326387,117.356158,2.486158,182.463052,3,-1,1,7,-171.55932162898463,8.441127867258448,-139.24622662898463,-108.91503013274155,149.66925299999997,0.00018710000000000005,-6.331064128990661,7.660987256396759,-26.782902376361644,-180.48667952359528,-55.95164327645118,454.704211743695,0,1,1,1,1,2,2,0,1,0,0
1825000.0,101,-61.187821,-144.325941,-115.057806,4.127532,102,-61.189434,-144.326527,-73.483115,0.839112,183.23892,3,-1,1,7,-170.0693730979235,9.931140361727925,-55.01156709792349,83.41425536172792,41.574691,-0.001647046,-2.934565707609996,-1.9867014127722533,-31.60058820964784,-180.49350300653668,66.8194936320712,171.27440053615558,0,0,1,1,0,2,2,1,0,1,1
1826000.0,101,-61.187832,-144.326064,-102.376596,5.962204,102,-61.189426,-144.326588,-73.377768,1.632202,184.082168,3,-1,1,7,-170.99794149007576,9.002517644504096,-68.62134549007575,82.3802856445041,28.998828000000003,0.00079309,-4.259646879940041,-1.744825133947997,-28.803327693646537,-181.81477632291782,27.524029219462545,160.378674863817,0,0,1,1,1,2,2,1,0,1,1
1827000.0,101,-61.187784,-144.326084,-29.401004,4.880289,102,-61.189432,-144.326514,75.525424,0.143426,184.963707,3,-1,1,7,-172.8331049196445,7.16727185104692,-143.4321009196445,-68.35815214895308,104.92642799999999,-0.0014887759999999998,-2.534700157441841,4.2158838140643935,-23.076068177891152,-183.51857667449136,-62.6478341051852,198.92831303186074,0,1,1,1,1,2,2,0,1,0,1
1828000.0,101,-61.187784,-144.326175,-80.959157,4.232757,102,-61.189439,-144.326462,103.941569,1.000237,185.108008,3,-1,1,7,-175.22284793516374,4.777403537364707,-94.26369093516374,-99.1641654626353,175.09927399999998,0.000856811,-5.15094362106049,0.9061184098170462,-15.41588071162157,-184.46497024533716,-3.397313224347791,184.3488896343109,0,1,1,1,0,2,2,0,1,1,1
1829000.0,101,-61.187785,-144.326381,-89.930805,9.165472,102,-61.189441,-144.326521,-125.686388,0.388497,185.132686,3,-1,1,7,-177.66696751636792,2.333155153163891,-87.73616251636791,128.01954315316388,35.75558299999997,-0.00061174,-8.849919452044508,0.2376980106355836,-7.536353052455055,-184.9792280453223,0.2947565295182392,185.11489178893248,0,0,1,1,0,2,2,1,0,0,1
1830000.0,101,-61.18777,-144.326448,-74.772041,5.346979,102,-61.189443,-144.326489,128.640374,0.403363,184.989898,3,-1,1,7,-179.32335493810308,0.6766809865420836,-104.55131393810308,-127.96369301345793,156.587585,1.4866000000000045e-05,-5.474297248711095,1.656309804424057,-2.1846214932427426,-184.97699800510784,-11.845503435006544,178.42666138615672,0,1,1,1,1,2,2,0,1,1,1
1831000.0,101,-61.18779,-144.326486,-118.878537,3.334704,102,-61.189442,-144.326437,96.360516,1.094957,184.656681,3,-1,1,7,179.18106456023892,-0.8189783740979438,-61.94039843976111,-97.17949437409794,144.760947,0.0006915939999999999,-4.0082355533948135,-1.4892061725314922,2.6392301956806805,-184.63781926222472,16.086256188457295,174.13610407569098,0,0,1,1,0,2,2,1,0,1,1
1832000.0,101,-61.187811,-144.326612,-111.138404,6.11007,102,-61.18943,-144.326678,-82.402498,3.28174,184.034125,3,-1,1,7,-178.87452826790079,1.1255295620245487,-67.73612426790079,83.52802756202455,28.735906,0.0021867830000000003,-2.44600517367789,-2.6373153176017703,-3.614784324489618,-183.9986209154923,98.88536397665582,250.32920843448827,0,0,1,1,1,2,2,1,0,0,0
1833000.0,101,-61.187752,-144.326654,-32.335937,6.040829,102,-61.189422,-144.326667,-73.704138,2.146898,184.706793,3,-1,1,7,-179.78505946465066,0.21495192608858765,-147.44912246465066,73.91908992608859,41.368201,-0.0011348419999999998,-1.1704855904129006,4.5016425967050395,-0.6929111391430204,-184.70549329810984,-132.08984193591252,438.34883178250556,0,1,1,1,1,2,2,0,1,0,0
1834000.0,101,-61.187723,-144.326708,-39.832482,4.681471,102,-61.189409,-144.326755,-72.826321,3.015577,184.401623,3,-1,1,7,-179.23032421619874,0.7697169656948133,-139.39784221619874,73.5960379656948,32.99383899999998,0.0008686789999999998,-0.11756874126134864,2.7045906664467463,-2.477061945925836,-184.38498509680818,-370.7808797868279,819.7211203981516,0,1,1,1,0,2,2,1,1,0,0
1835000.0,101,-61.187736,-144.32685,-96.133432,6.345784,102,-61.189393,-144.326835,-69.549827,3.542719,184.595448,3,-1,1,7,179.75004612254665,-0.2499670206113396,-84.11652187745335,69.29985997938866,26.583604999999977,0.000527142,-2.9900152088784315,-1.9158105920772264,0.8052984360498334,-184.59369143269657,49.72303623274352,174.13837964513812,0,0,1,1,0,2,2,1,0,1,1
1836000.0,101,-61.187708,-144.326946,-65.401868,6.028943,102,-61.189367,-144.327053,-72.783272,6.180364,184.043289,3,-1,1,7,-178.2197056076236,1.7803881468809986,-112.81783760762362,74.56366014688099,7.381404000000032,0.002637645,0.42161967251516863,0.6802474238624969,-5.717672712240933,-183.95445209261234,-866.0321984583843,541.6065966896966,0,1,1,1,1,2,2,1,1,0,0
1837000.0,101,-61.187683,-144.326971,-42.415316,3.729907,102,-61.189332,-144.327309,-72.536383,8.730738,183.853722,3,-1,1,7,-174.35863682554415,5.641659333437685,-131.94332082554416,78.17804233343769,30.121066999999982,0.0025503740000000007,5.81249688203839,0.13360175583285372,-18.073069516143423,-182.96326202688323,-3.855749572098251,182.49970232113623,0,1,1,1,1,2,2,0,1,1,1
1838000.0,101,-61.187668,-144.327031,-59.236647,3.520046,102,-61.189291,-144.32747,-68.415154,9.078038,182.493122,3,-1,1,7,-172.57324285560148,7.427141800482976,-113.33659585560147,75.84229580048297,9.178507000000025,0.00034729999999999885,5.416699276792113,-1.5391359883752156,-23.58882247045423,-180.96217016759132,4.640281072075584,180.51995713897145,0,1,1,1,0,0,2,1,0,1,1
1839000.0,101,-61.187628,-144.327174,-57.391129,7.588528,102,-61.189221,-144.327758,-64.983928,11.709711,180.653539,3,-1,1,7,-169.98076976542364,10.019741940802541,-112.58964076542364,75.00366994080255,7.592799000000014,0.002631673000000001,4.218873163360416,-0.8622474964611033,-31.42986782980896,-177.8984670013355,1.0773161542769283,180.58908725469763,0,1,1,1,0,0,2,1,0,0,1
1840000.0,101,-61.187548,-144.327124,0.994515,8.080063,102,-61.189113,-144.328107,-59.926954,15.184519,176.884192,3,-1,1,7,-163.15890408570007,16.841957227318815,-164.15341908570008,76.76891122731882,60.921469,0.0034748079999999994,13.280732339649514,0.46982743042820196,-51.246599533199685,-169.29797227308046,-4.35094695405055,167.381482735252,0,1,2,1,1,0,2,0,1,1,1
1841000.0,101,-61.187543,-144.327142,-20.978466,1.897114,102,-61.189018,-144.328179,-49.741589,13.457682,171.408795,3,-1,1,7,-161.2828745510287,18.71803407683884,-140.3044085510287,68.45962307683884,28.76312299999995,-0.0017268369999999997,9.59086413401128,-6.925474893938923,-55.00441264216124,-162.3437390022876,4.152181060705718,163.82298253976504,0,1,1,1,0,0,2,1,0,1,1
1842000.0,101,-61.187462,-144.327093,12.333147,8.040695,102,-61.188865,-144.328352,-40.135142,15.461312,164.25896,3,-1,1,7,-156.61350434576488,23.38759879901627,-168.94665134576488,63.522740799016276,52.46828899999997,0.0020036299999999993,11.683705390600588,-3.965444735050135,-65.1995667408221,-150.76479176880352,-1.03092415468859,163.72176434214384,0,1,2,1,1,0,2,0,1,1,1
1843000.0,101,-61.187378,-144.327039,15.630328,9.532447,102,-61.188635,-144.328657,-35.166752,20.830209,159.04349,3,-1,1,7,-148.1875014262001,31.813916274822112,-163.8178294262001,66.98066827482211,50.797079999999994,0.005368897,14.565649812691767,-7.848325842927348,-83.83837293016282,-135.15161462521652,-0.563676493027554,158.74801480759683,0,1,2,1,0,0,2,1,1,1,1
1844000.0,101,-61.187301,-144.326912,33.106715,10.317172,102,-61.188416,-144.32885,-30.106067,22.909204,156.050066,3,-1,1,7,-140.0490584994697,39.952639584996426,-173.15577349946972,70.05870658499643,63.212782000000004,0.002078994999999999,17.126551195712047,-11.176485988458577,-100.20465704365189,-119.62712821667357,-0.9134628374144045,154.94490908063864,0,1,2,1,1,0,2,0,1,1,1
1845000.0,101,-61.187246,-144.326818,38.475351,8.399708,102,-61.188221,-144.329053,-28.80247,23.463163,163.744234,3,-1,1,7,-132.1516134587616,47.85034485616109,-170.62696445876162,76.65281485616109,67.27782099999996,0.0005539590000000025,16.53046399652905,-13.984510253991026,-121.39532525656011,-109.88789366486526,-1.026520445216762,162.2999669304084,0,1,2,1,0,1,2,0,1,0,1
1846000.0,101,-61.187163,-144.326605,47.927344,13.063795,102,-61.188036,-144.329351,-31.875689,24.259244,182.105727,3,-1,1,7,-123.41229654641592,56.59010950548747,-171.33964054641592,88.46579850548747,79.80303300000003,0.0007960809999999974,22.507973591111913,-11.847159883870571,-152.0090593207785,-100.27832113976866,-3.606675485524691,159.5868341497785,0,1,2,1,1,1,2,0,1,1,1
1847000.0,101,-61.187156,-144.326476,74.829156,7.972736,102,-61.187796,-144.329697,-32.580411,27.178012,191.516597,3,-1,1,7,-112.40675371715892,67.59606852746722,172.7640902828411,100.17647952746722,107.40956700000004,0.002918768,22.329774440959397,-20.814736561781977,-177.05730625535313,-73.0021727625863,-2.913501328021956,174.37063768627854,1,1,2,1,0,1,2,0,1,0,1
1848000.0,101,-61.187174,-144.326451,113.418582,3.406668,102,-61.187615,-144.329943,-33.025972,26.079936,192.228682,3,-1,1,7,-104.6851083258601,75.31795136678674,141.8963096741399,108.34392336678675,146.44455400000004,-0.001098075999999999,17.34011080754814,-23.219998703994584,-185.9492772097961,-48.73122703781972,-2.8202110028477634,178.4016784704732,1,1,1,1,1,2,2,0,1,0,1
1849000.0,101,-61.187139,-144.326535,-37.291255,3.866042,102,-61.187421,-144.330091,-29.430718,25.024143,189.921837,3,-1,1,7,-99.34561102024423,80.65750474598146,-62.054356020244235,110.08822274598145,7.860536999999965,-0.0010557930000000013,9.953825147806857,-18.71909837048224,-187.4009583044394,-30.841287198045805,-2.900798811228357,179.94409938077703,0,0,1,1,1,0,2,1,1,0,1
1850000.0,101,-61.187167,-144.326474,141.500255,2.693676,102,-61.187213,-144.330119,-21.977774,24.038735,184.441629,3,-1,1,7,-91.50156520327064,88.50162854189325,126.99817979672935,110.47940254189325,163.47802900000005,-0.0009854079999999997,10.673265286891553,-24.39991878975622,-184.37829349716043,-4.833155827057336,-3.0993918588431613,171.36068048221736,1,1,1,1,0,0,2,0,1,1,1
1851000.0,101,-61.187177,-144.326389,109.077974,3.988289,102,-61.186942,-144.329996,-9.485587,25.522633,175.904004,3,-1,1,7,-82.30290124382442,97.70025920173356,168.61912475617558,107.18584620173355,118.56356099999999,0.001483898,7.975347826278303,-26.47725495687424,-174.31910593417518,23.559879658899494,-3.217442264303027,160.92736659175313,1,1,2,1,0,0,2,1,1,1,1
1852000.0,101,-61.187168,-144.326411,17.888399,0.666424,102,-61.18675,-144.329742,3.143669,23.843731,164.485014,3,-1,1,7,-75.40719757977499,104.59572103252876,-93.29559657977498,101.45205203252875,14.744730000000004,-0.0016789020000000008,-1.1028852056701735,-23.173643266452768,-159.17886366965502,41.44163596454147,-1.460059500211442,160.9689738687925,0,1,1,1,1,0,2,1,1,0,1
1853000.0,101,-61.187186,-144.326466,-127.256965,2.595555,102,-61.186612,-144.329512,13.012264,21.184959,163.294177,3,-1,1,7,-68.64585323828003,111.35681565624193,58.61111176171997,98.34455165624193,140.269229,-0.002658771999999999,-6.835873093047738,-22.21229432286411,-152.08362758152052,59.46056225560518,-0.6260719674761949,162.86398756569963,1,0,1,1,0,0,2,0,1,0,1
1854000.0,101,-61.187196,-144.326472,-146.379124,1.457622,102,-61.186333,-144.329219,18.508401,25.949893,172.822927,3,-1,1,7,-56.903065620712766,123.099341287922,89.47605837928722,104.590940287922,164.88752499999998,0.004764934,-9.044708076740525,-25.821480145522365,-144.78205016346234,94.37119288910147,-1.6540796504544988,167.88845591220905,1,0,1,1,0,1,2,0,1,0,1
1855000.0,101,-61.187179,-144.326446,28.230182,1.666444,102,-61.186127,-144.329134,16.440459,25.011903,191.174033,3,-1,1,7,-50.92319515064485,129.07916005993346,-79.15337715064484,112.63870105993345,11.789723000000038,-0.0009379899999999992,-6.290585825838236,-22.521047566933824,-148.40871936891702,120.50876693736072,-3.2737710717972255,175.35754267179618,0,0,1,1,1,1,2,1,1,0,1
1856000.0,101,-61.187196,-144.326387,119.393403,2.86435,102,-61.185855,-144.329059,13.088046,27.037168,215.36489,3,-1,1,7,-43.84173380701197,136.16060738165257,-163.23513680701197,123.07256138165256,106.30535700000001,0.002025265000000001,-3.6268920358512355,-27.74066264106532,-149.17652157720505,155.3331943109321,-5.655064968086046,169.69383835934187,0,1,2,1,1,1,2,0,1,1,1
1857000.0,101,-61.187187,-144.32639,44.748667,0.857872,102,-61.185683,-144.329262,2.221265,23.735364,242.586792,3,-1,1,7,-42.62588368185388,137.37663274329242,-87.37455068185388,135.15536774329243,42.527401999999995,-0.0033018040000000006,-0.3160109647542122,-23.10826705204618,-164.28182212298918,178.4932339692511,-7.708267861595682,166.71812658601883,0,0,1,1,0,1,2,1,1,1,1
1858000.0,101,-61.187214,-144.326349,143.997524,2.94992,102,-61.185498,-144.329523,-8.829283,22.889794,270.578115,3,-1,1,7,-41.71717509487432,138.28560593829093,174.28530090512567,147.11488893829093,152.82680699999997,-0.0008455700000000022,5.247397335244629,-25.0050118777244,-180.05732641001873,201.96998668868898,-11.52407150464551,147.40908388575323,1,1,2,1,0,1,2,0,1,1,1
1859000.0,101,-61.18724,-144.326335,160.043074,3.015654,102,-61.185365,-144.329909,-23.045602,21.709873,297.466801,3,-1,1,7,-42.574821338333436,137.42831016998326,157.38210466166657,160.47391216998327,176.9113240000001,-0.0011799209999999968,9.527909617426541,-22.811848103000084,-201.2518858909982,219.05290713088064,-14.309912550479481,125.47559097253315,1,1,1,2,1,1,2,0,1,1,1
1860000.0,101,-61.187287,-144.326335,176.39342,4.882207,102,-61.185163,-144.330165,-25.6295,23.097394,321.554188,3,-1,1,7,-40.994892033230855,139.00846377765842,142.61168796676915,164.63796377765843,157.97708,0.0013875209999999996,10.297894126567886,-25.697377813464524,-210.93689238104895,242.69883240956295,-15.923755929184807,172.9944261641189,1,1,1,2,1,1,2,1,1,0,1
1861000.0,101,-61.18735,-144.32639,-162.871487,6.913286,102,-61.185178,-144.330738,-49.371522,20.708653,341.140856,3,-1,1,7,-43.97599062152338,136.02781905764448,118.89549637847662,-174.60065894235552,113.49996499999997,-0.0023887409999999993,13.680712834921609,-20.091128945710885,-236.8734988371729,245.495476905479,-22.230781018131484,212.093255482925,1,1,1,2,1,1,2,1,1,0,0
1862000.0,101,-61.187377,-144.326471,-134.019281,5.160535,102,-61.185178,-144.331216,-63.554191,20.556224,355.681489,3,-1,1,7,-46.124843118921916,133.879314408724,87.89443788107809,-162.56649459127598,70.46509,-0.00015242900000000148,14.694166431651167,-12.740796344578914,-256.393605635591,246.5190471473516,-22.77907693619814,89.69414362145231,1,0,1,2,1,1,2,1,1,1,1
1863000.0,101,-61.187413,-144.326531,-139.864662,5.239571,102,-61.185293,-144.331746,-83.978915,21.206694,365.109191,3,-1,1,7,-49.85573799381472,130.1488313470006,90.00892400618528,-145.8722536529994,55.88574699999998,0.0006504699999999986,17.712301576199945,-6.2302420424226295,-279.09807333799495,235.39113579677056,-19.7741997063753,132.85104307595722,1,1,1,1,0,1,2,1,1,0,1
1864000.0,101,-61.18748,-144.326613,-149.318053,8.024355,102,-61.185545,-144.332305,-107.262349,24.564767,369.098996,3,-1,1,7,-54.805234989419674,125.19975230254576,94.51281801058032,-127.53789869745424,42.05570399999999,0.003358073000000001,19.36366843626803,0.3884804797341186,-301.6267997703863,212.73303107059635,-15.2788369522225,218.74473921766096,1,1,1,1,0,1,2,1,1,0,0
1865000.0,101,-61.187516,-144.326645,-152.016976,5.090058,102,-61.185808,-144.332729,-121.285593,27.243145,367.515877,3,-1,1,7,-59.78221860998005,120.22311215738995,92.23475739001995,-118.49129484261005,30.731382999999994,0.0026783779999999986,20.893398130518957,9.652518487639497,-317.57732393268014,184.96638389403805,-8.856954610616024,301.1821487243159,1,1,1,1,1,0,2,1,1,0,0
1866000.0,101,-61.187547,-144.326643,-169.996834,3.629837,102,-61.186101,-144.333019,-133.095674,29.152345,361.705278,3,-1,1,7,-64.8030793338464,115.20250729104403,105.19375466615361,-111.70181870895595,36.901160000000004,0.001909200000000002,20.656934372471095,16.342768786757972,-327.28899709231183,153.9890272563795,-5.963564000162638,323.8580238095416,1,1,1,1,0,0,2,0,1,0,0
1867000.0,101,-61.187549,-144.326637,173.686687,0.789739,102,-61.18643,-144.333166,-144.694484,30.793731,351.867732,3,-1,1,7,-70.42675365994252,109.57896703200926,115.88655934005749,-105.72654896799077,41.618829000000005,0.0016413860000000008,17.883655523466395,24.345258609763633,-331.53469819094016,117.8797892696879,-3.3400124037872296,336.9790201527973,1,1,1,1,0,0,2,0,1,0,0
1868000.0,101,-61.187597,-144.326605,164.890054,4.795395,102,-61.186619,-144.333072,-153.667976,26.632115,339.038406,3,-1,1,7,-72.58171780074804,107.42394857341095,122.52822819925197,-98.90807542658905,41.441970000000026,-0.0041616160000000025,13.063291256278042,19.23912501404302,-323.4917526434201,101.4895399275667,-4.154593180655768,324.641704840576,1,1,1,1,0,0,2,1,1,1,0
1869000.0,101,-61.187635,-144.326506,135.840688,5.991109,102,-61.186789,-144.332828,-166.774314,22.908556,324.305848,3,-1,1,7,-74.48488128082197,105.52065805010861,149.67443071917802,-87.70502794989136,57.384997999999996,-0.0037235589999999982,9.414927806843085,18.002884790483733,-312.48811147025265,86.74942787565863,-3.584059265517262,317.1465590695657,1,1,1,1,0,0,2,0,1,1,0
1870000.0,101,-61.187751,-144.326457,165.028104,11.887938,102,-61.186964,-144.332495,177.542611,21.433518,312.03685,3,-1,1,7,-74.86919668793877,105.13609380983306,120.10269931206122,-72.40651719016694,12.51450699999998,-0.0014750380000000014,2.152200278194516,9.92943325897722,-301.219293508588,81.44895933104125,1.61544951979775,311.63754340341853,1,1,1,1,1,0,2,1,0,1,0
1871000.0,101,-61.18784,-144.326211,134.668312,14.561357,102,-61.187152,-144.332128,164.301159,22.083816,303.191629,3,-1,1,7,-76.43849275245903,103.56669173200652,148.89319524754097,-60.734467267993494,29.63284699999997,0.0006502979999999993,4.380407557977659,11.023372741201428,-294.7382691018377,71.09512376053891,-5.123995759023048,300.69898770595177,1,1,1,1,0,0,2,0,1,1,0
1872000.0,101,-61.187884,-144.325986,116.366765,12.938426,102,-61.187489,-144.331777,160.370209,28.187804,296.977056,3,-1,1,7,-81.94696270009524,98.05811139219857,161.68627229990477,-62.31209760780142,44.003443999999945,0.006103988000000001,2.1229865168443816,20.803454755356242,-294.0485104171723,41.603429087868,0.7953388232505036,296.79666534302845,1,1,2,1,0,0,2,0,0,1,0
1873000.0,101,-61.187887,-144.325816,96.734586,9.907229,102,-61.187584,-144.331344,148.150221,25.123748,290.215083,3,-1,1,7,-83.51397070369954,96.49087294951961,179.75144329630047,-51.659348050480375,51.41563500000001,-0.0030640560000000008,-3.418781285197909,20.179156503304664,-288.35754076186424,32.78296945773366,6.045095736238603,282.16181663099076,1,1,2,1,0,0,2,0,0,1,0
1874000.0,101,-61.187815,-144.325411,70.647938,19.522442,102,-61.187726,-144.330971,142.24213,24.693113,289.355723,3,-1,1,7,-88.10011129488353,91.90476039840314,-158.74804929488351,-50.33736960159686,71.59419199999996,-0.00043063499999999877,3.29919651231606,25.991697905784406,-289.19665847107154,9.593078860258727,-6.016645030602968,316.378840390223,0,1,2,1,1,2,2,0,1,0,0
1875000.0,101,-61.187808,-144.325178,82.889075,14.297644,102,-61.188002,-144.330677,146.578965,27.814944,297.018027,3,-1,1,7,-94.18913901069936,85.81567924033614,-177.07821401069936,-60.76328575966387,63.68989000000005,0.0031218310000000003,-1.132443589788119,24.985538866122376,-296.2244965131495,-21.696912879573176,-0.7297708168322007,297.0711081056448,0,1,2,1,1,1,2,1,1,1,0
1876000.0,101,-61.187815,-144.324991,91.891335,11.256827,102,-61.188256,-144.330395,148.452141,29.205365,296.149641,3,-1,1,7,-99.61308537195882,80.391649645614,168.49557962804118,-68.06049135438602,56.56080599999996,0.001390421,-4.029861768903771,24.51739145540108,-291.99108530456647,-49.45519150797279,-0.0915739295161571,296.1473025984227,1,1,2,1,0,2,2,1,1,1,0
1877000.0,101,-61.187828,-144.324826,97.680078,9.624026,102,-61.188468,-144.330083,147.33475,29.073079,287.428081,3,-1,1,7,-104.17930086533505,75.82530535485064,158.14062113466497,-71.50944464514937,49.654672000000005,-0.00013228600000000058,-6.153912507993743,23.1886606240475,-278.6712707418481,-70.40756074787835,0.19701600217777232,287.41055920402846,1,1,2,1,1,0,2,1,0,1,0
1878000.0,101,-61.187841,-144.324669,99.554458,8.881269,102,-61.188479,-144.32978,136.725299,23.134232,276.675217,3,-1,1,7,-104.5236323670638,75.48084592747907,155.9219096329362,-61.24445307252094,37.170840999999996,-0.005938846999999999,-7.1003746351110415,15.36931062487902,-267.83386279408546,-69.38441930863215,3.9795389809460886,272.83697859309376,1,1,1,1,1,0,2,1,0,1,0
1879000.0,101,-61.187789,-144.324522,60.357389,9.380495,102,-61.188554,-144.329388,129.053166,22.27821,265.815473,3,-1,1,7,-108.06913047210703,71.93513315207596,-168.42651947210703,-57.11803284792404,68.69577700000002,-0.0008560219999999994,-9.14755919363853,18.675675071881603,-252.70624555650582,-82.44646228279724,3.2785772244102436,265.037569160814,0,1,2,1,1,0,2,0,0,1,0
1880000.0,101,-61.187727,-144.324279,60.580527,13.393733,102,-61.188698,-144.328945,127.554276,24.11114,263.027218,3,-1,1,7,-113.3569393337376,66.64714905066451,-173.9374663337376,-60.90712694933549,66.973749,0.0018329299999999976,-7.448170691551002,21.275045206796463,-241.47288530466983,-104.27925523064157,-2.1599882888105304,264.0822653285045,0,1,2,1,1,0,2,1,1,1,0
1881000.0,101,-61.187685,-144.324152,58.900503,9.571163,102,-61.18886,-144.328537,128.479886,25.449567,270.458451,3,-1,1,7,-119.07636064027098,60.92748153197534,-177.97686364027098,-67.55240446802466,69.57938299999995,0.0013384269999999995,-11.72708393255507,20.77948772823172,-236.37333056367535,-131.43600083521588,0.11900119920865998,270.45540499119414,0,1,2,1,1,1,2,0,0,0,0
1882000.0,101,-61.187675,-144.323954,80.140849,10.092011,102,-61.189029,-144.3281,128.800749,26.844731,269.610267,3,-1,1,7,-124.12524409116399,55.87838867016324,155.733906908836,-72.92236032983675,48.65989999999999,0.0013951640000000013,-10.977929456824855,18.54930622587895,-223.18694890998745,-151.25237818977243,-1.1277139020142575,269.2187577030169,1,1,1,1,0,2,2,1,1,1,0
1883000.0,101,-61.187632,-144.323825,60.780053,8.937671,102,-61.189141,-144.327659,125.307265,26.603329,260.967765,3,-1,1,7,-129.23951091549654,50.76384846988337,169.98043608450345,-74.54341653011663,64.52721200000002,-0.00024140200000000078,-13.909655529498323,19.73873443177892,-202.12174174710728,-165.0786960277155,-1.1316123645329086,260.45958037332986,1,1,2,1,0,0,2,0,1,1,0
1884000.0,101,-61.187617,-144.323614,78.607169,10.546317,102,-61.189125,-144.3273,114.471081,23.112574,250.40707,3,-1,1,7,-130.32981171824045,49.67341798771219,151.06301928175955,-64.79766301228781,35.86391200000003,-0.003490755,-10.697870899579947,11.657275151161059,-190.89324575676784,-162.06007969401702,0.8735044884873053,250.2548019564014,1,1,1,1,1,0,2,1,0,1,0
1885000.0,101,-61.187573,-144.323527,54.825576,7.667089,102,-61.189072,-144.32692,101.699592,21.310728,240.521509,3,-1,1,7,-132.51326963244048,47.489703342967495,172.6611543675595,-54.2098886570325,46.87401599999998,-0.0018018459999999976,-14.600886878181518,8.738157064569789,-177.29341943947205,-162.53504149904575,4.922385609093353,231.0057779215248,1,1,2,1,0,0,2,0,0,1,0
1886000.0,101,-61.187481,-144.323368,40.393283,12.24833,102,-61.189077,-144.326467,97.872974,22.072451,239.461987,3,-1,1,7,-136.90136216421627,43.10135320481251,-177.29464516421626,-54.77162079518749,57.479691,0.000761723,-13.927107285354097,12.351928147954636,-163.6139386291401,-174.84999944022917,0.5647773406814453,239.41227154974402,0,1,2,1,1,0,2,0,0,0,0
1887000.0,101,-61.187369,-144.32316,40.556788,15.795825,102,-61.189163,-144.325936,102.521404,24.380487,248.671011,3,-1,1,7,-143.28807916830277,36.71435318502515,176.15513283169724,-65.80705081497484,61.964616000000035,0.0023080359999999977,-13.53013168658232,17.286860770510245,-148.65352849608675,-199.3474358436176,-6.666041209488653,253.22381242160813,1,1,2,1,0,1,2,0,1,0,0
1888000.0,101,-61.187301,-144.322998,47.818106,12.322349,102,-61.18915,-144.325652,97.963681,21.546385,251.140134,3,-1,1,7,-145.32748082815917,34.67484462695153,166.85441317184083,-63.28883637304846,50.14557500000001,-0.002834101999999998,-12.207525610438246,11.259442019815046,-142.86988834454624,-206.54191320396654,-3.5582242589862596,249.85059782222143,1,1,2,1,1,1,2,1,1,1,0
1889000.0,101,-61.187277,-144.32288,63.776502,7.983033,102,-61.189161,-144.325245,96.319968,21.634766,244.46637,3,-1,1,7,-148.82813204296002,31.173940188026528,147.39536595703999,-65.14602781197348,32.54346600000002,8.838099999999827e-05,-14.341886905137397,5.909063442661237,-126.5374960291471,-209.16995042225946,2.697434156382132,241.64439233479646,1,1,1,1,1,0,2,1,0,1,0
1890000.0,101,-61.187206,-144.322769,40.864738,9.595152,102,-61.189179,-144.324634,95.196309,24.869252,235.767521,3,-1,1,7,-155.50900572031182,24.492628406474942,163.62625627968816,-70.70368059352506,54.331571,0.0032344860000000004,-18.489172264442818,9.508762927386105,-97.73747541319142,-214.55467801551484,-0.6565134760446938,235.51351319294366,1,1,2,1,0,0,2,0,1,1,0
1891000.0,101,-61.187163,-144.322766,20.269233,5.513445,102,-61.189127,-144.324099,88.818628,25.922806,227.807635,3,-1,1,7,-161.88779697732568,18.113371006570823,177.8429700226743,-70.70525699342917,68.549395,0.001053554000000002,-24.007262227079483,4.637565376269374,-70.82057928117923,-216.51966218930656,1.211851513459062,226.024818665394,1,1,2,1,0,0,2,0,0,1,0
1892000.0,101,-61.187019,-144.322697,12.620153,14.635055,102,-61.18903,-144.323569,81.247697,26.982845,221.306909,3,-1,1,7,-168.19685711733584,11.8039069342796,179.18298988266417,-69.4437900657204,68.627544,0.0010600389999999998,-23.471078586312462,10.175677973632496,-45.26827202039438,-216.62763332368715,-2.147229313366327,217.00348104994865,1,1,2,1,0,0,2,0,1,1,0
1893000.0,101,-61.186842,-144.322773,-6.206421,18.972393,102,-61.188882,-144.322987,73.17482,29.291804,212.807793,3,-1,1,7,-177.10589078141433,2.8942967263675503,-170.89946978141433,-70.28052327363244,79.38124099999999,0.002308958999999998,-30.08901163926144,10.382607558182745,-10.744720361427177,-212.5363680547063,-2.1540731585437785,204.63210570126088,0,1,2,1,1,0,2,0,1,1,0
1894000.0,101,-61.186729,-144.322847,-14.084312,14.030703,102,-61.188671,-144.322814,58.491608,26.389787,201.405959,3,-1,1,7,179.530799098623,-0.4692298160843119,-166.384888901377,-58.960837816084315,72.57592,-0.0029020170000000007,-25.91333627403833,-0.1829997766207061,1.6493152217696176,-201.3992057581383,-0.008745947391764746,201.40583104334124,0,1,2,1,0,0,2,1,1,1,0
1895000.0,101,-61.186631,-144.322971,-27.026036,12.697428,102,-61.18843,-144.322689,43.923274,25.636488,187.486817,3,-1,1,7,175.67982939997825,-4.320417688939845,-157.29413460002175,-48.24369168893985,70.94930999999997,-0.0007532989999999984,-23.553541914020922,-7.154306948472648,14.12333966512206,-186.95410620121476,1.616994114799844,182.99161004282934,0,1,1,1,0,0,2,1,0,1,1
1896000.0,101,-61.186555,-144.323128,-40.833593,11.77471,102,-61.188166,-144.322525,33.915154,27.030829,171.355285,3,-1,1,7,169.77445023921342,-10.226078109631375,-149.39195676078657,-44.141232109631375,74.74874700000004,0.0013943410000000008,-22.78130895008855,-13.523047112355753,30.419607506590765,-168.6335707282989,2.299983552476318,160.54048378919163,0,1,1,1,0,0,2,0,0,1,1
1897000.0,101,-61.186473,-144.323279,-41.172385,12.102018,102,-61.187915,-144.322653,18.746184,25.821849,158.621682,3,-1,1,7,168.18310845736679,-11.817440043196152,-150.64450654263322,-30.56362404319615,59.91856899999999,-0.0012089800000000003,-16.265614864935436,-15.342459823851703,32.483281794704915,-155.26002191277354,3.995928677123624,135.38595344277448,0,1,1,1,1,0,2,1,0,1,1
1898000.0,101,-61.186324,-144.323362,-19.610412,16.323558,102,-61.187689,-144.323026,-1.511098,24.760518,150.192306,3,-1,1,7,173.23451666705301,-6.765777735276899,-167.155071332947,-5.254679735276898,18.099313999999993,-0.0010613309999999991,-4.825608388950519,-9.375173038997325,17.693518026872397,-149.14646560153673,12.826602877513682,84.67248227648722,0,1,2,0,1,0,2,1,0,1,1
1899000.0,101,-61.186235,-144.323423,-19.697225,11.512218,102,-61.187505,-144.323376,-15.660612,23.979017,148.405014,3,-1,1,7,178.9781950789845,-1.0218461022372662,-161.3245799210155,14.638765897762735,4.0366129999999885,-0.0007815010000000023,2.5926726221859178,-12.250254885480295,2.646493980472208,-148.38141477271174,11.865278903899691,28.278948353798913,0,1,2,0,0,0,2,1,0,1,1
1900000.0,101,-61.186091,-144.323451,-8.245896,15.385666,102,-61.187351,-144.323741,-27.337203,23.424027,149.499107,3,-1,1,7,-173.6703808479108,6.329873248649695,-165.4244848479108,33.66707624864969,19.091306999999972,-0.0005549900000000001,8.550293861481274,-5.581410010274551,-16.481996420797703,-148.58777469153463,6.094097781915332,133.53496254633993,0,1,2,1,1,1,2,0,0,0,1
1901000.0,101,-61.185962,-144.323314,17.807095,15.271373,102,-61.187186,-144.324182,-37.030376,24.873495,149.938351,3,-1,1,7,-161.13090711719636,18.869853418926816,-178.93800211719636,55.90022941892681,54.837470999999994,0.0014494679999999995,19.64995997645181,-5.3171725648208366,-48.49111578506934,-141.88065685821377,-0.4648721073382872,149.62138660438902,0,1,2,1,1,2,2,0,1,0,1
1902000.0,101,-61.18586,-144.323269,14.590693,12.189143,102,-61.186993,-144.324643,-41.524228,27.403973,147.928503,3,-1,1,7,-149.69521048475912,30.30599340380863,-164.2859034847591,71.83022140380862,56.11492099999998,0.0025304780000000022,21.23769255592928,-8.720637677790435,-74.64469239390762,-127.71457198471882,-0.8567387183218529,146.498370551344,0,1,2,1,0,0,2,0,1,1,1
1903000.0,101,-61.185747,-144.323284,1.35053,12.547684,102,-61.186785,-144.325036,-41.66268,28.795854,147.965284,3,-1,1,7,-140.87283089021525,39.12870419664057,-142.22336089021525,80.79138419664056,43.013210000000015,0.001391880999999998,19.437604399938962,-8.968358430844143,-93.37256476787047,-114.78366354961184,-1.6140229270814246,143.35904460569998,0,1,1,1,0,2,2,1,1,1,1
1904000.0,101,-61.185692,-144.323194,26.595747,7.923681,102,-61.186611,-144.325377,-42.35075,28.034353,156.855974,3,-1,1,7,-131.1370545327191,48.86485819057557,-157.7328015327191,91.21560819057557,68.94649700000002,-0.0007615009999999991,22.433203421310992,-13.633102851477947,-118.1342093939471,-103.18965621783869,-1.7614190539358328,149.5385059765026,0,1,2,1,1,1,2,0,1,0,1
1905000.0,101,-61.185631,-144.323111,31.302725,8.069618,102,-61.186525,-144.32567,-47.408003,24.283015,173.062678,3,-1,1,7,-125.93773440726476,54.06450776192558,-157.24045940726475,101.47251076192558,78.71072800000002,-0.0037513380000000003,22.069600982031915,-9.53913549541996,-140.12111205821213,-101.57147469689332,-3.5886019354161087,148.8426330142325,0,1,1,1,2,1,2,0,1,1,1
1906000.0,101,-61.185579,-144.323124,6.66239,5.960747,102,-61.186378,-144.326032,-48.241089,24.644319,181.783012,3,-1,1,7,-119.68777534910957,60.31477260790362,-126.35016534910957,108.55586160790362,54.903479000000004,0.0003613040000000005,19.075082077919344,-10.49256531592481,-157.92166593038252,-90.03227688759631,-4.182070202019386,155.04783978374334,0,1,1,1,0,1,2,1,1,0,1
1907000.0,101,-61.185542,-144.32311,9.22427,4.552849,102,-61.186168,-144.326371,-43.964917,26.411752,185.029473,3,-1,1,7,-111.71851356864644,68.2843436795701,-120.94278356864645,112.2492606795701,53.189187000000004,0.0017674330000000005,19.065326380119835,-14.516281443290893,-171.89479494990206,-68.46959433054099,-3.857749216166351,158.63344443585126,0,1,1,1,0,1,2,1,1,0,1
1908000.0,101,-61.18551,-144.323219,-47.343387,5.430888,102,-61.18605,-144.326539,-42.552651,22.847769,182.587378,3,-1,1,7,-108.64942872641754,71.3534802146987,-61.30604172641754,113.9061312146987,4.790736000000038,-0.003563983,11.45717538985389,-13.150964956735987,-173.0002430193963,-58.387211957283135,-4.047525874901363,168.7973769929712,0,0,1,1,0,0,2,1,1,0,1
1909000.0,101,-61.185478,-144.323206,-9.77334,3.626294,102,-61.185781,-144.326694,-31.410106,25.42637,180.644354,3,-1,1,7,-100.21863320607767,79.78442293019278,-90.44529320607766,111.19452893019277,21.636765999999966,0.002578600999999999,12.6356445445395,-18.1266958718995,-177.77896712498318,-32.04717585141406,-3.351562761808587,164.1738764275881,0,1,1,1,1,0,2,0,1,1,1
1910000.0,101,-61.185451,-144.323237,-23.811065,3.446755,102,-61.185582,-144.326759,-25.089574,24.148086,178.822238,3,-1,1,7,-94.41440127174518,85.58868465129693,-70.60333627174518,110.67825865129693,1.2785089999999855,-0.0012782839999999993,8.848093964659764,-18.716243748431427,-178.29175064282208,-13.763882302838596,-3.0754619673035952,167.06989755120085,0,0,1,1,0,0,2,1,1,0,1
1911000.0,101,-61.185385,-144.323257,-10.044676,6.691688,102,-61.185405,-144.326767,-18.873875,22.255843,177.721926,3,-1,1,7,-90.67886555675065,89.32420984859107,-80.63418955675066,108.19808484859107,8.829199000000017,-0.0018922430000000005,6.032316040007009,-14.47009395632175,-177.70945135431688,-2.1056781561185467,-4.174562003976272,164.84018557358655,0,0,1,1,1,0,2,0,1,1,1
1912000.0,101,-61.185339,-144.323203,18.036499,5.721432,102,-61.185239,-144.326728,-12.090726,20.59188,176.16595,3,-1,1,7,-86.63305680383097,93.37003174108163,-104.66955580383097,105.46075774108164,30.12722500000001,-0.001663962999999999,6.084666933578584,-14.694815675969275,-175.86186618293405,10.346301854203722,-4.8748530452804335,158.5268285609203,0,1,1,1,1,0,2,0,1,1,1
1913000.0,101,-61.185307,-144.323259,-23.057303,4.216241,102,-61.185214,-144.326663,-7.890723,13.806664,175.532729,3,-1,1,7,-86.75717392475391,93.245808601277,-63.69987092475391,101.136531601277,15.16658000000001,-0.006785216,0.24413902331466808,-9.796517686205856,-175.2516591759865,9.929496777344603,-1.504038643194398,174.95045728936037,0,0,1,1,0,2,2,1,1,0,1
1914000.0,101,-61.185224,-144.323216,8.134684,8.409417,102,-61.18512,-144.326608,-1.74732,12.485972,175.905565,3,-1,1,7,-86.36161559217703,93.64135641722676,-94.49629959217702,95.38867641722676,9.882003999999995,-0.0013206919999999994,1.5706561160534334,-4.155363275292645,-175.55101659394091,11.162811957706172,-16.605062747304252,160.2700248451163,0,1,1,1,1,2,2,1,1,1,1
1915000.0,101,-61.185202,-144.323293,-37.879847,4.303304,102,-61.185143,-144.326565,3.859386,6.925003,176.241138,3,-1,1,7,-87.8588909524821,92.14397591509105,-49.9790439524821,88.28458991509105,41.739232999999956,-0.005560969,-3.108369982262997,-3.512700472241763,-176.11809439109686,6.584493267043715,27.81442247449637,137.53201039573642,0,0,1,1,0,2,2,0,0,1,1
1916000.0,101,-61.185157,-144.323188,34.857691,5.785201,102,-61.185178,-144.326534,16.309747,2.982991,176.407977,3,-1,1,7,-90.74750559991224,89.25542610492094,-125.60519659991225,72.94567910492094,18.547943999999973,-0.003942012,2.4687609940974578,1.884238271146054,-176.39296406168887,-2.3014297217744923,-39.40113618799766,106.93665940102306,0,1,1,1,1,2,2,1,1,1,1
1917000.0,101,-61.185148,-144.323173,42.929277,2.236903,102,-61.185322,-144.326484,161.309389,4.400237,176.506015,3,-1,1,7,-96.22405119742258,83.77884984294161,-139.15332819742258,-77.5305391570584,118.380112,0.0014172459999999996,0.11345353369928368,5.806029958262167,-175.46560756942628,-19.136193233564438,-10.999421216658103,179.86741234904358,0,1,1,1,1,2,2,0,1,0,1
1918000.0,101,-61.185096,-144.323158,10.963737,5.209342,102,-61.185325,-144.326476,158.036514,2.964894,176.556637,3,-1,1,7,-98.15056936210804,81.8523378107029,-109.11430636210804,-76.1841761892971,147.07277700000003,-0.0014353429999999995,-0.11816405319288104,7.863968902004842,-174.77322294942857,-25.031312562850104,-999,7836.546247086272,0,1,1,1,0,2,2,0,1,0,0
1919000.0,101,-61.185033,-144.323232,-20.881971,7.19345,102,-61.185315,-144.326474,149.066489,1.556812,176.541648,3,-1,1,7,-100.23151473086263,79.77132585108835,-79.34954373086262,-69.29516314891164,169.94846,-0.001408082,-3.3643305871779288,8.056338241881562,-173.73429262551667,-31.358396713914605,-999,8761.573516699424,0,0,1,1,0,2,2,0,1,0,0
1920000.0,101,-61.184996,-144.323218,-2.3684,4.523101,102,-61.185249,-144.326488,9.726607,1.912418,176.438251,3,-1,1,7,-99.12103632610207,80.88182878753156,-96.75263632610208,71.15522178753156,12.09500700000001,0.00035560599999999985,-0.5100128509457225,2.6343100273210567,-174.20730787674324,-27.969095413984906,2.1550729213817097,176.34771044584872,0,1,1,1,1,2,2,1,0,1,1
1921000.0,101,-61.184952,-144.323254,-16.506697,5.03841,102,-61.185269,-144.326477,46.457293,0.55842,176.694763,3,-1,1,7,-101.53512209070517,78.46770184219909,-85.02842509070517,32.01040884219909,62.96398999999997,-0.001353998,-1.8363273318667415,4.4460668662998994,-173.12593673095856,-35.33340208151922,9.408193523225037,173.9055683017556,0,0,1,1,0,2,2,0,0,1,1
1922000.0,101,-61.184896,-144.323277,-12.26053,6.15389,102,-61.185244,-144.326482,8.307127,1.266596,177.11596,3,-1,1,7,-102.69699279192983,77.3058153685905,-90.43646279192983,68.9986883685905,20.567656999999997,0.000708176,-1.4898201495789696,4.760226010070723,-172.78478072788735,-38.92920286285727,2.856821798559519,176.5251358278238,0,1,1,1,1,2,2,1,0,0,1
1923000.0,101,-61.18485,-144.32325,7.425727,5.345489,102,-61.185176,-144.326506,-4.231084,3.632991,177.665689,3,-1,1,7,-101.73664324895861,78.26620959516697,-109.16237024895861,82.49729359516697,11.656811000000005,0.002366395,0.9588949623802645,1.6775679790113776,-173.95121799590262,-36.13960162462618,-60.09477678811012,133.0959989443315,0,1,1,1,1,2,2,1,1,1,1
1924000.0,101,-61.184803,-144.323298,-17.548466,5.54243,102,-61.185175,-144.326506,-4.519454,2.339677,177.848748,3,-1,1,7,-103.52906987826724,76.47374090860815,-85.98060387826723,80.99319490860815,13.029012000000023,-0.001293314,-1.486750664595441,2.952095657575708,-172.91368591176064,-41.6057014070968,11.538081503076231,173.16619245659805,0,0,1,1,0,2,2,0,0,0,1
1925000.0,101,-61.184778,-144.323298,-8.350766,3.224499,102,-61.185227,-144.326475,151.400276,0.814415,178.101511,3,-1,1,7,-106.34371890368283,73.65906472190302,-97.99295290368283,-77.74121127809697,159.75104199999998,-0.001525262,-0.8581537180083227,3.9053556199567687,-170.90458085933923,-50.11758635226455,-999,3986.221134733671,0,1,1,1,1,2,2,0,1,0,0
1926000.0,101,-61.18474,-144.323337,-22.141557,4.364323,102,-61.185209,-144.326479,33.903,0.354206,178.142729,3,-1,1,7,-107.20888049467771,72.7938724638763,-85.06732349467771,38.8908724638763,56.044557,-0.000460209,-1.842468730184415,3.7484932360692893,-170.16772753487996,-52.704614609939966,7.306816059325748,175.98743854977587,0,0,1,1,0,2,2,1,0,1,1
1927000.0,101,-61.184693,-144.323301,10.322437,5.092079,102,-61.185116,-144.326517,-6.997147,4.065229,178.252263,3,-1,1,7,-105.2653260603919,74.7374917336012,-115.5877630603919,81.7346387336012,17.319583999999963,0.0037110230000000004,1.4076627287180794,0.9747113504715559,-171.96297611189152,-46.93190930872292,-96.74504663306855,59.360763272006245,0,1,1,1,1,2,2,1,1,1,1
1928000.0,101,-61.184648,-144.32328,12.090903,5.182202,102,-61.185072,-144.326532,-7.698918,4.393156,178.121741,3,-1,1,7,-105.13817444115271,74.86467489400235,-117.22907744115271,82.56359289400235,19.789821000000018,0.0003279269999999999,1.6740212102492016,0.7136877488775557,-171.94071180791002,-46.516085818352174,-95.53328436636681,24.77396113351116,0,1,1,1,1,2,2,0,1,1,1
1929000.0,101,-61.184601,-144.32335,-24.660742,5.709744,102,-61.185018,-144.326549,-7.874065,5.038539,178.091763,3,-1,1,7,-105.13501892856839,74.86778396771275,-80.47427692856839,82.74184896771276,16.786677000000054,0.0006453829999999998,-1.69209860342179,0.19794916266292262,-171.91433521792428,-46.49878917807773,94.05994436464421,66.35543718976713,0,0,1,1,0,2,2,1,0,0,1
1930000.0,101,-61.184558,-144.323445,-42.145386,6.465763,102,-61.184967,-144.326558,-6.853475,5.28239,177.625482,3,-1,1,7,-105.24913506000665,74.75359248371994,-63.10374906000665,81.60706748371994,35.29191100000003,0.00024385100000000025,-3.7082673705091347,-0.4506403668966321,-171.37151870633974,-46.71845922132891,49.65629049816169,27.486430759997592,0,0,1,1,0,2,2,0,0,1,1
1931000.0,101,-61.18453,-144.323437,-15.136659,3.60421,102,-61.184836,-144.326594,-6.798343,8.802529,177.499685,3,-1,1,7,-101.37186876104568,78.63089733257915,-86.23520976104568,85.42924033257916,8.33831600000002,0.0035201389999999994,0.10086239741277692,-5.261473156354458,-174.01502943225324,-34.99868150075465,6.131804260474186,174.654934792723,0,0,1,1,1,2,2,1,0,0,1
1932000.0,101,-61.18446,-144.323361,20.539985,7.576389,102,-61.18471,-144.326619,-6.035749,10.758644,176.494107,3,-1,1,7,-99.0471773849095,80.95567719985247,-119.5871623849095,86.99142619985247,26.57573400000001,0.0019561150000000005,3.789519459150798,-3.6042637891480966,-174.29837867964486,-27.753288010154336,-21.752103804272284,140.38655106052013,0,1,1,1,1,0,2,0,1,1,1
1933000.0,101,-61.184437,-144.323358,15.472839,3.361874,102,-61.184559,-144.326602,-2.179345,12.999671,171.92918,3,-1,1,7,-94.46295189386045,85.53989042213364,-109.93579089386046,87.71923542213364,17.652184000000034,0.002241026999999999,1.391231874948448,-9.750238512492055,-171.4078662898164,-13.37857651040706,-1.1271453067614892,171.57903030010345,0,1,1,1,0,0,2,1,1,0,1
1934000.0,101,-61.184373,-144.323364,0.095479,6.49059,102,-61.184462,-144.326546,2.820408,12.172556,168.891954,3,-1,1,7,-93.32252397373753,86.68026401694196,-93.41800297373753,83.85985601694196,2.7249289999999746,-0.0008271149999999991,-0.588140985159695,-5.667230082640754,-168.60806521113435,-9.788384529430257,4.756944654238529,166.6969675602059,0,1,1,1,0,0,2,1,0,1,1
1935000.0,101,-61.184336,-144.323263,40.745661,6.001573,102,-61.184335,-144.326505,4.900123,12.977235,170.340652,3,-1,1,7,-89.96475385018417,90.03808670902515,-130.71041485018418,85.13796370902516,35.845537999999976,0.0008046790000000001,2.8087377411012127,-8.382926449078143,-170.34061976954794,0.10478698103901452,-7.245773398036837,161.78215970441107,0,1,1,1,1,1,2,0,1,1,1
1936000.0,101,-61.184294,-144.323297,-2.736625,4.646971,102,-61.184318,-144.326452,10.691109,8.939604,168.683693,3,-1,1,7,-90.90556676594625,89.09719756515038,-88.16894176594624,78.40608856515038,13.427733999999987,-0.004037631000000001,-1.8802923310110402,-4.1427553370844885,-168.66262468754147,-2.665955293656285,15.620052130013507,152.48551376014677,0,0,1,1,0,0,2,1,0,1,1
1937000.0,101,-61.184249,-144.323245,21.400447,5.33342,102,-61.184218,-144.326413,10.473885,9.841529,169.819717,3,-1,1,7,-88.83834117345627,91.16443454613369,-110.23878817345627,80.6905495461337,10.92656199999999,0.0009019250000000004,0.15701444084139027,-4.711851608414037,-169.7848146098765,3.4428200432133176,-2.0505060208094945,169.57692541345835,0,1,1,1,1,1,2,1,1,0,1
1938000.0,101,-61.184208,-144.323244,7.193501,4.62803,102,-61.184178,-144.32636,15.383583,7.993544,167.136515,3,-1,1,7,-88.85704957690841,91.14568058055683,-96.0505505769084,75.76209758055683,8.190081999999961,-0.0018479849999999995,-1.5410011144072184,-3.115544580603653,-167.1032615686674,3.3338595439448726,19.794239197876102,151.27830921505745,0,1,1,1,0,0,2,1,0,1,1
1939000.0,101,-61.184125,-144.323199,12.561309,8.764779,102,-61.18408,-144.326317,13.8058,9.196529,168.384223,3,-1,1,7,-88.28628296306475,91.71644894414419,-100.84759196306474,77.91064894414419,1.2444909999999823,0.001202985,-0.2883832514347022,-0.37585853744531583,-168.3089096461276,5.035622011765802,193.74487746092126,136.76068657001466,0,1,1,1,1,1,2,1,0,1,1
1940000.0,101,-61.184124,-144.323186,35.456465,1.816053,102,-61.183926,-144.326235,13.496376,12.345982,164.880219,3,-1,1,7,-82.3281122934331,97.67455915586449,-117.7845772934331,84.17818315586449,21.960088999999982,0.0031494529999999995,-1.8278892873747794,-10.525765997537057,-163.40434665086732,22.011499564798985,0.60294798173387,164.76100148967018,0,1,1,1,1,0,2,0,0,0,1
1941000.0,101,-61.18411,-144.323183,15.552072,1.554261,102,-61.183744,-144.326085,16.680851,15.799995,159.823935,3,-1,1,7,-75.33801008852846,104.66453256113837,-90.89008208852846,87.98368156113837,1.1287790000000086,0.0034540129999999997,-4.11851748354182,-13.637752085941123,-154.61940971947146,40.454027449519046,0.41907844313057074,159.71225987025372,0,1,1,1,0,0,2,1,0,1,1
1942000.0,101,-61.18405,-144.322998,50.917837,9.313198,102,-61.183637,-144.32593,22.396287,15.078374,155.644789,3,-1,1,7,-73.71085629502534,106.29171263787757,-124.62869329502533,83.89542563787757,28.52154999999999,-0.000721620999999999,1.484283802892759,-8.069664837590281,-149.39696668871227,43.65600402082531,-12.695172432964718,143.1800069689171,0,1,1,1,1,0,2,0,1,1,1
1943000.0,101,-61.184033,-144.323018,27.314965,2.825159,102,-61.183637,-144.325759,38.490299,11.003343,148.508208,3,-1,1,7,-73.3158563606206,106.68654522335355,-100.6308213606206,68.19624622335354,11.175333999999964,-0.004075031000000001,-5.551870370890037,-6.10231917124657,-142.25630707659943,42.63602866472803,7.5782757305510025,133.92692535595197,0,1,1,1,0,0,2,1,0,1,1
1944000.0,101,-61.183985,-144.322897,45.901685,7.00286,102,-61.183566,-144.325465,49.405501,12.827916,138.601732,3,-1,1,7,-71.29969741369926,108.70255259139094,-117.20138241369926,59.29705159139094,3.503816000000029,0.001824573000000001,-4.711588766751345,-3.4739098357042284,-131.28475038179562,44.43820912896283,13.125011332610207,113.70408508837491,0,1,1,1,1,0,2,1,0,1,1
1945000.0,101,-61.183959,-144.322747,65.906949,7.895759,102,-61.183558,-144.325101,67.245141,14.040307,125.717487,3,-1,1,7,-70.53669156490695,109.46537093941136,-136.44364056490696,42.220229939411354,1.3381919999999923,0.0012123910000000002,-5.73961461310112,-2.207433928227906,-118.53336923904067,41.889460660605536,15.393451832689472,81.65209915445493,0,1,1,1,1,0,2,1,0,1,1
1946000.0,101,-61.184016,-144.322594,120.762682,9.239328,102,-61.183507,-144.324633,72.083948,17.904474,114.991555,3,-1,1,7,-62.62094214128586,117.38084436965397,176.61637585871415,45.296896369653965,48.67873399999996,0.003864167,-9.096962952947894,-10.233593615763777,-102.11060728985298,52.88177001779959,3.523710626160163,113.2186250020929,1,1,2,1,0,0,2,0,0,0,1
1947000.0,101,-61.184035,-144.322362,102.720496,11.494811,102,-61.183449,-144.324187,73.069126,20.294478,114.027146,3,-1,1,7,-56.330403637957154,123.6711953722843,-159.05089963795714,50.602069372284305,29.651370000000043,0.002390004000000001,-8.202169877791688,-8.441213639640367,-94.8989131927707,63.21697793897053,2.752858877620215,112.71415706404723,0,1,2,1,1,2,2,1,0,1,1
1948000.0,101,-61.184075,-144.322229,116.757158,9.300273,102,-61.183344,-144.323798,67.372004,21.607341,121.230483,3,-1,1,7,-45.97381093187251,134.0275637783217,-162.7309689318725,66.6555597783217,49.385154,0.001312863,-11.639633342272507,-12.500422075154981,-87.16740943740744,84.2536215268202,-0.19832940900743448,121.21464794742363,0,1,2,1,1,1,2,0,1,0,1
1949000.0,101,-61.184172,-144.322116,145.643166,11.838354,102,-61.183153,-144.323389,56.548017,24.759691,141.374067,3,-1,1,7,-31.054791351294675,148.94632401216344,-176.6979573512947,92.39830701216344,89.09514899999999,0.0031523499999999986,-13.977282315174268,-23.421503084701634,-72.92887833199082,121.11154166865423,-5.01744764470029,143.10433309664978,0,1,2,1,1,1,2,0,1,0,1
1950000.0,101,-61.184241,-144.322178,-176.402903,7.960752,102,-61.182979,-144.323285,44.288623,22.286815,165.426798,3,-1,1,7,-22.91932641452951,157.08164350439333,153.4835765854705,112.79302050439333,139.30847399999996,-0.0024728759999999993,-16.061741924221486,-23.898670600255812,-64.42292761763252,152.36703020570454,-5.181523442195265,150.37944268254446,1,1,1,1,0,1,2,0,1,0,1
1951000.0,101,-61.184263,-144.322071,129.991926,5.198881,102,-61.18271,-144.323003,35.854985,26.360967,194.070526,3,-1,1,7,-16.13375677234956,163.8670598160203,-146.12568277234956,128.0120748160203,94.13694100000004,0.004074151999999998,-11.457516224702683,-24.70683361780905,-53.92844669378476,186.42717532353564,-7.1852643185408684,136.54422408925703,0,1,1,1,1,1,2,1,1,1,1
1952000.0,101,-61.184289,-144.32214,-153.036472,3.376455,102,-61.182476,-144.323087,21.638235,24.855175,224.077782,3,-1,1,7,-14.132137426091289,165.86869230397724,138.90433457390873,144.23045730397723,174.674707,-0.0015057919999999995,-10.696183035156528,-26.113064804801617,-54.71060234188669,217.29611680245802,-8.004720152888584,140.57393041386774,1,1,1,1,0,1,2,0,1,0,1
1953000.0,101,-61.184368,-144.322187,-164.133556,8.190831,102,-61.182238,-144.32323,9.417691,24.674454,252.962267,3,-1,1,7,-13.280705152272688,166.72020868911915,150.85285084772732,157.30251768911916,173.551247,-0.00018072099999999835,-6.276834827582272,-32.22065731869759,-58.11099733669635,246.1971171933452,-13.433629731163759,234.78178989478897,1,1,1,1,0,1,2,1,1,0,0
1954000.0,101,-61.184419,-144.322237,-157.082979,6.559884,102,-61.181979,-144.323283,4.449196,25.959938,282.009395,3,-1,1,7,-11.675314210014298,168.32560225895588,145.4076647899857,163.87640625895588,161.53217499999997,0.0012854840000000004,-4.568247852713562,-31.92381884617587,-57.068938397166,276.174646081943,-13.40355762043593,192.38815827191118,1,1,1,2,1,1,2,1,1,1,1
1955000.0,101,-61.184437,-144.322282,-136.748276,3.642589,102,-61.181734,-144.323376,0.024909,26.38834,310.073304,3,-1,1,7,-11.039517903751516,168.96144062011206,125.70875809624849,168.93653162011205,136.77318499999998,0.0004284019999999984,-2.5073920282931947,-29.041418489362904,-59.374695269047976,304.3355046904388,-13.030491414231799,118.16003461090631,1,1,1,2,1,1,2,1,1,1,1
1956000.0,101,-61.184482,-144.322347,-145.186042,5.592854,102,-61.181508,-144.323487,-3.632277,26.042999,336.067721,3,-1,1,7,-10.468782797359989,169.53221602921417,134.71725920264,173.16449302921416,141.553765,-0.00034534100000000123,-1.5431410864766066,-30.58247367250269,-61.063430616770034,330.4735549774668,-15.980550055534213,179.97774705387755,1,1,1,2,0,1,2,0,1,0,1
1957000.0,101,-61.184525,-144.322368,-160.20331,5.047836,102,-61.181288,-144.323379,0.861503,25.500437,359.138322,3,-1,1,7,-8.561798603743316,171.43908719696623,151.64151139625667,170.57758419696623,161.06481300000002,-0.0005425619999999967,-2.0930308419106622,-30.247065034434208,-53.467100774754606,355.1360351523314,-17.064051620312128,184.0516683861273,1,1,1,2,0,1,2,0,1,0,1
1958000.0,101,-61.184551,-144.322364,-173.9245,3.262888,102,-61.181098,-144.322895,16.635567,25.187389,378.610512,3,-1,1,7,-4.2394806891540915,175.76098455298728,169.68501931084592,159.12541755298727,169.43993300000002,-0.00031304800000000197,-7.556066771081768,-27.377733293058107,-27.988932481728114,377.5745482092714,-16.016169915723385,160.97731323907863,1,1,2,2,0,1,2,0,1,1,1
1959000.0,101,-61.184566,-144.322447,-121.029369,3.817503,102,-61.180958,-144.322501,26.836995,24.078236,393.961414,3,-1,1,7,-0.41336129385148307,179.58668601888002,120.61600770614852,152.74969101888001,147.866364,-0.0011091529999999992,-14.141441037368613,-23.45271417961886,-2.8422161024266632,393.95116134935625,-14.742717121067805,216.75138303880956,1,1,1,1,1,1,2,1,1,0,0
1960000.0,101,-61.184585,-144.322525,-117.338956,4.471933,102,-61.180866,-144.322367,28.854759,20.582563,404.80712,3,-1,1,7,1.1732257675070463,-178.82691266599278,118.51218176750704,152.31832833400722,146.193715,-0.003495673,-13.905400157294867,-20.080903965290954,8.288515482551352,404.72225650906563,-17.290257112069945,239.1590787307833,1,1,1,1,1,1,2,1,1,0,0
1961000.0,101,-61.184661,-144.322614,-148.469446,8.711969,102,-61.180839,-144.321932,44.961629,18.944607,410.899546,3,-1,1,7,4.916295264826816,-175.0843022773831,153.38574126482683,139.9540687226169,166.56892499999998,-0.001637955999999999,-17.942837719968246,-20.830574476365573,35.21420872572653,409.387831288165,-19.37449003856104,312.47306803380883,1,1,1,1,0,1,2,0,1,0,0
1962000.0,101,-61.184665,-144.322597,-158.246624,1.682829,102,-61.180862,-144.321649,58.206001,16.287842,412.129829,3,-1,1,7,6.85198657228113,-173.14884402902095,165.09861057228113,128.64515497097904,143.547375,-0.002656765,-14.46749367913293,-10.14451372765875,49.169097173621125,409.1862605644283,-16.920208062938027,307.7230548496729,1,1,2,1,0,1,2,1,1,1,0
1963000.0,101,-61.184745,-144.322557,169.93306,7.8678,102,-61.180979,-144.321059,83.796576,18.497801,408.53697,3,-1,1,7,10.854326162813242,-169.14698632867902,-159.07873383718677,107.05643767132096,86.13648400000005,0.002209958999999998,-17.014206593534084,-9.745518504590738,76.93266143619465,401.2278921774068,-17.357870149991292,318.6728782329611,0,1,2,1,1,0,2,1,1,0,0
1964000.0,101,-61.184788,-144.322645,-150.332718,6.038464,102,-61.181154,-144.320537,102.185322,21.334386,400.32176,3,-1,1,7,15.622198206814245,-164.3796487457601,165.95491620681423,93.43502925423991,107.48196000000002,0.0028365849999999995,-23.842535910781205,-0.7437650750827416,107.80383179370182,385.53319621025224,-5.047232685170496,381.9849667321405,1,1,2,1,0,0,2,0,1,0,0
1965000.0,101,-61.184819,-144.322708,-139.011625,5.017091,102,-61.181371,-144.320137,116.493332,23.4897,389.095846,3,-1,1,7,19.770184278110616,-160.23206834081972,158.78180927811061,83.2745996591803,104.49504299999998,0.0021553140000000006,-24.3136988339106,6.691491826425096,131.61099152127292,366.16133641503325,-1.1601231244273291,387.9584831706616,1,1,2,1,1,0,2,1,1,0,0
1966000.0,101,-61.184888,-144.322794,-148.802146,8.200546,102,-61.181579,-144.320053,130.523578,22.117532,375.700659,3,-1,1,7,21.766622337934912,-158.23577923214685,170.5687683379349,71.24064276785316,80.67427600000002,-0.0013721679999999985,-21.060232384584356,7.356494668540845,139.31990433879258,348.91395705540924,-0.7201676911015742,375.3398664663484,1,1,2,1,0,0,2,1,1,1,0
1967000.0,101,-61.184932,-144.322951,-126.148356,8.981876,102,-61.181842,-144.319939,143.415137,23.596801,360.900617,3,-1,1,7,25.16736094804413,-154.83527806684066,151.31571694804413,61.749584933159326,90.43650700000003,0.0014792689999999986,-21.316790421105914,13.649428776089081,153.47796048333524,326.64012459717264,1.931041470424216,357.847629990785,1,1,1,1,1,0,2,0,0,1,0
1968000.0,101,-61.185,-144.323115,-130.618137,11.040906,102,-61.182135,-144.31976,150.879585,26.561781,351.262899,3,-1,1,7,29.443683285852774,-150.55925625938744,160.06182028585278,58.56115874061254,78.50227799999999,0.0029649800000000007,-21.30697085797813,16.016551927923935,172.66954426646535,305.89353163591966,1.8181989868662256,348.2771996394259,1,1,2,1,0,0,2,1,0,1,0
1969000.0,101,-61.18509,-144.323254,-141.010277,12.304583,102,-61.182462,-144.319456,153.198939,30.630379,349.852104,3,-1,1,7,34.86241020164166,-145.14091749292484,175.87268720164167,61.66014350707519,65.790784,0.004068598000000001,-21.55286590341654,17.77614039289573,199.97814839077296,287.0631199569614,1.0496208576229777,348.7006929604777,1,1,2,1,0,0,2,1,0,0,0
1970000.0,101,-61.185187,-144.323408,-142.525329,13.39117,102,-61.182695,-144.319416,158.229661,28.970146,344.823954,3,-1,1,7,37.67445703349429,-142.3290406435721,-179.8002139665057,59.441298356427865,59.245010000000036,-0.0016602330000000016,-18.89198459084016,16.276403668871946,210.74751973082874,272.9268073669167,0.7779109901857525,344.32962346147883,0,1,2,1,1,0,2,1,0,1,0
1971000.0,101,-61.185253,-144.323531,-137.973205,10.517913,102,-61.182983,-144.319323,162.079599,30.002945,335.943561,3,-1,1,7,41.78258269934899,-138.22110423709634,179.755787699349,59.69929676290366,59.94719599999996,0.0010327990000000007,-16.273281112610267,20.73430883043452,223.8411508167398,250.50591884903287,2.389665140041394,330.77259287012527,1,1,2,1,0,0,2,0,0,1,0
1972000.0,101,-61.185331,-144.323785,-126.122727,14.588302,102,-61.183164,-144.319441,168.863715,26.371123,332.038158,3,-1,1,7,44.01745324408771,-135.98635285661555,170.1401802440877,55.14993214338443,65.01355800000005,-0.003631822,-16.877197718385123,17.274519867474638,230.7258322035446,238.77799044722437,0.476255814026364,331.9063420013226,1,1,2,1,1,0,2,0,0,0,0
1973000.0,101,-61.185426,-144.32397,-134.508201,14.667451,102,-61.183469,-144.319287,168.209563,29.098661,333.820361,3,-1,1,7,49.076230109025026,-130.92787302258657,-176.41556889097495,60.8625639774134,57.28223599999998,0.002727537999999999,-16.40590151000919,18.20267350142627,252.2285813906572,218.67047388211085,-0.2995452173253392,333.7595949913284,0,1,2,1,1,1,2,1,1,0,0
1974000.0,101,-61.185532,-144.324094,-146.056829,13.865032,102,-61.183575,-144.319475,175.912647,23.1947,329.630461,3,-1,1,7,48.68550267779535,-131.31854438274246,-165.25766832220467,52.76880861725755,38.030524000000014,-0.005903960999999999,-9.395077728152655,11.633388336836145,247.5844872418234,217.6193063500477,1.0460359867586384,329.3490990804749,0,1,2,1,0,0,2,1,0,1,0
1975000.0,101,-61.185612,-144.324318,-130.754653,14.32008,102,-61.183745,-144.319604,-178.278383,21.829896,320.150435,3,-1,1,7,50.59178092255291,-129.41234937966294,-178.6535660774471,48.86603362033705,47.52373,-0.0013648039999999994,-10.191788522194285,12.471589058501618,247.3618367896227,203.24473604684894,0.06949883069422698,320.1494123598677,0,1,2,1,1,0,2,0,0,1,0
1976000.0,101,-61.185652,-144.324435,-125.051381,9.22589,102,-61.183901,-144.31982,-170.015254,20.689303,310.207161,3,-1,1,7,51.79255400437264,-128.2114895601004,176.84393500437264,41.803764439899595,44.96387300000001,-0.0011405930000000027,-3.965422990923006,15.077413542331264,243.75350343515274,191.8663917906648,10.359296022012208,287.05793040863756,1,1,2,1,0,0,2,1,0,1,0
1977000.0,101,-61.185692,-144.324691,-110.929795,12.86582,102,-61.184145,-144.319902,-170.399641,22.905237,307.112326,3,-1,1,7,56.171607855252326,-123.83258817006248,167.10140285525233,46.56705282993752,59.46984599999999,0.0022159340000000006,-8.196899055191134,17.98847241979645,255.12088186182314,170.97168309160423,4.0134735560034445,304.48560310218375,1,1,2,1,1,0,2,0,0,0,0
1978000.0,101,-61.185752,-144.324961,-114.472877,15.198865,102,-61.184403,-144.319905,-173.453458,24.745777,312.375117,3,-1,1,7,61.03452651057887,-118.96990346150221,175.50740351057885,54.4835545384978,58.98058100000003,0.0018405400000000008,-11.01208803450539,18.28810513132614,273.30064316030456,151.27779800396206,-0.8245939923010641,312.2295424677532,1,1,2,1,0,1,2,1,1,0,0
1979000.0,101,-61.185808,-144.325157,-118.679485,13.066329,102,-61.18474,-144.319855,-177.366648,28.825725,310.268094,3,-1,1,7,67.3208108600693,-112.6838346613355,-173.9997041399307,64.6828133386645,58.687163,0.004079947999999998,-10.138943282027492,22.524630760233507,286.2776054440583,119.63035892117412,-0.4545773949948501,310.1666317390909,0,1,2,1,1,0,2,1,1,1,0
1980000.0,101,-61.185887,-144.325334,-129.762595,13.115407,102,-61.184966,-144.319934,-175.61794,27.701582,300.010986,3,-1,1,7,70.51517898263269,-109.48955241156588,-159.7222260173673,66.12838758843412,45.855345,-0.0011241430000000002,-7.965239537727756,19.23188346234918,282.82932419093777,100.07080042844483,-0.9566034900851107,299.6249209144467,0,1,2,1,0,0,2,1,1,1,0
1981000.0,101,-61.185875,-144.325415,-92.081769,5.982447,102,-61.185128,-144.320134,-169.681198,24.92977,287.931188,3,-1,1,7,73.64636741221847,-106.35825971950986,165.72813641221848,63.322938280490135,77.59942899999999,-0.002771811999999997,-1.5129517048353591,24.30924687118988,276.2821109445903,81.0713524932973,3.4094507843266375,281.4462643937323,1,1,2,1,0,0,2,0,0,1,0
1982000.0,101,-61.185873,-144.325575,-89.11521,7.860139,102,-61.185305,-144.320415,-162.184023,24.117756,274.762542,3,-1,1,7,77.13719912284843,-102.8673219942045,166.25240912284843,59.316701005795494,73.068813,-0.0008120140000000013,-0.4801139992950194,23.082542961410116,267.86763242956664,61.16686997779381,3.5895802469628073,270.4621508980341,1,1,2,1,0,0,2,1,0,1,0
1983000.0,101,-61.185845,-144.325823,-77.292458,12.096375,102,-61.185524,-144.320713,-157.35183,25.392903,267.515964,3,-1,1,7,82.576440059712,-97.42803725225767,159.868898059712,59.92379274774234,80.059372,0.0012751470000000006,-2.0220020016682323,26.095670528112137,265.273676753071,34.56396124226038,1.1272608724028677,267.6025095346009,1,1,2,1,1,0,2,0,0,1,0
1984000.0,101,-61.185857,-144.326139,-92.704164,15.55517,102,-61.18578,-144.320983,-156.177402,27.482639,269.463258,3,-1,1,7,88.22749318201788,-91.77702444028594,-179.0683428179821,64.40037755971406,63.47323800000001,0.0020897359999999983,-4.437442058793209,24.40725202895261,269.3343245843584,8.334807296034658,-3.4675164968894676,270.4296988135154,0,1,2,1,1,1,2,1,1,0,0
1985000.0,101,-61.185885,-144.326399,-100.600149,14.663341,102,-61.186007,-144.321181,-156.473828,27.480131,279.550678,3,-1,1,7,92.7795636976885,-87.22500825382956,-166.6202873023115,69.24881974617044,55.87367900000001,-2.5079999999988446e-06,-3.4439222122626045,22.498544156159006,279.22178595069505,-13.556394091494571,-4.585028470270503,278.2520889711242,0,1,2,1,0,1,2,1,1,0,0
1986000.0,101,-61.185938,-144.326558,-117.832986,11.516222,102,-61.186136,-144.321359,-153.852448,24.010758,280.003146,3,-1,1,7,94.52030699067832,-85.48424831717394,-147.6467070093217,68.36819968282607,36.019462000000004,-0.003469373000000001,0.39722768298755895,16.176672485059633,279.132185950722,-22.067726123660385,-1.3552448091357558,279.67056397151293,0,1,1,1,0,2,2,1,1,0,0
1987000.0,101,-61.185971,-144.326677,-117.672616,8.460837,102,-61.186271,-144.321572,-150.831335,22.202252,271.867135,3,-1,1,7,96.95397367749062,-83.05049927225149,-145.37341032250936,67.78083572774851,33.15871899999999,-0.0018085059999999977,3.3279321033252973,15.4573848253176,269.8672070459591,-32.91549261854764,1.980769822709743,270.83269428310234,0,1,1,1,0,0,2,1,0,1,0
1988000.0,101,-61.18596,-144.326795,-87.272999,6.685023,102,-61.186501,-144.321891,-149.628771,24.907784,261.142653,3,-1,1,7,102.89464315679909,-77.10965368332053,-169.8323578432009,72.51911731667947,62.35577199999997,0.002705531999999998,5.915937647139013,21.80768516664963,254.55717392426078,-58.276328123621916,0.6221172176123112,260.9609300426193,0,1,2,1,1,0,2,0,0,1,0
1989000.0,101,-61.185936,-144.326854,-61.112598,4.743843,102,-61.186617,-144.322259,-141.862844,23.671641,248.745146,3,-1,1,7,107.09476043402726,-72.90926566486901,168.20735843402727,68.95357833513098,80.750246,-0.0012361429999999984,10.464758572373537,20.910269872860045,237.75556060173687,-73.11936174171063,2.2791966139773465,245.64685498520822,1,1,2,1,0,0,2,0,0,1,0
1990000.0,101,-61.18589,-144.327012,-57.246281,8.633042,102,-61.186689,-144.322678,-131.654106,22.561808,237.678642,3,-1,1,7,110.93429774294225,-69.06949967050335,168.18057874294226,62.584606329496665,74.407825,-0.001109833000000002,9.597102011766447,19.66602805634743,221.989655606399,-84.92190333898859,1.679224821258729,237.26620099484165,1,1,2,1,2,0,2,1,0,1,0
1991000.0,101,-61.185815,-144.327161,-45.030766,11.051475,102,-61.186871,-144.323199,-129.992238,26.177894,235.195012,3,-1,1,7,118.94494601790248,-61.0585254541004,163.97571201790248,68.9337125458996,84.96147200000001,0.0036160859999999993,12.236941655297843,24.63448468166954,205.81566092217685,-113.82709426515142,-0.7335502762607763,235.17001175014042,1,1,2,1,1,0,2,0,1,1,0
1992000.0,101,-61.185792,-144.327384,-72.557503,11.319142,102,-61.186869,-144.323467,-120.699069,21.41747,243.962396,3,-1,1,7,119.70607840303305,-60.29735363988149,-167.73641859696696,60.4017153601185,48.14156600000001,-0.004760423999999997,7.617369706533323,14.327134018895372,211.9006010883537,-120.89576469196597,-0.8944321871155951,243.96160191894836,0,1,2,1,1,1,2,1,1,0,0
1993000.0,101,-61.18572,-144.327719,-65.422413,17.57019,102,-61.187057,-144.323937,-125.19695,24.987437,245.330215,3,-1,1,7,126.26152209375199,-53.74179166525353,-168.31606490624802,71.45515833474647,59.77453700000001,0.0035699669999999985,4.440812260975079,21.710362010224443,197.81605157443033,-145.10590660427485,-20.18741190684709,410.59053538880414,0,1,2,1,1,1,2,0,1,0,0
1994000.0,101,-61.185709,-144.327803,-74.473101,8.071626,102,-61.187215,-144.324448,-124.609121,27.285749,237.337146,3,-1,1,7,132.96626244896393,-47.036677177944355,-152.56063655103605,77.57244382205565,50.13602000000003,0.0022983119999999994,14.680374459793347,17.658316728192318,173.6726804906147,-161.76130848453894,-0.7516820944753192,236.99275262065842,0,1,1,1,0,0,2,1,1,1,0
1995000.0,101,-61.185719,-144.327919,-94.839966,6.667612,102,-61.187236,-144.324846,-116.353003,24.721523,227.153365,3,-1,1,7,135.68807289992827,-44.31461964097451,-129.47196110007172,72.03838335902549,21.513036999999997,-0.002564225999999998,15.508530743068302,10.411326110566781,158.68122097070986,-162.5389840686473,2.3727758118687334,223.41730754812755,0,1,1,1,0,0,2,1,0,1,0
1996000.0,101,-61.185668,-144.328007,-48.851797,7.019029,102,-61.187247,-144.325344,-107.908402,24.684383,216.615209,3,-1,1,7,140.89585495259783,-39.10647834875634,-170.25234804740217,68.80192365124365,59.05660500000002,-3.714000000000084e-05,18.203008354666817,12.208937113627666,136.62613287862743,-168.09357092032198,1.093278611490826,215.74458552137645,0,1,2,1,1,0,2,0,0,1,0
1997000.0,101,-61.18559,-144.3281,-32.085928,9.581464,102,-61.187212,-144.325735,-98.928989,23.045784,215.203528,3,-1,1,7,144.9039064878349,-35.09816570696087,176.98983448783488,63.83082329303913,66.84306099999998,-0.0016385989999999993,17.676920085373293,11.694859847847436,123.73115401702522,-176.07714215440336,0.37988460131755486,215.12821359799432,1,1,2,1,0,0,2,0,0,1,0
1998000.0,101,-61.185475,-144.328259,-32.310817,14.154365,102,-61.187299,-144.32638,-102.332215,26.914428,224.980963,3,-1,1,7,153.59666806501255,-26.404978300149597,-174.09251493498743,75.92723669985041,70.02139800000003,0.0038686439999999996,18.727718058025193,17.711091947821586,100.04616955684766,-201.51227672132003,-4.249087724013612,219.55562781154373,0,1,2,1,1,1,2,0,1,0,0
1999000.0,101,-61.185435,-144.328413,-54.678228,9.904176,102,-61.187337,-144.326859,-101.229992,26.649114,226.419964,3,-1,1,7,158.50717349572682,-21.494188106920777,-146.8145985042732,79.73580389307922,46.55176399999999,-0.00026531400000000006,18.057877696040915,10.916131461227103,82.95681840269295,-210.67550018515186,-2.21667368219024,223.38176621513838,0,1,1,1,0,1,2,1,1,0,0
2000000.0,101,-61.185414,-144.32847,-57.322039,5.348775,102,-61.187344,-144.327378,-97.796019,26.916468,219.795357,3,-1,1,7,164.7470493225086,-15.253907479279292,-137.93091167749142,82.54211152072071,40.47397999999998,0.0002673539999999974,22.165523292228393,6.53902332179614,57.82396027551267,-212.05279667293564,-0.20554748553650787,219.74856368264219,0,1,1,1,0,0,2,1,1,1,0
2001000.0,101,-61.185347,-144.328549,-32.76483,7.947644,102,-61.1873,-144.327944,-91.281186,27.777775,210.036275,3,-1,1,7,171.50859551422153,-8.491934581742576,-155.72657448577849,82.78925141825744,58.51635599999997,0.0008613070000000001,23.469628225215022,7.3042502763533035,31.01417423360837,-207.73386294122344,-1.424838638812874,207.5864592446823,0,1,1,1,1,0,2,0,1,1,0
2002000.0,101,-61.185324,-144.328565,-29.006139,3.785195,102,-61.187182,-144.328293,-80.387274,25.468146,199.312826,3,-1,1,7,175.96421146739775,-4.036026856577254,-155.02964953260226,76.35124714342275,51.38113499999997,-0.0023096289999999975,23.27509338242409,-0.9424587128592905,14.027550244360446,-198.81858676252637,0.9426359751085392,198.0882796512113,0,1,1,1,0,0,2,1,0,1,1
2003000.0,101,-61.185231,-144.328533,4.51873,9.220067,102,-61.187021,-144.328489,-66.223437,22.667675,189.558927,3,-1,1,7,179.32125616418526,-0.6787823881742618,174.80252616418525,65.54465461182575,70.742167,-0.002800471000000002,21.470151268001374,0.052458538804957655,2.245522184004556,-189.54562626320998,0.08306886924378382,189.55054701332185,1,1,2,1,0,0,2,0,0,1,1
2004000.0,101,-61.185132,-144.328509,6.067425,10.742746,102,-61.18688,-144.328844,-60.329968,23.306486,189.670473,3,-1,1,7,-174.7228274944894,5.277466028824545,179.20974750551062,65.60743402882454,66.39739300000002,0.0006388110000000004,21.386279850050997,-0.8542428480586519,-17.44472714794299,-188.86653971198166,-0.45763241751407013,189.41232665781564,1,1,2,1,0,2,2,1,1,1,1
2005000.0,101,-61.185,-144.328557,-6.228867,14.142061,102,-61.186785,-144.329225,-61.160005,23.205741,200.353458,3,-1,1,7,-169.77593762314862,10.224647670487068,-163.5470706231486,71.38465267048707,54.93113800000003,-0.00010074499999999986,18.79312042673064,2.8649290466145967,-35.56234911927946,-197.172075755357,-3.6201091525519082,189.60185042423345,0,1,2,1,1,1,2,1,1,0,1
2006000.0,101,-61.184949,-144.328541,1.491538,7.040947,102,-61.186678,-144.329713,-62.630876,24.912328,202.533455,3,-1,1,7,-161.90814020430074,18.092886687295227,-163.39967820430073,80.72376268729522,64.12241399999999,0.001706586999999999,22.30699401002087,-4.414166054499285,-62.89501932589733,-192.520172808545,-1.0361787492589278,201.06861173428902,0,1,2,1,2,1,2,0,1,0,0
2007000.0,101,-61.184899,-144.328599,-20.816866,6.226461,102,-61.186538,-144.330192,-60.899663,26.585094,197.243808,3,-1,1,7,-154.90018669766087,25.101209067540196,-134.08332069766087,86.0008720675402,40.08279699999997,0.0016727660000000028,21.016467669995183,-7.109403932923482,-83.67012746901699,-178.6181109620727,-0.9541061092803405,196.01248000277786,0,1,1,1,0,0,2,1,1,1,1
2008000.0,101,-61.184878,-144.328663,-46.204075,4.279511,102,-61.186398,-144.33049,-56.55746,25.22609,189.871652,3,-1,1,7,-149.91626205718225,30.085338734417252,-103.71218705718225,86.64279873441725,10.353385000000003,-0.0013590040000000024,17.960639841247332,-10.940294458890687,-95.17604480036388,-164.2947495489988,0.19606824849828647,189.82553687099795,0,1,1,1,0,0,2,1,0,1,1
2009000.0,101,-61.184847,-144.328652,-7.595013,3.360564,102,-61.186191,-144.330825,-49.473949,26.497141,183.64957,3,-1,1,7,-142.07291816080343,37.9289857889401,-134.47790516080343,87.4029347889401,41.87893600000001,0.001271051,19.69659158105092,-13.886593868295357,-112.88169680486159,-144.8616135753023,-0.35485297807189803,183.43941226912997,0,1,1,1,1,0,2,0,1,1,1
2010000.0,101,-61.184772,-144.328628,6.105339,7.551394,102,-61.185987,-144.331041,-42.276098,26.048307,178.841798,3,-1,1,7,-136.2534763850628,43.74863784622445,-142.3588153850628,86.02473584622444,48.381437000000005,-0.00044883399999999795,18.325939359393626,-11.76488668794974,-123.66359955624684,-129.19637323340405,-1.5019885334013174,175.5349178715918,0,1,1,1,1,0,2,0,1,1,1
2011000.0,101,-61.184705,-144.328559,21.016608,8.046468,102,-61.185749,-144.331214,-34.349164,26.547928,175.269081,3,-1,1,7,-129.21025462722085,50.79207163711001,-150.22686262722084,85.14123563711001,55.36577199999999,0.0004996209999999976,17.865035631872335,-14.407163943390469,-135.80397997286352,-110.79950260770417,-1.538928440992202,171.50095781424656,0,1,1,1,1,0,2,0,1,1,1
2012000.0,101,-61.184615,-144.328448,27.941398,10.915854,102,-61.185516,-144.331404,-29.940361,27.044175,181.921148,3,-1,1,7,-122.31041336399409,57.69217662723334,-150.25181136399408,87.63253762723333,57.88175899999999,0.0004962470000000003,18.61252389438969,-13.791641497208104,-153.753332848711,-97.23793872533184,-2.820348278090037,169.66519340605848,0,1,1,1,2,1,2,0,1,1,1
2013000.0,101,-61.184554,-144.32828,47.407497,10.744384,102,-61.185347,-144.331615,-30.555437,25.255837,199.20962,3,-1,1,7,-116.26035189156573,63.7425701690926,-163.66784889156574,94.2980071690926,77.96293399999996,-0.0017883379999999996,20.74921665652181,-14.47717257284894,-178.64975620688,-88.14044081899489,-3.975550208949855,174.56765599507528,0,1,2,1,1,1,2,0,1,0,1
2014000.0,101,-61.184577,-144.328159,97.895668,6.98565,102,-61.185282,-144.33186,-38.231677,20.904176,220.070182,3,-1,1,7,-111.56647028074065,68.43677246129171,150.53786171925935,106.66844946129171,136.127345,-0.004351661,19.855823309957067,-17.380157529930244,-204.66345469964241,-80.89348129435729,-4.54892248612013,196.61959080683974,1,1,1,1,0,1,2,0,1,0,1
2015000.0,101,-61.184596,-144.328115,118.051358,4.146266,102,-61.185056,-144.332232,-37.618499,24.690434,237.349476,3,-1,1,7,-103.05333209115318,76.95027513810027,138.89530990884683,114.56877413810027,155.66985699999998,0.0037862580000000002,18.73025334753509,-21.50694493158066,-231.21642573974083,-53.60725907573982,-4.534536209840093,210.33188253633605,1,1,1,1,1,1,2,0,1,0,0
2016000.0,101,-61.18456,-144.328039,52.62686,5.002797,102,-61.184895,-144.33255,-39.493256,24.640927,250.710066,3,-1,1,7,-98.76103140316464,81.24292103685428,-151.38789140316464,120.73617703685429,92.120116,-4.950699999999841e-05,19.6470380092968,-15.978675191430758,-247.78483188875467,-38.18657198002927,-6.778648999345539,186.00147741104706,0,1,1,1,1,1,2,1,1,1,1
2017000.0,101,-61.184612,-144.328007,152.148647,4.971425,102,-61.184607,-144.332796,-32.482417,27.861142,259.897673,3,-1,1,7,-89.87798709842923,90.12620891443028,117.97336590157076,122.60862591443028,175.36893600000002,0.003220215,17.285115703804053,-27.897989762488614,-259.8970836972378,0.5534586577963061,-5.382752930954751,224.10999585682376,1,1,1,1,0,1,2,0,1,0,0
2018000.0,101,-61.184633,-144.327907,120.176625,5.264891,102,-61.184336,-144.332919,-25.976993,28.685858,264.740197,3,-1,1,7,-82.99320982373416,97.01118157134245,156.83016517626584,122.98817457134246,146.153618,0.0008247159999999987,17.116091169074537,-28.434214365767613,-262.763038269031,32.2948545007804,-6.073954394491542,211.97533302264705,1,1,1,1,0,1,2,1,1,1,0
2019000.0,101,-61.184646,-144.327775,104.257417,6.569075,102,-61.184046,-144.332884,-16.814538,29.242186,265.148127,3,-1,1,7,-76.30868277952791,103.69579359863162,179.43390022047208,120.51033159863162,121.071955,0.0005563280000000006,14.825765570320218,-29.609792989053254,-257.613942978259,62.75815193903057,-6.583107269228878,207.53919375253722,1,1,2,1,0,2,2,1,1,1,0
2020000.0,101,-61.18471,-144.327777,164.681162,6.535888,102,-61.183889,-144.332756,-9.566913,24.814187,261.114948,3,-1,1,7,-71.11610051933995,108.88826195419493,124.20273748066006,118.45517495419493,174.24807499999997,-0.004427999,5.850818572213331,-30.772747577291295,-247.06078700818964,84.51025731789414,-6.870842225277488,242.69564574540948,1,1,1,1,1,0,2,0,1,0,0
2021000.0,101,-61.184749,-144.327737,156.217515,5.04429,102,-61.183682,-144.332432,4.683801,24.067971,254.642805,3,-1,1,7,-64.75794879071998,115.24616484591282,139.02453620928003,110.56236384591281,151.53371400000003,-0.0007462160000000004,0.06887671598591716,-28.603540285365174,-230.32806251955265,108.59070749496514,-5.756513963797984,236.66837835247625,1,1,1,1,0,0,2,1,1,1,0
2022000.0,101,-61.184789,-144.327723,166.185645,4.575032,102,-61.18366,-144.332123,20.09023,17.787796,245.232924,3,-1,1,7,-61.97323859875549,118.03061656690177,131.8411164012445,97.94038656690176,146.095415,-0.006280175,-5.0176887189368,-21.148155961407948,-216.47402207837612,115.2310061519924,-4.696528151829458,240.56629760125634,1,1,1,1,1,0,2,1,1,0,0
2023000.0,101,-61.184801,-144.32758,108.024776,6.123644,102,-61.183604,-144.331661,41.159312,17.420587,233.574145,3,-1,1,7,-58.679857534652804,121.32371813067446,-166.7046335346528,80.16440613067446,66.86546399999997,-0.000367208999999999,-5.642333285169184,-15.010483040911664,-199.53681880201765,121.4163875053602,-4.367694643864243,231.03427405129779,0,1,2,1,1,0,2,1,1,1,0
2024000.0,101,-61.184841,-144.327498,129.838818,6.307586,102,-61.18354,-144.331059,57.754758,20.69442,220.022529,3,-1,1,7,-52.83986611105538,127.16325394358158,177.3213158889446,69.40849594358158,72.08406000000002,0.003273833,-12.659485876205817,-15.082218706674013,-175.3470429702417,132.90345288647714,0.7800653416498372,219.7951705626668,1,1,2,1,0,0,2,0,0,1,0
2025000.0,101,-61.184954,-144.327443,162.822495,11.710004,102,-61.183576,-144.330494,74.808486,22.039656,205.537228,3,-1,1,7,-46.86251898232887,133.14015422557773,150.31498601767112,58.33166822557773,88.01400899999999,0.0013452359999999999,-17.811136890523763,-16.96308126567319,-149.98362816458393,140.53634183552595,0.7915382810476563,205.35223155874368,1,1,1,1,1,0,2,0,0,1,0
2026000.0,101,-61.185068,-144.327391,166.544411,12.829642,102,-61.183689,-144.329979,91.818808,23.19002,190.337927,3,-1,1,7,-42.1325622278657,137.86970531384432,151.3230267721343,46.05089731384432,74.72560299999998,0.0011503639999999996,-20.192986940799788,-11.741450990282686,-127.68785361804562,141.15359893773126,2.280417497160186,186.72210868577577,1,1,1,1,0,0,2,1,0,1,1
2027000.0,101,-61.185161,-144.327348,166.737816,11.033675,102,-61.183845,-144.329501,105.820739,24.8851,174.925351,3,-1,1,7,-38.258331088766674,141.74355531888642,155.0038529112333,35.92281631888642,60.91707700000006,0.0016950800000000007,-21.41123042981057,-3.955024452945146,-108.31519978275242,137.35609166868298,4.004268669304073,154.84806492394688,1,1,1,1,0,0,2,1,0,1,1
2028000.0,101,-61.185313,-144.327413,-173.525231,15.948831,102,-61.184071,-144.329173,121.627116,25.835056,157.690802,3,-1,1,7,-34.33424033326704,145.66730173992192,139.19099066673294,24.040185739921924,64.84765300000001,0.0009499560000000003,-23.796484516973347,-2.2994855425823797,-88.94070780395296,130.21497429533616,3.277790952494458,138.18600445905346,1,1,1,1,1,0,2,0,0,1,1
2029000.0,101,-61.185421,-144.327444,-172.277792,12.780255,102,-61.184274,-144.328842,129.422331,26.777978,145.011758,3,-1,1,7,-30.433106450832966,149.5681184477882,141.84468554916702,20.145787447788194,58.29987700000001,0.0009429219999999994,-22.4029030485422,4.340509898519805,-73.45310367865522,125.03220192503724,4.048799664132479,108.83436789263041,1,1,1,0,0,0,2,1,0,1,1
2030000.0,101,-61.185554,-144.327331,164.98728,15.026319,102,-61.1845,-144.328684,140.260538,26.210163,138.079584,3,-1,1,7,-31.746172355377922,148.25501311727194,163.26654764462208,7.994475117271946,24.72674200000006,-0.0005678149999999995,-12.863774171141767,5.641106072420637,-72.65155551589635,117.42113523013516,7.462778989479289,78.85843003827843,1,1,2,0,0,0,2,1,0,1,1
2031000.0,101,-61.1856,-144.327215,139.940565,8.645016,102,-61.184731,-144.328716,154.407641,24.772574,139.285822,3,-1,1,7,-39.778439801414414,140.22287534775344,-179.7190048014144,-14.184765652246568,14.46707600000002,-0.0014375890000000026,-5.13712081519269,15.725441751726748,-89.11793149103295,107.04454445218234,8.392613306939214,52.326175677796094,0,1,2,0,1,1,2,1,0,1,1
2032000.0,101,-61.185715,-144.327054,146.682221,14.159794,102,-61.185038,-144.328992,175.282687,27.131102,150.257695,3,-1,1,7,-54.066868863961076,125.93482918004096,159.25091013603893,-49.347857819959046,28.600465999999983,0.002358528,5.546469471157578,15.206750431205926,-121.66402178073318,88.17732537818502,2.929820879848342,144.64922771460968,1,1,2,1,0,1,2,0,0,0,1
2033000.0,101,-61.185813,-144.326926,146.992803,13.149468,102,-61.185233,-144.329198,-175.087566,25.039489,154.294546,3,-1,1,7,-62.09273034210448,117.90926034998293,150.9144666578955,-67.00317365001706,37.91963100000001,-0.0020916129999999987,9.307308880095094,13.920340231244062,-136.35105499450802,72.21631898145156,-1.0487195762568244,153.4989319774157,1,1,1,1,1,1,2,0,1,0,1
2034000.0,101,-61.185866,-144.3269,156.22917,7.427378,102,-61.185538,-144.329448,-168.419307,29.061941,154.533105,3,-1,1,7,-75.04723161531956,104.95500090786605,128.72359838468043,-86.62569209213393,35.35152299999993,0.004022452000000001,8.827944611672539,21.673049271637638,-149.30043709694354,39.87304883756238,-0.8447181474980036,153.31182334925057,1,1,1,1,1,2,2,1,1,1,1
2035000.0,101,-61.185873,-144.326851,122.015566,3.242986,102,-61.185844,-144.329572,-168.737079,31.20349,147.069213,3,-1,1,7,-88.7344115889137,91.26797251808239,149.2500224110863,-99.99494848191762,69.24735499999997,0.002141548999999998,8.844141487770484,28.883282232319335,-147.03333618934644,3.248301320689779,-1.3864436950783066,141.55441595205713,1,1,1,1,0,0,2,0,1,1,1
2036000.0,101,-61.185867,-144.326785,84.923617,3.327531,102,-61.185994,-144.329544,-171.798606,25.503991,137.43008,3,-1,1,7,-95.45678213284047,84.54563527084106,179.61960086715953,-103.65575872915895,103.27777700000001,-0.005699498999999999,6.952700373196392,25.537587918851155,-136.8072758853208,-13.068900246161602,-2.1103097752196684,128.77687405449572,1,1,2,1,0,0,2,0,1,1,1
2037000.0,101,-61.185834,-144.326891,-45.316664,4.448012,102,-61.186204,-144.329421,-179.326958,24.536112,133.787108,3,-1,1,7,-106.88066077102869,73.12155598738751,-61.563996771028684,-107.55148601261249,134.010294,-0.0009678789999999999,-2.8743402691858817,27.66220759227439,-128.02244242542696,-38.84899615732564,-1.2531708851067154,131.6909492601162,0,0,1,1,1,0,2,0,1,0,1
2038000.0,101,-61.185865,-144.326804,133.987026,3.450848,102,-61.186383,-144.32926,173.293683,22.853646,132.557831,3,-1,1,7,-113.63563980134708,66.36651212139678,112.37733419865293,-106.9271708786032,39.30665699999997,-0.001682465999999998,-0.1859791124108101,20.300678042343897,-121.43802148394072,-53.14494799593385,-2.699933533120581,121.95152663387199,1,1,1,1,0,0,2,1,1,1,1
2039000.0,101,-61.185889,-144.326845,-161.627349,2.80642,102,-61.186637,-144.329009,165.868296,25.718232,138.80054,3,-1,1,7,-125.64839386924794,54.353502208290635,35.97895513075207,-111.51479379170935,32.504355000000004,0.0028645859999999993,-7.163721154760103,22.276555665606196,-112.79053902384504,-80.89427798677787,-1.8197001719621058,132.1401216446349,1,0,1,1,1,1,2,1,1,0,1
2040000.0,101,-61.185862,-144.326789,42.076525,2.833833,102,-61.186811,-144.328813,161.32692,24.008471,142.710163,3,-1,1,7,-134.21220838188958,45.78956503024845,-176.28873338188959,-115.53735496975156,119.25039499999997,-0.0017097610000000004,-5.787726679110954,24.84809841064107,-102.2892278324468,-99.51434315177063,-3.535512556038535,123.30468560116775,0,1,2,1,1,1,2,0,1,1,1
2041000.0,101,-61.185875,-144.32685,-115.662733,1.979697,102,-61.186968,-144.328522,153.493509,23.133368,143.249576,3,-1,1,7,-143.60038421031555,36.40108078360548,-27.93765121031555,-117.09242821639451,90.84375799999998,-0.0008751029999999993,-12.108821059676679,19.844323282721124,-85.00623071855068,-115.3012652281158,-2.410114992108845,132.63518370933457,0,0,1,1,0,2,2,1,1,0,1
2042000.0,101,-61.185883,-144.326792,117.269162,1.937096,102,-61.187068,-144.328342,149.171625,19.732052,148.301533,3,-1,1,7,-147.77283596082944,32.228522138129215,94.95800203917054,-116.94310286187078,31.90246300000001,-0.0034013160000000014,-8.390234169586037,16.056513944786825,-79.08585563377498,-125.4542630954556,-4.278099830126533,128.22812845809597,1,1,1,1,0,1,2,1,1,1,1
2043000.0,101,-61.185924,-144.326792,173.000403,4.044249,102,-61.187176,-144.328067,142.227608,18.999919,151.111088,3,-1,1,7,-153.85814208368146,26.142975063087643,33.14145491631854,-116.08463293691236,30.772794999999974,-0.000732133000000001,-11.145107321723795,11.004383479614162,-66.57880704963686,-135.65332052106564,-2.952187023537305,143.3171616912312,1,0,1,1,1,1,2,1,1,0,1
2044000.0,101,-61.185929,-144.326767,135.57184,1.545276,102,-61.187202,-144.327984,138.051687,13.926401,151.249445,3,-1,1,7,-155.26229272214235,24.73877360559025,69.16586727785761,-113.31291339440973,2.4798470000000066,-0.005073517999999998,-8.227525670743216,9.25420902689585,-63.2925819364267,-137.36973351007398,-4.908193127058235,138.57476594846423,1,0,1,1,0,2,2,1,1,1,1
2045000.0,101,-61.185939,-144.326717,115.355419,2.465974,102,-61.187188,-144.327986,132.555881,8.484885,150.533412,3,-1,1,7,-153.9106418099733,26.090470079813326,90.73393919002672,-106.46541092018667,17.200462000000016,-0.005441516,-4.021695996400158,4.682394432323562,-66.20043497644126,-135.19545309399913,-10.410293512255302,138.39162442584546,1,1,1,1,0,2,2,0,1,1,1
2046000.0,101,-61.185952,-144.326694,133.388313,2.104266,102,-61.187159,-144.328029,123.118055,4.158934,150.571567,3,-1,1,7,-151.93983999173875,28.061329726706358,74.67184700826124,-95.05672527329364,10.270258000000013,-0.004325951,-1.9540997234408128,0.8267967841721091,-70.82862272117917,-132.87250653260193,6.014246072891968,149.97085698846323,1,0,1,1,1,2,2,1,0,0,1
2047000.0,101,-61.185946,-144.326618,84.726932,3.368632,102,-61.187121,-144.328107,77.026172,1.034898,150.67184,3,-1,1,7,-148.58591798181638,31.415386670221224,126.68715001818362,-45.61078532977878,7.700760000000059,-0.003124036,2.345896106633242,0.07724506018259958,-78.53308600460892,-128.5867713708463,-35.0241084550931,125.93365491336995,1,1,1,1,0,2,2,1,1,1,1
2048000.0,101,-61.186017,-144.326606,167.7731,6.733196,102,-61.187125,-144.328087,91.046933,1.029523,150.759093,3,-1,1,7,-147.21073113816934,32.79056650476257,45.01616886183069,-58.25636649523742,76.72616700000003,-5.37500000000013e-06,0.39662978140324445,-6.561653188164982,-81.64370259088484,-126.73835232254598,950.184376362921,6125.227593555904,1,0,1,1,1,2,2,0,0,0,0
2049000.0,101,-61.186002,-144.326434,87.182825,7.067359,102,-61.187113,-144.328115,22.341042,0.536428,150.69692,3,-1,1,7,-143.90011777557024,36.101355105997285,128.91705722442975,13.760313105997284,64.84178299999996,-0.0004930949999999999,6.8549113668021615,-0.14880763520646906,-88.78982603853518,-121.76176940868206,-12.812230130035843,123.6720774055121,1,1,1,0,0,2,2,1,1,1,1
2050000.0,101,-61.186076,-144.326383,149.74428,7.866308,102,-61.187082,-144.328185,-33.324678,1.976495,150.555465,3,-1,1,7,-139.19641372664165,40.80516517466937,71.05930627335835,74.12984317466936,176.931042,0.001440067,5.049371907227815,-8.446302023660827,-98.38317630740856,-113.96358480247797,-999,9879.065218583666,1,0,1,1,1,2,2,0,1,0,0
2051000.0,101,-61.186072,-144.326329,102.914653,3.261248,102,-61.187069,-144.328216,-39.455014,2.01453,150.26349,3,-1,1,7,-137.6299648779313,42.371688499644634,119.45538212206873,81.82670249964463,142.369667,3.803500000000026e-05,4.4589294625447975,-2.284353449743835,-101.26498421306674,-111.01585201811245,-11.19340674126311,145.92081387143594,1,1,1,1,0,2,2,1,1,1,1
2052000.0,101,-61.186118,-144.32627,144.180732,5.454549,102,-61.187117,-144.328114,140.150693,1.431046,150.138927,3,-1,1,7,-138.34385111218498,41.657764589857486,77.47541688781502,-98.4929284101425,4.030039000000045,-0.0005834840000000001,2.2751956255574646,-3.324253746771598,-99.79114751007654,-112.17586317623534,9.443587406199738,145.7190408653275,1,0,1,1,1,2,2,1,0,1,1
2053000.0,101,-61.18613,-144.326219,122.603922,3.414199,102,-61.187118,-144.328104,131.493288,1.063011,150.337962,3,-1,1,7,-137.40149482840633,42.60015679759003,99.99458317159366,-88.89313120240998,8.889365999999995,-0.0003680350000000001,2.0799435305581637,-1.1353884297795838,-101.75726660349403,-110.66599076364375,-14.110461927061191,145.91956424384708,1,1,1,1,0,2,2,0,1,0,1
2054000.0,101,-61.186172,-144.326087,125.432236,7.234185,102,-61.187119,-144.32809,122.718206,0.928075,150.623371,3,-1,1,7,-134.45076436692247,45.55099065028301,100.11699963307751,-77.16721534971698,2.7140299999999797,-0.00013493599999999994,5.113600828347278,-3.6923125074545373,-107.52286901618238,-105.48095813905242,-4.140024057849386,148.46368328143856,1,1,1,1,2,2,2,1,1,0,1
2055000.0,101,-61.186214,-144.326073,154.638434,5.121666,102,-61.187191,-144.327944,137.913063,4.596006,151.086663,3,-1,1,7,-137.29473989880307,42.7068994618547,68.06682610119697,-95.20616353814529,16.725370999999996,0.003667931,-0.8867487160064318,-1.2172264323184292,-102.47107483125274,-111.0263867709085,179.2065615427727,121.06912750343866,1,0,1,1,1,2,2,0,0,1,1
2056000.0,101,-61.186189,-144.325956,73.381547,5.379066,102,-61.187191,-144.327933,132.56332,3.077012,150.28077,3,-1,1,7,-136.44174446159735,43.559987775403,150.17670853840264,-89.003332224597,59.181772999999964,-0.001518994,2.8880727214915045,3.6197017582245863,-103.55723801595128,-108.90458340354877,-256.3295852488593,1037.3471662217207,1,1,1,1,0,2,2,0,1,0,0
2057000.0,101,-61.186207,-144.32586,105.57602,5.345028,102,-61.187193,-144.327908,124.383627,2.39414,149.752121,3,-1,1,7,-134.97046139100732,45.031333055865886,119.45351860899268,-79.35229394413412,18.80760700000002,-0.0006828719999999997,3.1729083497247945,-0.08318365816012885,-105.94531772734067,-105.83613464054457,-32.07445858624455,108.58453654285516,1,1,1,1,1,2,2,1,1,1,1
2058000.0,101,-61.186276,-144.325825,157.248714,7.214572,102,-61.187173,-144.327921,89.882916,1.110973,151.092459,3,-1,1,7,-131.60469612048163,48.39714038440275,71.14658987951839,-41.48577561559724,67.36579800000004,-0.0012831670000000002,1.6791327274200658,-6.655492959766215,-112.97842991666103,-100.32350442559706,174.67605093309228,1137.2782721372344,1,0,1,1,1,1,2,0,0,0,0
2059000.0,101,-61.186327,-144.325836,176.172324,5.820345,102,-61.18727,-144.327739,136.801789,5.708919,152.076115,3,-1,1,7,-135.79664880532005,44.20501859504845,48.03102719467995,-92.59677040495157,39.37053500000002,0.004597946,-3.519351852725584,-1.6456169147302155,-106.02853697794161,-109.01877865675476,44.13550903429645,61.27485676537043,1,0,1,1,1,2,2,1,0,1,1
2060000.0,101,-61.186385,-144.325737,148.478371,7.507503,102,-61.187305,-144.327661,135.46874,5.704827,150.302067,3,-1,1,7,-134.77500991591276,45.22667588544002,76.74661908408723,-90.24206411455998,13.009631000000013,-4.091999999999985e-06,-0.07570979205768458,-2.3329291052704173,-106.69613098252668,-105.86145180296744,84.91009132580943,136.23345620190258,1,0,1,1,0,0,2,1,0,0,1
2061000.0,101,-61.186378,-144.325643,93.916772,4.744633,102,-61.187337,-144.327578,132.834241,5.652757,149.866534,3,-1,1,7,-135.80098486420678,44.20071057534345,130.28224313579324,-88.63353042465654,38.91746900000004,-5.2069999999999615e-05,0.5882504799625092,3.5191013390601915,-104.47987076013966,-107.44270388964375,-174.51356140815088,506.6914802635318,1,1,1,1,0,2,2,0,1,0,0
2062000.0,101,-61.186374,-144.325538,86.773487,5.418623,102,-61.187345,-144.327543,128.391375,4.362351,149.824873,3,-1,1,7,-135.13931619332266,44.862440579936376,138.08719680667735,-83.52893442006364,41.61788800000005,-0.001290406,1.9908797454285097,3.0141291277361693,-105.68426955740574,-106.19947145623529,-267.06723636581785,818.3982945338716,1,1,1,1,0,2,2,0,1,0,0
2063000.0,101,-61.186463,-144.325522,165.713392,8.573489,102,-61.187371,-144.327484,130.070679,4.348489,149.810804,3,-1,1,7,-133.83898614983678,46.16273294807998,60.447621850163216,-83.90794605192004,35.64271299999996,-1.3862000000000485e-05,-1.211983819456604,-5.509078504353706,-108.05690020434653,-103.76407525417603,42.70568619727142,143.0490752692398,1,0,1,1,1,2,2,1,0,1,1
2064000.0,101,-61.186471,-144.325483,134.615115,2.957205,102,-61.187358,-144.327497,119.16789,2.314344,149.659669,3,-1,1,7,-132.42244905512865,47.57931560486618,92.96243594487134,-71.58857439513382,15.447225000000003,-0.002034145,0.08418472258766707,-0.9490232165028396,-110.4774335269678,-100.95916603500632,284.18017571952464,215.71960881664796,1,1,1,1,0,2,2,1,0,0,0
2065000.0,101,-61.186502,-144.325412,133.835937,4.613885,102,-61.187352,-144.327504,108.942322,1.323431,149.461069,3,-1,1,7,-130.1333939663125,49.86843903724879,96.0306690336875,-59.07388296275121,24.89361500000001,-0.0009909130000000002,2.076353329542786,-2.765949999198423,-114.26984055479379,-96.33802305530652,4.019129909027686,149.32214746462367,1,1,1,1,0,2,2,0,0,1,1
2066000.0,101,-61.186522,-144.325342,123.533366,4.396775,102,-61.187362,-144.327489,122.654781,1.313689,149.224922,3,-1,1,7,-129.0701915315167,50.93168966310953,107.39644246848329,-71.72309133689046,0.8785849999999868,-9.741999999999918e-06,2.5589512792768865,-1.720042371965849,-115.85441149869668,-94.05228695888654,-14.314267488491184,142.68836098155884,1,1,1,1,0,2,2,1,1,1,1
2067000.0,101,-61.186606,-144.325333,170.610599,8.340988,102,-61.187382,-144.327462,136.85768,1.778248,148.831917,3,-1,1,7,-127.10036526281064,52.90150016115637,62.28903573718935,-83.95617983884361,33.75291900000002,0.00046455899999999997,0.14478868301134185,-6.931726624381278,-118.7053727637331,-89.77735791901019,18.21902841040078,126.71746426509408,1,0,1,1,1,2,2,0,0,1,1
2068000.0,101,-61.186604,-144.325189,100.743947,6.061144,102,-61.187292,-144.327558,-15.348092,3.238167,148.400868,3,-1,1,7,-121.07358109563124,58.9284946149943,138.18247190436875,74.2765866149943,116.092039,0.0014599189999999998,6.811979105166897,-4.252599639615653,-127.10611000155018,-76.59539427032969,-15.50885026345043,144.15464931147596,1,1,1,1,0,2,2,0,1,0,1
2069000.0,101,-61.186658,-144.32522,174.708786,5.295968,102,-61.18733,-144.327518,23.770799,0.302368,148.367386,3,-1,1,7,-121.2485905739785,58.75342292732975,64.04262342602146,34.982623927329755,150.93798700000002,-0.002935799,0.366504862920945,-5.55011776774192,-126.8429328445555,-76.96591203815221,-999,5626.624377844954,1,0,1,1,1,2,2,0,1,0,0
2070000.0,101,-61.18666,-144.325148,108.988227,3.069219,102,-61.187388,-144.327446,150.773172,2.722523,148.541702,3,-1,1,7,-123.31876248550043,56.68325101629109,127.69301051449958,-94.08992098370891,41.78494499999999,0.002420155,1.5728870514436644,1.3772846079023893,-124.12553548801598,-81.59343523145772,-149.52525832527127,166.72216943826393,1,1,1,1,0,2,2,1,1,1,1
2071000.0,101,-61.186716,-144.325071,144.721144,6.578722,102,-61.187398,-144.327433,148.896041,2.194342,148.925855,3,-1,1,7,-120.92695994484933,59.07510963433055,94.35189605515063,-89.82093136566945,4.174896999999987,-0.000528181,2.6660024143813774,-3.4916803500956908,-127.75204890320704,-76.53969093557687,-3.6276704992656312,147.9892524802757,1,1,1,1,1,2,2,1,1,1,1
2072000.0,101,-61.186759,-144.324932,127.030226,8.091237,102,-61.187378,-144.327451,122.259445,0.532841,149.492402,3,-1,1,7,-117.01675986926035,62.98544727323679,115.95301413073963,-59.27399772676321,4.770780999999943,-0.001661501,6.008787874544652,-4.5884302877052034,-133.17884736090252,-67.90708999324764,-8.947008906690863,134.83132858347977,1,1,1,1,0,2,2,0,1,1,1
2073000.0,101,-61.186789,-144.324935,155.415094,4.03299,102,-61.187388,-144.327439,139.138975,0.788584,148.674438,3,-1,1,7,-116.39867723805004,63.60351676207889,88.18622876194996,-75.53545823792109,16.276118999999994,0.00025574299999999995,1.1619776459930375,-3.070977250554789,-133.17096868500698,-66.10281093957154,5.431112566063841,147.9794010121231,1,0,1,1,1,2,2,0,0,0,1
2074000.0,101,-61.186815,-144.32495,-177.988406,2.99976,102,-61.187411,-144.327404,144.978775,1.673833,148.139831,3,-1,1,7,-116.74591816146553,63.256232029265604,61.24248783853447,-81.72254297073441,37.03281899999996,0.000885249,-1.0658757829432133,-1.6271434064479988,-132.2904996348603,-66.66808258130409,85.94201479767703,83.72310258655139,1,0,1,1,1,2,2,0,0,1,1
2075000.0,101,-61.186835,-144.324815,113.882732,5.682347,102,-61.18743,-144.327374,145.036896,2.018278,149.483186,3,-1,1,7,-115.75569172072339,64.24655047118314,130.36157627927662,-80.79034552881687,31.15416399999998,0.00034444500000000014,4.039229990889198,-0.6465675813270593,-134.63279045760285,-64.95563586256237,-27.48632729691417,86.03032817393043,1,1,1,1,0,1,2,1,1,0,1
2076000.0,101,-61.186922,-144.3248,166.462963,8.767337,102,-61.187522,-144.327286,154.983255,5.491427,150.604438,3,-1,1,7,-116.60198637274382,63.40019185861433,76.93505062725615,-91.58306314138568,11.47970799999996,0.003473149,-0.2700272473536631,-3.547525400788434,-134.66125837392988,-67.43917436064547,25.990556228467227,130.02294551688496,1,0,1,1,1,1,2,1,0,0,1
2077000.0,101,-61.186981,-144.324763,163.849599,7.135888,102,-61.187606,-144.327192,154.206201,7.375444,148.773634,3,-1,1,7,-118.09840601945476,61.903722269916145,78.05199498054526,-92.30247873008385,9.643398000000047,0.001884017,-1.2243873980202162,-0.21367097492668652,-131.2391689331507,-70.07049815223154,120.89125610525393,47.31445364116255,1,0,1,1,0,0,2,1,0,1,1
2078000.0,101,-61.186963,-144.324725,75.072097,2.122106,102,-61.187632,-144.327147,150.372398,5.974235,148.337799,3,-1,1,7,-119.81930347694814,60.18281867898295,165.10859952305185,-90.18957932101705,75.30030099999999,-0.0014012089999999996,-0.9029404100124019,5.739806535151507,-128.69757313959937,-73.76338712492716,-15.332247471103077,143.2512796391164,1,1,2,1,0,2,2,0,1,0,1
2079000.0,101,-61.186998,-144.324724,168.830209,3.240304,102,-61.187581,-144.327173,122.985149,1.841684,148.260433,3,-1,1,7,-116.2879607918425,63.71418502135346,74.88183020815751,-59.27096397864655,45.84505999999999,-0.004132551,-0.9171237487876863,-2.1762716963120328,-132.92726643139613,-65.6619968659507,105.9993616411008,168.84154224080143,1,0,1,1,1,2,2,1,0,0,1
2080000.0,101,-61.18704,-144.32465,146.029097,5.41424,102,-61.187591,-144.327155,127.610006,1.708564,148.179233,3,-1,1,7,-114.53297141263741,65.46922346832066,99.43793158736258,-62.140782531679335,18.41909099999998,-0.00013312000000000013,1.6718292207369585,-3.447436893006676,-134.8019794727165,-61.52650991812882,-1.2516836995985074,148.14485041200126,1,1,1,1,0,2,2,1,1,1,1
2081000.0,101,-61.187075,-144.324577,137.004628,5.399026,102,-61.187654,-144.327094,149.675215,3.912193,147.954342,3,-1,1,7,-115.51648731589343,64.4857180805817,107.47888468410656,-85.1894969194183,12.670586999999955,0.002203629,1.7065375137920349,-0.5719791737681708,-133.52307729000708,-63.73441101681068,-52.492892749541944,103.54562088768114,1,1,1,1,0,2,2,1,1,1,1
2082000.0,101,-61.187135,-144.324539,158.490962,6.756278,102,-61.187621,-144.327111,120.649152,1.204059,147.709362,3,-1,1,7,-111.40990249357343,68.59235109428315,90.09913550642659,-52.056800905716855,37.84180999999995,-0.0027081339999999996,1.4413177367059573,-5.671964317504866,-137.5163436365279,-53.919484931584996,5.935825300071508,147.46894069724686,1,1,1,1,1,2,2,0,0,0,1
2083000.0,101,-61.187192,-144.324533,171.641405,6.378693,102,-61.187653,-144.327086,147.501031,2.117683,147.447423,3,-1,1,7,-110.54070605744354,69.4615308834622,77.81788894255646,-78.03950011653781,24.14037399999995,0.000913624,-0.2105396941957257,-4.524880038426129,-138.073179772587,-51.735283673985975,16.139626241731907,136.3482854774762,1,0,1,1,1,2,2,1,0,1,1
2084000.0,101,-61.187205,-144.324491,140.000546,2.942137,102,-61.187663,-144.327077,148.114608,1.758403,147.150821,3,-1,1,7,-110.17871710395974,69.82354875184002,109.82073689604024,-78.29105924815998,8.11406199999999,-0.00035928000000000007,0.9623208185763105,-0.7607544989972712,-138.118883323568,-50.759611803328944,-55.77490395650843,125.75984938629045,1,1,1,1,0,2,2,1,1,1,1
2085000.0,101,-61.187248,-144.324495,175.017743,4.362231,102,-61.187601,-144.327104,5.181157,1.750719,146.677145,3,-1,1,7,-105.6826280785381,74.31965792964584,79.29962892146193,69.13850092964584,169.836586,-7.684000000000023e-06,0.2207489585112032,-6.089314748702317,-141.21690456140678,-39.648086100662546,-999,6123.387169343555,1,0,1,1,1,2,2,0,1,0,0
2086000.0,101,-61.187322,-144.32443,161.008951,8.031762,102,-61.187651,-144.327074,150.2106,1.266369,146.744689,3,-1,1,7,-104.47811336598497,75.52420331055723,94.51293563401504,-74.68639668944277,10.798351000000025,-0.0004843499999999998,1.9845503997593936,-6.495560898268337,-142.08454922024515,-36.68766308429107,-1.0378013566928677,146.60509093342097,1,1,1,1,0,2,2,1,1,1,1
2087000.0,101,-61.187389,-144.324382,160.903709,7.9374,102,-61.187642,-144.327069,118.98519,0.577043,146.903265,3,-1,1,7,-101.0557543439932,78.94660000983579,98.0405366560068,-40.03858999016421,41.91851899999995,-0.0006893260000000001,2.092008335580767,-7.220980077698896,-144.17689363344203,-28.170775812379897,-3.2589896330565704,146.76785104212104,1,1,1,1,0,2,2,0,1,0,1
2088000.0,101,-61.187397,-144.324349,135.561079,2.852574,102,-61.187714,-144.327033,163.248656,3.410295,147.274729,3,-1,1,7,-103.77095591253577,76.2313958137088,120.66796508746421,-87.01726018629121,27.687576999999976,0.002833252,1.0143145705365901,1.2288478232299802,-143.04132741684603,-35.057445041675486,-111.66613783058986,106.41420373110678,1,1,1,1,0,2,2,1,1,1,1
2089000.0,101,-61.18745,-144.324347,172.651503,5.27584,102,-61.187718,-144.327031,162.255722,2.276974,147.831575,3,-1,1,7,-101.70633473878605,78.29601698803849,85.64216226121397,-83.9597050119615,10.395781000000056,-0.001133321,-0.019149758736136113,-3.0638572887761435,-144.75673501588687,-29.994370047075996,10.81781736854336,144.58389183788856,1,0,1,1,1,2,2,1,0,0,1
2090000.0,101,-61.187463,-144.324303,137.865777,2.799839,102,-61.187807,-144.326988,166.686148,5.314691,147.00703,3,-1,1,7,-104.8883102592188,75.11404234502409,117.2459127407812,-91.57210565497591,28.820371000000023,0.0030377169999999997,0.654433441199529,3.095557920753841,-142.0717865189993,-37.771342903327984,-26.224635226742365,132.23723419533897,1,1,1,1,0,2,2,0,1,1,1
2091000.0,101,-61.187489,-144.32436,-148.431871,3.203664,102,-61.18787,-144.326946,165.214837,6.099611,146.46988,3,-1,1,7,-106.99975219044683,73.0025136708533,41.432118809553174,-92.21232332914668,46.35329200000001,0.0007849200000000005,-3.2337492876235796,3.1680695966602412,-140.07002806427113,-42.82304269069044,16.415886653776695,128.6821426277156,1,0,1,1,1,2,2,0,0,1,1
2092000.0,101,-61.187546,-144.324234,142.804645,7.274056,102,-61.18786,-144.326943,161.056173,3.382785,147.816413,3,-1,1,7,-103.52433526498766,76.47803836960638,113.67101973501235,-84.57813463039362,18.25152799999995,-0.0027168260000000003,3.2992273489151946,-2.594795486847982,-143.7175645791342,-34.568100665627604,-18.813724051142064,116.70220501813482,1,1,1,1,0,1,2,1,1,1,1
2093000.0,101,-61.187606,-144.324253,175.695343,6.545532,102,-61.187893,-144.326938,165.970831,3.457484,149.075063,3,-1,1,7,-102.50643143687316,77.49592117000064,81.79822556312683,-88.47490982999936,9.724512000000004,7.469899999999985e-05,-0.34684270053146,-3.172711603520064,-145.5377660289107,-32.28208586457837,15.884853600368942,141.19522312635814,1,0,1,1,1,1,2,1,0,0,1
2094000.0,101,-61.187669,-144.324247,176.998284,6.987323,102,-61.187954,-144.326913,167.979849,4.787013,147.322921,3,-1,1,7,-102.5077607938842,77.49457516642967,80.4939552061158,-90.48527383357033,9.018434999999954,0.0013295289999999999,-0.6310255001223501,-2.295681210035255,-143.82645913668145,-31.905997934193255,30.720140479804822,130.29563292258348,1,0,1,1,1,0,2,1,0,1,1
2095000.0,101,-61.187713,-144.324299,-160.254639,5.57646,102,-61.188013,-144.326882,167.459353,5.587758,146.888938,3,-1,1,7,-103.55065138123288,76.4516118552412,56.703987618767115,-91.0077411447588,32.28600800000004,0.0008007450000000001,-3.0972361160212665,0.20586351030145256,-142.80001515912707,-34.416794989088096,45.35630696806883,43.815511490311785,1,0,1,1,1,2,2,0,0,1,1
2096000.0,101,-61.187743,-144.324157,126.405344,6.133594,102,-61.188021,-144.326874,165.276535,3.797407,146.809561,3,-1,1,7,-101.98747594679418,78.01490470156209,131.6071800532058,-87.26163029843791,38.87119099999995,-0.0017903509999999997,3.9714258549671495,0.03246341158105759,-143.60808841833088,-30.492034071960223,-36.39234161790863,29.325093300779592,1,1,1,1,0,2,2,0,1,1,1
2097000.0,101,-61.187772,-144.324169,163.791252,3.423264,102,-61.188034,-144.326865,164.162511,2.913762,146.680376,3,-1,1,7,-101.40176662050563,78.60059562791349,94.8069813794944,-85.5619153720865,0.3712590000000091,-0.000883645,0.1603679845471474,-0.4840384206928223,-143.7856504728372,-28.996886412242006,-34.31131493417324,145.6092458207913,1,1,1,1,1,2,2,1,1,0,1
2098000.0,101,-61.187823,-144.32418,-178.211152,5.246971,102,-61.188061,-144.326855,165.938412,2.950765,146.432511,3,-1,1,7,-100.46094051622553,79.54140333286287,77.75021148377446,-86.39700866713713,15.85043600000003,3.7002999999999896e-05,-0.8807224265138942,-2.3820682330544933,-143.99864335720747,-26.58704551184459,31.26781961397845,125.92439351696432,1,0,1,1,1,2,2,0,0,1,1
2099000.0,101,-61.187888,-144.324196,-174.35115,6.997941,102,-61.188111,-144.326841,169.453638,3.994399,146.190516,3,-1,1,7,-99.92405993430381,80.07825762999408,74.42709006569618,-89.37538037000593,16.195212000000055,0.0010436339999999999,-1.4199162344499543,-3.0370357550310287,-144.00307344347118,-25.194876605780436,25.581917432124712,119.79489914995322,1,0,1,1,1,2,2,0,0,1,1
2100000.0,101,-61.187881,-144.324178,135.542055,0.711455,102,-61.188054,-144.326852,75.730357,0.314109,145.93286,3,-1,1,7,-97.6470559145873,82.35528705890852,126.8108890854127,6.624930058908518,59.81169799999998,-0.0036802899999999997,0.19387517589587744,-0.5852348153835335,-144.63501871268477,-19.419345760373254,-999,606.0567675840556,1,1,1,0,0,2,2,0,1,0,0
2101000.0,101,-61.187951,-144.324171,176.323804,6.543763,102,-61.188051,-144.326854,43.39761,0.240028,145.641717,3,-1,1,7,-94.4234725261947,85.57887833379259,89.2527234738053,42.18126833379259,132.926194,-7.408100000000004e-05,0.2546581354137135,-6.704703322144448,-145.20788511232018,-11.23297965436223,-999,6710.120141945766,1,0,1,1,1,2,2,0,1,0,0
2102000.0,101,-61.188033,-144.32414,171.485607,8.809917,102,-61.188049,-144.326855,24.011326,0.206492,145.174491,3,-1,1,7,-90.70177512652657,89.30060377314436,97.81261787347341,65.28927777314436,147.47428099999996,-3.3535999999999985e-05,1.2203522402795655,-8.90144349894788,-145.16360155954547,-1.7780943086940355,-999,8958.925092149662,1,1,1,1,0,2,2,0,1,0,0
2103000.0,101,-61.188055,-144.324083,143.723232,4.374726,102,-61.188043,-144.326853,13.836018,0.380892,145.129858,3,-1,1,7,-89.48619527009726,90.51623182100504,126.79057272990275,76.68021382100504,129.88721399999997,0.0001744,2.4973776464203032,-3.8966053485344494,-145.12402254404734,1.3014467853172162,-999,4545.811826635143,1,1,1,1,0,2,2,1,1,1,0
2104000.0,101,-61.188108,-144.324217,-141.142502,7.072704,102,-61.18801,-144.326845,6.993087,1.683352,145.296338,3,-1,1,7,-85.57660017940862,94.42570249068086,55.56590182059139,87.43261549068086,148.135589,0.0013024599999999999,-4.642259942719769,-7.178405831758974,-144.8635491340602,11.206157615077837,-999,8610.344435402345,1,0,1,1,1,2,2,0,1,0,0
2105000.0,101,-61.188116,-144.324191,-170.67097,1.631462,102,-61.188033,-144.326844,85.820484,0.155362,145.675623,3,-1,1,7,-86.28696374956037,93.71536082608193,84.38400625043964,7.894876826081941,103.50854600000002,-0.00152799,-0.41941503529695445,-1.6212068478443606,-145.36983671239605,9.433859795939183,30479.432720718545,51013.1952331904,1,0,1,0,0,2,2,1,0,0,0
2106000.0,101,-61.188144,-144.324094,128.157363,4.663688,102,-61.188041,-144.326846,168.376296,0.328961,145.301072,3,-1,1,7,-85.56050568834564,94.44190563205962,146.28213131165435,-73.93439036794038,40.21893299999999,0.000173599,3.6008564368990745,-2.559121028466122,-144.8651153845478,11.247216054243474,-23.096131102577527,78.08484242769751,1,1,1,1,0,2,2,1,1,1,1
2107000.0,101,-61.188199,-144.324205,-150.151893,6.531264,102,-61.188062,-144.326847,177.822451,1.122454,144.501407,3,-1,1,7,-83.85994482896093,96.14237010958165,66.29194817103907,-81.68008089041835,32.025656,0.000793493,-3.2932747061007577,-4.543234499350479,-143.67246203718068,15.455752235155728,11.381858221917902,125.64782643378794,1,0,1,1,1,2,2,1,0,0,1
2108000.0,101,-61.188271,-144.324157,172.876522,7.68745,102,-61.188154,-144.326848,179.903091,4.680062,143.972248,3,-1,1,7,-84.84612544350827,95.15623243101875,102.27735255649173,-84.74685856898124,7.026568999999995,0.0035576080000000003,0.945390246889634,-2.948056855935766,-143.390173791274,12.93314556794849,-17.796377465744584,132.59566609049952,1,1,1,1,0,2,2,1,1,0,1
2109000.0,101,-61.188304,-144.324167,-178.493679,4.331374,102,-61.1882,-144.326848,179.993764,4.876676,145.319636,3,-1,1,7,-85.39927755821066,94.60307155514826,93.09440144178933,-85.39069244485174,1.5125569999999584,0.0001966139999999994,-0.11439060707213548,0.5467987597322326,-144.85139682705733,11.656304921494572,73.71204691768425,139.3952885522949,1,1,1,1,1,1,2,1,0,0,1
2110000.0,101,-61.188377,-144.324141,172.809657,7.549024,102,-61.188222,-144.326858,-177.537591,3.905349,146.643816,3,-1,1,7,-83.25028392579262,96.75209673225069,103.9400590742074,-85.71031226774932,9.652751999999992,-0.0009713269999999996,1.1126703319521178,-3.5879141566923547,-145.62743348793293,17.23541083814139,-15.656482447258696,133.98969950870907,1,1,1,1,0,1,2,0,1,1,1
2111000.0,101,-61.18841,-144.324197,-156.223924,4.695458,102,-61.188311,-144.326873,-176.506045,6.25101,144.993744,3,-1,1,7,-85.6114674406541,94.39087729393627,70.61245655934592,-89.10307770606374,20.28212099999999,0.0023456609999999998,-1.5120792092035626,1.9424453252344254,-144.56863497964108,11.09484471548989,45.29137568813697,108.16452511551765,1,0,1,1,1,0,2,0,0,1,1
2112000.0,101,-61.188413,-144.324278,-104.252911,3.744634,102,-61.188349,-144.326868,-178.193104,5.487898,143.49923,3,-1,1,7,-87.06593608649445,92.93633329474838,17.18697491350555,-88.87056270525159,73.94019300000002,-0.0007631119999999996,-3.456328955870843,4.563230879610314,-143.311117116165,7.345251630117257,26.57907771943906,125.01678771526647,1,0,0,1,1,0,2,0,0,0,1
2113000.0,101,-61.188459,-144.324295,-159.441148,4.787266,102,-61.188392,-144.326851,178.000235,5.205049,143.08247,3,-1,1,7,-86.88779610724073,93.1144434838696,72.55335189275927,-84.88579151613041,22.558617000000027,-0.0002828490000000006,-1.8627731511070267,0.7195044828249735,-142.871441813019,7.768161659622433,72.06949360471343,44.92142204584772,1,0,1,1,0,2,2,1,0,1,1
2114000.0,101,-61.188507,-144.32412,129.621037,8.159739,102,-61.188423,-144.326841,176.159499,4.511364,143.186107,3,-1,1,7,-86.33600305834523,93.66638110826038,144.04295994165477,-82.49311789173963,46.53846199999998,-0.0006936849999999994,5.98310925385931,-0.7022883196677618,-142.8934305229489,9.150341589177215,-22.45846529901791,10.792344285291408,1,1,1,1,0,2,2,0,1,1,1
2115000.0,101,-61.188556,-144.324149,173.334656,5.481475,102,-61.188428,-144.326833,173.362858,2.979789,143.037297,3,-1,1,7,-84.34979193491529,95.65255981233149,102.31555206508472,-77.7102981876685,0.028201999999964755,-0.0015315750000000005,0.29182749072798525,-2.484607316164449,-142.34235120346617,14.082733645684787,-12.226692252914146,139.72777078844845,1,1,1,1,1,2,2,1,1,0,1
2116000.0,101,-61.188606,-144.324168,-174.208968,5.581573,102,-61.188413,-144.326824,160.838347,1.207724,142.866741,3,-1,1,7,-81.42665538295327,98.5756718307118,92.78231261704673,-62.2626751692882,24.952685000000002,-0.0017720649999999998,-0.9596006381484234,-4.412275943638285,-141.27032539231396,21.297907115742824,2.171818120253575,142.57075761081194,1,1,1,1,1,2,2,0,0,0,1
2117000.0,101,-61.188633,-144.324314,-120.262293,6.698944,102,-61.18839,-144.326813,59.642931,0.526212,142.693225,3,-1,1,7,-78.59368197181767,101.40850767705983,41.668611028182326,41.76557667705983,179.90522399999998,-0.000681512,-6.240125913247062,-3.641936046362928,-139.87494432463131,28.219787580382626,27.923367661958096,134.3845468443291,1,0,1,1,1,2,2,0,0,1,1
2118000.0,101,-61.188693,-144.324197,154.735018,6.80056,102,-61.188355,-144.326793,21.013985,1.854404,142.385774,3,-1,1,7,-74.88276105297874,105.11951358861027,130.38222094702127,84.10552858861027,133.72103299999998,0.001328192,2.2375330477117856,-7.881115746794447,-137.45840145357357,37.133495760664395,-999,8112.052857076894,1,1,1,1,0,2,2,1,1,0,0
2119000.0,101,-61.188757,-144.324286,-159.380644,7.438415,102,-61.188415,-144.326816,178.934306,1.602742,142.062495,3,-1,1,7,-74.33263135540841,105.66958545772485,85.04801264459158,-73.26472054227514,21.685050000000018,-0.00025166199999999983,-2.649305332471941,-5.3594499854763615,-136.78426299578572,38.364278728066246,4.094392128236413,139.63227064467253,1,0,1,1,1,2,2,1,0,1,1
2120000.0,101,-61.188825,-144.324289,-173.343347,7.571954,102,-61.188389,-144.326792,65.715803,0.486282,141.68764,3,-1,1,7,-70.12890409370883,109.87328906227522,103.21444290629117,44.157486062275225,120.94085000000001,-0.0011164600000000001,-1.3209899638381346,-7.720898450938667,-133.25151812462656,48.16035969811601,-999,7801.50411919591,1,1,1,1,0,2,2,0,1,0,0
2121000.0,101,-61.18885,-144.32437,-136.555198,4.878275,102,-61.188438,-144.326815,-176.980122,2.022708,141.712,3,-1,1,7,-70.72875845851422,109.27338387776769,65.82643954148577,-73.74649412223232,40.424924000000004,0.001536426,-3.2480112021472864,-1.5219099531088496,-133.7714129169667,46.770717657508605,24.400501274472138,100.06236612771549,1,0,1,1,1,2,2,1,0,1,1
2122000.0,101,-61.188847,-144.324417,-96.314771,2.79917,102,-61.188446,-144.326815,-177.745216,1.573157,141.942681,3,-1,1,7,-70.86492273158217,109.13717842292915,25.449848268417824,-73.11760557707083,81.43044499999999,-0.00044955100000000024,-2.7202933016157225,1.26405673393951,-134.1001218682005,46.52829251543131,72.39340458441954,77.27259229209369,1,0,1,1,1,2,2,0,0,1,1
2123000.0,101,-61.188944,-144.324397,-179.889855,9.100177,102,-61.188429,-144.326795,124.666618,0.377934,142.259946,3,-1,1,7,-65.98173407325389,114.02036708203408,113.90812092674612,-10.646250917965915,55.44352700000002,-0.001195223,-0.3283355901735115,-8.885191165091165,-129.94247432460452,57.903761555899024,-10.677309342087138,138.47354994983687,1,1,1,0,0,2,2,1,1,0,1
2124000.0,101,-61.188969,-144.324452,-151.150295,4.356554,102,-61.18848,-144.326833,-168.78068,2.409106,142.753131,3,-1,1,7,-66.91945502768594,113.0826312327316,84.23083997231406,-78.13668876726842,17.63038499999999,0.002031172,-1.633369013469028,-1.452788174823214,-131.32640867026922,55.96276258435246,24.471996109239196,129.30866540888024,1,0,1,1,1,2,2,1,0,1,1
2125000.0,101,-61.189012,-144.324462,-167.736954,4.746894,102,-61.188494,-144.326857,-160.247982,2.201413,143.520599,3,-1,1,7,-65.83093386882996,114.17116465911751,101.90602013117004,-85.58085334088247,7.48897199999999,-0.0002076929999999999,-0.2642739002854656,-2.56669211052458,-130.9397698388806,58.761713826774766,-18.688060728768402,136.30668866680148,1,1,1,1,0,2,2,1,1,0,1
2126000.0,101,-61.189054,-144.324488,-164.681549,4.846193,102,-61.188603,-144.326948,-160.696614,6.391837,143.189136,3,-1,1,7,-69.17330289151512,110.82885259171925,95.50824610848487,-88.47453340828076,3.984934999999979,0.004190424,0.8326656579086964,1.3584776240497503,-133.83317388582626,50.90982455354449,-15.80495302773573,140.7156469793494,1,1,1,1,1,2,2,1,1,0,1
2127000.0,101,-61.189107,-144.324494,-174.035002,5.756656,102,-61.188631,-144.326977,-158.502598,5.235742,141.935805,3,-1,1,7,-68.3090149189986,111.69316071796517,105.72598708100139,-89.80424128203481,15.532403999999985,-0.0011560949999999996,1.320448159297703,-0.8539736239940767,-131.8854351119408,52.459553432449965,-101.48253812465195,34.269308903527026,1,1,1,1,0,0,2,0,1,1,1
2128000.0,101,-61.189136,-144.324523,-160.239704,3.828127,102,-61.188657,-144.326975,-162.877193,4.28759,140.12089,3,-1,1,7,-67.93558982388039,112.06655865113109,92.3041141761196,-85.0562483488689,2.6374890000000164,-0.0009481520000000003,-0.031880020307918366,0.4948376062391935,-129.85873691573482,52.63622574845266,138.27991191733972,126.4401661279671,1,1,1,1,1,0,2,1,0,0,1
2129000.0,101,-61.189201,-144.324546,-169.381957,6.72679,102,-61.188714,-144.32699,-167.408894,5.090768,140.922567,3,-1,1,7,-67.53714123764075,112.46500022885888,101.84481576235925,-80.12610577114111,1.9730629999999962,0.000803178,-0.12973881458048875,-1.6432715319476596,-130.23040655602756,53.8443228030705,-27.109276538898886,134.070226886785,1,1,1,1,0,2,2,1,1,0,1
2130000.0,101,-61.189223,-144.324578,-153.566191,3.531657,102,-61.188812,-144.327047,-166.522073,7.537125,143.401316,3,-1,1,7,-70.94527465385305,109.05688871934007,82.62091634614696,-84.4210382806599,12.955882000000003,0.0024463569999999997,0.18451804246506143,4.167131378396162,-135.54395379279265,46.81638624188277,10.456357773014126,137.511595089659,1,0,1,1,1,1,2,0,0,0,1
2131000.0,101,-61.189254,-144.324595,-161.980052,3.535547,102,-61.188919,-144.32713,-163.835368,9.509936,145.843803,3,-1,1,7,-74.66667723382729,105.33554397097718,87.31337476617271,-90.82908802902284,1.8553159999999878,0.001972811,1.5538350536408834,5.771843101994579,-140.65231619859412,38.5660578938723,0.11388230622674725,145.84223167719048,1,0,1,1,0,1,2,1,0,0,1
2132000.0,101,-61.189287,-144.324671,-138.516045,4.903892,102,-61.189003,-144.327192,-162.707869,9.647706,144.230435,3,-1,1,7,-76.84388202829341,103.15832691069447,61.672162971706584,-94.13380408930556,24.191823999999997,0.00013776999999999973,-0.38066824586627,5.537937649342457,-140.44489204461271,32.82759020802939,9.325188551368749,138.1819783597067,1,0,1,1,1,0,2,0,0,1,1
2133000.0,101,-61.189356,-144.324638,177.168225,7.022579,102,-61.189148,-144.327244,-166.598636,12.260654,141.964336,3,-1,1,7,-80.59711543097096,99.4051679885536,102.23465956902902,-93.99619601144639,16.233138999999994,0.0026129480000000012,3.1886060290630995,4.912797138478548,-140.05689433343704,23.193513006729845,-9.450010435688899,130.11640015215593,1,1,1,1,0,0,2,1,1,1,1
2134000.0,101,-61.189384,-144.324622,168.979115,3.8434,102,-61.189189,-144.327235,-169.076601,9.206798,140.152818,3,-1,1,7,-81.19857978085072,98.80370977304374,109.82230521914926,-92.11968922695627,21.94428400000001,-0.0030538560000000015,2.479385996867388,5.267465417440717,-138.50246096615328,21.444829205668796,-6.800284156345791,134.44720214307435,1,1,1,1,0,0,2,0,1,0,1
2135000.0,101,-61.189396,-144.324667,-137.619954,2.317171,102,-61.189253,-144.327238,-171.598982,8.37274,141.48917,3,-1,1,7,-83.41747103948254,96.58478171407663,54.20248296051747,-91.81623628592337,33.979028,-0.0008340579999999989,-0.3386155379178182,6.571226951971607,-140.55644040696026,16.219503303539543,3.9051639376851615,139.55388774918018,1,0,1,1,1,1,2,0,0,0,1
2136000.0,101,-61.189479,-144.324589,162.152882,8.49184,102,-61.189351,-144.327267,-171.777906,9.443637,143.175215,3,-1,1,7,-84.33704493471215,95.66530157619641,113.51007306528783,-92.55679242380359,26.06921200000002,0.0010708970000000003,3.953103960805163,1.2633744043941455,-142.4764594966545,14.128010461292488,-32.42971563489393,56.91889196562558,1,1,1,1,0,1,2,1,1,1,1
2137000.0,101,-61.189542,-144.32457,168.742557,7.338819,102,-61.189416,-144.327292,-171.066784,8.602951,142.046724,3,-1,1,7,-84.51457525392344,95.48780981206797,106.74286774607657,-93.44540618793201,20.190658999999954,-0.0008406860000000016,2.768560556094277,1.3009776870340986,-141.39622784478087,13.578606349658852,-40.23845143486602,72.430040736086,1,1,1,1,1,0,2,1,1,0,1
2138000.0,101,-61.189568,-144.324608,-163.515455,3.726385,102,-61.189436,-144.327293,-171.344927,6.122159,140.799661,3,-1,1,7,-84.17635337293697,95.82599927351282,79.33910162706303,-92.8290737264872,7.82947200000001,-0.002480791999999999,-0.13608950593683067,2.479224189619198,-140.07298226386197,14.286503330861887,9.249049139011419,139.083153063076,1,0,1,1,1,0,2,1,0,0,1
2139000.0,101,-61.18963,-144.324701,-148.463513,7.44158,102,-61.189449,-144.327274,-176.210365,4.272242,140.000829,3,-1,1,7,-81.69620288838426,98.3060516222531,66.76731011161574,-85.48358337774692,27.74685199999999,-0.0018499169999999995,-3.6098877138558603,-2.0796121301427988,-138.53309112398645,20.219168734656442,23.360050884630876,87.58759735607451,1,0,1,1,1,2,2,0,0,1,1
2140000.0,101,-61.189665,-144.324674,-179.343969,4.304721,102,-61.18949,-144.327267,-179.058303,4.420892,141.324034,3,-1,1,7,-82.02901108513606,97.97326095070568,97.31495791486392,-82.96843604929433,0.285665999999992,0.00014864999999999995,0.02336968964672327,0.11585607164217304,-139.95861920535418,19.597640066187047,-71.4312971730239,141.0703870965429,1,1,1,1,0,1,2,1,1,0,1
2141000.0,101,-61.189682,-144.32463,143.422258,2.853997,102,-61.189526,-144.327277,-177.012059,4.242774,142.867055,3,-1,1,7,-83.0288960040387,96.97342334838154,133.5488459959613,-86.01451765161846,39.56568300000001,-0.00017811800000000044,1.9218916660878613,1.9451065345890202,-141.81090855695513,17.339596841447477,-37.36599771120227,114.03215093823984,1,1,1,1,0,1,2,0,1,1,1
2142000.0,101,-61.189721,-144.324656,-172.405078,4.070841,102,-61.189553,-144.327317,-167.0911,3.861874,145.345725,3,-1,1,7,-82.53748872939885,97.4648428908773,89.86758927060116,-95.4440571091227,5.313977999999992,-0.00038090000000000004,0.3247114358919333,-0.2708576189717449,-144.11465436329377,18.877133615143833,-323.20250147678877,79.05002747175074,1,0,1,1,1,1,2,1,1,1,1
2143000.0,101,-61.189717,-144.324677,-103.680105,0.989193,102,-61.189667,-144.327379,-167.095338,7.435522,145.522887,3,-1,1,7,-87.80217557692973,92.20019196950358,15.87792942307027,-100.7044700304964,63.41523299999997,0.003573648,0.6994400018506655,7.013778298334242,-145.4158364807545,5.580783226145964,-1.4041006760521006,145.2554912035804,1,0,0,1,1,2,2,0,1,0,1
2144000.0,101,-61.189806,-144.324747,-160.572511,8.889207,102,-61.189693,-144.327415,-162.444545,5.817981,144.33673,3,-1,1,7,-84.9785011454808,95.0238366107439,75.59400985451919,-102.5316183892561,1.8720340000000135,-0.0016175410000000001,-1.201801132858254,-2.8360726788281747,-143.78275478771107,12.633726795757779,14.049637300363957,137.32142259144533,1,0,1,1,0,0,2,1,0,1,1
2145000.0,101,-61.189837,-144.324826,-137.549294,5.748626,102,-61.189797,-144.32743,-169.63121,8.050661,142.833011,3,-1,1,7,-88.1754416772649,91.82684000226645,49.373852322735104,-98.54194999773352,32.08191600000001,0.0022326800000000003,-2.4310826410430675,3.6775195182939573,-142.76059540044773,4.547684271778893,25.550980681454153,120.41088592295816,1,0,1,1,1,0,2,0,0,1,1
2146000.0,101,-61.189888,-144.324753,162.532326,5.673088,102,-61.189827,-144.327418,-172.823273,6.142916,142.417183,3,-1,1,7,-87.28182364019145,92.72051148985372,110.18585035980854,-94.45621551014631,24.644400999999988,-0.0019077450000000002,2.4703135459031538,0.6833076953217185,-142.25694668928307,6.753897563478973,-54.01118850796964,44.54458766813548,1,1,1,1,0,2,2,1,1,1,1
2147000.0,101,-61.189933,-144.324763,178.82941,5.115363,102,-61.189842,-144.327406,-176.077578,4.364092,142.563725,3,-1,1,7,-85.9145300489787,94.0877858048154,95.25605995102131,-89.8346361951846,5.093011999999959,-0.0017788239999999994,0.40303176108697036,-0.7604259440155436,-142.20145381050958,10.156880429203442,-88.79959471241503,120.8915153843868,1,1,1,1,1,2,2,1,1,0,1
2148000.0,101,-61.189986,-144.32473,167.161302,5.906062,102,-61.189832,-144.327391,178.469887,2.229425,142.456159,3,-1,1,7,-83.15323308665155,96.8490985396825,109.68546491334843,-81.6207884603175,11.308584999999994,-0.0021346670000000002,1.2528378791950787,-3.529777423727832,-141.4402374157804,16.982828880989118,-16.306980726028634,127.63222406962034,1,1,1,1,0,2,2,0,1,0,1
2149000.0,101,-61.19002,-144.324773,-162.815497,4.358658,102,-61.189873,-144.327392,179.456391,3.141662,142.206926,3,-1,1,7,-83.35777672653303,96.64451809926435,79.45772027346696,-82.81187290073565,17.728112000000067,0.0009122370000000002,-1.317570940570773,-1.0225595354352826,-141.25240390985286,16.44895717233351,56.80133679751784,99.82790365049416,1,0,1,1,1,2,2,0,0,1,1
2150000.0,101,-61.190036,-144.324731,149.825508,2.48266,102,-61.189873,-144.327387,176.549237,1.929151,141.964812,3,-1,1,7,-82.74366061757965,97.25866662847831,127.43083138242034,-79.2905703715217,26.723728999999935,-0.001212511,1.131755025789129,-0.22060300291108526,-140.82781306133674,17.931394662895986,-116.44117826935667,11.914877856710063,1,1,1,1,0,2,2,0,1,1,1
2151000.0,101,-61.190143,-144.324765,-174.735311,10.340676,102,-61.189915,-144.327399,-177.475254,2.996971,141.711156,3,-1,1,7,-79.81822716121856,100.1840808097773,94.91708383878144,-82.3406651902227,2.739943000000011,0.0010678199999999997,-0.8168093092392457,-7.302991393188249,-139.47947356190605,25.05051276421079,-1.2722666954395443,141.39960587826567,1,1,1,1,1,2,2,1,1,0,1
2152000.0,101,-61.190175,-144.324859,-139.766721,6.067215,102,-61.189928,-144.327403,-175.744251,2.373706,141.427791,3,-1,1,7,-78.61003355445588,101.39219555700417,61.15668744554411,-82.86355344299585,35.97753,-0.0006232649999999999,-3.742672241007476,-2.2646782564059755,-138.6424799883951,27.929962581556474,20.387404103114246,96.83544749581354,1,0,1,1,1,2,2,0,0,1,1
2153000.0,101,-61.190208,-144.324879,-153.899026,4.283251,102,-61.189891,-144.327385,56.102343,0.242926,140.971662,3,-1,1,7,-75.29322536981729,104.70897044506235,78.6058006301827,48.60662744506235,149.998631,-0.0021307799999999997,-2.086072382007318,-3.9819280208876626,-136.35311200729052,35.7888017816961,-999,4524.4349100093195,1,0,1,1,0,2,2,0,1,0,0
2154000.0,101,-61.190227,-144.324842,159.563142,2.632943,102,-61.189908,-144.32739,175.963311,0.649149,140.940628,3,-1,1,7,-75.43795018348187,104.56428243306061,124.99890781651811,-71.39902856693939,16.400169000000005,0.000406223,0.873660666180801,-1.819680570400042,-136.41303967517163,35.43646748216362,-42.08372770790162,107.8056436990079,1,1,1,1,0,2,2,1,1,1,1
2155000.0,101,-61.190285,-144.324922,-153.935887,6.44877,102,-61.189905,-144.327386,155.712496,0.268253,141.122072,3,-1,1,7,-72.25520767236978,107.74695134221783,81.68067932763023,-47.96554465778216,50.351617000000005,-0.000380896,-2.943775321078389,-5.548438406798035,-134.4079784667458,43.0108652558396,3.9331720838121456,138.89037692292789,1,0,1,1,1,2,2,0,0,0,1
2156000.0,101,-61.190326,-144.324899,179.069247,4.791014,102,-61.189922,-144.327395,-174.826636,0.896211,141.397068,3,-1,1,7,-71.43526315165968,108.56692390267546,109.49548984834033,-76.60644009732454,6.104116999999974,0.000627958,0.15863616850345036,-3.8978216454488277,-134.03940604124685,45.017424038991635,-12.990357316450693,132.09812700401355,1,1,1,1,0,2,2,1,1,1,1
2157000.0,101,-61.190387,-144.32497,-157.134829,6.973338,102,-61.189963,-144.327426,-165.564046,2.411659,141.855736,3,-1,1,7,-70.2913973496549,109.71075465667145,86.8434316503451,-84.72519934332854,8.429216999999994,0.0015154480000000002,-2.108366565644866,-4.089870004611743,-133.5458158035755,47.83894770434634,3.8159768024355256,140.6261140041662,1,0,1,1,1,2,2,0,0,0,1
2158000.0,101,-61.190436,-144.32504,-148.315997,6.642524,102,-61.189981,-144.327441,-163.227239,2.320421,141.049099,3,-1,1,7,-68.53424572920227,111.4678580854864,79.78175127079774,-85.3049029145136,14.911241999999987,-9.123800000000016e-05,-2.819260700927421,-3.430804669822031,-131.26543415492887,51.616219590646516,8.714400316355938,134.2712850952415,1,0,1,1,1,2,2,0,0,1,1
2159000.0,101,-61.190482,-144.325055,-163.198479,5.405581,102,-61.190006,-144.327446,-167.326259,2.519548,140.057249,3,-1,1,7,-67.55493833797904,112.44715671519745,95.64354066202095,-80.22658428480258,4.127780000000001,0.00019912699999999984,-1.0097356306128367,-2.7166668965117786,-129.4473585492699,53.47349214390967,-1.6797991337181746,139.96718327579293,1,1,1,1,0,2,2,1,1,0,1
2160000.0,101,-61.190505,-144.325081,-154.213933,3.280947,102,-61.190056,-144.327468,-168.424884,3.754776,141.210405,3,-1,1,7,-68.67871975345031,111.32337179536397,85.53521324654969,-80.25174420463605,14.210950999999994,0.001235228,-0.673846748029807,0.7241678600968195,-131.54543506800132,51.3437142504735,159.2246427059436,68.40521532817583,1,0,1,1,1,1,2,0,0,1,1
2161000.0,101,-61.190548,-144.324981,142.63667,5.692191,102,-61.190071,-144.32748,-166.08485,2.973866,142.598524,3,-1,1,7,-68.39308854102369,111.6091011456404,148.97024145897632,-82.30604885435963,51.27848000000003,-0.00078091,4.169573768821168,-1.6375798029226099,-132.5784213395244,52.510010875052366,-29.42870594117876,10.776258970684557,1,1,1,1,0,1,2,0,1,1,1
2162000.0,101,-61.190589,-144.325001,177.714317,4.595363,102,-61.19011,-144.32754,-155.859529,3.784979,144.947715,3,-1,1,7,-68.62153154853642,111.38069318797126,113.66415145146357,-92.75977781202874,26.426154000000054,0.0008111129999999997,1.731235109908296,-1.1377412459932579,-134.97427865883347,52.83733702836273,-76.53607005363519,34.330047915050784,1,1,1,1,1,1,2,1,1,0,1
2163000.0,101,-61.19067,-144.325105,-154.554392,9.203945,102,-61.190204,-144.327643,-155.308078,6.805506,145.642713,3,-1,1,7,-69.1437243438441,110.85849951842565,85.41066765615591,-93.83342248157436,0.7536859999999876,0.0030205270000000003,-1.1115872050295206,-2.127844422919538,-136.09968411329723,51.85244289578913,6.97364264825464,144.64059499501914,1,0,1,1,1,2,2,1,0,0,1
2164000.0,101,-61.190652,-144.325193,-85.270149,4.526422,102,-61.190282,-144.327714,-156.126256,7.842186,143.848077,3,-1,1,7,-73.06248193048756,106.93972703652337,12.20766706951244,-96.93401696347661,70.85610700000001,0.0010366799999999997,-1.3370977668527702,7.5444433224639855,-137.60838228961367,41.907068380327715,20.27976265768688,156.68469529057128,1,0,0,1,1,0,2,0,0,0,1
2165000.0,101,-61.190725,-144.325184,-172.417412,6.858377,102,-61.190386,-144.327749,-162.864408,9.293685,139.982245,3,-1,1,7,-74.66447861417376,105.3377689088365,97.75293338582625,-91.79782309116354,9.553004000000016,0.0014514990000000002,1.83323741691733,2.082734729809623,-134.99798693223124,37.021243084007146,-20.758277969569274,125.85258559818615,1,1,1,1,0,0,2,1,1,1,1
2166000.0,101,-61.190771,-144.325188,-175.680947,5.37663,102,-61.190548,-144.327756,-171.04189,12.605037,136.413114,3,-1,1,7,-79.78602315269463,100.216227001107,95.89492384730538,-88.741882998893,4.639057000000008,0.0033113519999999996,1.5578436319561342,7.089925263708885,-134.25129084444376,24.189431117278605,-0.709534620974867,136.31452714254686,1,1,1,1,1,0,2,1,1,0,1
2167000.0,101,-61.190804,-144.325152,162.398461,4.134481,102,-61.190589,-144.327743,-173.38051,9.424784,139.035426,3,-1,1,7,-80.23096382064179,99.77130648737729,117.37057517935821,-86.84818351262271,24.221029000000016,-0.0031802529999999988,2.3366909101589908,5.421039595223094,-137.01937607723883,23.591105578282328,-5.664082851789501,135.1688212391685,1,1,1,1,0,1,2,0,1,1,1
2168000.0,101,-61.190839,-144.325181,-169.116212,3.996146,102,-61.190744,-144.327787,-173.082785,12.562376,142.436218,3,-1,1,7,-85.67507250269462,94.32721095075097,83.44113949730537,-92.59000404924905,3.966573000000011,0.003137592,0.7584085603551008,8.546672951112912,-142.03061924481577,10.741480115779801,-0.21723171542330302,142.42414324868164,1,0,1,1,1,1,2,1,1,0,1
2169000.0,101,-61.190868,-144.325231,-147.289307,3.951401,102,-61.190916,-144.327817,-174.166838,15.177599,141.710936,3,-1,1,7,-92.20695321823243,87.79531271278955,55.08235378176758,-98.0378492872104,26.877531000000005,0.0026152230000000003,-0.5927953610707628,11.774262093537674,-141.60582197560504,-5.457157191189354,0.14933406275740113,141.70112304736145,1,0,1,1,1,2,2,0,0,1,1
2170000.0,101,-61.190913,-144.325198,172.293092,4.806178,102,-61.191027,-144.327813,-176.035611,14.081415,139.356398,3,-1,1,7,-95.17037376341473,84.83191757995337,92.53653423658528,-99.13247142004661,11.67129700000001,-0.001096184000000001,1.618074670575085,9.28495719945921,-138.7893748431032,-12.55846703204685,-3.8536950873316558,134.57271812978047,1,1,1,1,0,0,2,1,1,1,1
2171000.0,101,-61.190966,-144.325142,157.547872,6.175958,102,-61.191108,-144.327791,-178.81036,12.047887,138.925758,3,-1,1,7,-96.34860075396735,83.65372038287987,106.10352724603263,-97.53591961712016,23.641768000000013,-0.0020335280000000006,2.6088025436655173,6.337476218224526,-138.07379808136722,-15.362048016472366,-10.396570729397366,121.91407686860265,1,1,1,1,0,2,2,0,1,1,1
2172000.0,101,-61.191015,-144.325188,-168.483397,5.582613,102,-61.191161,-144.327767,178.518219,9.641611,138.830002,3,-1,1,7,-96.70136776438109,83.30089203732852,71.78202923561891,-95.21732696267146,12.998383999999959,-0.002406276,-1.3639023489347926,4.168169182874071,-137.88149655831307,-16.20069017541868,6.420318378490174,136.08424185891482,1,0,1,1,1,2,2,1,0,0,1
2173000.0,101,-61.19107,-144.325171,176.875784,6.034122,102,-61.191164,-144.327751,175.688691,5.998718,138.769976,3,-1,1,7,-94.32485273216572,85.6774079464165,88.79936326783428,-90.01128305358351,1.1870930000000044,-0.003642892999999999,-0.122092210056932,-0.04341011727536692,-138.37483082375564,-10.464818848770696,1055.3387976493157,36.60871948285211,1,0,1,1,0,2,2,1,0,1,1
2174000.0,101,-61.191119,-144.325147,169.3284,5.659533,102,-61.191155,-144.32774,171.362398,3.280959,138.656651,3,-1,1,7,-91.65140709429397,88.35086497567642,99.02019290570604,-83.0115330243236,2.033997999999997,-0.002717759,0.5552814646300783,-2.3179032464313223,-138.5990614516881,-3.9958767807568716,-11.755189953948433,135.71682038682738,1,1,1,1,0,2,2,0,1,0,1
2175000.0,101,-61.191171,-144.325205,-161.344798,6.14519,102,-61.191171,-144.327735,170.834547,2.663263,137.352982,3,-1,1,7,-90.00110843404867,90.00110843404867,71.34368956595132,-80.83343856595131,27.820655000000073,-0.000617696,-2.3898964211262577,-3.1930660583168615,-137.35298197429708,-0.002657206572971072,19.67127351381725,110.02913486481413,1,0,1,1,1,0,2,0,0,1,1
2176000.0,101,-61.191176,-144.325225,-136.644256,1.931825,102,-61.191184,-144.327733,171.401346,2.19272,137.259204,3,-1,1,7,-90.38035450070305,89.62184309039729,46.26390149929696,-81.7795029096027,51.954398,-0.00047054300000000013,-1.6540864699658608,0.7634336501138239,-137.25617958251777,-0.9111800728981511,77.17103557681939,60.5928472461156,1,0,1,1,1,2,2,0,0,1,1
2177000.0,101,-61.191218,-144.32519,166.42839,4.21178,102,-61.191169,-144.327732,161.355637,0.720858,137.12839,3,-1,1,7,-87.71042932022227,92.2917980631226,105.8611806797777,-69.0638389368774,5.072753000000034,-0.001471862,0.7578850162865833,-3.411147916426397,-137.0189181559523,5.47826718630541,-10.333675298254901,132.57324584285217,1,1,1,1,0,2,2,1,1,0,1
2178000.0,101,-61.191289,-144.325153,166.788753,7.475346,102,-61.191149,-144.327731,17.719427,0.534869,137.117023,3,-1,1,7,-83.57139227867577,96.43086664962075,109.63985472132421,78.71143964962076,149.06932600000005,-0.00018598899999999996,1.5456397296569542,-7.786997863912895,-136.25485021474884,15.352321952684774,-999,7890.469619586118,1,1,1,1,0,2,2,0,1,0,0
2179000.0,101,-61.19133,-144.325205,-163.090454,5.309572,102,-61.191139,-144.327735,4.109014,0.723646,137.285554,3,-1,1,7,-81.09734068967475,98.90487617975073,81.99311331032524,94.79586217975073,167.199468,0.00018877699999999997,-1.5962030199804553,-5.801799266837676,-135.63163155154635,21.2457962842651,-999,6028.3896650545375,1,0,1,1,1,2,2,0,1,1,0
2180000.0,101,-61.1914,-144.325266,-159.21493,7.847658,102,-61.191067,-144.327707,8.473314,3.632407,137.490644,3,-1,1,7,-74.19457332396846,105.80756556090125,85.02035667603155,97.33425156090125,167.68824400000003,0.002908761,-3.3200768920739745,-10.929675938892345,-132.29242531712154,37.448516542695735,-999,11414.840397895658,1,0,1,1,0,2,2,0,1,0,0
2181000.0,101,-61.191454,-144.325268,-172.10953,6.260151,102,-61.191038,-144.327691,10.26852,3.523054,137.071282,3,-1,1,7,-70.3909798339398,109.61114327874269,101.71855016606021,99.34262327874269,177.62194999999997,-0.00010935300000000004,-1.4874175194179662,-9.66750753254821,-129.12178234392508,46.00110513293746,-999,9746.580939517586,1,1,1,1,0,2,2,0,1,1,0
2182000.0,101,-61.191456,-144.325318,-119.441436,2.497479,102,-61.191095,-144.327717,-174.50892,0.423086,136.472837,3,-1,1,7,-72.65898078066193,107.34312130316675,46.78245521933806,-78.14795869683326,55.06748399999998,-0.0030999680000000003,-2.134465545128584,-0.8064505454301965,-130.26982695186686,40.676865965303,39.42231123439905,85.9022991537365,1,0,1,1,1,2,2,1,0,1,1
2183000.0,101,-61.191507,-144.325323,-170.70227,4.996215,102,-61.191146,-144.327728,-174.859258,2.526902,135.662521,3,-1,1,7,-72.69963670084002,107.30247064125395,98.00263329915998,-77.83827135874606,4.156988000000013,0.002103816,-0.580795250664519,-2.4138375223209465,-129.52500120675504,40.343446388051056,-3.5313174313024254,135.36880109334922,1,1,1,1,0,2,2,1,1,0,1
2184000.0,101,-61.191502,-144.325214,95.289303,3.987272,102,-61.191276,-144.327766,-173.54136,7.273809,136.751007,3,-1,1,7,-79.58783579085177,100.41440035893429,-174.87713879085177,-86.0442396410657,91.16933699999998,0.004746907,4.788495263906291,6.860079004638245,-134.49914504822314,24.714730360881468,-10.467182061064126,128.20174165009237,0,1,2,1,1,1,2,0,1,1,1
2185000.0,101,-61.191554,-144.325302,-155.008471,5.366575,102,-61.191266,-144.327766,-171.914803,3.979654,137.797502,3,-1,1,7,-76.3670662423388,103.63509279943639,78.64140475766119,-84.4501042005636,16.90633200000002,-0.003294155,-1.7075732779839128,-0.9240076266075543,-133.91515104805285,32.47897592623876,47.473930259041765,92.85317926574142,1,0,1,1,0,1,2,1,0,1,1
2186000.0,101,-61.191628,-144.325311,-172.690552,7.788813,102,-61.191307,-144.327813,-163.844716,4.351417,139.591836,3,-1,1,7,-75.09244677710743,104.9097455626011,97.59810522289257,-91.24553843739886,8.845835999999991,0.0003717629999999996,0.219788673305655,-3.54593256942806,-134.89347819832957,35.911421823810926,-13.354094627183974,132.45347284998138,1,1,1,1,0,1,2,1,1,0,1
2187000.0,101,-61.191696,-144.32541,-151.761777,8.678453,102,-61.191438,-144.327898,-164.442072,8.621841,139.31541,3,-1,1,7,-77.85664341790626,102.14553665667567,73.90513358209374,-93.41239134332432,12.680295000000001,0.004270424,-1.7936254829865428,0.6603217618523445,-136.1981350971631,29.30616760211098,82.87749823150183,28.30613277880315,1,0,1,1,1,2,2,0,0,1,1
2188000.0,101,-61.191737,-144.325501,-137.085315,6.842194,102,-61.191578,-144.327961,-166.603166,11.491721,137.133118,3,-1,1,7,-82.36165937184018,97.640496170084,54.72365562815983,-95.75633782991599,29.51785099999998,0.00286988,-1.9963441942409133,6.168009424975528,-135.91631065203225,18.227686390274318,12.036513791235759,125.12510997552383,1,0,1,1,1,0,2,0,0,0,1
2189000.0,101,-61.191724,-144.32547,-13.436162,0.422384,102,-61.191611,-144.327954,-168.559642,8.376712,133.281903,3,-1,1,7,-84.60816307769525,95.39401349395918,-71.17200107769526,-96.04634450604084,155.12347999999997,-0.0031150090000000006,1.563356268974023,8.621104123672266,-132.69217887436608,12.524030216932932,-1.428063306578011,132.80252929865048,0,0,1,1,1,0,2,0,1,0,1
2190000.0,101,-61.191781,-144.325468,179.50481,5.310156,102,-61.191712,-144.327929,-175.947905,9.427664,130.863033,3,-1,1,7,-86.6711724621878,93.33098395772932,93.82401753781221,-90.7211110422707,4.547284999999988,0.0010509520000000006,0.7120848428881366,4.094139173891124,-130.64223143585272,7.5987348565525545,-3.5744151468869987,130.0120322067101,1,1,1,1,0,0,2,1,1,1,1
2191000.0,101,-61.19181,-144.325443,164.786622,3.674874,102,-61.191781,-144.327918,-178.488642,8.718822,133.353764,3,-1,1,7,-88.60817863217767,91.39399005609796,106.60519936782234,-90.11736794390202,16.724736000000036,-0.0007088420000000007,1.194300126104026,5.1696999048831405,-133.3144202582259,3.239093110860311,-5.182133580988453,130.62395510756812,1,1,1,1,0,1,2,0,1,0,1
2192000.0,101,-61.191885,-144.325421,171.461863,7.649544,102,-61.191921,-144.327932,-177.942627,11.504425,136.630326,3,-1,1,7,-91.70527307171845,88.29692716328857,96.83286392828154,-93.76044583671143,10.595510000000019,0.002785603,1.5487214278667105,3.932242918957411,-136.56981593027882,-4.065877474301643,-12.964916161819161,125.58322951189056,1,1,1,1,1,1,2,1,1,1,1
2193000.0,101,-61.19191,-144.325433,-177.626596,3.537039,102,-61.191987,-144.328006,-170.76453,9.937786,142.47753,3,-1,1,7,-93.55482219701646,86.44743236590273,84.07177380298354,-102.78803763409724,6.862065999999999,-0.0015666390000000003,1.4484623577032831,6.274958670767925,-142.20339305690297,-8.83411331175121,-6.262543570588478,136.5731241805025,1,0,1,1,1,1,2,1,1,0,1
2194000.0,101,-61.19196,-144.325534,-143.113154,6.572707,102,-61.192172,-144.32807,-171.031429,14.263529,145.605659,3,-1,1,7,-99.84289506719895,80.15932707743397,43.270258932801056,-108.80924392256603,27.918274999999994,0.004325743000000001,-1.7216000052628582,8.832144302006771,-143.46237184053064,-24.89087782127438,0.38745416663267157,145.5751641843816,1,0,1,1,1,1,2,0,0,0,1
2195000.0,101,-61.192031,-144.325583,-158.116655,8.068798,102,-61.192287,-144.328124,-169.804258,13.805721,144.175597,3,-1,1,7,-101.81012465072519,78.19210187708703,56.30653034927482,-112.00364012291297,11.687602999999996,-0.000457808,-0.5636139910591238,6.10031379519986,-141.1235779985605,-29.50827855349446,-2.8902366329267695,143.24578042786942,1,0,1,1,0,0,2,1,1,1,1
2196000.0,101,-61.19208,-144.325556,178.202405,5.775637,102,-61.192372,-144.328136,-171.217462,12.102975,141.574791,3,-1,1,7,-103.21872235634503,76.7835383462504,78.57887264365496,-111.99899965374959,10.58013299999999,-0.0017027459999999993,2.029113299053076,6.188272463794757,-137.8236583843903,-32.37376462873234,-11.21135975132945,120.87817517154048,1,0,1,1,0,0,2,1,1,1,1
2197000.0,101,-61.192074,-144.325607,-100.834558,1.952324,102,-61.192436,-144.328156,-171.017955,10.219111,144.083259,3,-1,1,7,-106.42232060991067,73.57991292969929,-5.587762609910669,-115.4021320703007,70.18339699999999,-0.001883864000000001,-0.322063866987087,9.726811597065538,-138.20522547240247,-40.73452069416645,-4.422464736791779,139.64818732232152,0,0,0,1,1,1,2,0,1,0,1
2198000.0,101,-61.192092,-144.325512,119.388919,3.590315,102,-61.192463,-144.328166,-170.34229,7.411375,141.917071,3,-1,1,7,-106.1783867486621,73.8239387969852,134.4326942513379,-115.8337712030148,70.26879100000002,-0.0028077360000000003,4.371618331629885,5.5444436159905734,-136.29699306742722,-39.542189140166926,-20.37875732147934,87.31030876571069,1,1,1,1,0,0,2,0,1,1,1
2199000.0,101,-61.192149,-144.32552,174.01988,5.642573,102,-61.192563,-144.328126,-179.093756,8.796175,142.072641,3,-1,1,7,-108.2476104163919,71.75467307120958,77.73250958360813,-109.15157092879042,6.886363999999929,0.0013848000000000003,0.7269851479198447,3.1832080245998053,-134.9281184858021,-44.486381765617104,-22.686367865878946,121.63823256663086,1,0,1,1,1,2,2,1,1,0,1
2200000.0,101,-61.1922,-144.325507,173.191341,5.712237,102,-61.192545,-144.32813,-178.036934,4.596145,141.989564,3,-1,1,7,-105.26839713157925,74.7339012525384,81.54026186842077,-107.2291647474616,8.771725000000032,-0.0042000299999999996,0.8346508799746162,-1.0785044373051758,-136.97773241327658,-37.39167163723618,-38.95542001904797,131.21673220162685,1,0,1,1,0,2,2,0,1,0,1
2201000.0,101,-61.192259,-144.325508,178.866913,6.408534,102,-61.192452,-144.328142,-14.341151,1.306658,141.979745,3,-1,1,7,-98.64724085382953,81.35506716883901,82.48584614617045,95.69621816883901,166.7919359999999,-0.003289487,0.45038008453680545,-7.673220901195474,-140.3658260024539,-21.346729981752738,-999,7693.1252082345445,1,0,1,1,0,2,2,0,1,0,0
2202000.0,101,-61.192301,-144.325498,174.904587,5.046691,102,-61.192469,-144.328129,94.872306,0.022527,141.850339,3,-1,1,7,-97.54960934450462,82.45269604991502,87.54580365549538,-12.419609950084975,80.03228100000001,-0.0012841310000000002,0.42577401884749755,-5.024834042088915,-140.62070566472335,-18.636947517503106,14.523563767886213,156.5393051823302,1,0,1,0,0,2,2,1,0,1,1
2203000.0,101,-61.192373,-144.325462,168.737928,7.688852,102,-61.192539,-144.3281,170.110252,3.068517,141.691866,3,-1,1,7,-97.44121222898578,82.56109930083026,93.82085977101423,-87.54915269916974,1.372323999999935,0.0030459899999999997,0.9745829816921044,-4.517877584839202,-140.49857459481035,-18.350352241536616,-2.5110879944607247,141.20894385339233,1,1,1,1,0,2,2,1,1,1,1
2204000.0,101,-61.192399,-144.325511,-157.843038,3.929343,102,-61.192567,-144.328083,168.001156,3.148641,141.463571,3,-1,1,7,-97.72069895133417,82.28155474684019,60.122339048665836,-85.71960125315982,34.155805999999956,8.012400000000009e-05,-2.136510018805612,-0.5593284417999809,-140.18116561133252,-19.004808021135315,62.127524990720914,17.416390826703275,1,0,1,1,1,2,2,0,0,1,1
2205000.0,101,-61.192465,-144.325482,174.044756,6.791207,102,-61.192568,-144.328072,161.701697,2.012799,141.072839,3,-1,1,7,-94.71903526902122,85.28323420229452,91.23620873097877,-76.41846279770547,12.34305900000004,-0.0011358420000000002,0.07265129507467938,-4.8435351378776765,-140.594617528881,-11.606008160758263,2.0928597812231406,140.75433416754015,1,1,1,1,0,2,2,1,0,0,1
2206000.0,101,-61.19248,-144.325477,170.671469,2.451911,102,-61.192601,-144.328058,165.374389,2.676908,140.646571,3,-1,1,7,-95.55796526002383,84.444296325541,93.77056573997618,-80.930092674459,5.297079999999937,0.0006641090000000003,-0.2784813017183515,0.17068176748946629,-139.98535255441365,-13.622004414716487,319.5725758697634,85.1280611399227,1,1,1,1,0,2,2,1,0,1,1
2207000.0,101,-61.192514,-144.325391,136.490829,5.000768,102,-61.192644,-144.328042,168.23254,3.5491,140.623397,3,-1,1,7,-95.81196709533876,84.19035582832174,127.69720390466125,-84.04218417167826,31.74171100000001,0.000872192,2.7190783364486935,-0.15236802730517018,-139.90053367519866,-14.240100463628098,-49.70229224826097,22.325628000724475,1,1,1,1,0,2,2,0,1,1,1
2208000.0,101,-61.19256,-144.325421,-177.942718,4.870254,102,-61.192701,-144.328027,170.621272,4.657648,140.811835,3,-1,1,7,-96.40770985258943,83.59457364110948,81.53500814741058,-87.02669835889053,11.43601000000001,0.0011085479999999998,-0.93384422466811,-0.2717268453163939,-139.93217088469135,-15.71497462819355,145.24843772113007,24.137713403352684,1,0,1,1,1,2,2,1,0,0,1
2209000.0,101,-61.192638,-144.325455,-170.452589,8.196351,102,-61.192788,-144.328013,173.448465,6.625952,141.092684,3,-1,1,7,-96.93949379537969,83.0627476404619,73.5130952046203,-90.3857173595381,16.09894600000007,0.0019683039999999997,-2.1154771256647065,-1.5001387078496107,-140.05908078266077,-17.046975351655636,47.224168990273384,67.13129276828043,1,0,1,1,1,2,2,0,0,0,1
2210000.0,101,-61.192645,-144.325436,170.817482,1.985483,102,-61.192687,-144.32802,42.5923,0.577603,141.555834,3,-1,1,7,-91.93304990665824,88.06921431050527,97.24946809334176,45.47691431050527,128.22518200000002,-0.006048349,-0.07406509733958394,-2.3852634629522864,-141.4752780821734,-4.774916858675689,-999,2397.3554460887067,1,1,1,1,0,2,2,0,1,0,0
2211000.0,101,-61.192697,-144.325476,-164.475658,5.329824,102,-61.192676,-144.32804,-8.251412,0.754785,141.606363,3,-1,1,7,-89.02735370235537,90.97489299025081,75.44830429764464,99.22630499025081,156.224246,0.00017718200000000007,-1.31819090618741,-5.882346480512766,-141.58595939278433,2.403777217753691,-999,6052.411650014525,1,0,1,1,1,2,2,0,1,0,0
2212000.0,101,-61.192751,-144.325507,-164.806914,6.118595,102,-61.192696,-144.328061,-136.465817,0.624336,140.577818,3,-1,1,7,-87.44223731420405,92.56000061680872,77.36467668579596,-130.9741823831913,28.34109700000002,-0.00013044900000000004,-1.1734822170032035,-5.452117788021935,-140.43776580903395,6.273503662871632,5.655132303012374,138.8514003179415,1,0,1,1,0,0,2,1,0,1,1
2213000.0,101,-61.192822,-144.32549,178.421522,7.559484,102,-61.192712,-144.328065,-159.268985,1.027532,139.386251,3,-1,1,7,-84.93496177753273,95.06729455547017,96.64351622246727,-105.66372044452984,22.30949300000003,0.00040319599999999987,0.5719616764039847,-6.5956134969074425,-138.84196484931144,12.30592396439882,-3.9531701348658133,137.27305448981988,1,1,1,1,0,0,2,1,1,1,1
2214000.0,101,-61.192832,-144.325504,-166.714817,2.242822,102,-61.19279,-144.328057,-178.389783,3.999554,138.863852,3,-1,1,7,-88.04575137831318,91.95648567835715,78.66906562168683,-89.65373132164285,11.674965999999984,0.002972022,-0.40300912124181076,1.81517431369579,-138.78308546108244,4.735460081110944,19.262043339870676,134.46220008432516,1,0,1,1,1,2,2,1,0,1,1
2215000.0,101,-61.192899,-144.32547,169.640625,6.677964,102,-61.192798,-144.328049,178.438952,2.765178,138.544455,3,-1,1,7,-85.35474109319931,94.64751874679143,105.00463390680068,-83.79143325320857,8.798326999999972,-0.0012343759999999997,1.1255137592143538,-3.8049562211091437,-138.08936652871617,11.220198881700362,-12.267692235553374,129.2410581266108,1,1,1,1,0,2,2,1,1,1,1
2216000.0,101,-61.192914,-144.325426,140.997723,3.217267,102,-61.192751,-144.32803,44.561197,0.549586,138.475358,3,-1,1,7,-82.59963347935117,97.4026482663439,136.40264352064884,52.8414512663439,96.43652600000001,-0.002215592,1.6391627071734711,-2.891786389732553,-137.32190513600622,17.83589479240865,-999,3239.380043556553,1,1,1,1,0,2,2,0,1,0,0
2217000.0,101,-61.19297,-144.325429,175.411266,5.627065,102,-61.192791,-144.328035,173.727375,1.53967,138.346125,3,-1,1,7,-81.8885033806557,98.11378011839375,102.70023061934427,-75.61359488160625,1.6838910000001306,0.000990084,0.28195825190726276,-4.07857575340404,-136.9620225724977,19.52062179763399,-7.1009447861032635,135.28967642902603,1,1,1,1,1,2,2,1,1,1,1
2218000.0,101,-61.193017,-144.325506,-151.871671,6.056201,102,-61.192782,-144.328028,155.868822,0.575452,138.188661,3,-1,1,7,-79.05662975072417,100.94558014402534,72.81504124927582,-54.92324185597465,52.259506999999985,-0.0009642180000000001,-3.0904441000163945,-4.815762248451203,-135.6757409521174,26.233553820762765,8.70922940311945,128.36145564683463,1,0,1,1,1,2,2,0,0,1,1
2219000.0,101,-61.193079,-144.325491,-178.154729,6.683325,102,-61.192785,-144.328026,156.781726,0.494633,138.090688,3,-1,1,7,-76.46833703369772,103.5338842531762,101.68639196630228,-53.247841746823795,25.06354500000006,-8.081899999999997e-05,-0.4102079823952557,-6.225286727890076,-134.25739609172655,32.31082956196877,-4.106064308940262,136.10918460771043,1,1,1,1,0,2,2,1,1,0,1
2220000.0,101,-61.193128,-144.325526,-165.919977,5.761656,102,-61.192835,-144.328046,-174.933068,2.504461,137.952877,3,-1,1,7,-76.43532571164754,103.56688243238047,89.48465128835245,-81.50004956761956,9.013091000000003,0.002009828,-1.1804849015530943,-3.093883892365791,-134.1047908508585,32.35585485541409,5.091473678493738,136.83047133635642,1,0,1,1,1,2,2,1,0,0,1
2221000.0,101,-61.193153,-144.325598,-135.574526,4.559775,102,-61.192855,-144.328055,-172.756578,2.40216,137.680507,3,-1,1,7,-75.87299626879023,104.12915667221903,59.70152973120976,-83.11426532778097,37.182052,-0.0001023010000000002,-2.888879011242166,-0.8734265154427514,-133.51664793328536,33.603968998262395,34.88588702390816,71.95222243228204,1,0,1,1,1,2,2,0,0,1,1
2222000.0,101,-61.193172,-144.325592,-164.165676,2.393824,102,-61.19282,-144.328035,57.062472,0.177417,137.754196,3,-1,1,7,-73.3534489136621,106.6486917596582,90.81222708633788,49.586219759658206,138.771852,-0.0022247429999999995,-0.8020704373859513,-2.3994555759496343,-131.98093762593206,39.46201488756306,-999,2535.587551379697,1,1,1,1,0,2,2,0,1,0,0
2223000.0,101,-61.193202,-144.325593,-175.704595,3.164899,102,-61.19285,-144.328052,-170.654557,1.283319,138.016249,3,-1,1,7,-73.45582244256562,106.54633225142749,102.24877255743439,-82.7991107485725,5.050038000000001,0.0011059020000000002,-0.028653344307148415,-1.889723446550057,-132.30243999924355,39.300755187102475,-20.082861273787042,132.88473572798134,1,1,1,1,0,2,2,1,1,1,1
2224000.0,101,-61.193277,-144.325515,158.719619,8.100514,102,-61.19288,-144.328076,-165.063048,2.143154,138.365652,3,-1,1,7,-72.16777674840938,107.83446732400941,129.11260425159062,-87.10248467599058,36.217333000000025,0.0008598349999999999,3.4923480077182454,-5.477448035148687,-131.7181950605492,42.371815436398514,-15.82835623825394,88.36279181830035,1,1,1,1,0,2,2,0,1,1,1
2225000.0,101,-61.19329,-144.325621,-126.849383,4.042957,102,-61.192844,-144.328055,-0.432085,0.328925,137.868029,3,-1,1,7,-69.18068823901581,110.82144454952217,57.668694760984195,111.25352954952217,126.41729800000002,-0.001814229,-3.2327534360095402,-2.753531632877682,-128.8660646968694,49.00133457251052,1255.8598861110347,5268.047193967685,1,0,1,1,1,2,2,0,0,0,0
2226000.0,101,-61.193342,-144.3257,-142.623122,6.579812,102,-61.19288,-144.328073,-166.661884,1.426845,137.08457,3,-1,1,7,-68.00036721354856,112.00171212483846,74.62275478645144,-81.33640387516152,24.03876199999999,0.0010979199999999998,-3.665140097397001,-3.84035446603595,-127.10292913600102,51.351969165102204,8.218146527512681,127.59331588990003,1,0,1,1,0,2,2,1,0,1,1
2227000.0,101,-61.193395,-144.325749,-152.781409,6.590736,102,-61.192926,-144.32808,-173.113168,2.864644,136.146293,3,-1,1,7,-67.33791608855483,112.66412644828897,85.44349291144516,-74.22270555171104,20.331759000000005,0.0014377990000000002,-2.671017975508515,-3.0169553052027394,-125.63488221382921,52.45654838777617,9.69210426544968,128.93376179119954,1,0,1,1,0,2,2,1,0,0,1
2228000.0,101,-61.193468,-144.325766,-169.062207,7.866918,102,-61.192951,-144.328065,179.34079,2.829739,137.068317,3,-1,1,7,-64.98279205269081,115.01922244504196,104.07941494730919,-64.32156755495804,11.59700300000003,-3.490500000000019e-05,-1.525250035864786,-4.894454043275362,-124.20867975321055,57.96488073977963,-3.4937233423260694,135.83043962099754,1,1,1,1,0,2,2,1,1,0,1
2229000.0,101,-61.193518,-144.325761,-177.924795,5.967012,102,-61.193017,-144.328094,-174.048151,4.65065,138.877747,3,-1,1,7,-65.98032852064857,114.02171577080959,111.94446647935142,-71.9301332291904,3.876643999999999,0.0018209109999999997,0.2661652481926031,-1.3375184265990692,-126.85173377665986,56.530224213702006,-60.02912110611819,113.3913070371918,1,1,1,1,0,1,2,1,1,1,1
2230000.0,101,-61.193534,-144.325767,-173.188121,2.436727,102,-61.193048,-144.328116,-170.13142,4.215269,140.569709,3,-1,1,7,-66.76360213964959,113.2384561722462,106.4245188603504,-76.63012382775378,3.056701000000004,-0.00043538099999999955,0.43343035182513934,1.7333716136688513,-129.16738261596262,55.45836597382034,12.44756490278202,138.7626507334982,1,1,1,1,1,1,2,1,0,0,1
2231000.0,101,-61.193593,-144.32577,-178.089797,5.899091,102,-61.1931,-144.328194,-158.858384,5.167835,143.788181,3,-1,1,7,-67.11729561108413,112.88482842068836,110.97250138891587,-88.25678757931166,19.231413000000003,0.0009525660000000001,1.6672702149489684,-1.07581547118164,-132.47245759194928,55.91143867615963,-79.98148419252338,30.14667610868817,1,1,1,1,0,1,2,0,1,1,1
2232000.0,101,-61.193606,-144.325759,171.298086,2.192661,102,-61.193262,-144.328337,-159.270473,10.714803,144.896849,3,-1,1,7,-74.52246324136584,105.4797957349732,114.17945075863415,-95.24973126502681,29.431440999999978,0.005546967999999999,4.124314256308113,7.853724444948856,-139.64218678985864,38.66725382898342,-3.419855095270645,141.60979459233013,1,1,1,1,0,1,2,0,1,0,1
2233000.0,101,-61.193674,-144.325873,-147.428038,7.952274,102,-61.193349,-144.328426,-157.417697,10.71757,143.267526,3,-1,1,7,-75.20220955818252,104.80002751355504,72.22582844181747,-97.78227548644497,9.989659000000017,2.767000000000408e-06,-0.16551831910990433,3.1943336940314175,-138.51580619354974,36.591740061271246,17.08493287426326,136.8744424664414,1,0,1,1,1,0,2,1,0,1,1
2234000.0,101,-61.193689,-144.325873,-153.70189,2.760709,102,-61.193509,-144.328481,-163.934886,13.481105,139.289175,3,-1,1,7,-81.84977873303062,98.15250653443235,71.85211126696937,-97.91260746556765,10.232996000000014,0.0027635349999999993,2.5075119050012766,10.479660039654465,-137.88232281929908,19.746881428094532,-1.214926755343457,138.6924417623393,1,0,1,1,2,0,2,0,1,0,1
2235000.0,101,-61.193743,-144.325907,-163.383161,5.738713,102,-61.193669,-144.328486,-170.089989,15.10183,136.711141,3,-1,1,7,-86.59329414751774,93.40896571101152,76.78986685248226,-96.50104528898851,6.706828000000002,0.0016207250000000002,0.9579436098307061,9.377443543335218,-136.4695559970236,8.123814344082506,-0.6240673254085393,136.5886380266904,1,0,1,1,0,0,2,1,1,1,1
2236000.0,101,-61.193771,-144.325855,155.986911,3.801168,102,-61.193801,-144.328508,-171.834893,14.96453,141.047084,3,-1,1,7,-91.34552434771834,88.65680035536398,112.66756465228167,-99.50830664463604,32.17819600000004,-0.00013729999999999976,3.67222193017618,11.340646708694647,-141.008192739962,-3.312021303190717,-4.001206185584317,133.13470046962715,1,1,1,1,0,1,2,0,1,1,1
2237000.0,101,-61.193813,-144.325825,160.676003,4.788332,102,-61.193969,-144.328567,-171.413094,16.558247,148.350574,3,-1,1,7,-96.73506688065808,83.26733581128622,102.58893011934191,-105.31957018871378,27.910902999999962,0.0015937170000000017,4.056806800976037,11.854068749876387,-147.32681518103612,-17.398342873454766,-5.2062108383479675,133.76082233963422,1,1,1,1,1,1,2,1,1,0,1
2238000.0,101,-61.193847,-144.325916,-141.330676,4.934904,102,-61.194176,-144.328609,-172.752404,19.13702,152.154396,3,-1,1,7,-104.22833159672881,75.77402816146191,37.1023444032712,-111.47356783853809,31.421728,0.002578772999999998,-0.6691743738768734,15.131119314749633,-147.48689738222814,-37.39753097049222,-2.1868816119598615,149.01257574557195,1,0,1,1,1,1,2,0,1,0,1
2239000.0,101,-61.193882,-144.325943,-154.272711,4.332001,102,-61.194381,-144.328648,-173.552825,20.58579,156.810702,3,-1,1,7,-110.95047177399927,69.05189850206085,43.32223922600072,-117.39527649793914,19.280114000000026,0.0014487699999999996,0.43104858727113005,16.553030052021107,-146.4439248323534,-56.06936009469724,-3.705111188281272,144.94236969343615,1,0,1,1,0,1,2,1,1,1,1
2240000.0,101,-61.193917,-144.325979,-153.271642,4.344298,102,-61.19447,-144.328708,-171.009004,16.635876,156.281425,3,-1,1,7,-112.81033041851417,67.19206088908763,40.461311581485845,-121.79893511091237,17.73736199999999,-0.003949914,0.6459459110644474,12.551364578929908,-144.05916541841918,-60.58746288613811,-5.5858802696145045,140.77345982170067,1,0,1,1,1,2,2,1,1,1,1
2241000.0,101,-61.193998,-144.326047,-159.145561,8.850915,102,-61.194653,-144.328624,-179.016569,17.938092,153.879017,3,-1,1,7,-117.81283868090915,62.1894194384509,41.332722319090834,-118.7940115615491,19.871008000000018,0.0013022160000000014,-2.8430053891563927,9.664377166962336,-136.10236612720038,-71.79761700407464,-3.200899055529029,150.8428181243339,1,0,1,1,0,0,2,0,1,0,1
2242000.0,101,-61.194043,-144.326069,-162.319318,5.764882,102,-61.194674,-144.328609,179.801017,11.951008,149.657244,3,-1,1,7,-117.275665864194,62.72655983432037,45.04365213580601,-117.07445716567963,17.87966499999999,-0.005987084000000001,-1.7923676034687863,6.4583642657236915,-133.0171462606429,-68.58374065586001,-4.738215485080203,146.51858043578645,1,0,1,1,0,0,2,1,1,1,1
2243000.0,101,-61.194065,-144.326027,158.928598,3.147723,102,-61.194846,-144.328447,169.044217,14.996982,151.66853,3,-1,1,7,-123.81456806570704,56.18755248360239,77.25683393429296,-112.85666451639761,10.115619000000038,0.0030459739999999995,-1.7184928950956069,11.786404642113304,-126.01273621226926,-84.40458106440636,-5.556406989553459,136.87456810346126,1,0,1,1,0,1,2,1,1,1,1
2244000.0,101,-61.19413,-144.32604,-178.562127,6.595813,102,-61.194919,-144.328424,169.155155,12.410186,154.055497,3,-1,1,7,-124.48478338160545,55.51730562379435,54.07734361839455,-113.63784937620565,12.28271799999996,-0.0025867959999999997,-2.5004861978404826,5.594807529872755,-126.98433908730871,-87.22427289737881,-4.462634396639335,151.5236297961693,1,0,1,1,1,1,2,0,1,0,1
2245000.0,101,-61.194176,-144.326053,-174.036871,5.343347,102,-61.195053,-144.32831,164.959111,13.720873,155.036095,3,-1,1,7,-128.88486888599527,51.1171088358934,45.152002114004716,-113.84200216410662,21.004018000000002,0.0013106869999999996,-4.115792581457134,7.936373980696749,-120.68148527643702,-97.32507315343841,-3.3975496508361736,151.93859547054652,1,0,1,1,1,2,2,0,1,0,1
2246000.0,101,-61.194183,-144.326064,-159.090216,1.61505,102,-61.195077,-144.328299,164.221572,9.54387,153.444194,3,-1,1,7,-129.6990228844403,50.302935560129086,29.3911931155597,-113.91863643987092,36.688211999999965,-0.0041770029999999994,-3.1715569111308812,7.6755726437493115,-118.06156611100218,-98.01319951785626,-5.506368497021067,146.543605462726,1,0,1,1,1,0,2,0,1,1,1
2247000.0,101,-61.194229,-144.325999,153.037346,5.161705,102,-61.195075,-144.328304,163.161379,5.793188,153.441041,3,-1,1,7,-127.2985973487011,52.70342243461829,79.66405665129889,-110.45795656538172,10.12403299999994,-0.0037506820000000004,0.6622133162635797,0.9441626186832099,-122.06055527169573,-92.98050284833374,-167.08404819174743,65.77218861942885,1,0,1,1,0,2,2,1,1,1,1
2248000.0,101,-61.194278,-144.326001,173.856591,5.324944,102,-61.195035,-144.328345,166.204619,1.75606,153.594752,3,-1,1,7,-123.83316476519586,56.168889192424224,62.310244234804145,-110.03572980757579,7.651972000000001,-0.004037128,0.15111998009234529,-3.5889598182077798,-127.5853741223515,-85.51795222057827,23.081469699937657,131.10083035211625,1,0,1,1,1,2,2,1,0,0,1
2249000.0,101,-61.194346,-144.325937,159.952354,7.701466,102,-61.194994,-144.328388,-31.919775,0.855368,153.646462,3,-1,1,7,-118.75455127826184,61.247596439589856,81.29309472173816,93.16737143958986,168.12787099999997,-0.0009006919999999999,3.0923335926440765,-7.960845005111735,-134.70009332261782,-73.91292271311897,-999,8553.290881803898,1,0,1,1,0,2,2,0,1,0,0
2250000.0,101,-61.194365,-144.325848,125.111533,5.085388,102,-61.195024,-144.328362,171.219203,0.8705,153.686131,3,-1,1,7,-118.54856945299044,61.45363346973819,116.33989754700957,-109.7655695302618,46.107669999999985,1.5132000000000034e-05,4.02713423278649,-2.0646648416728546,-134.99978949544078,-73.44714901162492,-15.795640867064213,127.8476751858586,1,1,1,1,0,2,2,1,1,1,1
2251000.0,101,-61.194409,-144.325818,152.777386,5.148958,102,-61.19507,-144.328322,162.355443,2.613056,153.667936,3,-1,1,7,-118.71766822646602,61.28452593474714,88.50494577353396,-101.07091706525287,9.578057000000058,0.0017425559999999997,1.5633391654779003,-2.0885128641415087,-134.76647808291497,-73.83651494773635,-7.539208158243524,152.14826223228044,1,0,1,1,1,2,2,1,1,0,1
2252000.0,101,-61.194468,-144.325784,162.492335,6.503748,102,-61.195047,-144.328344,165.182492,0.574121,153.523989,3,-1,1,7,-115.14639097938772,64.85585225277194,82.36127402061231,-100.32663974722806,2.6901569999999992,-0.002038935,1.8097181410480152,-5.647444250440288,-138.97375883874253,-65.23733250756923,3.2798064409796486,152.25299319352803,1,0,1,1,1,2,2,1,0,0,1
2253000.0,101,-61.1945,-144.325727,145.218174,4.859422,102,-61.195063,-144.328333,163.901316,1.063795,153.276606,3,-1,1,7,-114.15119731109054,65.85108622980046,100.63062868890944,-98.05022977019955,18.683141999999975,0.0004896740000000001,2.4770897498805367,-2.969111187636444,-139.86014288044413,-62.71250577309908,-9.446401431065695,147.6496704004722,1,1,1,1,0,2,2,0,1,1,1
2254000.0,101,-61.194522,-144.325795,-145.836954,3.260142,102,-61.195022,-144.328358,-11.569137,1.124655,153.122979,3,-1,1,7,-112.04307004833841,67.95917581311384,33.793883951661584,79.52831281311384,134.26781699999998,6.0859999999999915e-05,-1.605182329857578,-3.799387301070511,-141.92999479990698,-57.46758454931626,-999,4229.991945269065,1,0,1,1,1,2,2,0,1,0,0
2255000.0,101,-61.194526,-144.325683,102.131272,3.862447,102,-61.194964,-144.32839,-12.52583,3.263018,153.453503,3,-1,1,7,-108.56354299829954,71.43882904427052,149.30518500170047,83.96465904427052,114.65710199999995,0.002138363,4.483875909792458,-3.997054486114542,-145.46949681891132,-48.85287175001857,-25.722949032430847,154.63289326194584,1,1,1,1,0,2,2,1,1,1,1
2256000.0,101,-61.194608,-144.325638,160.384046,8.352845,102,-61.194993,-144.32837,-11.458625,0.735473,153.98917,3,-1,1,7,-106.30388237542277,73.69851157505637,93.31207162457724,85.15713657505637,171.842671,-0.002527545,2.9502751908396148,-8.588893229817504,-147.79669136108194,-43.22964839095951,-999,9066.570281460632,1,1,1,1,1,2,2,0,1,0,0
2257000.0,101,-61.194626,-144.32559,137.768351,3.93614,102,-61.195008,-144.328365,-178.768315,0.228143,154.827555,3,-1,1,7,-105.94563353405846,74.05679809602712,116.28601546594155,-107.17488690397289,43.463334,-0.0005073300000000001,2.65050056843162,-2.686359388278831,-148.87022547529398,-42.535017975935425,-16.504858208081306,136.37445542008456,1,1,1,1,0,2,2,1,1,1,1
2258000.0,101,-61.194656,-144.325535,138.656826,4.38117,102,-61.195041,-144.328346,167.730347,1.566101,153.813255,3,-1,1,7,-105.86914842064577,74.13331475570007,115.47402557935425,-93.59703224429992,29.073520999999914,0.001337958,2.56124226054456,-1.758907518303293,-147.95122984099797,-42.058899203750144,-26.754955113871763,119.37532059944803,1,1,1,1,1,0,2,1,1,1,1
2259000.0,101,-61.194696,-144.325526,164.964848,4.379496,102,-61.195088,-144.328307,163.210613,3.077863,153.281854,3,-1,1,7,-106.30768282276962,73.69475406663565,88.72746917723038,-89.51585893336434,1.7542349999999942,0.0015117619999999998,0.24703763236652132,-1.2829090831369827,-147.1149645854421,-43.040840613322565,11.372113036076062,152.60007298759075,1,0,1,1,1,2,2,1,0,0,1
2260000.0,101,-61.194809,-144.325489,171.073742,11.378298,102,-61.195089,-144.32829,154.272287,2.061958,153.272483,3,-1,1,7,-101.7219676094377,78.28048680654717,87.20429039056228,-75.99180019345283,16.801455000000033,-0.0010159049999999997,0.8704070648497579,-9.382943587855681,-150.0759836134039,-31.139254767168165,2.0319143840413996,152.32384843216212,1,0,1,1,1,2,2,0,0,1,1
2261000.0,101,-61.194816,-144.325392,120.566015,4.906324,102,-61.195122,-144.328266,158.389618,2.780721,153.159715,3,-1,1,7,-102.461871329419,77.54064705452146,136.972113670581,-80.84897094547856,37.82360300000005,0.0007187630000000001,3.200439786490843,0.09024671559859421,-149.55124533985992,-33.050314917989034,-47.85273806222674,28.956239732309115,1,1,1,1,0,2,2,0,1,1,1
2262000.0,101,-61.194847,-144.325441,-168.416328,3.332808,102,-61.195111,-144.328262,145.568831,1.354061,153.024618,3,-1,1,7,-100.99269704537814,79.00977489671122,67.42363095462186,-66.55905610328877,46.01484100000002,-0.0014266600000000002,-1.4348311615565639,-2.1480893925141977,-150.2168452003514,-29.179327135826703,49.997419233488195,110.80278659491516,1,0,1,1,1,2,2,0,0,0,1
2263000.0,101,-61.194881,-144.325455,-168.722908,3.853634,102,-61.195149,-144.328244,159.830812,2.438175,152.83684,3,-1,1,7,-101.27979986274875,78.72264403973065,67.44310813725124,-81.10816796026936,31.446279999999973,0.0010841140000000002,-1.5942605533343839,-1.4905689502408128,-149.8845947150727,-29.894948206745582,62.6951742979559,80.82482600882015,1,0,1,1,2,2,2,1,0,1,1
2264000.0,101,-61.194964,-144.325385,163.292394,8.678854,102,-61.19514,-144.32824,148.570021,1.203908,152.495852,3,-1,1,7,-97.29218038340267,82.71032135347463,99.4154256165973,-65.85969964652537,14.722373000000061,-0.0012342670000000003,1.8672782477665004,-7.285202148497602,-151.26243121962833,-19.35618192550162,-2.831353788677683,151.3522445495354,1,1,1,1,0,2,2,1,1,0,1
2265000.0,101,-61.195005,-144.325365,164.166324,5.386678,102,-61.195209,-144.328218,167.296372,3.664206,152.13216,3,-1,1,7,-98.44237700363728,81.56012298182826,97.3912989963627,-85.73624901817173,3.130047999999988,0.002460298,0.6639440786405376,-1.6077870332700583,-150.483658457421,-22.335233232179622,-20.367390220203912,147.62202983899547,1,1,1,1,1,2,2,1,1,1,1
2266000.0,101,-61.195023,-144.325431,-140.489922,3.313448,102,-61.195197,-144.328217,161.494684,1.80556,151.7105,3,-1,1,7,-97.38678286361724,82.6156584122489,43.103139136382765,-78.8790255877511,58.015393999999986,-0.001858646,-2.6811332487116175,-0.8441650803913276,-150.45143133264375,-19.504938354395804,50.008035144641916,27.996983721948162,1,0,1,1,1,2,2,0,0,1,1
2267000.0,101,-61.195085,-144.32536,160.856048,6.517376,102,-61.195212,-144.32821,163.469148,1.753867,151.683847,3,-1,1,7,-95.28516487778577,84.71733247997088,103.85878712221427,-78.75181552002911,2.6131000000000313,-5.169299999999999e-05,1.6382951692933114,-4.475575792020751,-151.038975495734,-13.972019249860276,-7.997213529151947,146.6394779111564,1,1,1,1,0,2,2,1,1,0,1
2268000.0,101,-61.195109,-144.32536,169.70919,3.303562,102,-61.195283,-144.328191,170.712191,4.137571,151.862726,3,-1,1,7,-97.27069119797511,82.73178951193178,93.02011880202485,-87.98040148806821,1.0030009999999265,0.0023837040000000004,-0.07761561914587634,0.8329078459923931,-150.64164502224526,-19.219321870007015,-6.240553435946511,151.77507581645438,1,1,1,1,1,2,2,1,1,0,1
2269000.0,101,-61.195151,-144.325407,-159.604536,4.755461,102,-61.19529,-144.32819,170.405594,2.848982,152.130355,3,-1,1,7,-95.91935535243891,84.08308329720968,63.68518064756108,-86.32251070279032,29.98986999999994,-0.0012885890000000004,-2.1321147965775453,-1.6482078276663654,-151.31920135357254,-15.68898384673143,45.588428481743726,80.39429316186967,1,0,1,1,1,2,2,0,0,1,1
2270000.0,101,-61.195166,-144.325397,-178.068081,2.114814,102,-61.195312,-144.328191,173.584179,2.6832,152.579152,3,-1,1,7,-96.1908492275562,83.81159906151152,81.8772317724438,-89.77257993848849,8.347740000000044,-0.0001657820000000001,-0.3711242401557291,0.5527834714252902,-151.68934089981164,-16.454223847384434,104.89818485146806,135.11459905873556,1,0,1,1,0,2,2,1,0,0,1
2271000.0,101,-61.19524,-144.325424,-171.594832,7.296346,102,-61.19529,-144.328196,170.732651,0.733747,151.07021,3,-1,1,7,-92.1451234763499,87.85730553552375,79.4497085236501,-82.87534546447625,17.67251699999997,-0.0019494529999999996,-1.1846870342844922,-6.493807183403078,-150.9643437733839,-5.654666967706896,4.959698353497325,147.4983423458024,1,0,1,1,1,0,2,0,0,0,1
2272000.0,101,-61.195285,-144.325379,164.889038,5.563064,102,-61.195292,-144.328196,170.33199,0.536288,150.750892,3,-1,1,7,-90.29672231434783,89.7057461299282,104.81423968565218,-80.62624387007179,5.442951999999991,-0.00019745900000000006,1.3601671475078208,-4.842037361871276,-150.74887045192045,-0.7807024181895512,-7.787567441967845,145.34508799996985,1,1,1,1,0,2,2,1,1,1,1
2273000.0,101,-61.195334,-144.325428,-164.740568,5.657294,102,-61.19531,-144.328178,161.772769,1.158285,149.544123,3,-1,1,7,-88.96352315225134,91.03888658299519,75.77704484774866,-70.73388241700482,33.486662999999965,0.000621997,-1.8512391669666917,-4.357674189845447,-149.5196548318014,2.705095713297571,12.019309460160164,138.67718300329983,1,0,1,1,1,0,2,0,0,1,1
2274000.0,101,-61.19536,-144.325401,169.249451,3.408899,102,-61.195301,-144.328165,119.106951,0.543669,149.047111,3,-1,1,7,-87.46454487984751,92.5378771232914,103.28600412015248,-26.5690738767086,50.14250000000004,-0.000614616,0.16086290001861553,-3.0846049864919043,-148.90119957975298,6.593486267286183,-10.240462102443812,149.36004355846623,1,1,1,1,0,2,2,0,1,0,1
2275000.0,101,-61.195426,-144.325351,162.660187,6.992043,102,-61.19526,-144.328146,21.755461,1.744718,148.878602,3,-1,1,7,-82.97415180680098,97.02829736093801,114.365661193199,75.27283636093802,140.90472599999993,0.001201049,1.4372234709072111,-8.294731260529916,-147.76068314533268,18.21039949861075,-999,8367.949162566136,1,1,1,1,0,2,2,0,1,0,0
2276000.0,101,-61.19546,-144.3254,-163.228032,4.459287,102,-61.195244,-144.328134,21.207485,1.793835,148.690741,3,-1,1,7,-80.68923637723172,99.31315933835505,82.53879562276829,78.10567433835504,175.56448299999997,4.911700000000008e-05,-1.9357002762404387,-5.941942770151861,-146.7317910411582,24.05655746325655,-999,6267.339960760394,1,0,1,1,1,2,2,0,1,1,0
2277000.0,101,-61.195527,-144.325441,-164.235886,7.233915,102,-61.195293,-144.32814,163.056428,1.16403,148.498116,3,-1,1,7,-79.80060902618662,100.20175602132,84.43527697381337,-62.85467197868002,32.707686000000024,-0.0006298050000000002,-2.304525113350589,-5.848333401169331,-146.15147307227838,26.29519679242865,4.6608876863103985,145.61576389554435,1,0,1,1,0,2,2,1,0,1,1
2278000.0,101,-61.195593,-144.325466,-168.258962,7.469171,102,-61.195369,-144.328156,-179.213965,3.924589,148.166553,3,-1,1,7,-80.19585220323184,99.80650495952113,88.06310979676816,-80.97953004047883,10.955003000000005,0.002760559,-1.4660518733053263,-3.3886761902380105,-146.00266553724634,25.229924374059905,9.078735990126848,144.02357635136903,1,0,1,1,0,2,2,1,0,1,1
2279000.0,101,-61.195626,-144.325472,-171.256758,4.239889,102,-61.195363,-144.328149,177.841537,2.145666,147.814834,3,-1,1,7,-78.47646575886363,101.5258800127486,92.78029224113637,-76.31565698725139,10.901704999999993,-0.0017789230000000002,-0.7253050207677401,-2.0464755285768494,-144.83529071472825,29.529031715037746,9.278676183096911,146.37986925931415,1,1,1,1,0,2,2,1,0,0,1
2280000.0,101,-61.195663,-144.325413,153.480292,4.650754,102,-61.195417,-144.328165,-176.508009,3.691983,147.40804,3,-1,1,7,-79.49095956861873,100.51145192419642,127.02874843138127,-82.98053907580356,30.01169900000005,0.0015463170000000002,2.3014628359783784,-0.47627734802347943,-144.9354383567394,26.88585064641607,-60.21159251274781,6.608189192794512,1,1,1,1,0,2,2,0,1,1,1
2281000.0,101,-61.195681,-144.32547,-145.67606,2.816919,102,-61.195403,-144.328156,179.754596,1.614468,147.398353,3,-1,1,7,-77.87776196346178,102.12459169549474,67.79829803653823,-77.63000430450525,34.569344,-0.002077515,-1.5952943313602084,-0.7119353179563459,-144.1116357081147,30.953366870895334,61.11797853607434,87.85006512277417,1,0,1,1,1,2,2,0,0,0,1
2282000.0,101,-61.195777,-144.325483,-174.128896,9.453863,102,-61.195347,-144.328119,25.395294,1.550084,147.595071,3,-1,1,7,-71.29706324082741,108.70524660521998,102.83183275917258,83.30995260521999,160.47581000000002,-6.4384e-05,-1.6318142987953452,-10.804573254122422,-139.80114252677663,47.32806283488606,-999,10891.227111618278,1,1,1,1,0,2,2,0,1,0,0
2283000.0,101,-61.195804,-144.325577,-136.156782,5.61695,102,-61.195391,-144.328141,176.460156,1.022092,147.88029,3,-1,1,7,-71.51594801133804,108.48629874401126,64.64083398866195,-67.97385725598875,47.383062000000024,-0.000527992,-3.9538971354644867,-3.03101550261305,-140.2514325389793,46.88406809619063,13.964784872209455,123.24706956119441,1,0,1,1,1,2,2,1,0,1,1
2284000.0,101,-61.195823,-144.32556,-169.445376,2.492103,102,-61.195471,-144.328186,-169.757777,4.185366,148.345244,3,-1,1,7,-74.45438686964445,105.5479142155655,94.99098913035556,-84.6943087844345,0.31240099999999416,0.003163274,0.28771422581818534,1.668733110597481,-142.91838921500616,39.757331922647275,8.809492467358881,147.5954336376255,1,1,1,1,0,2,2,1,0,0,1
2285000.0,101,-61.195856,-144.325569,-172.030498,3.443226,102,-61.195443,-144.32817,-169.53721,1.297026,147.541739,3,-1,1,7,-71.76137166381844,108.24090751455964,100.26912633618156,-82.22188248544035,2.493288000000007,-0.0028883400000000005,-0.24185347882085664,-2.1345109397288358,-140.1294282375112,46.17692160562809,-14.172371272121008,144.43774938275104,1,1,1,1,0,2,2,0,1,1,1
2286000.0,101,-61.195904,-144.325605,-163.087598,5.236632,102,-61.195448,-144.32816,179.065779,0.998854,146.551223,3,-1,1,7,-69.6757028645518,110.32653600617684,93.41189513544822,-68.73924299382315,17.846622999999965,-0.000298172,-1.539670746004247,-4.011429779304715,-137.42719695205074,50.902126681485356,0.38219618765949676,146.54111886810512,1,1,1,1,1,2,2,0,0,0,1
2287000.0,101,-61.195949,-144.325564,167.11835,5.215686,102,-61.195532,-144.328196,-171.888667,4.318024,147.703141,3,-1,1,7,-71.79893361263859,108.2033727321726,121.08271638736142,-79.90796026782743,20.992983000000038,0.00331917,1.7720346530024131,-0.8095954862948291,-140.3129972248841,46.1354600175997,-74.09889090705465,16.52517389532788,1,1,1,1,0,1,2,0,1,1,1
2288000.0,101,-61.196004,-144.325603,-168.946122,6.055275,102,-61.195592,-144.328229,-169.124368,5.293589,148.649446,3,-1,1,7,-71.96453668398759,108.03776440448225,96.98158531601241,-82.83786759551776,0.17824600000000146,0.0009755649999999995,-0.162207169403372,-0.7444223416150395,-141.34556551357454,46.022699896406834,-19.4344442853038,147.90334208903295,1,1,1,1,1,2,2,1,1,0,1
2289000.0,101,-61.196029,-144.325594,179.73621,3.331753,102,-61.195672,-144.3283,-163.980829,6.899009,150.943768,3,-1,1,7,-74.688043590679,105.31432760074178,105.575746409321,-90.70484339925821,16.282960999999972,0.0016054200000000004,1.9191828072479078,3.299398753672516,-145.58561635294242,39.860373921624124,-9.86195014351793,145.89047947945352,1,1,1,1,0,1,2,0,1,1,1
2290000.0,101,-61.196057,-144.325694,-128.602627,4.946748,102,-61.195692,-144.328344,-157.457896,5.34684,150.599956,3,-1,1,7,-74.04763920549034,105.95468291519427,54.55498779450967,-96.58742108480573,28.855268999999993,-0.0015521690000000002,-1.816066743162255,1.8519786891213252,-144.80043382368888,41.390592067200856,85.27961473647488,116.97993416442112,1,0,1,1,1,2,2,0,0,1,1
2291000.0,101,-61.196043,-144.325726,-72.184558,2.43769,102,-61.195839,-144.32841,-164.810968,9.683507,147.960488,3,-1,1,7,-81.03669559059321,98.9656563248942,-8.852137590593216,-96.22337567510579,92.62641000000002,0.004336667000000001,0.2163264811734269,10.09104572727804,-146.15364303106617,23.05251912364092,2.8467063375122557,146.87908575774085,0,0,0,1,1,0,2,0,0,0,1
2292000.0,101,-61.196139,-144.325722,-176.847513,8.80253,102,-61.195947,-144.328417,-169.962483,10.574487,143.088966,3,-1,1,7,-81.59013524529999,98.41222631154204,95.2573777547,-91.625290688458,6.88503,0.000890979999999999,1.3589768182263766,1.6234229569293124,-141.55035421978974,20.927240888402167,-33.848163059982845,122.0140343025354,1,1,1,1,0,0,2,1,1,1,1
2293000.0,101,-61.196184,-144.325741,-171.176259,5.736372,102,-61.196076,-144.328387,-176.534957,11.966976,139.379809,3,-1,1,7,-85.15896209097468,94.84335653053313,86.0172969090253,-88.62168646946691,5.358698000000004,0.001392489000000001,-0.15665386562476658,6.276617187711521,-138.88259518083927,11.762479020665763,2.447124266095511,138.5459499006069,1,0,1,1,1,0,2,1,0,0,1
2294000.0,101,-61.196225,-144.325702,165.222473,4.847489,102,-61.196154,-144.328371,-178.966401,10.64903,142.327817,3,-1,1,7,-86.84097260937185,93.1613661677336,107.93655439062815,-87.87223283226638,15.811125999999973,-0.001317946000000001,1.4285271134983326,5.960146219994377,-142.11153952540553,7.843330013750151,-4.267948085977999,140.0271676216632,1,1,1,1,0,1,2,0,1,0,1
2295000.0,101,-61.196282,-144.325704,177.493339,6.093072,102,-61.196309,-144.328386,-178.324282,13.288614,145.565833,3,-1,1,7,-91.19815903291412,88.8041911380343,91.30850196708587,-92.87152686196566,4.182378999999997,0.0026395840000000012,0.6550777344126937,7.195689224060714,-145.534005883388,-3.0438246529441333,-2.246642637586163,144.65868735623908,1,1,1,1,1,1,2,1,1,0,1
2296000.0,101,-61.196361,-144.325721,-176.060734,8.375867,102,-61.19648,-144.328385,-179.098833,15.525674,144.602154,3,-1,1,7,-95.29806089222356,84.70427350841888,80.76267310777644,-96.19689349158114,3.0380990000000168,0.0022370599999999995,-0.33123088341547424,7.167675219129958,-143.98438811739396,-13.352112937635564,-0.9349702012694845,144.44726057593672,1,0,1,1,1,2,2,1,1,1,1
2297000.0,101,-61.196388,-144.325762,-156.277569,4.300528,102,-61.196636,-144.32836,179.045709,16.236407,143.985041,3,-1,1,7,-101.20773922113233,78.79453734734783,55.06982977886767,-100.25117165265216,24.676722000000012,0.0007107329999999994,-2.000542474816497,12.296999424531812,-141.23908935563884,-27.98591913376341,-0.40852436457739183,143.90023048773583,1,0,1,1,1,2,2,0,1,1,1
2298000.0,101,-61.196423,-144.32574,175.008189,3.925638,102,-61.196701,-144.328336,177.247021,12.727601,142.858393,3,-1,1,7,-102.53218555567598,77.4700892613756,82.45962544432405,-99.77693173862438,2.238832000000002,-0.0035088059999999997,-0.2697245090166295,8.802163333010641,-139.45468742177832,-30.99855813802558,-3.03693627913046,140.33870610819866,1,0,1,1,0,0,2,1,1,1,1
2299000.0,101,-61.196464,-144.325657,143.531152,5.547169,102,-61.196731,-144.328317,175.276413,9.074883,142.750141,3,-1,1,7,-101.76942585608002,78.23290504355792,114.69942214392,-97.04350795644207,31.745261000000028,-0.003652718,2.5498519664450203,4.583137603376083,-139.7490152052899,-29.117271587007185,-21.657812932025056,109.83873292022807,1,1,1,1,0,2,2,0,1,1,1
2300000.0,101,-61.196499,-144.325652,163.89322,4.095855,102,-61.196688,-144.328313,171.124448,3.696059,142.613914,3,-1,1,7,-98.3870883146388,81.6152434613065,97.71969168536117,-89.5092045386935,7.231227999999987,-0.005378824,0.5660457172316216,-0.2832760520630786,-141.08869068600745,-20.801678463708434,-171.10640793961358,82.19073610436216,1,1,1,1,1,2,2,1,1,1,1
2301000.0,101,-61.196564,-144.325683,-172.731841,6.790872,102,-61.19658,-144.328305,11.702928,2.535513,142.466935,3,-1,1,7,-90.72677743272062,89.275520167883,82.00506356727938,77.572592167883,175.565231,-0.0011605460000000001,-1.373432759661465,-9.219112572492085,-142.45547364763925,-1.8070960464187198,-999,9335.372633905292,1,0,1,1,1,2,2,0,1,0,0
2302000.0,101,-61.196609,-144.325682,-177.761092,5.260299,102,-61.196583,-144.328302,15.646859,1.459604,142.200484,3,-1,1,7,-88.82120412802497,91.18109172052131,88.93988787197502,75.53423272052132,166.592049,-0.0010759090000000001,-0.5991668681412027,-6.661797829768469,-142.17038946013284,2.9254077644667897,-999,6693.324966519975,1,0,1,1,0,2,2,1,1,1,0
2303000.0,101,-61.196636,-144.325681,-179.433868,3.446664,102,-61.196582,-144.328299,20.156013,0.933521,140.762544,3,-1,1,7,-87.54977146785743,92.45252262832673,91.88409653214256,72.29650962832673,160.41011899999998,-0.0005260829999999999,-0.3557259009237914,-4.322845905310801,-140.63384983851205,6.017812970737753,-999,4340.93555506252,1,1,1,1,0,0,2,1,1,1,0
2304000.0,101,-61.1967,-144.325707,-171.081722,6.57566,102,-61.196648,-144.328298,174.396695,2.36148,140.550583,3,-1,1,7,-87.61586999419256,92.38640044402672,83.46585200580745,-82.01029455597327,14.521582999999964,0.0014279589999999997,-1.2499709331744604,-4.145966998807479,-140.42892110034174,5.846751254660809,7.983392766614227,136.13942123767526,1,0,1,1,1,2,2,1,0,1,1
2305000.0,101,-61.196751,-144.325708,-177.07529,5.81381,102,-61.196669,-144.328296,175.193108,2.366062,140.093677,3,-1,1,7,-86.2386303328198,93.76363747726221,90.8366596671802,-81.42947052273779,7.731602000000066,4.582000000000086e-06,-0.494912404190632,-3.4484971379730456,-139.79190472918071,9.190305085686614,3.1003913105395706,139.67972382931197,1,1,1,1,0,2,2,1,0,0,1
2306000.0,101,-61.196812,-144.325702,178.946972,6.601082,102,-61.196668,-144.328289,169.090508,1.37494,140.062499,3,-1,1,7,-83.41094877167453,96.59131816259469,97.64207922832549,-72.49918983740531,9.85646399999996,-0.0009911219999999999,-0.13890538326296958,-5.249875951568703,-139.13734572253028,16.071796769934682,-2.4127565019711006,139.51405127637977,1,1,1,1,0,2,2,0,1,1,1
2307000.0,101,-61.196807,-144.325648,106.849744,2.243007,102,-61.196637,-144.328275,39.841777,0.655997,140.244211,3,-1,1,7,-82.35135447629357,97.65094750896715,170.79890152370643,57.80917050896715,67.00796700000001,-0.000718943,1.7264332583569764,-1.1538497323083885,-138.99644340103728,18.6662112083508,-166.08113384754475,227.46869513217945,1,1,2,1,0,2,2,0,1,0,0
2308000.0,101,-61.196841,-144.32568,-168.901301,3.326237,102,-61.196651,-144.328274,135.061281,0.430149,139.460835,3,-1,1,7,-81.35695901767149,98.64531405082577,87.5443419823285,-36.41596694917423,56.037418,-0.00022584800000000004,-0.9441353567874415,-2.9595400886877585,-137.8770856955712,20.95790397423714,9.79355209661877,137.9857893015378,1,0,1,1,1,2,2,1,0,1,1
2309000.0,101,-61.196917,-144.325739,-162.024056,7.997292,102,-61.196706,-144.328279,177.541719,2.561235,138.891554,3,-1,1,7,-80.21853492580898,99.78369082510513,81.80552107419102,-77.75802817489487,20.43422499999994,0.002131086,-2.5779618683024585,-5.0480356494325545,-136.87247483000425,23.596385452962274,6.862084739360751,132.64953289860767,1,0,1,1,1,2,2,1,0,1,1
2310000.0,101,-61.196974,-144.325745,-171.996813,6.629031,102,-61.196772,-144.328292,-178.047555,4.457114,139.637321,3,-1,1,7,-80.65352629905205,99.3487055871326,91.34328670094796,-82.60373941286741,6.050741999999985,0.0018958789999999998,-0.7710940718076852,-2.1099399801380763,-137.78353947126124,22.677690950104097,11.285158125314949,137.19790026774604,1,1,1,1,0,2,2,1,0,0,1
2311000.0,101,-61.197034,-144.325864,-144.126409,8.301717,102,-61.196752,-144.328285,179.30004,1.823728,140.118109,3,-1,1,7,-76.40995682678182,103.59216464838003,67.71645217321817,-75.70787535161996,36.57355100000004,-0.0026333859999999997,-4.887076466209285,-4.90338756339896,-136.19506099273437,32.92400083406094,9.060192214791035,120.13217413908468,1,0,1,1,1,2,2,0,0,1,1
2312000.0,101,-61.197018,-144.325756,81.003986,2.856149,102,-61.196844,-144.328313,-174.511855,5.167351,138.85194,3,-1,1,7,-81.96196021565159,98.04028043454781,-162.96594621565157,-87.44786456545216,104.484159,0.003343623,3.3152205293156216,5.590267793555101,-137.48778227914562,19.415740153953983,-14.559261856889815,134.6185381714387,0,1,2,1,1,0,2,0,1,0,1
2313000.0,101,-61.197079,-144.325806,-168.566875,5.725558,102,-61.196851,-144.328322,-172.087421,3.469025,138.753196,3,-1,1,7,-79.34899486237853,100.6532098609509,89.21788013762148,-87.25936913904911,3.520545999999996,-0.0016983260000000002,-0.6573903134360097,-2.1759469183250477,-136.36264560417217,25.64523901322349,6.390470693577905,137.95266876790737,1,0,1,1,0,2,2,1,0,0,1
2314000.0,101,-61.197148,-144.325827,-171.089671,7.484136,102,-61.196893,-144.328344,-169.675186,4.001484,138.622088,3,-1,1,7,-78.12614841064749,101.87605719023708,92.96352258935252,-88.44875680976293,1.4144850000000133,0.0005324589999999998,-0.44202731583655575,-3.4571271360252736,-135.65598977044277,28.522547587501215,-3.2093962457221146,138.1780142625862,1,1,1,1,0,2,2,1,1,0,1
2315000.0,101,-61.197198,-144.325814,178.174683,5.806302,102,-61.196852,-144.328326,-163.765433,0.586968,138.418333,3,-1,1,7,-74.04669547801483,105.95550574153151,107.7786215219852,-90.27906125846846,18.05988400000004,-0.0034145159999999994,0.3490435543483721,-5.239793021925744,-133.08729185840374,38.04481116124704,-9.317829245861978,130.2816097506881,1,1,1,1,0,2,2,0,1,1,1
2316000.0,101,-61.197287,-144.325866,-168.240043,9.527078,102,-61.196918,-144.328368,-165.446159,3.362666,138.173691,3,-1,1,7,-72.9813497874141,107.02084267082222,95.25869321258588,-87.53299832917776,2.7938839999999914,0.0027756979999999996,-1.0967285530880921,-6.072340745254108,-132.1230009703235,40.441086770256,-2.689233038603725,137.20746978814458,1,1,1,1,1,2,2,1,1,0,1
2317000.0,101,-61.197297,-144.325875,-159.46619,2.54855,102,-61.196925,-144.328375,-162.859561,2.362176,137.846561,3,-1,1,7,-72.83814683883692,107.16404386711375,86.62804316116309,-89.97639513288624,3.393371000000002,-0.0010004900000000001,-0.19776118394265252,-0.12936828783052734,-131.70894690149515,40.674656552033106,334.4340540997893,106.51493920895311,1,0,1,1,1,2,2,0,0,1,1
2318000.0,101,-61.19729,-144.325913,-82.226507,1.762886,102,-61.196884,-144.328346,5.114234,0.422034,137.262673,3,-1,1,7,-70.89739412126507,109.1047378730819,11.329112878734932,103.9905038730819,87.34074099999998,-0.0019401419999999997,-1.7843068417932328,-0.18191083071738873,-129.7041706194996,44.92070261040748,75.91811326548309,59.01251845996541,1,0,0,1,1,2,2,0,0,1,1
2319000.0,101,-61.197362,-144.325969,-158.562742,7.212294,102,-61.196862,-144.328322,20.47873,1.288392,136.473658,3,-1,1,7,-66.20137748697174,113.80068440551024,92.36136451302825,93.32195440551024,179.04147199999997,0.000866358,-3.086721066912572,-7.920303965954714,-124.86921681273355,55.07030071168582,-999,8487.159028137437,1,1,1,1,0,2,2,0,1,0,0
2320000.0,101,-61.197394,-144.32601,-150.098619,4.686464,102,-61.196885,-144.328326,138.94562,0.373555,136.350849,3,-1,1,7,-65.48056197242681,114.52146749800893,84.6180570275732,-24.42415250199106,70.95576100000002,-0.0009148369999999999,-2.581584367404346,-3.7809312883567183,-124.0548017967297,56.5858654983284,5.606710556418833,134.38128665550232,1,0,1,1,1,2,2,1,0,1,1
2321000.0,101,-61.197417,-144.32604,-146.936213,3.285522,102,-61.196916,-144.32833,176.722373,1.528775,136.434777,3,-1,1,7,-65.57886796198466,114.42313872569444,81.35734503801535,-62.29923427430556,36.34141399999993,0.00115522,-1.8798965372283223,-1.2272024838066173,-124.22812616100127,56.40763286618294,28.8958464064083,115.4419066744521,1,0,1,1,1,2,2,1,0,1,1
2322000.0,101,-61.197474,-144.326012,174.51547,5.829986,102,-61.196879,-144.328268,59.352187,1.351729,136.634523,3,-1,1,7,-61.30418540744395,118.69779148704922,124.18034459255605,59.345604487049215,115.16328300000004,-0.00017704600000000004,-0.6057028390282375,-6.492353291084784,-119.85324048669843,65.60635350539735,-999,6461.054246461448,1,1,1,1,0,2,2,0,1,0,0
2323000.0,101,-61.19755,-144.326051,-170.609639,8.18231,102,-61.196933,-144.328293,170.221834,1.980878,137.05736,3,-1,1,7,-60.266071643519126,119.73589298402858,110.34356735648086,-50.48594101597142,19.16852700000007,0.000629149,-1.6714459697006805,-6.120562801952557,-119.01210983776734,67.97674339163947,-5.401524071419792,132.71591509163704,1,1,1,1,1,2,2,1,1,1,1
2324000.0,101,-61.197569,-144.32603,172.328991,3.028077,102,-61.196959,-144.328294,175.074528,2.327237,137.738625,3,-1,1,7,-60.78575107588499,119.21623283048784,126.88525792411502,-55.85829516951215,2.745537000000013,0.00034635899999999986,0.20438583453448347,-0.6823353053147758,-120.21837164288114,67.22701790519004,-135.93243719509476,95.89504248166439,1,1,1,1,0,2,2,1,1,1,1
2325000.0,101,-61.197578,-144.326031,176.324189,1.402935,102,-61.196995,-144.328316,-175.08944,2.9829,138.858391,3,-1,1,7,-62.096838503266206,117.90516380547069,121.5789724967338,-67.00539619452934,8.58637100000007,0.0006556630000000001,0.34528146763637585,1.5719025291251207,-122.71468794945348,64.98275242383276,23.046803501207407,133.79884211899244,1,1,1,1,1,1,2,0,0,0,1
2326000.0,101,-61.197614,-144.326097,-144.415856,4.339984,102,-61.197043,-144.328372,-163.468756,4.102468,140.323994,3,-1,1,7,-62.48390937758164,117.51808416906694,81.93194662241835,-79.01315983093303,19.052900000000022,0.001119568,-1.3581190252971238,0.40334800512173485,-124.45070142951464,64.82936221970598,111.35602748334065,33.37599880600096,1,0,1,1,1,1,2,0,0,1,1
2327000.0,101,-61.197668,-144.326123,-163.214164,5.938797,102,-61.197082,-144.328421,-158.138159,4.408513,139.87001,3,-1,1,7,-62.10958486468635,117.89242883725863,101.10457913531366,-83.96941216274138,5.076005000000009,0.0003060450000000001,-0.07349872437277827,-1.5942779214579694,-123.6232546427701,65.42866809685889,-41.95599299754516,126.71538760428622,1,1,1,1,0,2,2,1,1,0,1
2328000.0,101,-61.197763,-144.326202,-160.182445,10.361306,102,-61.19713,-144.328455,-159.549986,4.910375,138.018493,3,-1,1,7,-59.752273258893986,120.24970101164276,100.43017174110602,-80.20031298835727,0.6324590000000114,0.0005018620000000001,-1.797117730349739,-5.146767524637214,-119.2280332013483,69.52539470531065,-4.8639086041956165,135.48289426073828,1,1,1,1,1,0,2,1,1,0,1
2329000.0,101,-61.197789,-144.326257,-142.272787,5.090096,102,-61.197232,-144.328493,-165.857875,7.449103,134.634617,3,-1,1,7,-62.660213149353474,117.3417462255341,79.61257385064653,-76.80037877446591,23.585088000000013,0.002538728,-1.294619280863389,3.1974154984867145,-119.59573194908602,61.83317066348007,39.21366254016147,93.67992271752456,1,0,1,1,1,0,2,0,0,1,1
2330000.0,101,-61.197824,-144.326171,148.251351,4.636532,102,-61.197348,-144.328532,-168.641268,9.668125,134.457934,3,-1,1,7,-67.29373581362353,112.70833309845203,144.45491318637647,-78.65039890154799,43.107381000000004,0.0022190219999999997,4.343863903646238,5.5360153653410915,-124.03689183895061,51.90169051659899,-5.445620593963224,129.64764285551163,1,1,1,1,0,2,2,0,1,0,1
2331000.0,101,-61.197864,-144.326166,168.73794,4.408853,102,-61.197438,-144.328578,-167.839326,9.958654,139.371364,3,-1,1,7,-69.86887026801195,110.13324333606195,121.39318973198806,-82.02743066393805,23.42273400000002,0.0002905289999999994,2.9588638063282104,5.4112318961694905,-130.85680466999509,47.9674240998956,-3.3486501291409674,137.82654057897116,1,1,1,1,1,1,2,1,1,0,1
2332000.0,101,-61.197901,-144.326077,138.884337,5.587696,102,-61.197546,-144.32862,-168.587543,10.836673,139.092858,3,-1,1,7,-73.84209383180108,106.16013456757827,147.27356916819895,-85.25232243242169,52.52812000000003,0.0008780190000000001,5.81862146570262,6.412733380636302,-133.59846680354372,38.70752916876245,-7.915167888272472,125.1712851819972,1,1,1,1,0,2,2,0,1,1,1
2333000.0,101,-61.197961,-144.326045,159.693487,6.604971,102,-61.197764,-144.32873,-167.988941,16.339947,145.554332,3,-1,1,7,-81.3422116646866,98.66014117041573,118.9643013353134,-93.35091782958426,32.317571999999984,0.005503273999999999,5.692554974267462,9.787755237916638,-143.89574872724538,21.910660925487445,-4.814212270700358,135.40802521745664,1,1,1,1,1,1,2,1,1,0,1
2334000.0,101,-61.197984,-144.326065,-177.292777,3.228015,102,-61.197951,-144.328824,-167.581544,18.310036,148.151441,3,-1,1,7,-88.57906798363473,91.42334969936634,88.71370901636527,-100.99510630063367,9.711232999999993,0.0019700890000000017,3.785104955020137,14.65722483701082,-148.10588401648553,3.6737705524184463,-2.2011947185783756,144.32008987895063,1,0,1,1,1,1,2,1,1,0,1
2335000.0,101,-61.198028,-144.326099,-163.884086,4.835614,102,-61.198182,-144.328849,-171.601439,21.183381,145.668868,3,-1,1,7,-96.63122733972682,83.37118245985974,67.25285866027318,-105.02737854014026,7.717353000000003,0.0028733450000000007,1.751729140738574,16.310625967138716,-144.69433963584186,-16.821628391718576,-1.9780169325249028,142.0709929662873,1,0,1,1,1,0,2,1,1,1,1
2336000.0,101,-61.198106,-144.326105,-175.540493,8.033571,102,-61.198325,-144.328854,-173.472201,19.097971,146.186463,3,-1,1,7,-99.39044040931425,80.61196851660267,76.15005259068575,-105.91583048339731,2.0682919999999854,-0.0020854099999999993,1.5465114607519137,10.964905666119705,-144.2274764226451,-23.85198124277548,-3.94210410994866,139.48286706444347,1,0,1,1,0,2,2,1,1,1,1
2337000.0,101,-61.19814,-144.326153,-155.63437,4.883483,102,-61.198521,-144.328768,179.894893,20.10045,143.323078,3,-1,1,7,-106.82731924407786,73.17497226105934,48.807050755922134,-106.71992073894066,24.470736999999986,0.0010024789999999975,-2.0515938076864213,15.6518986326145,-137.1862095689214,-41.490343352472536,-1.5180609909359166,141.4164756400109,1,0,1,1,1,0,2,0,1,0,1
2338000.0,101,-61.198153,-144.326161,-155.659482,2.084963,102,-61.198639,-144.328683,175.044968,17.467029,142.743076,3,-1,1,7,-111.80178868373692,68.20042132755684,43.85769331626308,-106.84454667244317,29.295549999999963,-0.0026334209999999986,-2.3680305637342616,15.502116237822776,-132.5332679924885,-53.01432467902419,-2.089029591348624,139.01937762805423,1,0,1,1,1,2,2,0,1,1,1
2339000.0,101,-61.198225,-144.326024,144.532501,8.663854,102,-61.198674,-144.328616,169.665037,12.275598,141.508411,3,-1,1,7,-109.77742059666014,70.22485075641546,105.69007840333987,-99.44018624358455,25.13253599999996,-0.005191431,2.8248499916426546,5.020204823538942,-133.16142238743979,-47.88179164879665,-23.880788090436905,97.47509503165222,1,1,1,1,0,0,2,1,1,1,1
2340000.0,101,-61.198259,-144.32602,160.106277,4.597829,102,-61.198676,-144.328566,162.286011,7.781677,142.829274,3,-1,1,7,-108.77724193964978,71.2249891043524,91.11648106035022,-91.0610218956476,2.179734000000053,-0.0044939210000000005,-0.8031636723696014,3.0892706294039973,-135.22749873944053,-45.97526613345138,-3.3371839326670836,142.44511829210998,1,1,1,1,1,1,2,1,1,0,1
2341000.0,101,-61.198247,-144.325944,83.433793,3.397033,102,-61.198714,-144.328519,158.518319,6.626081,144.357017,3,-1,1,7,-110.62938166572864,69.37287479109368,165.93682533427136,-89.14544420890631,75.08452600000004,-0.001155596,0.9482541958173423,6.554253236640599,-135.10069867412162,-50.860098062257855,-22.408551426484014,148.93073391074557,1,1,2,1,0,1,2,0,1,0,1
2342000.0,101,-61.198298,-144.325901,150.775356,5.394959,102,-61.198792,-144.328481,162.206491,7.510211,146.802427,3,-1,1,7,-111.67555565812854,68.32670518156516,97.54908834187148,-93.87978581843484,11.43113500000004,0.0008841299999999999,0.33898207818043957,2.4427063708399857,-136.42206167996105,-54.2215239557063,-35.492185787311634,128.5602526060117,1,1,1,1,1,1,2,1,1,1,1
2343000.0,101,-61.198331,-144.325997,-141.817449,4.808477,102,-61.198899,-144.328429,164.814694,9.345634,146.586136,3,-1,1,7,-115.86403497919041,64.13809617024837,25.953414020809603,-100.67659782975163,53.36785699999996,0.0018354230000000005,-5.420462710480043,5.239638862360733,-131.90286451662024,-63.94630247106256,7.26083689820041,137.71991293639448,1,0,1,1,1,2,2,0,0,0,1
2344000.0,101,-61.198419,-144.325914,165.096643,9.172891,102,-61.199057,-144.328334,164.908232,12.783761,147.791986,3,-1,1,7,-118.68947175226211,61.31264888417322,76.21388524773789,-103.59558311582677,0.18841099999997368,0.0034381269999999996,-0.9692835919462164,3.478525479525409,-129.64821286396807,-70.94936241435451,-9.270307432630274,143.934689789249,1,0,1,1,0,1,2,1,1,0,1
2345000.0,101,-61.19847,-144.325884,163.663638,6.460844,102,-61.198993,-144.328401,167.341518,4.916124,147.75684,3,-1,1,7,-113.3314710155579,66.67073462156326,83.00489098444211,-100.67078337843675,3.677879999999959,-0.007867637,0.7399632128964482,-1.4033695043727183,-135.67461254097105,-58.51908473859603,-6.861663487602066,147.30872415915113,1,0,1,1,0,2,2,0,1,0,1
2346000.0,101,-61.198485,-144.325832,133.917271,3.513841,102,-61.198945,-144.32845,-171.393964,0.883698,147.716562,3,-1,1,7,-110.03847058450026,69.96382355813635,116.04425841549974,-118.64221244186365,54.68876499999996,-0.004032426,2.663403606643635,-1.5635187584739012,-138.77420955668646,-50.61522943755881,-26.028835874424317,114.72138849046802,1,1,1,1,0,2,2,0,1,1,1
2347000.0,101,-61.198547,-144.325823,170.349529,6.236159,102,-61.198943,-144.328467,-138.603988,0.590066,147.68529,3,-1,1,7,-107.27053104480572,72.7317858821522,82.37993995519429,-148.66422611784782,51.04648300000005,-0.000293632,1.4355992662613917,-5.705267359718874,-141.02669520755202,-43.84536601763438,1.818534368486482,147.48541557992576,1,0,1,1,1,2,2,1,0,0,1
2348000.0,101,-61.198578,-144.325914,-140.657822,5.03068,102,-61.198948,-144.328474,-142.202103,0.634172,147.636255,3,-1,1,7,-106.70030828611688,73.30193503224594,33.95751371388313,-144.49596196775406,1.5442809999999838,4.410599999999998e-05,-2.8005312952516896,-3.3894873553833196,-141.40909782029655,-42.42559185297035,27.516468607183853,82.00934585918469,1,0,1,1,1,2,2,1,0,1,1
2349000.0,101,-61.198627,-144.325889,179.375313,5.240359,102,-61.198948,-144.328479,-130.942577,0.460467,147.53106,3,-1,1,7,-104.42792474054858,75.57434486738971,76.19676225945142,-153.48307813261027,49.682109999999994,-0.00017370499999999994,0.40495513568157404,-4.9383024462854195,-142.8782018174486,-36.759122815105705,7.911179783987658,146.10011669835745,1,0,1,1,0,2,2,0,0,0,1
2350000.0,101,-61.19867,-144.325792,142.452488,6.150754,102,-61.198986,-144.328463,178.19731,1.832017,147.1959,3,-1,1,7,-103.79817504885898,76.20416553981609,113.74933695114103,-101.9931444601839,35.744822,0.00137155,3.6907559566528407,-3.045504286225136,-142.94810261904058,-35.10659388813226,-15.715437008226562,118.74156888485648,1,1,1,1,0,2,2,1,1,1,1
2351000.0,101,-61.198715,-144.325756,153.334745,5.493429,102,-61.198936,-144.328474,-8.439787,1.070395,146.776951,3,-1,1,7,-99.58086528936357,80.42151648550055,107.08438971063643,88.86130348550054,161.77453200000002,-0.000761622,2.6224273084004515,-5.967971524849444,-144.72965864805107,-24.42947507571581,-999,6477.91461508087,1,1,1,1,1,2,2,0,1,0,0
2352000.0,101,-61.198795,-144.325717,165.191964,8.582153,102,-61.198904,-144.328473,-2.539239,2.028752,146.756127,3,-1,1,7,-94.69426905906782,85.30814601551036,100.11376694093218,87.84738501551035,167.731203,0.0009583569999999999,2.283319275319398,-10.32387868462255,-146.2638449650268,-12.010348374911045,-999,10543.934167197764,1,1,1,1,1,2,2,0,1,0,0
2353000.0,101,-61.198811,-144.325737,-177.267642,2.866959,102,-61.198959,-144.328453,165.792947,1.16727,146.942927,3,-1,1,7,-96.45434861362303,83.54803140976863,80.81329338637697,-82.24491559023137,16.93941099999998,-0.0008614819999999999,-0.42314881776826535,-1.7321303719798629,-146.01156406412755,-16.518079636401364,29.803264463256372,137.94208227749243,1,0,1,1,1,2,2,1,0,1,1
2354000.0,101,-61.198839,-144.325703,157.410307,3.287219,102,-61.199005,-144.328437,169.98553,2.751096,147.219448,3,-1,1,7,-97.1842439265782,82.81815187111285,105.4054490734218,-87.16737812888717,12.57522300000005,0.001583826,0.7843099100964512,-0.32584143211929195,-146.0636472314422,-18.411323333033764,-137.91148871492064,73.81955228286796,1,1,1,1,0,2,2,1,1,1,1
2355000.0,101,-61.198882,-144.325734,-169.367543,4.57368,102,-61.198991,-144.328438,163.495232,1.078751,147.676939,3,-1,1,7,-94.784095838034,85.2182736710026,74.583447161966,-78.27695832899738,27.137225,-0.001672345,-1.1503490804411673,-3.460852177931635,-147.1624396557593,-12.316438891770764,16.40152496557074,135.77597802224196,1,0,1,1,1,2,2,0,0,0,1
2356000.0,101,-61.198922,-144.325653,147.237355,5.347788,102,-61.199004,-144.328432,165.737387,1.233074,146.867238,3,-1,1,7,-93.50604345235885,86.49639177978017,119.25660154764114,-79.24099522021984,18.500032000000033,0.000154323,2.590221030805218,-3.301993163496568,-146.59235446021125,-8.98149272450977,-17.610605595216487,121.25594359797964,1,1,1,1,0,2,2,1,1,1,1
2357000.0,101,-61.198995,-144.325675,-179.785002,7.566384,102,-61.19906,-144.328412,170.158941,3.205629,146.338756,3,-1,1,7,-92.82329236026042,87.17910606887408,86.96170963973957,-82.97983493112592,10.056056999999981,0.001972555,-0.576284252908981,-4.407870410434222,-146.16112943119802,-7.208033783502293,6.019561022798342,143.99486633477022,1,0,1,1,1,2,2,1,0,0,1
2358000.0,101,-61.199026,-144.325627,155.958347,4.476717,102,-61.199061,-144.328401,163.891502,2.060861,147.684543,3,-1,1,7,-91.50140704633513,88.50102380623952,112.54024595366485,-75.39047819376049,7.9331549999999424,-0.001144768,1.2520168681141608,-2.1084121766744346,-147.6338402131557,-3.869556180655805,-27.345069656612345,129.0123666697733,1,1,1,1,0,1,2,1,1,1,1
2359000.0,101,-61.199045,-144.325606,151.433536,2.826142,102,-61.199163,-144.328394,174.829739,5.624433,149.449091,3,-1,1,7,-95.02188267350576,84.98056044844917,113.54458132649424,-89.84917855155082,23.396203000000014,0.0035635719999999997,0.8445490957953081,3.1194529279450256,-148.87540652903354,-13.082206677058851,-17.70425967403309,140.39829836913552,1,1,1,1,0,1,2,0,1,0,1
2360000.0,101,-61.199098,-144.325632,-173.303774,5.402972,102,-61.199265,-144.328383,176.152709,7.864199,148.322972,3,-1,1,7,-97.18294019742657,82.81947050345688,76.12083380257343,-93.3332384965431,10.543517000000037,0.0022397660000000002,-1.1576829416757999,2.480361733032135,-147.1589296479832,-18.545981984589297,16.73519012520688,141.19354406180685,1,0,1,1,1,0,2,1,0,0,1
2361000.0,101,-61.199138,-144.325688,-152.583324,5.089311,102,-61.199219,-144.328386,173.605346,2.824872,147.789416,3,-1,1,7,-93.56707347805948,86.43529077876444,59.01625052194052,-87.17005522123556,33.81132999999994,-0.005039327,-2.6580383350380012,-1.7103902058327187,-147.50309585629446,-9.195009213147001,37.363983697028736,72.9074972607043,1,0,1,1,1,2,2,0,0,1,1
2362000.0,101,-61.199196,-144.325643,170.120505,6.252371,102,-61.19927,-144.328364,171.48172,3.996162,146.685066,3,-1,1,7,-93.23213686995467,86.77024754305438,96.64735813004529,-84.71147245694561,1.3612150000000156,0.00117129,0.4808288962989612,-2.2075743379942994,-146.4517336503672,-8.270326367578207,-10.114573106260407,144.8570359661763,1,1,1,1,0,0,2,1,1,0,1
2363000.0,101,-61.199263,-144.325606,166.666172,7.440239,102,-61.19934,-144.328345,172.228369,5.468715,146.678168,3,-1,1,7,-93.34080006220435,86.6616001255987,99.99302793779566,-85.56676887440129,5.562196999999969,0.0014725530000000004,0.9763926897558007,-1.8211871862833666,-146.42889907562247,-8.547659523950964,-28.243997177870632,133.13132887386647,1,1,1,1,0,2,2,0,1,1,1
2364000.0,101,-61.19929,-144.325574,155.034637,4.08218,102,-61.199379,-144.328333,172.088525,5.077548,146.534496,3,-1,1,7,-93.83191594478188,86.17050176992814,111.13344705521811,-85.91802323007187,17.05388800000003,-0.00039116700000000026,1.0240783866502619,1.3284656910262047,-146.20690295132067,-9.792856955817864,-69.00121416545137,111.40064516968566,1,1,1,1,0,2,2,0,1,1,1
2365000.0,101,-61.199305,-144.325597,-169.0682,2.125594,102,-61.199342,-144.328328,159.138407,1.561042,146.365384,3,-1,1,7,-91.61204193270002,88.39035124526762,77.45615806729997,-70.74805575473238,31.79339299999998,-0.003516506,-0.9590038419996865,-0.6283167558650748,-146.3074561865532,-4.117511103478714,114.21197369803565,76.99534729804186,1,0,1,1,1,2,2,0,0,1,1
2366000.0,101,-61.199352,-144.325621,-167.488664,4.750882,102,-61.199327,-144.328325,119.580637,0.494087,145.018072,3,-1,1,7,-88.90175242969552,91.1006170885326,78.58691157030448,-28.480019911467394,72.93069899999998,-0.001066955,-1.458885322416318,-4.394158534044267,-144.99143200913787,2.7795414256185844,17.54191913508639,143.64598821619396,1,0,1,1,0,0,2,0,0,0,1
2367000.0,101,-61.199406,-144.325624,-176.136354,5.833124,102,-61.199297,-144.328319,19.208863,1.214026,144.771113,3,-1,1,7,-85.20230865695656,94.80005297486466,90.93404534304345,75.59118997486465,164.65478299999998,0.0007199390000000001,-0.7924790206964127,-6.966302364930996,-144.26386833587156,12.108321602480023,-999,7009.991187927048,1,1,1,1,0,2,2,0,1,0,0
2368000.0,101,-61.199469,-144.325623,-179.225993,6.802712,102,-61.199349,-144.328323,173.148502,1.585762,144.453367,3,-1,1,7,-84.7303483717539,95.27201764283227,94.49564462824608,-77.87648435716774,7.625505000000004,0.00037173599999999984,-0.2810705507294572,-5.22765371511126,-143.84283271562245,13.267053703898874,-1.0651380300831088,144.34767038769402,1,1,1,1,0,2,2,1,1,1,1
2369000.0,101,-61.199532,-144.325664,-167.325221,7.223548,102,-61.199366,-144.328323,175.568657,1.669075,144.08173,3,-1,1,7,-82.61759663424671,97.38473345280902,84.70762436575329,-78.18392354719099,17.10612199999997,8.33130000000002e-05,-1.7139276696805268,-5.3834334474179055,-142.8873891681725,18.513209783722694,4.434586481596479,141.77144398850453,1,0,1,1,1,2,2,0,0,1,1
2370000.0,101,-61.199574,-144.32564,174.708192,5.083213,102,-61.199286,-144.328284,17.700517,2.562268,144.107273,3,-1,1,7,-77.26086935870352,102.7414475834471,108.03093864129647,85.04093058344709,157.00767500000006,0.0008931929999999999,-0.3102205197738632,-7.502514810833363,-140.55995295350715,31.77744101094961,-999,7476.8173676494,1,1,1,1,0,2,2,0,1,0,0
2371000.0,101,-61.199603,-144.325695,-149.983115,4.005412,102,-61.199388,-144.328307,177.67395,2.959013,144.337447,3,-1,1,7,-80.30537124627972,99.69691765572823,69.67774375372028,-77.97703234427176,32.34293500000001,0.0003967450000000001,-2.1238229004119487,-0.5116232906713556,-142.27620144013002,24.30598918467122,57.423719730869905,57.40164285260222,1,0,1,1,1,2,2,1,0,1,1
2372000.0,101,-61.199677,-144.325666,175.618337,7.518474,102,-61.199434,-144.328323,-177.078164,3.782311,144.652998,3,-1,1,7,-79.25214606416439,100.75018227270061,105.12951693583562,-82.17165372729937,7.303499000000016,0.0008232979999999999,0.7672087111114247,-3.719105405494312,-142.1154059246243,26.975937968257288,-14.472725611869455,133.7348006747182,1,1,1,1,0,2,2,1,1,0,1
2373000.0,101,-61.199686,-144.325687,-162.087455,2.218625,102,-61.199435,-144.328328,-174.506619,2.350547,145.143807,3,-1,1,7,-78.84137457734963,101.16093973882809,83.24608042265038,-84.33244126117188,12.419163999999995,-0.0014317639999999999,-0.4573516655272262,0.22866977986863812,-142.39988663687905,28.089090342288497,299.1236543233026,40.697900256776094,1,0,1,1,1,2,2,0,0,1,1
2374000.0,101,-61.199734,-144.325656,168.095778,4.879151,102,-61.199475,-144.328344,-172.069602,3.193444,144.359019,3,-1,1,7,-78.69099117377837,101.3113643296241,113.21323082622163,-86.61903367037587,19.83462,0.0008428969999999998,1.4470527476767256,-1.6113157533223696,-141.55612076984914,28.30885089921956,-52.35026372369256,86.43435321324621,1,1,1,1,0,2,2,0,1,0,1
2375000.0,101,-61.199788,-144.325743,-152.288177,6.605592,102,-61.19946,-144.328323,176.880398,1.316327,143.380614,3,-1,1,7,-75.21831281490536,104.78394804813833,77.06986418509463,-72.09644995186169,30.831424999999996,-0.001877117,-3.1433987623839506,-4.533538967545269,-138.63543035951295,36.581660979917636,7.9806640636145225,134.86190807330576,1,0,1,1,1,2,2,0,0,0,1
2376000.0,101,-61.19983,-144.325737,-172.599577,4.846549,102,-61.199451,-144.3283,129.183727,0.601619,144.525254,3,-1,1,7,-72.93751487527808,107.06473109110388,99.66206212472193,-22.118995908896125,58.21669600000001,-0.000714708,-1.090578957161317,-4.426069865110632,-138.16402338843534,42.40579777441296,-2.8340117936901437,144.37678315821137,1,1,1,0,0,1,2,0,1,0,1
2377000.0,101,-61.199875,-144.325727,177.568703,5.020014,102,-61.199551,-144.328337,-175.646923,4.614449,146.113675,3,-1,1,7,-75.55167276351652,104.45061439054032,106.8796242364835,-79.90246260945969,6.7843739999999855,0.004012829999999999,0.5632040511031935,-0.4143575610567751,-141.49254573476875,36.456350935056555,-195.54947428413155,54.49698185245805,1,1,1,1,0,1,2,1,1,1,1
2378000.0,101,-61.199934,-144.325716,175.594713,6.354963,102,-61.199609,-144.328384,-168.907127,5.447479,148.194405,3,-1,1,7,-75.81114097548493,104.19119700573053,108.59414602451506,-86.90167599426945,15.498160000000041,0.0008330300000000009,1.5362256905619303,-0.9904867404704074,-143.6734428481452,36.325245951882714,-79.1766855128632,47.518723867050234,1,1,1,1,0,1,2,0,1,1,1
2379000.0,101,-61.199933,-144.325748,-129.028464,1.407974,102,-61.199693,-144.328439,-166.251562,7.080549,147.126441,3,-1,1,7,-79.51292138363115,100.4894367535055,49.51554261636886,-93.2590012464945,37.22309799999999,0.00163307,0.5889981248444573,5.991070771341523,-144.66883805185722,26.779039154756664,2.255094339943769,146.5987880058292,1,0,1,1,1,0,2,0,0,0,1
2380000.0,101,-61.200012,-144.325833,-154.380971,8.340424,102,-61.199797,-144.328484,-167.605272,8.907539,145.730861,3,-1,1,7,-80.44525581107696,99.5570672758121,73.93571518892303,-92.83766072418791,13.224301000000025,0.0018269899999999995,-1.6943134394484496,1.1794540229829709,-143.7092029170938,24.18985003539465,77.19061696957169,68.09072760354573,1,0,1,1,0,0,2,1,0,1,1
2381000.0,101,-61.200025,-144.325809,-177.945669,2.479257,102,-61.199869,-144.328499,-169.520767,8.57704,144.999648,3,-1,1,7,-83.13706476211483,96.86529250155097,94.80860423788518,-93.61394049844904,8.424902000000003,-0.00033049899999999967,1.4711102582537032,5.956319104627732,-143.9607039136361,17.32667448803438,-2.866487504989505,143.91564237931138,1,1,1,1,0,2,2,1,1,0,1
2382000.0,101,-61.200074,-144.325801,176.782119,4.967829,102,-61.199905,-144.328507,-170.0494,6.837902,146.335878,3,-1,1,7,-82.61464711888503,97.3877241667359,100.60323388111499,-92.56287583326412,13.168481000000043,-0.0017391380000000005,1.4604423911602784,1.7750439616510851,-145.12188365480682,18.810318299050603,-33.05056383023156,124.02902947208337,1,1,1,1,0,1,2,0,1,1,1
2383000.0,101,-61.200097,-144.325749,144.586711,3.598744,102,-61.19992,-144.328521,-167.409712,4.849408,147.719777,3,-1,1,7,-82.45109636008048,97.55133276226118,132.96219263991952,-95.03895523773883,48.00357699999995,-0.0019884939999999995,3.142428314791598,1.7998451295310613,-146.43950332541908,19.406297501952864,-35.22671117720293,90.19320636062078,1,1,1,1,0,1,2,0,1,1,1
2384000.0,101,-61.200172,-144.325787,-173.473761,7.521054,102,-61.199929,-144.328527,-166.193668,3.402888,146.203222,3,-1,1,7,-79.57037676736459,100.43202431407693,93.9033842326354,-93.3743076859231,7.280092999999994,-0.0014465200000000004,-0.04276172505466724,-4.167745425258641,-143.78765336277354,26.466825718400123,-6.248475397302924,144.05547520417852,1,1,1,1,1,0,2,1,1,0,1
2385000.0,101,-61.200212,-144.325874,-144.130913,6.183751,102,-61.199963,-144.328525,-171.67048,3.539397,144.713949,3,-1,1,7,-78.9686580554232,101.03366503568239,65.16225494457679,-87.29585496431764,27.539567000000005,0.0001365090000000002,-3.110539235331536,-1.5089905130583738,-142.04002019419826,27.69042611456803,29.363347652817826,88.06152749779618,1,0,1,1,1,0,2,0,0,1,1
2386000.0,101,-61.200261,-144.325823,169.694106,5.3962,102,-61.200074,-144.328528,-176.738157,6.95489,143.913511,3,-1,1,7,-81.83499514637539,98.16737526700086,108.47089885362459,-85.09446773299914,13.567736999999966,0.0034154929999999995,1.3611260200798674,1.6344814378801944,-142.454682946223,20.439225891364146,-36.50692222358389,122.56695936061402,1,1,1,1,0,2,2,1,1,0,1
2387000.0,101,-61.200327,-144.325829,179.616397,7.026691,102,-61.200191,-144.328537,-177.395033,9.337465,145.236316,3,-1,1,7,-84.04969915854905,95.95267388582211,96.33390384145093,-86.6522931141779,2.9885699999999815,0.002382575,0.4714282446049124,2.30128246099624,-144.4538104204039,15.056033351379957,-6.044170667566601,144.53651504319055,1,1,1,1,1,1,2,1,1,0,1
2388000.0,101,-61.200328,-144.325785,127.025337,2.140545,102,-61.200226,-144.328546,-176.462566,7.197512,146.499964,3,-1,1,7,-85.61604380770669,94.38637568145828,147.3586191922933,-89.15105831854169,56.51209700000001,-0.0021399530000000004,2.1530366155512994,5.894830592618043,-146.07133378857714,11.198432802288863,-7.225740540915926,141.16514649952677,1,1,1,1,0,1,2,0,1,1,1
2389000.0,101,-61.200359,-144.325873,-136.604916,4.256121,102,-61.200282,-144.328554,-176.319357,6.834453,144.743216,3,-1,1,7,-86.58938550120862,93.41296388429056,50.01553049879138,-90.26767911570943,39.714440999999994,-0.0003630589999999998,-2.485323403907014,3.727715393049796,-144.4868502630901,8.610962726317757,24.809007644956147,117.87586962244512,1,0,1,1,1,0,2,1,0,1,1
2390000.0,101,-61.20044,-144.32588,-172.146319,8.133696,102,-61.20026,-144.328529,177.445998,3.240873,143.227104,3,-1,1,7,-81.97260495498854,98.02971638917019,90.17371404501147,-79.41628161082981,10.407682999999963,-0.00359358,-1.2558352475381098,-4.819750253312609,-141.82368064556223,20.0011731749013,3.250592812444092,142.28469639666116,1,1,1,1,0,0,2,1,0,0,1
2391000.0,101,-61.20046,-144.3259,-161.681651,3.387332,102,-61.20025,-144.328492,153.659482,1.68731,142.360137,3,-1,1,7,-80.4546899883085,99.54758140628654,81.22696101169149,-54.11190059371346,44.65886699999999,-0.001553563,-1.813294539797743,-1.703557060193165,-140.38912845027286,23.607228122580622,36.432931103461634,113.42005338240891,1,0,1,1,1,2,2,0,0,1,1
2392000.0,101,-61.200513,-144.325839,159.187936,5.789523,102,-61.200312,-144.328481,169.198057,3.73135,143.664416,3,-1,1,7,-81.02698130467401,98.97533390678234,119.78508269532597,-70.22272309321767,10.010121000000026,0.00204404,1.35772989057383,-1.7465279310755144,-141.906236228871,22.40724311415642,-43.13142245207693,98.72842106004894,1,1,1,1,0,1,2,1,1,1,1
2393000.0,101,-61.200553,-144.325813,161.232923,4.938658,102,-61.200386,-144.32849,176.899804,5.465826,145.431601,3,-1,1,7,-82.62277432471599,97.37957155880754,116.144302675284,-79.52023244119245,15.66688099999999,0.001734476,1.293269313199414,0.7817359797724777,-144.2277587257337,18.673622636616265,-82.4968731246563,91.24335347927786,1,1,1,1,1,1,2,0,1,1,1
2394000.0,101,-61.200596,-144.325866,-161.273518,5.031655,102,-61.200425,-144.328525,-175.315404,5.004874,148.002952,3,-1,1,7,-82.39751124144338,97.60481886950585,78.87600675855661,-87.07977713049416,14.041886000000005,-0.0004609519999999998,-1.2066657789152244,0.222865421257743,-146.70197563605623,19.580708495666528,125.08441269523196,9.313832032402209,1,0,1,1,1,1,2,1,0,1,1
2395000.0,101,-61.200657,-144.325886,-169.317314,6.519851,102,-61.200546,-144.328579,-171.6118,8.419847,147.781528,3,-1,1,7,-85.110873065994,94.89148684146261,84.20644093400601,-93.49671315853743,2.294485999999978,0.003414973000000001,0.01969860880217844,1.9229202908415512,-147.24382312045609,12.595101066947734,5.897591266260998,147.36533727664946,1,0,1,1,0,2,2,1,0,0,1
2396000.0,101,-61.200639,-144.325827,73.295996,2.024962,102,-61.200631,-144.328614,-170.706697,8.850472,146.589046,3,-1,1,7,-89.65982844072606,90.34261384090244,-162.95582444072608,-98.95068915909758,115.997307,0.00043062499999999915,3.3687626823699315,9.316335676531233,-146.58646242553363,0.8703107248190776,-6.5545121981901335,139.05960604922484,0,1,2,1,1,0,2,0,1,1,1
2397000.0,101,-61.200683,-144.325858,-170.327536,4.048723,102,-61.200723,-144.328625,-172.947427,9.421778,145.953892,3,-1,1,7,-91.72002215827071,88.28240259866641,78.6075138417293,-98.77017040133359,2.6198909999999955,0.0005713059999999998,0.47655735924614306,5.3593242883049,-145.88812986754797,-4.380885035825988,-3.228677992752098,144.9267645331672,1,0,1,1,0,2,2,1,1,0,1
2398000.0,101,-61.200771,-144.325947,-157.78531,9.603397,102,-61.200771,-144.328633,-173.151531,7.850929,147.29902,3,-1,1,7,-90.00117688851304,90.00117688851304,67.78413311148697,-96.84729211148692,15.366220999999996,-0.001570849,-2.6946591023221202,-1.0956596421453932,-147.29901996892616,-0.0030256072276399425,43.296405474332026,56.46488680161198,1,0,1,1,1,1,2,0,0,1,1
2399000.0,101,-61.200809,-144.325893,167.830478,5.051944,102,-61.200837,-144.328656,-172.344134,7.702009,148.978631,3,-1,1,7,-91.20630773073178,88.79611352387306,100.96321426926824,-98.85975247612691,19.825388000000032,-0.0001489199999999995,2.0910575026424816,2.6949365974231734,-148.94561314179677,-3.1363705853074877,-27.93789530074147,115.76356307652006,1,1,1,1,0,1,2,0,1,0,1
2400000.0,101,-61.200873,-144.325874,171.375272,6.903596,102,-61.200892,-144.328676,-171.551851,7.094465,147.981504,3,-1,1,7,-90.80765749261599,89.19479793955541,97.81707050738402,-99.25335106044457,17.072877000000005,-0.0006075440000000008,2.0775559948997957,0.19195610936369434,-147.966801897786,-2.08591999927336,-70.72053947990904,11.536376465329488,1,1,1,1,1,2,2,1,1,1,1
2401000.0,101,-61.200913,-144.325939,-155.268434,5.282074,102,-61.200907,-144.328679,-171.426775,5.032701,146.660723,3,-1,1,7,-89.74076045854723,90.26164064271644,65.52767354145278,-98.31158435728355,16.15834099999998,-0.0020617639999999994,-1.459607088382989,0.17887568931598263,-146.6592217939381,0.6635764305622629,102.65971699363924,17.983789517976028,1,0,1,1,1,0,2,1,0,0,1
2402000.0,101,-61.200952,-144.325952,-165.725421,4.535784,102,-61.200956,-144.328665,-177.10551,5.166208,145.952208,3,-1,1,7,-90.17654430184601,89.82583313989211,75.548876698154,-93.06865686010786,11.380088999999998,0.00013350699999999983,-0.8575065115231844,0.7638743569967366,-145.95151514480918,-0.44971881192637103,102.61790098653911,97.84760947036577,1,0,1,1,0,2,2,1,0,0,1
2403000.0,101,-61.201006,-144.325928,173.83442,5.816699,102,-61.201025,-144.328653,179.787735,6.129574,147.290582,3,-1,1,7,-90.83041130920715,89.17197664985257,95.33516869079284,-90.61575835014743,5.953314999999975,0.0009633659999999997,0.6020174097210873,0.34647867524538345,-147.27511241633326,-2.1346682775389723,-189.88178168809742,71.68373183111846,1,1,1,1,0,1,2,1,1,1,1
2404000.0,101,-61.201037,-144.325952,-168.48239,3.868609,102,-61.201118,-144.328654,179.916917,7.771443,148.679181,3,-1,1,7,-93.56202407065615,86.44034373443999,74.92036592934386,-93.47657326556002,11.600692999999978,0.0016418689999999998,-0.7837108526518057,3.9807265306686466,-148.3919517155596,-9.23729012631894,4.924072688717958,147.38191610353616,1,0,1,1,1,1,2,0,0,0,1
2405000.0,101,-61.201096,-144.325952,-178.021322,6.176652,102,-61.201164,-144.328656,-179.725888,6.774201,147.201182,3,-1,1,7,-92.98946531846615,87.01290424030901,85.03185668153385,-93.26120775969099,1.7045659999999998,-0.000997242,-0.1808561407699509,0.6011543335386342,-147.00086189054707,-7.6768864543790425,56.059375824098886,142.98017618296595,1,0,1,1,0,0,2,1,0,1,1
2406000.0,101,-61.201109,-144.325949,178.489307,2.226837,102,-61.201212,-144.328643,178.187504,6.200215,145.694985,3,-1,1,7,-94.53896480850938,85.4633959880215,86.97172819149063,-92.72410801197849,0.30180300000006355,-0.0005739859999999996,-0.13739778805205313,3.971049944849235,-145.23804851821163,-11.52987063118337,-1.635920100106703,145.54988396955187,1,0,1,1,0,0,2,1,1,0,1
2407000.0,101,-61.201161,-144.325875,151.033175,5.957457,102,-61.201283,-144.328613,174.432513,6.900883,144.916076,3,-1,1,7,-95.28573603943184,84.71666331644957,113.68108896056816,-89.71584968355043,23.399337999999943,0.0007006680000000003,2.2157042416138983,1.6561481241373794,-144.29984404724578,-13.350059594560602,-52.87946028501236,79.03043229691235,1,1,1,1,0,2,2,0,1,1,1
2408000.0,101,-61.201207,-144.325883,174.370386,5.169335,102,-61.201337,-144.32859,172.568106,6.578311,146.242639,3,-1,1,7,-95.69414081534185,84.30823137569527,89.93547318465812,-88.25987462430473,1.8022800000001098,-0.0003225720000000001,-0.3437909991922633,1.378646255412157,-145.52103707610328,-14.509901101651225,14.686697180877946,144.7081368180805,1,0,1,1,1,1,2,1,0,0,1
2409000.0,101,-61.201272,-144.325867,173.912103,6.947373,102,-61.201419,-144.328581,174.545227,7.602997,147.984166,3,-1,1,7,-96.41629062158503,83.58608770553167,89.67160637841494,-90.95913929446834,0.6331240000000662,0.001024686,0.014056019291326938,0.6603747916788922,-147.05722064859114,-16.53744967723643,-30.12087087541289,146.67218579378732,1,0,1,1,2,1,2,1,1,0,1
2410000.0,101,-61.201314,-144.325826,160.451171,5.347285,102,-61.201431,-144.328583,174.936846,5.165453,146.829638,3,-1,1,7,-95.03558737299785,84.96682863626732,104.51324162700217,-89.97001736373268,14.485675000000128,-0.002437544,1.3333849254884804,0.10624785214615518,-146.2629302234449,-12.887895005109506,-111.67184965677343,2.830000482604706,1,1,1,1,0,0,2,0,1,1,1
2411000.0,101,-61.201347,-144.325904,-146.745436,4.578519,102,-61.201421,-144.328581,172.679558,2.744422,146.296194,3,-1,1,7,-93.28533090772618,86.7170149964285,53.460105092273835,-85.96254300357148,40.575005999999945,-0.002421031,-2.8603660670318742,-1.1066997329870945,-146.05575937454026,-8.384004557014556,41.8885593100998,46.157572055837676,1,0,1,1,1,2,2,0,0,0,1
2412000.0,101,-61.201377,-144.325825,146.019943,4.23242,102,-61.20142,-144.328563,161.101397,1.712171,145.191789,3,-1,1,7,-91.86843091499475,88.13396844493752,122.11162608500524,-72.96742855506247,15.081454000000008,-0.001032251,1.8109552475004476,-1.8897853467109136,-145.11459520399993,-4.733904498378396,-32.60529156874357,108.67438199109357,1,1,1,1,0,0,2,1,1,0,1
2413000.0,101,-61.201432,-144.325864,-171.5493,5.698513,102,-61.201447,-144.328548,163.501505,2.229495,145.182792,3,-1,1,7,-90.66584698854312,89.33650505098156,80.88345301145687,-74.16499994901845,24.94919500000006,0.0005173239999999999,-1.4705987673259453,-3.4989419809103453,-145.17298843854573,-1.6871635181957954,15.897228252432978,133.20299227203157,1,0,1,1,1,2,2,0,0,0,1
2414000.0,101,-61.201459,-144.32578,138.802594,4.541083,102,-61.201487,-144.328538,168.703553,3.103046,145.038732,3,-1,1,7,-91.20851453862232,88.79390234935116,129.98889146137768,-79.90965065064884,29.900959000000057,0.000873551,2.383167612400955,-0.3739838769224253,-145.0064696208141,-3.059010996342063,-55.4918363432997,27.015459919523998,1,1,1,1,0,2,2,0,1,1,1
2415000.0,101,-61.201495,-144.32588,-142.823443,4.992105,102,-61.201536,-144.328531,172.386683,4.007103,143.699899,3,-1,1,7,-91.83999958962883,88.16232353317517,50.983443410371166,-84.22435946682484,44.789874000000054,0.0009040569999999999,-3.547483188957238,-0.005816101596840095,-143.625805633133,-4.613992722544464,40.47054838722424,4.37898570518867,1,0,1,1,1,0,2,0,0,1,1
2416000.0,101,-61.201592,-144.325854,178.976471,9.691696,102,-61.201514,-144.328526,163.293894,1.547008,143.463792,3,-1,1,7,-86.53343163839132,93.4689098879897,94.49009736160866,-69.8249841120103,15.682576999999924,-0.002460095,-0.27158415669253333,-8.208437952302317,-143.2012891051075,8.674699629075942,-0.5040710974952847,143.4099743631487,1,1,1,1,0,2,2,1,1,0,1
2417000.0,101,-61.201587,-144.325874,-146.394944,1.342117,102,-61.20153,-144.328527,170.002,1.61726,143.182345,3,-1,1,7,-87.4474677100355,92.55485716645249,58.94747628996451,-77.44714283354752,43.60305600000004,7.025199999999998e-05,-1.023593505104755,0.47488777630035783,-143.0402807282054,6.376676947691166,127.03211751380167,55.49609307194313,1,0,1,1,1,2,2,0,0,1,1
2418000.0,101,-61.201642,-144.325905,-165.102717,5.521146,102,-61.201525,-144.328526,165.237632,0.808849,142.870662,3,-1,1,7,-84.7069549720546,95.29534186266758,80.39576202794541,-69.9422901373324,29.659651000000025,-0.0008084109999999999,-1.625518050695814,-4.55342107141427,-142.2614477033652,13.179778361601217,7.320538221548833,138.41126498582733,1,0,1,1,0,2,2,1,0,0,1
2419000.0,101,-61.201698,-144.325898,-179.076939,6.063192,102,-61.201515,-144.328521,95.944485,0.216433,142.506146,3,-1,1,7,-81.760463256502,98.24183533125634,97.316475743498,2.2973503312563395,84.978576,-0.000592416,-0.3129457248701428,-6.039990335295879,-141.0351369520806,20.422825286458046,-21.095027315348016,182.32845646408992,1,1,1,0,0,2,2,0,1,0,1
2420000.0,101,-61.201727,-144.325959,-146.718858,4.379753,102,-61.201539,-144.328524,174.586338,1.069553,142.539513,3,-1,1,7,-81.34999960415409,98.65224815770965,65.36885839584592,-75.93408984229036,38.69480399999992,0.00085312,-2.504287091259376,-2.596638775936805,-140.91819863919505,21.437678478826307,20.044749210760415,116.74963583632075,1,0,1,1,1,2,2,1,0,1,1
2421000.0,101,-61.201769,-144.32595,-175.715836,4.507899,102,-61.201597,-144.328535,-177.770807,3.194391,142.777661,3,-1,1,7,-82.13702495851443,97.86524033076505,93.57881104148557,-84.36395266923495,2.0549709999999948,0.002124838,-0.2125020391632381,-1.3033295405163372,-141.43527601234882,19.532618358572144,2.6186685427838023,142.73520294616915,1,1,1,1,0,2,2,1,0,0,1
2422000.0,101,-61.201835,-144.325916,169.997865,7.032853,102,-61.201539,-144.328507,33.27248,0.744168,143.100852,3,-1,1,7,-76.65991904112045,103.34235150630745,113.34221595887956,70.06987150630745,136.72538500000007,-0.0024502229999999996,0.8132337700154582,-7.548139909093055,-139.2396625389321,33.01772583280402,-999,7537.694641276224,1,1,1,1,0,2,2,0,1,0,0
2423000.0,101,-61.20189,-144.325894,169.151326,6.36764,102,-61.201528,-144.328504,21.32349,0.894779,143.598465,3,-1,1,7,-73.93915961927537,106.06312757855872,116.9095143807246,84.73963757855873,147.82783600000005,0.00015061099999999993,0.8731186274712416,-7.0873601228999075,-137.9935964018637,39.72765412701556,-999,7078.728791093774,1,1,1,1,0,2,2,0,1,1,0
2424000.0,101,-61.201893,-144.325931,-140.86923,1.719301,102,-61.201529,-144.328516,0.51333,0.504512,144.369017,3,-1,1,7,-73.70711545877172,106.29514983120167,67.16211454122826,105.78181983120167,141.38255999999998,-0.000390267,-1.0895579498573624,-1.8381666014585063,-138.57117749795245,40.50236828109249,-999,2174.998245121223,1,0,1,1,1,2,2,1,1,1,0
2425000.0,101,-61.201906,-144.326041,-106.678269,4.764047,102,-61.201592,-144.328557,-163.673647,2.544411,143.332531,3,-1,1,7,-75.47677764596722,104.52542717858312,31.201491354032783,-91.80092582141691,56.99537799999999,0.002039899,-3.84837564583575,1.074542183495475,-138.75249480081703,35.94383993697947,45.730475919950706,39.504523717674424,1,0,1,1,1,0,2,1,0,1,1
2426000.0,101,-61.201968,-144.326044,-166.981038,6.210392,102,-61.201671,-144.328592,-167.362222,5.043869,142.077779,3,-1,1,7,-76.39883975623395,103.60339311220358,90.58219824376606,-89.03438488779642,0.3811839999999904,0.0024994579999999995,-0.29550552116325735,-1.1290876183333092,-138.09338368453592,33.411265587049876,2.24631365323782,142.05322025896155,1,1,1,1,0,0,2,1,0,0,1
2427000.0,101,-61.202021,-144.326019,174.514719,5.951167,102,-61.201682,-144.328572,-173.755008,3.52475,140.260483,3,-1,1,7,-74.59054064107353,105.4116966097395,110.89474035892647,-80.8332953902605,11.730272999999983,-0.001519119,0.9522945361775876,-2.42008173859736,-135.2183358418301,37.26935394609532,-32.467054616099844,112.18067421479722,1,1,1,1,0,0,2,0,1,1,1
2428000.0,101,-61.202057,-144.326044,-169.245265,4.367972,102,-61.20174,-144.32857,-177.327961,4.653404,141.057501,3,-1,1,7,-75.39943783796969,104.60277575300813,93.8458271620303,-78.06926324699191,8.082695999999999,0.001128654,-0.5981494774991438,0.35709607745962035,-136.5022884132334,35.55761305705775,205.27967571397986,40.161127175589364,1,1,1,1,1,2,2,1,0,1,1
2429000.0,101,-61.202141,-144.326018,174.596097,8.584651,102,-61.201883,-144.328614,-174.203133,9.116688,143.516146,3,-1,1,7,-78.3440661417706,101.65820879421611,107.0598368582294,-84.13865820578388,11.200770000000006,0.004463284,1.729271988375479,0.5235704220035409,-140.55662557849266,28.995157676424807,-69.74093811328338,68.48147937224148,1,1,1,1,0,1,2,0,1,0,1
2430000.0,101,-61.202172,-144.326026,-178.590245,4.308225,102,-61.202008,-144.328672,-171.42587,11.113313,145.931703,3,-1,1,7,-82.66952269971961,97.33279605443377,95.9207223002804,-91.24133394556623,7.164375000000007,0.0019966249999999997,1.5508788744815365,6.682187401295881,-144.73896129224207,18.619748240055706,-2.1121425817722237,145.2010381493928,1,1,1,1,1,1,2,1,1,0,1
2431000.0,101,-61.20222,-144.32601,173.377904,5.192195,102,-61.202179,-144.328718,-172.314153,14.282445,144.283174,3,-1,1,7,-88.20098893942537,91.80138414917333,98.42110706057463,-95.88446285082665,14.307943000000051,0.0031691319999999994,2.508919221000188,8.996580739477755,-144.21205716611738,4.529554882190131,-3.675998310708255,140.12828825844616,1,1,1,1,0,0,2,0,1,1,1
2432000.0,101,-61.202254,-144.326035,-168.647824,4.119182,102,-61.20233,-144.328724,-174.765601,15.247394,141.999034,3,-1,1,7,-93.35897490676804,86.64338153379798,75.28884909323197,-98.591017466202,6.11777699999999,0.0009649490000000008,0.5802110185864922,11.145215840542992,-141.75508487828725,-8.319950004821468,-1.412850201746659,141.13086909730714,1,0,1,1,1,0,2,1,1,0,1
2433000.0,101,-61.202302,-144.326025,178.140396,5.15511,102,-61.20237,-144.328702,-177.123199,11.007852,140.179869,3,-1,1,7,-93.0196529588196,86.98269296678329,88.83995104118037,-95.8941080332167,4.736404999999991,-0.004239542,0.7197541638993123,5.8415844412643585,-139.98523266000512,-7.384464095748217,-4.1510184526932985,138.0315796736601,1,0,1,1,0,0,2,1,1,1,1
2434000.0,101,-61.202376,-144.326094,-161.252754,8.107665,102,-61.202445,-144.328683,-179.775166,9.971258,141.515003,3,-1,1,7,-93.16782293297103,86.83444587745613,68.08493106702898,-93.39038812254387,18.522412000000003,-0.0010365939999999992,-2.566626426099994,2.2936637024644204,-141.29876182781516,-7.820228897952791,31.73672931606441,100.3975670268172,1,0,1,1,1,1,2,0,0,1,1
2435000.0,101,-61.202397,-144.326042,158.266903,3.449016,102,-61.20249,-144.328684,-179.716324,8.031296,143.198603,3,-1,1,7,-94.18052169947647,85.82179355718007,107.55257530052353,-94.46188244281996,22.016773000000057,-0.0019399620000000012,1.31687683554586,4.827341650552887,-142.81759700946816,-10.439055780708994,-9.996848686283101,135.0562209627367,1,1,1,1,0,1,2,0,1,0,1
2436000.0,101,-61.202425,-144.325976,137.643311,4.289758,102,-61.202529,-144.328685,-179.541691,6.564776,142.065263,3,-1,1,7,-94.55776858367219,85.4446053874303,127.7989204163278,-95.01370361256971,42.814997999999974,-0.0014665199999999992,2.9427097274729768,3.3945856125172664,-141.61601292945775,-11.289102409971235,-27.77778170678934,102.34611019939638,1,1,1,1,0,0,2,0,1,1,1
2437000.0,101,-61.202508,-144.326037,-169.441939,8.428922,102,-61.202579,-144.328675,178.728914,6.197028,140.817262,3,-1,1,7,-93.19905623162003,86.8032555218288,76.24288276837996,-91.9256584781712,11.829146999999978,-0.0003677479999999997,-1.6819142396787574,-2.090714999121735,-140.59782414148611,-7.858315586458992,33.747658560316665,104.6888759618793,1,0,1,1,1,0,2,1,0,0,1
2438000.0,101,-61.202491,-144.326073,-82.507724,1.827083,102,-61.202608,-144.328649,173.715359,5.040161,140.015944,3,-1,1,7,-95.38743108083514,84.61482634061299,-12.879707080835146,-89.10053265938701,103.77691699999997,-0.001156867,-2.36321982799923,5.248109308524258,-139.39743548232377,-13.146085164889138,11.65461656326675,134.28937901590652,0,0,0,1,1,2,2,0,0,0,1
2439000.0,101,-61.202549,-144.326035,169.92673,5.447416,102,-61.202564,-144.328631,148.27656,1.333294,141.337777,3,-1,1,7,-90.68836190619089,89.31391304172632,99.38490809380914,-58.962646958273666,21.650170000000003,-0.0037068670000000004,0.2517212026195216,-4.229348831720312,-141.32757673560297,-1.6980168856569997,-1.9102566701419585,141.18566737129296,1,1,1,1,0,1,2,1,1,0,1
2440000.0,101,-61.202572,-144.325981,142.046245,3.82191,102,-61.202656,-144.328624,172.857101,4.753411,143.057489,3,-1,1,7,-93.77589587186121,86.2264202648304,124.17785912813878,-86.6306807351696,30.810856000000058,0.003420117,1.7595109729888043,1.7029159561180593,-142.74694855575422,-9.420925485640128,-57.21996879502428,97.556119842235,1,1,1,1,0,1,2,0,1,1,1
2441000.0,101,-61.202624,-144.325978,171.683399,5.377372,102,-61.202646,-144.32866,-174.095262,2.421789,145.718198,3,-1,1,7,-90.97673937975578,89.02561093417091,97.33986162024422,-96.8791270658291,14.221339,-0.0023316219999999998,1.026939732298458,-2.911883387124296,-145.69702485316037,-2.4839841595244248,-14.808653424873095,138.22920295515596,1,1,1,1,1,1,2,1,1,0,1
2442000.0,101,-61.202678,-144.326036,-161.223948,6.280235,102,-61.20274,-144.328701,-171.030999,5.624376,145.790776,3,-1,1,7,-92.76614843988797,87.23618697804135,68.45779956011204,-101.73281402195863,9.807051000000001,0.003202587,-1.1445786021717184,-0.3904194184463732,-145.62090415850864,-7.035811164365874,108.39580281218177,41.34622407081773,1,0,1,1,1,2,2,1,0,1,1
2443000.0,101,-61.202727,-144.32611,-148.195958,6.518469,102,-61.20283,-144.328722,-172.42213,7.382956,144.551674,3,-1,1,7,-94.68100235305057,85.32128662099004,53.51495564694942,-102.25658337900995,24.22617200000002,0.0017585800000000003,-2.4617193506803887,1.7787204806072294,-144.0695219645018,-11.796579890892314,43.995531815460986,96.89452343097288,1,0,1,1,1,0,2,0,0,0,1
2444000.0,101,-61.202787,-144.326048,167.405934,6.588492,102,-61.202949,-144.328715,-176.876417,9.654857,144.021006,3,-1,1,7,-97.18809178183652,82.814245392464,95.40597421816346,-100.30933760753601,15.717648999999994,0.0022719009999999998,1.9626603658888617,3.210544442649023,-142.8891058620758,-18.02092104162633,-24.725698929295074,112.55793783100663,1,1,1,1,0,2,2,1,1,0,1
2445000.0,101,-61.202815,-144.326002,149.333267,4.281963,102,-61.202995,-144.328698,-179.635679,7.862515,142.794846,3,-1,1,7,-97.89218356200884,82.11017902658826,112.77454943799114,-98.25414197341172,31.03105400000001,-0.0017923419999999997,2.233982020606768,4.179231755400373,-141.44232242885988,-19.607077041062542,-19.941643174746606,115.97518711721199,1,1,1,1,0,0,2,0,1,0,1
2446000.0,101,-61.202854,-144.32597,156.706725,4.647015,102,-61.203032,-144.328681,177.612799,6.406374,142.70428,3,-1,1,7,-97.76295391817123,82.23942181620282,105.53032108182876,-95.37337718379717,20.90607399999999,-0.0014561410000000006,1.5707636552593924,2.1325644633867133,-141.396450045831,-19.27577351898546,-42.34358210954596,103.20957814292979,1,1,1,1,1,2,2,1,1,1,1
2447000.0,101,-61.202837,-144.326039,-66.981901,2.310796,102,-61.20305,-144.328665,174.510942,4.703382,142.605941,3,-1,1,7,-99.55917428021466,80.44312696611038,-32.57727328021467,-94.06781503388962,118.507157,-0.001702991999999999,-2.5767187036173027,5.585386374716179,-140.62580284806842,-23.682018111463268,11.537617583237578,141.64712975730788,0,0,1,1,1,2,2,0,0,0,1
2448000.0,101,-61.202918,-144.326065,-167.814331,7.594207,102,-61.203033,-144.328662,170.120441,2.143231,141.315189,3,-1,1,7,-95.25339086080514,84.74888497251591,72.56094013919487,-85.37155602748409,22.065227999999962,-0.002560151,-1.9707181245597423,-5.311651629657378,-140.7215960480663,-12.93889669912293,10.677887574758872,127.43422750754387,1,0,1,1,0,0,2,1,0,1,1
2449000.0,101,-61.202972,-144.326046,177.499261,6.245833,102,-61.202998,-144.328661,45.550463,0.361669,141.132581,3,-1,1,7,-91.18358481106984,88.8187067964609,91.3171541889302,43.2682437964609,131.94879799999995,-0.001781562,0.014336147907217378,-6.493154693311094,-141.1024692950784,-2.915232161082628,-999,6490.815048894698,1,1,1,1,0,2,2,0,1,0,0
2450000.0,101,-61.203072,-144.326097,-169.696119,10.540211,102,-61.202989,-144.328662,15.429217,0.555887,140.895153,3,-1,1,7,-86.15805533883167,93.8441924533034,83.53806366116834,78.41497545330341,174.874664,0.000194218,-2.0332079806839927,-10.90608097561256,-140.57851701542802,9.440587515426135,-999,11100.25782388169,1,0,1,1,1,2,2,0,1,0,0
2451000.0,101,-61.203106,-144.326087,-178.305704,4.797312,102,-61.202959,-144.328657,6.860582,1.643725,140.50815,3,-1,1,7,-83.22947016864187,96.77278200509913,95.07623383135812,89.91220000509914,174.833714,0.001087838,-0.33819007784232114,-6.427170187398947,-139.52828522474852,16.564958154602206,-999,6421.945845432645,1,1,1,1,0,2,2,1,1,1,0
2452000.0,101,-61.203116,-144.325974,111.900586,4.658499,102,-61.202951,-144.328653,8.628673,1.339413,140.089685,3,-1,1,7,-82.71498060579313,97.28736708796932,165.38443339420687,88.65869408796931,103.27191299999998,-0.00030431200000000016,4.121354174731396,-3.061860171388849,-138.9588293852901,17.7641093013148,-90.3846879911263,348.7350544346754,1,1,2,1,0,2,2,1,1,1,0
2453000.0,101,-61.203148,-144.325999,176.051058,3.289082,102,-61.202965,-144.328651,36.808999,0.295367,140.074347,3,-1,1,7,-81.84900110054207,98.15332293288687,102.09994089945792,61.344323932886866,139.24205900000004,-0.001044046,0.04954186314443218,-3.5177549456384916,-138.65929487136256,19.86007636573759,-999,3495.514578186209,1,1,1,1,1,2,2,0,1,0,0
2454000.0,101,-61.203236,-144.326075,-161.870536,9.154271,102,-61.20295,-144.328636,25.426035,0.873131,140.270319,3,-1,1,7,-76.94868556380212,103.05355872433245,84.92185043619787,77.62752372433245,172.703429,0.0005777639999999999,-3.2233653520109846,-9.488374716060019,-136.64688509278577,31.67635059158111,-999,10025.856977779407,1,0,1,1,1,2,2,0,1,0,0
2455000.0,101,-61.20329,-144.326073,-173.702436,6.514068,102,-61.202994,-144.328646,177.282502,1.472597,140.558164,3,-1,1,7,-76.569352384543,103.43290242047917,97.13308361545701,-73.84959957952083,9.015061999999972,0.000599466,-0.7843595259720918,-5.003818659110588,-136.71414794145846,32.64719313649952,-2.1743537987207326,140.1206608778854,1,1,1,1,0,2,2,1,1,1,1
2456000.0,101,-61.203283,-144.326093,-114.750579,1.09743,102,-61.203038,-144.328662,-175.187121,2.802026,141.02752,3,-1,1,7,-78.8025423334099,101.1997089665773,35.9480366665901,-83.6131700334227,60.436541999999974,0.0013294290000000002,-0.7615238004045143,2.33268629898697,-138.34288811142903,27.386250315423414,37.25847752257204,125.0467266024263,1,0,1,1,1,2,2,0,0,1,1
2457000.0,101,-61.203352,-144.32608,178.011802,6.435785,102,-61.203155,-144.328712,-171.413577,6.895561,141.776596,3,-1,1,7,-81.1690588276248,98.83324768356533,100.81913917237523,-89.75317531643464,10.574621000000008,0.004093534999999999,1.2527952232136441,0.38636346593163395,-140.09592251558786,21.76546962171094,-95.75254416813486,62.11560914190688,1,1,1,1,0,2,2,1,1,1,1
2458000.0,101,-61.203363,-144.326195,-116.223541,4.856709,102,-61.203151,-144.32873,-165.738341,4.087747,140.732799,3,-1,1,7,-80.15209057759743,99.8501309293218,36.07145042240256,-94.41152807067823,49.51479999999998,-0.0028078139999999996,-3.349822844022958,1.8157101929122512,-138.6591333936031,24.070011236170643,51.49786650682746,77.24662297988225,1,0,1,1,1,0,2,0,0,0,1
2459000.0,101,-61.203425,-144.326229,-157.32775,6.597073,102,-61.203179,-144.328748,-164.809344,3.797217,139.479989,3,-1,1,7,-78.54060726753501,101.46160021879986,78.787142732465,-93.72905578120015,7.481594000000001,-0.0002905300000000004,-1.5479107901850813,-2.4227440827692974,-136.69956095556518,27.71096111642172,16.15483609880652,130.17034452384365,1,0,1,1,0,0,2,1,0,0,1
2460000.0,101,-61.203475,-144.32621,179.812647,5.621117,102,-61.203134,-144.3287,141.972747,0.287919,137.674206,3,-1,1,7,-74.1306850928768,105.87149698000881,106.0566679071232,-36.101250019991184,37.83989999999994,-0.0035092979999999997,-0.1589879264413424,-5.39428802068155,-132.4271518052331,37.64620116936347,-8.023110447184,133.82132843486954,1,1,1,1,0,0,2,0,1,0,1
2461000.0,101,-61.203509,-144.326219,-175.044774,4.108787,102,-61.203139,-144.328672,120.230277,0.707517,138.511381,3,-1,1,7,-72.61416003551514,107.38798961336782,102.43061396448485,-12.84228738663218,64.72494900000001,0.000419598,-0.9662066278602834,-3.737212172070811,-132.18337831625266,41.38788667508389,-3.6761840091803166,138.5227739916026,1,1,1,0,1,2,2,0,1,0,1
2462000.0,101,-61.203559,-144.326181,165.653014,5.541046,102,-61.203311,-144.328725,-176.130929,7.807647,141.285251,3,-1,1,7,-78.56039741282831,101.44183198483874,115.78658858717168,-82.42723901516126,18.216057000000006,0.00710013,1.8998700253852567,2.4216156180613373,-138.47852349938825,28.021789371172886,-21.48765023448348,126.27556550178261,1,1,1,1,0,1,2,1,1,1,1
2463000.0,101,-61.203635,-144.326109,158.225654,8.55653,102,-61.20343,-144.32879,-171.315302,10.047471,144.118233,3,-1,1,7,-80.9814178255496,99.02093163233975,120.79292817445042,-89.66376636766023,30.459044000000034,0.0022398239999999996,4.691198676094009,1.9862303926103593,-142.33657909900376,22.591222486517623,-24.97951526063102,76.46180648574042,1,1,1,1,0,1,2,0,1,1,1
2464000.0,101,-61.203633,-144.326143,-159.578943,1.201861,102,-61.203588,-144.328847,-171.127406,13.094635,143.005936,3,-1,1,7,-88.02248229698955,91.97988731829761,71.55646070301046,-96.8927066817024,11.548462999999998,0.0030471640000000006,1.6003386114198632,11.811612755354055,-142.92076799937405,4.9347548779237265,-1.2057347143720327,142.289315644442,1,0,1,1,1,0,2,1,1,0,1
2465000.0,101,-61.203688,-144.326177,-164.884641,5.484675,102,-61.203748,-144.328865,-173.542951,14.923626,141.002864,3,-1,1,7,-92.65431850048664,87.34803709593768,72.23032249951335,-99.1090119040623,8.65831,0.0018289910000000003,0.24808457060097133,9.534036644629458,-140.85158415585707,-6.529846628214359,-1.0862398901865855,140.63416924610394,1,0,1,1,0,0,2,1,1,1,1
2466000.0,101,-61.203699,-144.326225,-130.52453,3.003639,102,-61.203826,-144.32885,-176.04834,12.470932,139.254511,3,-1,1,7,-95.73663133621561,84.2656690517768,34.78789866378439,-99.6859909482232,45.52381,-0.002452694000000001,-1.4237177150020446,10.489597811831462,-138.55710599483152,-13.919310765484955,0.5070104639314682,139.1712889218013,1,0,1,1,1,0,2,0,0,1,1
2467000.0,101,-61.203755,-144.326152,158.583631,5.951846,102,-61.203857,-144.328838,-177.643323,8.922578,140.591848,3,-1,1,7,-94.50879318134854,85.49356066433353,106.90757581865148,-96.86311633566646,23.773046000000022,-0.0035483539999999997,2.5401714869540526,3.3741511831683235,-140.15675571962367,-11.05221924342977,-23.88398147031107,105.6100657709477,1,1,1,1,0,1,2,1,1,1,1
2468000.0,101,-61.203855,-144.326186,-176.142506,10.224688,102,-61.203799,-144.328831,-177.521711,2.877279,142.289257,3,-1,1,7,-87.48444833141994,92.51786958481374,88.65805766858006,-89.96041941518627,1.3792050000000131,-0.006045299,-0.5634512223564858,-7.326935769559251,-142.15213928379086,6.24515449398713,0.6346994558430707,142.21251082093025,1,0,1,1,1,1,2,1,0,0,1
2469000.0,101,-61.203867,-144.326229,-146.632441,3.344706,102,-61.203886,-144.328837,-178.008222,5.555948,141.196825,3,-1,1,7,-90.86763353929524,89.13465195342374,55.76480746070476,-92.85712604657624,31.37578099999999,0.002678669,-1.6465119322650412,2.7592285350580004,-141.18063622320895,-2.138070553224735,25.719775845533565,122.93176753159578,1,0,1,1,1,0,2,0,0,1,1
2470000.0,101,-61.203885,-144.326228,-167.145731,2.167755,102,-61.203926,-144.328833,-179.377056,5.114934,139.947535,3,-1,1,7,-91.8725693254442,88.12971353884582,75.27316167455581,-92.49323046115416,12.231324999999998,-0.00044101400000000004,-0.4266542270441165,3.0012026373246186,-139.87279946550473,-4.573021130382402,5.090820084407756,139.12437192632996,1,0,1,1,0,0,2,1,0,0,1
2471000.0,101,-61.203913,-144.326155,137.917135,3.993625,102,-61.204012,-144.328806,176.3735,6.896391,139.161736,3,-1,1,7,-94.43428530975339,85.56803786754193,127.6485796902466,-90.80546213245808,38.456365000000005,0.0017814570000000006,2.2403349148082543,3.9186076766199323,-138.74517840289903,-10.759379000733157,-21.562199457760098,116.6872345410461,1,1,1,1,0,2,2,0,1,1,1
2472000.0,101,-61.203987,-144.326142,170.389181,7.509877,102,-61.204054,-144.328788,174.218623,6.06892,140.486946,3,-1,1,7,-93.01027203814324,86.99204675877915,96.60054696185676,-87.22657624122085,3.829441999999972,-0.0008274710000000001,0.6424709114105899,-1.36642188345846,-140.29309310236897,-7.377670647091096,-33.75339130886261,130.11491714655997,1,1,1,1,1,1,2,1,1,0,1
2473000.0,101,-61.20404,-144.326109,165.124648,6.348207,102,-61.2041,-144.328788,175.745162,5.674639,142.222171,3,-1,1,7,-92.66324459875948,87.33910311846344,102.21210740124053,-88.40605888153655,10.620513999999957,-0.00039428100000000034,1.2086761730975029,-0.4764577716069791,-142.06855517536394,-6.6084456824443265,-94.65013069857815,58.64217975765113,1,1,1,1,0,1,2,0,1,1,1
2474000.0,101,-61.204074,-144.326134,-172.751993,4.193819,102,-61.204158,-144.328819,-177.470877,5.985383,144.909178,3,-1,1,7,-93.71721157147628,86.28514140490076,79.03478142852371,-96.24398159509923,4.718884000000003,0.0003107439999999997,-0.2649927871559625,1.8192451514963066,-144.60431630811826,-9.394763099587134,6.381704960611713,144.44854107240155,1,0,1,1,1,1,2,1,0,0,1
2475000.0,101,-61.204137,-144.326222,-151.934368,7.466854,102,-61.204216,-144.32886,-171.674255,6.228661,145.04783,3,-1,1,7,-93.55868841854482,86.44362337116434,58.37567958145519,-101.88212162883565,19.73988699999998,0.0002432780000000001,-2.611110188601218,-0.4258048869962767,-144.76814042178023,-9.0032497759765,52.024747037745776,15.89244211186796,1,0,1,1,1,2,2,0,0,1,1
2476000.0,101,-61.204176,-144.32623,-164.498323,4.891956,102,-61.20426,-144.328885,-169.555985,5.768711,143.811452,3,-1,1,7,-93.7590800153521,86.243246672967,70.7392429846479,-104.20076832703302,5.057661999999993,-0.0004599500000000001,-0.261735123274643,0.9591383957880604,-143.50204825781873,-9.428460752369515,31.84393733409214,140.95359313131962,1,0,1,1,0,0,2,1,0,0,1
2477000.0,101,-61.204207,-144.326166,149.548211,4.147168,102,-61.204247,-144.328894,-163.22496,3.007438,143.298428,3,-1,1,7,-91.7447574347095,88.25763322679876,118.70703156529049,-108.51740677320123,47.22682899999995,-0.002761273,2.9698302769443456,-0.6956332858882237,-143.23199211568752,-4.363015223766206,-44.09021951715995,37.12731395097697,1,1,1,1,0,2,2,0,1,1,1
2478000.0,101,-61.20422,-144.326165,160.47776,1.905695,102,-61.204315,-144.328875,-176.908928,4.733731,142.068822,3,-1,1,7,-94.16360634674099,85.83876854146204,105.358633653259,-97.25230345853794,22.613312000000008,0.0017262929999999996,0.8920893081219828,2.9307037049470424,-141.6938734156385,-10.314864077664732,-17.265775995408546,132.56109811497336,1,1,1,1,1,0,2,1,1,0,1
2479000.0,101,-61.204291,-144.326139,170.467928,7.047508,102,-61.204327,-144.328859,177.925,3.404135,142.027597,3,-1,1,7,-91.5751071055769,88.42727654713116,97.9569648944231,-89.49772345286885,7.4570719999999255,-0.0013295959999999995,1.0438091821321773,-3.5483006113299793,-141.9739321019572,-3.903961206678697,-9.589747185099062,137.3073039390116,1,1,1,1,1,2,2,1,1,0,1
2480000.0,101,-61.20434,-144.326209,-157.555696,6.226454,102,-61.204366,-144.328842,174.38249,3.806202,141.863215,3,-1,1,7,-91.17556246534386,88.8267449465349,66.38013353465615,-85.55574505346509,28.061814000000027,0.0004020669999999997,-2.7497456495769472,-1.966884088515076,-141.83335631177118,-2.910465164606046,32.176863093432615,80.5744369143146,1,0,1,1,1,2,2,0,0,1,1
2481000.0,101,-61.204379,-144.326164,166.637968,4.661897,102,-61.2044,-144.32883,172.8369,3.80311,141.680046,3,-1,1,7,-90.93803651047546,89.0642998217189,102.42399548952454,-83.77260017828111,6.198932000000013,-3.0919999999996504e-06,0.6031534535010434,-0.762268349152488,-141.6610586999723,-2.319457385924341,-82.57613524994441,112.68011824994538,1,1,1,1,0,2,2,1,1,0,1
2482000.0,101,-61.204427,-144.326176,-178.182548,5.170707,102,-61.204411,-144.32882,170.157797,2.825424,140.315887,3,-1,1,7,-89.28138773975904,90.72092931329776,88.90116026024096,-79.43686768670223,11.659655000000043,-0.0009776860000000002,-0.6469546773122217,-2.384265718809122,-140.30485091244583,1.7598167612321483,14.60434759771149,135.8733004637258,1,0,1,1,1,0,2,0,0,0,1
2483000.0,101,-61.204477,-144.326264,-148.208439,6.553692,102,-61.204427,-144.328815,170.154058,2.445628,140.056416,3,-1,1,7,-87.67099389932855,92.33124165443726,60.53744510067145,-77.82281634556273,41.63750300000004,-0.0003797959999999998,-3.870886925593976,-3.1608369512399053,-139.94072243599533,5.691561021088253,18.853600543447232,93.51904575847998,1,0,1,1,1,2,2,0,0,1,1
2484000.0,101,-61.204525,-144.326243,-178.577934,5.321393,102,-61.20441,-144.328806,148.75682,0.833006,139.730826,3,-1,1,7,-84.679342002581,95.32290406788769,93.898591997419,-53.43391593211231,32.665245999999996,-0.001612622,-0.5641184641384693,-4.607555892938958,-139.12877187617286,12.957182211813251,1.043593502308967,139.67449696375098,1,1,1,1,0,2,2,1,0,0,1
2485000.0,101,-61.204573,-144.326185,157.998309,5.800693,102,-61.204455,-144.328809,174.311373,2.418084,139.355659,3,-1,1,7,-84.66754284166619,95.33475668650179,117.33414815833379,-78.97661631349821,16.31306399999994,0.0015850779999999997,1.9334506905246336,-2.9720691833394035,-138.7525572422647,12.950967301956533,-22.322867686449204,109.49356065624647,1,1,1,1,0,2,2,1,1,1,1
2486000.0,101,-61.204609,-144.326162,160.334112,4.520988,102,-61.204483,-144.32881,176.957847,2.68552,139.381432,3,-1,1,7,-84.35951072637292,95.64280983491564,115.30637727362708,-81.31503716508435,16.62373500000001,0.000267436,1.378946971476799,-1.5755481629763728,-138.70657393279598,13.69926765182825,-44.443533475897866,95.74138108625101,1,1,1,1,1,2,2,0,1,1,1
2487000.0,101,-61.204647,-144.326249,-144.984429,5.113571,102,-61.204519,-144.328815,179.695317,3.195817,139.614715,3,-1,1,7,-84.0886573983584,95.91359130343905,60.89577160164161,-83.78172569656094,35.32025400000006,0.000510297,-2.9511564756458784,-0.9922230755412063,-138.87230652441133,14.378842968791467,37.274949575065094,58.920438882610796,1,0,1,1,1,2,2,0,0,1,1
2488000.0,101,-61.204746,-144.326254,-174.036843,10.018251,102,-61.204485,-144.328801,151.356267,0.51048,139.935173,3,-1,1,7,-77.99103322735623,102.01119882459253,96.04580977264378,-49.34506817540748,34.60688999999999,-0.0026853369999999994,-1.2854900504602156,-9.5160351902532,-136.87269882479194,29.11557931688333,-1.2474873539375664,139.54592530505073,1,1,1,1,0,2,2,1,1,0,1
2489000.0,101,-61.204781,-144.326275,-167.440759,5.03095,102,-61.204532,-144.328824,-174.283786,2.328562,140.431555,3,-1,1,7,-78.53699108371133,101.46524272167176,88.90376791628869,-84.25097127832828,6.843026999999978,0.0018180819999999997,-0.8620468616995214,-2.593584858175045,-137.63039704310995,27.908698455390926,5.994480173798071,139.40885032975729,1,0,1,1,1,2,2,1,0,1,1
2490000.0,101,-61.204772,-144.326299,-85.363802,1.236937,102,-61.204471,-144.328811,3.348525,1.247101,141.201769,3,-1,1,7,-76.03158963168258,103.97061174817728,9.332212368317428,100.62208674817728,88.71232700000002,-0.0010814609999999997,-1.3057323312713078,-1.1449918876294605,-137.02628594786043,34.084256307928285,81.49664603934745,131.02383650149145,1,0,0,1,1,2,2,0,0,1,1
2491000.0,101,-61.204829,-144.326308,-172.719547,5.396095,102,-61.204514,-144.328842,-155.434707,1.219279,140.165167,3,-1,1,7,-75.53033645870731,104.47188420205703,97.1892105412927,-100.09340879794297,17.284840000000003,-2.7822000000000012e-05,-0.17693586049102727,-4.243670500588438,-135.7191382245172,35.02270063447823,-7.714904288755766,137.10319382227502,1,1,1,1,0,0,2,1,1,0,1
2492000.0,101,-61.204889,-144.326334,-169.392526,6.580094,102,-61.204545,-144.328855,-164.561062,2.119623,138.910189,3,-1,1,7,-74.1844041555763,105.8178051135251,95.2081218444237,-89.62113288647492,4.831464000000011,0.0009003439999999999,-0.646993374970967,-4.424513253582036,-133.65158314824188,37.85888178465277,-4.168091662570878,137.72394793512177,1,1,1,1,1,0,2,1,1,0,1
2493000.0,101,-61.204922,-144.326302,167.539896,4.178379,102,-61.204628,-144.328863,-173.91708,4.904724,137.09263,3,-1,1,7,-76.59590040147789,103.40634392276739,115.86420359852212,-82.6765760772326,18.543024000000003,0.002785101,1.421268097545504,0.797144861208233,-133.35812994548962,31.780471641541343,-63.25891245523512,92.98340555038423,1,1,1,1,0,0,2,0,1,1,1
2494000.0,101,-61.204937,-144.326324,-163.636942,2.156021,102,-61.204705,-144.328864,-176.674167,6.337781,137.89056,3,-1,1,7,-79.26388179230118,100.73834412951742,84.37306020769883,-82.58748887048256,13.037225000000007,0.0014330569999999997,-0.23971948491815392,4.258413531426751,-135.4768630333759,25.6870807946233,7.954111072653178,133.8206442278154,1,0,1,1,1,2,2,1,0,0,1
2495000.0,101,-61.20499,-144.326313,177.203294,5.307206,102,-61.20478,-144.328884,-175.145355,7.167676,140.652731,3,-1,1,7,-80.37679928165213,99.62545380840069,102.41990671834787,-85.22919119159928,7.651350999999977,0.0008298950000000005,0.8655385230616066,1.841077854799014,-138.67352579257877,23.512634518771904,-18.43731880004655,135.5004636012122,1,1,1,1,0,1,2,1,1,0,1
2496000.0,101,-61.205068,-144.326318,-179.068673,8.148366,102,-61.204876,-144.328934,-171.381842,8.633772,143.456164,3,-1,1,7,-81.33747587599343,98.66481665178576,97.73119712400656,-89.95334134821422,7.686830999999984,0.0014660960000000003,1.1613158236279144,0.3889980126393553,-141.8197038249374,21.606540597743454,-101.79642015499154,65.59817096801797,1,1,1,1,1,1,2,0,1,1,1
2497000.0,101,-61.205091,-144.326294,165.239799,3.593806,102,-61.205008,-144.328979,-171.361723,11.075052,142.295265,3,-1,1,7,-86.32914962634656,93.67320337116561,108.43105137365342,-94.96507362883438,23.39847800000004,0.002441279999999999,2.5790356948247446,7.474206973734207,-142.0033207053997,9.110397908962408,-4.81385046070136,137.2086995389712,1,1,1,1,0,0,2,0,1,0,1
2498000.0,101,-61.205114,-144.326321,-163.70538,2.767498,102,-61.205076,-144.328991,-172.205218,9.714756,140.287819,3,-1,1,7,-88.30872770941467,91.69361214384035,75.39665229058532,-96.10116985615963,8.499838000000011,-0.001360296,0.541071983721434,6.968661410610604,-140.2267050667614,4.140452378216185,-0.9743218522469567,140.12646587694124,1,0,1,1,1,0,2,1,1,0,1
2499000.0,101,-61.205146,-144.326367,-149.508603,3.989046,102,-61.205202,-144.328968,-177.566164,11.366825,138.486662,3,-1,1,7,-92.56047761723266,87.44180176954234,56.94812538276733,-94.99203423045765,28.057560999999993,0.0016520690000000008,-1.5413778439815646,7.9191889739621235,-138.3484001459724,-6.186738151251583,2.7037936123952893,136.98970049062868,1,0,1,1,1,0,2,0,0,1,1
2500000.0,101,-61.205194,-144.326377,-169.427183,5.135363,102,-61.205289,-144.328948,179.913827,10.719972,139.822241,3,-1,1,7,-94.38786400471477,85.6143890928917,75.03931899528524,-94.2994379071083,10.658990000000017,-0.0006468530000000001,-0.9583849040903322,5.671782443982533,-139.4124192087297,-10.69749730691696,2.2377976260067185,139.24624680567024,1,0,1,1,0,1,2,1,0,0,1
2501000.0,101,-61.205263,-144.326327,167.15052,7.435209,102,-61.205363,-144.328948,179.903462,9.733778,141.509465,3,-1,1,7,-94.53010346632156,85.47219345044606,98.31937653367845,-94.43126854955393,12.752941999999962,-0.0009861940000000012,1.6371196746287155,2.484750186278097,-141.06738566229575,-11.176823653943323,-30.83061601826627,111.7510423932341,1,1,1,1,0,1,2,0,1,1,1
2502000.0,101,-61.205316,-144.326337,179.156828,6.184097,102,-61.205354,-144.32895,-179.702579,5.500358,140.387569,3,-1,1,7,-91.73049710889843,88.27179279768484,89.11267489110156,-92.02562820231515,1.1405929999999955,-0.004233419999999999,0.11955477213000226,-0.6831434912107932,-140.3235421501305,-4.239463193649927,-28.83422493087644,138.95363285022734,1,0,1,1,1,0,2,1,1,0,1
2503000.0,101,-61.205369,-144.326329,176.876566,5.894615,102,-61.205368,-144.328948,179.542675,3.935216,139.955192,3,-1,1,7,-89.95572874289446,90.04656642252297,93.16770525710552,-89.49610857747703,2.666109000000006,-0.0015651420000000003,0.28977124795365916,-1.950767718806731,-139.95515022105775,0.10814045509821145,-10.436272010030063,138.4203408291033,1,1,1,1,0,2,2,0,1,1,1
2504000.0,101,-61.205425,-144.326338,-177.896084,6.233785,102,-61.205447,-144.328928,176.423637,5.885289,138.722734,3,-1,1,7,-91.01143511995389,88.99083463262039,86.88464888004611,-87.43280236737962,5.680279000000013,0.001950073,-0.59597195200195,-0.3557550460471415,-138.70111989982632,-2.4487276224110763,174.41966517209897,68.99337809194706,1,0,1,1,1,0,2,0,0,1,1
2505000.0,101,-61.205414,-144.326336,0.499229,0.06165,102,-61.205408,-144.328914,164.903623,1.901537,138.61131,3,-1,1,7,-89.72428430976719,90.27797492617665,-90.22351330976718,-74.62564807382336,164.40439400000002,-0.003983752,-0.4947057106741329,1.8975609093959636,-138.60970510903502,0.6670153689769112,19.31568894264926,133.9773712923557,0,1,1,1,1,2,2,0,0,0,1
2506000.0,101,-61.20546,-144.326362,-166.820661,4.463214,102,-61.205462,-144.328906,172.449704,3.531388,137.333943,3,-1,1,7,-90.09463060839738,89.90759883275878,76.72603039160262,-82.54210516724122,20.729635000000002,0.001629851,-1.4816237029250203,-0.8448877142185625,-137.33375568791652,-0.22682279186458626,68.44458582261541,67.88574095427226,1,0,1,1,0,0,2,1,0,1,1
2507000.0,101,-61.205558,-144.326423,-164.991599,10.178568,102,-61.205493,-144.328905,174.467699,3.484734,137.170026,3,-1,1,7,-86.88895582932523,93.11321927917827,78.10264317067478,-81.35447972082174,20.540701999999953,-4.6654000000000194e-05,-2.971801206612195,-6.362853198908357,-136.9678686150716,7.444393856128277,7.021435638604617,127.2640763333759,1,0,1,1,0,2,2,1,0,0,1
2508000.0,101,-61.205592,-144.326343,153.992726,5.325944,102,-61.205432,-144.328887,42.094852,0.817705,137.072386,3,-1,1,7,-82.56191222850505,97.44031721373095,123.44536177149496,55.34546521373095,111.89787399999994,-0.002667029,1.7871912027181553,-5.393396921149305,-135.91896648915895,17.74467672999087,-999,5617.871572303666,1,1,1,1,0,2,2,0,1,0,0
2509000.0,101,-61.20564,-144.326334,168.877392,5.365781,102,-61.205484,-144.328899,175.633998,1.930158,137.056765,3,-1,1,7,-82.80465777728963,97.19759006942338,108.31795022271038,-78.4364079305766,6.756606000000033,0.001112453,0.8881703890215839,-3.340436630059985,-135.9774274634899,17.166713508315176,-14.561404057557297,127.00625206618243,1,1,1,1,1,2,2,1,1,1,1
2510000.0,101,-61.20564,-144.326371,-125.888856,1.428591,102,-61.205475,-144.328901,174.964814,0.770407,137.029224,3,-1,1,7,-82.29021780952155,97.71199936453448,43.598638190478454,-77.25281463546551,59.14633000000006,-0.0011597509999999999,-1.2249978019311554,-0.0700271879937906,-135.7905222418174,18.383206992705784,106.72634707563569,26.345671984878813,1,0,1,1,1,2,2,0,0,1,1
2511000.0,101,-61.20568,-144.326401,-158.678031,4.103659,102,-61.205443,-144.328895,9.298799,0.942395,137.151965,3,-1,1,7,-78.8405755645529,101.16161006081703,79.8374554354471,91.86281106081702,167.97682999999998,0.00017198800000000003,-1.6444001999918991,-4.752782329719538,-134.55875896806558,26.544338159676478,-999,5044.925135396872,1,0,1,1,0,2,2,0,1,0,0
2512000.0,101,-61.205763,-144.326478,-158.206977,9.082545,102,-61.205521,-144.328929,-170.10178,2.928606,137.251305,3,-1,1,7,-78.41670150823498,101.5854464358304,79.79027549176502,-88.31277356416962,11.894802999999996,0.001986211,-2.868515184495518,-5.548412249015302,-134.45602041656082,27.559014821731324,5.5602994940029555,132.11901399670543,1,0,1,1,2,2,2,1,0,1,1
2513000.0,101,-61.205798,-144.326459,-177.187507,4.619889,102,-61.205535,-144.328943,-165.780632,2.421638,136.951221,3,-1,1,7,-77.60378250644902,102.39839435766972,99.58372449355099,-91.82097364233027,11.406875000000014,-0.0005069679999999997,0.3681525955158209,-2.266879413417815,-133.7584021943203,29.39943495738135,-23.336224101749078,127.35423529085499,1,1,1,1,0,2,2,1,1,1,1
2514000.0,101,-61.205857,-144.326554,-149.367105,7.29651,102,-61.205535,-144.328948,-160.779582,1.476577,136.543779,3,-1,1,7,-74.39892967683346,105.60316831606526,74.96817532316655,-93.61724968393474,11.412476999999996,-0.0009450610000000002,-3.2317370948768245,-4.884008047558627,-131.51317069753128,36.72178531448117,6.5890044517562485,129.98400084375905,1,0,1,1,1,2,2,0,0,0,1
2515000.0,101,-61.205883,-144.326541,-170.792508,3.470125,102,-61.205545,-144.32895,-164.614378,1.357254,135.995085,3,-1,1,7,-73.76045601985673,106.2416551187544,97.03205198014327,-89.1439668812456,6.17813000000001,-0.00011932300000000006,-0.1951568922655461,-2.116800906464773,-130.56900417699887,38.03154338682654,-12.648190194720364,133.5128645958146,1,1,1,1,0,2,2,1,1,0,1
2516000.0,101,-61.20589,-144.326556,-149.007084,1.403434,102,-61.205514,-144.328927,17.330179,0.600406,136.763858,3,-1,1,7,-71.77753253882442,108.2245452979169,77.22955146117557,90.8943662979169,166.33726299999998,-0.000756848,-0.9015207796594868,-1.7762170823521986,-129.9050824447657,42.76707156286003,-999,2015.1115467571594,1,0,1,1,1,2,2,0,1,0,0
2517000.0,101,-61.205996,-144.326573,-175.126111,10.122658,102,-61.205553,-144.328951,-167.330853,1.385052,137.85062,3,-1,1,7,-68.85634707297164,111.1457368995964,106.26976392702836,-81.52341010040362,7.795258000000018,0.000784646,-0.5562791467269419,-8.734725831533726,-128.57037662958388,49.723753757247145,-4.852124943703746,131.4746612542308,1,1,1,1,0,1,2,1,1,1,1
2518000.0,101,-61.206019,-144.326619,-151.643045,4.282219,102,-61.205606,-144.329005,-159.588524,3.361014,139.248281,3,-1,1,7,-70.23442831060541,109.76766267359312,81.40861668939459,-90.64381332640687,7.945479000000006,0.001975962,-0.8617100271274674,-0.6183937450770238,-131.0443491086449,47.08993871461886,65.65281833446703,115.04468700934953,1,0,1,1,1,1,2,0,0,1,1
2519000.0,101,-61.205999,-144.32665,-53.729149,2.180272,102,-61.205637,-144.329054,-153.10556,3.671584,139.371246,3,-1,1,7,-72.6402940271083,107.36181273173938,-18.911145027108297,-99.53262726826063,99.37641099999999,0.00031057000000000025,-0.09696501224698095,4.564326375144864,-133.0229410725694,41.584147941207725,33.339070320357315,170.51339921645925,0,0,0,1,1,2,2,0,0,0,1
2520000.0,101,-61.20607,-144.326703,-158.641076,6.982057,102,-61.20575,-144.329128,-160.782617,7.382951,137.750905,3,-1,1,7,-74.67997075885309,105.32215440526134,83.96110524114691,-93.89522859473868,2.1415409999999895,0.003711367,-0.11280788454736745,0.469038009274759,-132.85594254020242,36.39519693686868,168.47569969704657,121.5687098938276,1,0,1,1,0,0,2,1,0,1,1
2521000.0,101,-61.206109,-144.326736,-156.911406,5.104141,102,-61.205862,-144.329166,-165.864739,9.438549,134.924679,3,-1,1,7,-78.08466921505577,101.91746033240885,78.82673678494423,-92.21780066759118,8.953332999999986,0.0020555979999999996,0.3033961643976122,4.457470550558678,-132.01756157147656,27.857358811890926,4.46790482114549,133.60934797806692,1,0,1,1,1,0,2,0,0,0,1
2522000.0,101,-61.206167,-144.326674,163.289408,6.419822,102,-61.205988,-144.329208,-168.330916,11.32277,136.192991,3,-1,1,7,-81.65771562357101,98.34450506706956,115.05287637642897,-93.32457893293042,28.379676000000018,0.0018842210000000002,4.136071004214779,4.94004322083162,-134.7519308514913,19.759755295068498,-11.26035511824735,116.01086923988528,1,1,1,1,0,1,2,0,1,1,1
2523000.0,101,-61.206221,-144.326732,-164.143788,6.307687,102,-61.206077,-144.32928,-165.197684,10.985496,140.478056,3,-1,1,7,-83.30898845394469,96.69324450720984,80.83479954605531,-98.10907149279012,1.0538960000000088,-0.00033727400000000074,1.083215359584641,4.553238991579026,-139.52125158844382,16.36779071021195,-3.5195357343165954,139.5213237772263,1,0,1,1,1,1,2,1,1,0,1
2524000.0,101,-61.206243,-144.326763,-150.526202,3.427739,102,-61.206178,-144.329355,-163.49466,11.337914,141.02317,3,-1,1,7,-87.02076945236179,92.98150206986887,63.50543254763822,-103.5238379301311,12.968457999999998,0.0003524180000000001,1.5346197791717218,7.886591783028615,-140.8325688205848,7.329531788875775,-2.5466087916789317,139.64176275741713,1,0,1,1,1,2,2,0,1,0,1
2525000.0,101,-61.206303,-144.326775,-171.270641,6.194883,102,-61.20628,-144.329395,-165.467574,11.415542,138.555672,3,-1,1,7,-88.95699821337884,91.0452978487053,82.31364278662117,-103.48712815129466,5.803066999999999,7.76280000000007e-05,1.9242969644800776,4.927187677107267,-138.53271542150534,2.5221025585408987,-8.885445057320503,129.96246149837876,1,0,1,1,0,0,2,1,1,1,1
2526000.0,101,-61.206309,-144.326796,-144.70039,1.861544,102,-61.206431,-144.32937,-173.691175,13.430242,134.147838,3,-1,1,7,-95.62118532720254,84.38107042400397,49.07920467279746,-101.92775457599606,28.99078499999999,0.0020146999999999995,0.40011738883978976,11.829625659826036,-133.50275462567154,-13.139899064756316,-1.533629605731492,132.98324180966983,1,0,1,1,1,0,2,0,1,0,1
2527000.0,101,-61.206379,-144.326803,-175.197633,6.775198,102,-61.206544,-144.329328,-178.963239,13.025302,133.129249,3,-1,1,7,-97.72730114731769,82.27491166421207,77.4703318526823,-98.76184933578793,3.765605999999991,-0.00040493999999999985,-0.3315342868747789,6.27175665233672,-131.92033470437715,-17.900341638893437,-1.7436612821732196,132.68133025695366,1,0,1,1,0,0,2,1,1,1,1
2528000.0,101,-61.206405,-144.326795,177.853167,3.570641,102,-61.206675,-144.329241,174.153245,13.752385,130.721726,3,-1,1,7,-102.90908404609846,77.09305953440656,79.23774895390153,-97.06018546559343,3.699922000000015,0.0007270830000000003,-1.2671714009495276,10.112709098656287,-127.41783717654697,-29.20384251549855,-1.2867745360167493,130.06014160784508,1,0,1,1,0,0,2,1,1,1,1
2529000.0,101,-61.206453,-144.326824,-168.096231,5.185197,102,-61.20671,-144.329192,169.488603,9.929136,132.078558,3,-1,1,7,-102.69936344140162,77.3027117836992,65.39686755859837,-92.18589121630082,22.415166,-0.0038232490000000004,-2.8809263448165208,4.688820072496027,-128.8475184375981,-29.035538152963213,7.79112646793015,124.98140270998084,1,0,1,1,1,1,2,0,0,1,1
2530000.0,101,-61.206522,-144.326681,144.467647,8.927285,102,-61.206746,-144.329164,167.145283,7.638543,133.798615,3,-1,1,7,-100.60967209543865,79.39250391243903,114.92268090456133,-87.75277908756098,22.677636000000064,-0.0022905929999999996,3.488783445142463,0.18218792847841936,-131.51123165376887,-24.634636689567138,-38.79376466810199,17.979935925355136,1,1,1,1,0,1,2,0,1,1,1
2531000.0,101,-61.206541,-144.326695,162.590775,3.099357,102,-61.206878,-144.329134,170.8174,10.487844,136.520424,3,-1,1,7,-106.00768176630892,73.99445568318045,91.40154323369109,-96.82294431681954,8.226625000000013,0.0028493010000000007,-0.7463544812674588,7.3960577258879825,-131.22680797408503,-37.647722880306894,-3.3118345953354393,134.34405538475852,1,1,1,1,1,1,2,1,1,0,1
2532000.0,101,-61.2066,-144.326724,-172.105849,6.015074,102,-61.206919,-144.329164,175.873638,8.099714,136.893138,3,-1,1,7,-105.1873557299164,74.81478259683843,66.9184932700836,-101.05885540316157,12.020512999999966,-0.0023881300000000005,-1.4089568542509268,2.1206456832963454,-132.1120537062914,-35.8627452517654,17.216093093981232,129.88638746929175,1,0,1,1,1,2,2,0,0,1,1
2533000.0,101,-61.206624,-144.326778,-144.369596,3.993134,102,-61.206941,-144.329188,-179.577876,5.825892,135.691873,3,-1,1,7,-105.27568166774046,74.7264303689016,39.093914332259544,-105.69569363109838,35.20828,-0.002273822000000001,-2.283296020847642,2.580147543611754,-130.8977880129989,-35.749874007500075,20.784188598409944,122.2724487224585,1,0,1,1,1,0,2,0,0,1,1
2534000.0,101,-61.206695,-144.326688,158.232638,7.623466,102,-61.207045,-144.329172,178.205781,8.11762,137.364281,3,-1,1,7,-106.3074294620007,73.69474742714027,95.4599325379993,-104.51103357285973,19.97314300000005,0.0022917280000000007,2.5729155717000856,1.0337484308256322,-131.8379635359694,-38.57067623642817,-53.16340421221242,17.117344467176952,1,1,1,1,0,1,2,1,1,1,1
2535000.0,101,-61.206733,-144.326734,-168.208109,4.804864,102,-61.207016,-144.329202,-174.484261,3.667334,137.076489,3,-1,1,7,-103.39240005700796,76.60976281057482,64.81570894299205,-108.90597618942519,6.276151999999996,-0.004450286,-0.62940890933556,-1.0531100643099198,-133.3489145236661,-31.749501286273926,73.88277295792139,98.30345242846927,1,0,1,1,1,2,2,1,0,0,1
2536000.0,101,-61.206752,-144.326753,-158.347232,2.804106,102,-61.207078,-144.329182,178.656244,4.913799,136.65453,3,-1,1,7,-105.57160603290362,74.43052265726081,52.775625967096374,-104.22572134273918,22.996523999999994,0.0012464650000000002,-1.1498935872685492,2.306207633994696,-131.63872340801208,-36.68388023409994,10.793172009363236,134.189241334779,1,0,1,1,1,2,2,0,0,0,1
2537000.0,101,-61.206813,-144.326711,167.461179,6.223176,102,-61.207085,-144.329173,175.778643,3.305,136.034914,3,-1,1,7,-102.91998791055558,77.0821697004557,89.61883308944442,-98.6964732995443,8.317463999999973,-0.001608799,1.1077772371517913,-2.7787139664161105,-132.59095249814845,-30.416067178731893,-6.69573036591165,134.43042732295373,1,0,1,1,0,2,2,1,1,0,1
2538000.0,101,-61.206858,-144.326721,-179.950326,5.230491,102,-61.20704,-144.329174,88.917679,0.132145,136.941103,3,-1,1,7,-98.7583073036581,81.24384241993734,81.19201869634189,-7.6738365800626696,91.13199499999999,-0.003172855,-0.13665612734572227,-5.232985113450027,-135.34429356411945,-20.851568058207523,-999,5255.639891431937,1,0,1,0,1,2,2,0,1,0,0
2539000.0,101,-61.20689,-144.326622,134.645155,5.361821,102,-61.207117,-144.329149,170.916134,3.473408,138.142139,3,-1,1,7,-100.5657193887546,79.43649518699061,124.78912561124542,-91.47963881300939,36.27097900000007,0.003341263,3.266406251168836,-0.3379810307684905,-135.79997122830218,-25.33018716645448,-38.4982403925022,39.63688135851317,1,1,1,1,0,1,2,1,1,1,1
2540000.0,101,-61.206913,-144.326628,162.716147,2.878206,102,-61.207262,-144.329104,172.170436,8.533198,139.673398,3,-1,1,7,-106.31316256540887,73.68900731736095,90.97069043459112,-98.48142868263905,9.454289000000017,0.005059790000000001,-0.30731832019328587,5.705409442044699,-134.05025720666805,-39.232469355019425,-5.697262244877835,135.967654056726,1,1,1,1,1,1,2,1,1,0,1
2541000.0,101,-61.206973,-144.326681,-163.580079,6.389351,102,-61.207329,-144.329108,174.9729,8.099185,138.947099,3,-1,1,7,-106.93900089003037,73.06312605207313,56.64107810996964,-101.90977394792688,21.447021000000007,-0.0004340130000000002,-2.515816285977952,1.9392642662379878,-132.9189462468565,-40.4827129666611,26.565866848855542,113.27525634039247,1,0,1,1,1,2,2,0,0,1,1
2542000.0,101,-61.207047,-144.326597,160.850497,8.333553,102,-61.207396,-144.329097,175.164975,7.85201,137.690015,3,-1,1,7,-106.16485596673299,73.8373349517655,92.98464703326704,-101.3276400482345,14.314478000000008,-0.00024717500000000036,2.071868168980027,-0.04835411355067443,-132.24638963252212,-38.33317962109804,-63.05691446726202,41.41319039209271,1,1,1,1,0,0,2,1,1,1,1
2543000.0,101,-61.2071,-144.32661,177.643476,6.183737,102,-61.207438,-144.329081,173.645543,6.620522,137.122218,3,-1,1,7,-105.85565752331809,74.1465079814755,76.50086647668195,-99.49903501852451,3.997932999999989,-0.0012314879999999998,-0.4784927366934729,0.40133937429463806,-131.90513509202256,-37.46382262389685,119.25259655657965,113.4982570155843,1,0,1,1,1,2,2,1,0,0,1
2544000.0,101,-61.207166,-144.326601,176.605007,7.216129,102,-61.20741,-144.329093,174.191763,2.797734,138.466705,3,-1,1,7,-101.4921940751109,78.50998983385934,81.90279892488911,-95.68177316614067,2.4132439999999633,-0.003822788,0.14420415634240363,-4.420093832365345,-135.6907047296238,-27.587334839289376,5.263244884545977,136.5181594568413,1,0,1,1,0,1,2,1,0,0,1
2545000.0,101,-61.207173,-144.326598,173.242503,1.879903,102,-61.20751,-144.32907,174.396313,6.083721,140.272808,3,-1,1,7,-105.80505766693639,74.19710871566267,80.95243933306358,-100.19920428433733,1.1538100000000213,0.0032859869999999998,-0.3728535765887802,4.187804174286829,-134.96964788075948,-38.205429131848,-6.210366964654804,137.82601265858568,1,0,1,1,1,1,2,1,1,0,1
2546000.0,101,-61.207204,-144.326599,179.632706,3.144323,102,-61.20758,-144.329062,175.490006,6.762208,139.555333,3,-1,1,7,-107.58745496571157,72.41470353060083,72.77983903428844,-103.07530246939916,4.142699999999991,0.0006784870000000005,-0.5115760885584384,3.597011329674717,-133.0320770641353,-42.168204144151716,-6.31836420513477,137.64424643890644,1,0,1,1,1,2,2,0,1,1,1
2547000.0,101,-61.207227,-144.326567,155.201846,2.967556,102,-61.207595,-144.32909,-178.400066,4.775458,140.838651,3,-1,1,7,-106.84931566681276,73.15289541193923,97.94883833318727,-108.44703858806076,26.398088000000058,-0.00198675,1.3779938640192468,2.0796756684104887,-134.7924994404737,-40.8228821874411,-47.839770072886054,90.47094891936625,1,1,1,1,0,1,2,0,1,1,1
2548000.0,101,-61.207244,-144.326492,121.177589,3.819912,102,-61.207577,-144.329118,-164.692242,2.192754,140.781424,3,-1,1,7,-104.75154204775546,75.25075929708582,134.07086895224455,-120.0569987029142,74.130169,-0.0025827040000000008,3.847085019975131,0.13741937085652656,-136.14113962665198,-35.84688891137165,-36.24920071650564,31.04279946149555,1,1,1,1,0,2,2,0,1,1,1
2549000.0,101,-61.207343,-144.326528,-177.167482,9.569516,102,-61.207554,-144.329134,-111.507327,0.731993,140.831098,3,-1,1,7,-99.54373829468227,80.4585455236127,77.62374370531774,-168.0341274763873,65.660155,-0.0014607609999999997,0.20813159786373403,-9.289461038496944,-138.88189992096906,-23.34986163187136,6.2373511769856265,144.38506869862462,1,0,1,2,1,2,2,1,0,0,1
2550000.0,101,-61.207359,-144.326476,149.360543,3.614432,102,-61.207582,-144.32913,-164.916976,1.447128,140.771859,3,-1,1,7,-99.89707394101595,80.10525194365243,110.74238305898405,-114.97777205634756,45.72248099999999,0.000715135,2.2186070055480784,-1.7125516246910861,-138.67690700072444,-24.195696952729207,-31.29956368764555,104.14437676502709,1,1,1,1,0,2,2,1,1,1,1
2551000.0,101,-61.207381,-144.326545,-140.111635,3.320707,102,-61.207536,-144.32914,-20.173974,1.246851,140.695608,3,-1,1,7,-97.07054534443836,82.93172883415322,43.04108965556165,103.10570283415322,119.93766100000002,-0.00020027700000000003,-1.6995450860081531,-3.718319597146632,-139.6256668481151,-17.318408348022004,-999,4159.750591246313,1,0,1,1,1,2,2,0,1,0,0
2552000.0,101,-61.207454,-144.326566,-168.937605,7.296012,102,-61.207593,-144.329124,-179.890827,1.76632,140.562637,3,-1,1,7,-96.43811354163506,83.56412821265852,72.49949145836493,-96.54504478734145,10.953222000000011,0.0005194689999999999,-1.396577664357734,-5.3941266268872825,-139.67618567414135,-15.761284082096791,8.813800173599635,131.27231990628647,1,0,1,1,0,2,2,1,0,1,1
2553000.0,101,-61.207494,-144.326516,162.690882,5.171238,102,-61.207643,-144.329108,175.12287,3.285875,140.198076,3,-1,1,7,-96.80731979706022,83.19495175467317,100.50179820293977,-91.92791824532684,12.431988000000047,0.001519555,1.2592194223660886,-1.663072670852872,-139.2097319080745,-16.617793360846616,-31.351593368429,121.13605044486623,1,1,1,1,0,2,2,0,1,1,1
2554000.0,101,-61.20757,-144.3265,172.554297,7.956403,102,-61.207684,-144.329096,174.079474,3.802075,139.79835,3,-1,1,7,-95.21073071727037,84.79154434132293,92.23497228272964,-89.28792965867707,1.5251769999999851,0.0005162,0.638863278246969,-4.107521032370367,-139.22062030413318,-12.696359511878825,-2.1168019057642025,139.51789435399417,1,1,1,1,1,2,2,1,1,0,1
2555000.0,101,-61.207585,-144.326467,149.395735,3.068504,102,-61.207738,-144.329079,173.16504,4.703036,139.800714,3,-1,1,7,-96.93530504046257,83.06698404082316,113.66895995953743,-90.09805595917685,23.769304999999974,0.0009009610000000001,1.0024847486933757,2.028537812347229,-138.7778098523585,-16.88073243352975,-40.344648447387485,117.85224825352822,1,1,1,1,0,2,2,0,1,1,1
2556000.0,101,-61.207656,-144.326511,-170.144356,7.180442,102,-61.207745,-144.329076,172.116062,3.16979,140.012617,3,-1,1,7,-94.12168902758961,85.88055886513371,76.02266697241038,-86.23550313486629,17.739581999999956,-0.001533246,-1.6638407005599056,-3.9346449779060886,-139.65049487389348,-10.063408998214348,14.780247680789355,124.70471577390845,1,0,1,1,1,2,2,1,0,0,1
2557000.0,101,-61.207699,-144.326506,-178.220897,5.151975,102,-61.207702,-144.329076,98.395641,0.299204,140.314213,3,-1,1,7,-90.13999058291766,89.86226169163528,88.08090641708235,-8.533379308364715,83.38346199999998,-0.002870586,-0.4559468897183131,-5.10580538335209,-140.3137941834528,-0.3428288975727477,17.180738437533627,158.7011675212704,1,0,1,0,0,2,2,0,0,0,1
2558000.0,101,-61.207702,-144.326491,156.229008,1.283302,102,-61.207704,-144.329081,132.992402,0.14198,139.856422,3,-1,1,7,-90.0929964326778,89.90927336935736,113.67799556732223,-43.08312863064263,23.23660600000005,-0.00015722400000000002,0.4134255166861802,-1.0776152548968914,-139.85623777878752,-0.2270000117455616,-57.02831818778269,131.62631957374043,1,1,1,1,0,2,2,1,1,1,1
2559000.0,101,-61.207773,-144.326533,-167.73082,6.949671,102,-61.207722,-144.329085,179.640387,0.855639,139.083433,3,-1,1,7,-87.62512669264785,92.37710980819713,80.10569330735214,-87.26327719180287,12.628792999999973,0.0007136590000000001,-1.4822087171027991,-5.935318536894912,-138.96397400557876,5.763268486052128,4.477027943535822,136.22161871035,1,0,1,1,1,2,2,1,0,0,1
2560000.0,101,-61.207826,-144.326543,-172.558182,6.063999,102,-61.20778,-144.329081,178.610207,3.053489,138.569272,3,-1,1,7,-87.84601653582962,92.15620769694662,84.71216546417037,-86.45399930305338,8.831611000000066,0.00219785,-0.8594647614618262,-2.9603305572106344,-138.47136240491142,5.208160552216968,10.737109507502755,134.43335346081656,1,0,1,1,0,2,2,1,0,1,1
2561000.0,101,-61.207846,-144.326474,139.69956,3.736016,102,-61.207761,-144.329072,168.771513,1.055574,139.912734,3,-1,1,7,-86.11499967662064,93.88727713844314,134.18544032337937,-74.88423586155686,29.071953000000008,-0.001997915,2.2108953127743463,-1.8139538350629067,-139.59122162025943,9.47966148754122,-33.73832084543396,83.06552012362015,1,1,1,1,0,1,2,0,1,1,1
2562000.0,101,-61.207914,-144.326386,148.998193,7.966424,102,-61.207784,-144.329084,-177.564616,1.607639,141.56294,3,-1,1,7,-84.28817718554693,95.71418726788886,126.7136298144531,-86.72119673211114,33.437190999999984,0.000552065,4.171539914172802,-5.222241805788562,-140.86008770970065,14.089062135537715,-13.072257965617133,101.92069619586681,1,1,1,1,1,1,2,0,1,0,1
2563000.0,101,-61.207937,-144.326408,174.603389,3.303101,102,-61.207782,-144.329121,-141.300203,1.140328,144.16388,3,-1,1,7,-83.23626068205384,96.76611691705138,102.16035031794615,-121.93368008294863,44.096408,-0.00046731100000000004,1.023633309274729,-2.398510929936727,-143.16053447981466,16.978977121964757,-36.7461324750968,127.29207984704875,1,1,1,1,1,1,2,0,1,0,1
2564000.0,101,-61.207998,-144.32652,-145.523815,7.476225,102,-61.207881,-144.329182,-162.276758,5.083644,144.301819,3,-1,1,7,-84.78701472162732,95.21531818428494,60.7368002783727,-102.50792381571506,16.752942999999988,0.003943316,-2.684458860038017,-1.3207479316052062,-143.70496249841437,13.111015217674016,36.06515137467351,76.73631400330692,1,0,1,1,1,2,2,1,0,1,1
2565000.0,101,-61.208027,-144.326625,-125.499291,6.45123,102,-61.207974,-144.329226,-165.389413,7.213038,142.306509,3,-1,1,7,-87.57852406700364,92.42375538152444,37.92076693299636,-102.1868316184756,39.89012199999999,0.0021293940000000006,-3.432617210777293,3.233603601872277,-142.17943837241728,6.012471028710102,35.82299347568419,111.49277392143489,1,0,1,1,1,0,2,0,0,0,1
2566000.0,101,-61.208048,-144.326554,154.523004,2.87639,102,-61.208112,-144.329225,-173.386216,10.353346,138.504728,3,-1,1,7,-92.84928322008771,87.15305757633865,112.62771277991231,-99.46072642366136,32.090779999999995,0.003140308,2.429733670762886,7.687761113918011,-138.33350146190074,-6.884914788455311,-6.175079671917072,129.83670751027967,1,1,1,1,0,0,2,1,1,0,1
2567000.0,101,-61.208104,-144.326574,-175.748674,5.634633,102,-61.20828,-144.329139,177.031854,13.582877,132.085674,3,-1,1,7,-98.10929933240459,81.89294857091883,77.6393746675954,-95.13890542908118,7.219471999999939,0.003229531,-1.1210357863486196,7.945526120941917,-130.76491973835746,-18.632258098663563,-0.022556381376451037,132.085550232505,1,0,1,1,1,0,2,1,1,0,1
2568000.0,101,-61.208139,-144.32653,159.458005,4.51593,102,-61.208488,-144.328998,170.233675,17.60302,130.017997,3,-1,1,7,-106.36381349644817,73.63834940084547,94.1781815035518,-96.59532559915453,10.775669999999991,0.004020143000000001,-1.4013937410553374,13.119127202584469,-124.75124131989368,-36.63068840518372,-1.7861924642081177,127.93691340580065,1,1,1,1,0,0,2,0,1,1,1
2569000.0,101,-61.208202,-144.326526,174.629539,6.525377,102,-61.208595,-144.328937,168.583462,15.529119,134.610783,3,-1,1,7,-108.69910969479334,71.30300325074948,76.67135130520666,-97.28045874925051,6.046076999999968,-0.0020739010000000013,-2.4630952691171526,8.72512823709744,-127.50538775879767,-43.15598443265708,-0.7521682361625932,134.43425457116587,1,0,1,1,1,1,2,1,1,0,1
2570000.0,101,-61.208261,-144.326519,176.238119,6.593857,102,-61.208807,-144.328862,169.625244,18.849692,143.137663,3,-1,1,7,-115.8211620099516,64.18089134483196,67.94071899004837,-105.44435265516805,6.612874999999917,0.003320573000000001,-2.961938130182139,11.961867219730292,-128.84650655411156,-62.345555718935216,-2.3802878132734864,140.05464588407318,1,0,1,1,1,1,2,0,1,0,1
2571000.0,101,-61.208284,-144.326489,157.810633,3.445088,102,-61.208972,-144.328843,171.93412,18.665401,148.639228,3,-1,1,7,-121.25218373511396,58.74987926148326,80.93718326488602,-113.18424073851675,14.123486999999955,-0.00018429100000000176,-1.3178702660085129,15.290804306643578,-127.07050144862518,-77.11489974078245,-4.3576125744799095,133.22637988136512,1,0,1,1,0,1,2,0,1,1,1
2572000.0,101,-61.20834,-144.326523,-170.503384,5.882954,102,-61.209132,-144.328843,174.51425,18.30549,154.651809,3,-1,1,7,-125.3305862862524,54.67144691558254,45.17279771374761,-119.84280308441745,14.982366000000042,-0.0003599110000000003,-2.7205964001553653,12.419320791420729,-126.16942995157693,-89.43409289899799,-4.767553663589837,142.3848803688234,1,0,1,1,1,1,2,0,1,0,1
2573000.0,101,-61.208366,-144.326566,-150.153986,3.889413,102,-61.209224,-144.328871,177.380616,15.197757,154.291408,3,-1,1,7,-127.70076351983384,52.30125653752892,22.45322248016616,-125.07935946247107,32.465397999999965,-0.0031077329999999997,-2.630198849584107,11.808333048118902,-122.07773558659882,-94.35499486869216,-5.652342396381935,139.70013480008575,1,0,0,1,1,2,2,0,1,1,1
2574000.0,101,-61.208388,-144.326667,-119.75836,5.11831,102,-61.209295,-144.328874,178.065777,12.370995,152.658425,3,-1,1,7,-130.4750999290495,49.52683424375418,-10.716739929049496,-128.53894275624583,62.17586299999999,-0.0028267619999999987,-4.86088770248924,9.823508181233864,-116.12545279703073,-99.09325878264985,-4.312469483001431,148.36220582168872,0,0,0,1,1,0,2,0,1,0,1
2575000.0,101,-61.208448,-144.326684,-162.372688,6.318119,102,-61.209379,-144.328792,171.310687,11.355061,149.627133,3,-1,1,7,-132.5222481156624,47.479599296778446,29.850439884337618,-123.83108770322156,26.31662499999996,-0.0010159340000000015,-3.6287617018288687,5.203267832949593,-110.27743359003011,-101.12945451546837,-3.2253618213648605,148.30343582421685,1,0,1,1,0,0,2,1,1,1,1
2576000.0,101,-61.208503,-144.326668,179.082246,6.174119,102,-61.209485,-144.328577,156.891796,12.43734,144.528496,3,-1,1,7,-136.88635035094555,43.11532266290244,44.03140364905448,-113.77647333709756,22.19044999999994,0.0010822790000000015,-4.782376386323741,5.266106918082451,-98.77766843742397,-105.50572673598505,-1.5639217815908353,144.05546870818824,1,0,1,1,0,0,2,1,1,1,1
2577000.0,101,-61.20855,-144.326665,178.697723,5.399109,102,-61.209566,-144.328429,150.790456,12.06698,146.112154,3,-1,1,7,-140.09874073553289,39.902805203815376,41.20353626446712,-110.88765079618463,27.90726699999999,-0.0003703600000000016,-5.766041384738105,5.134838033126132,-93.7260509246462,-112.09009289223711,-0.5565516357451475,146.0414896596341,1,0,1,1,1,1,2,0,1,0,1
2578000.0,101,-61.208567,-144.326623,145.158078,2.904319,102,-61.209677,-144.328256,147.994496,13.223625,149.535787,3,-1,1,7,-144.68173785432026,35.31969327975164,70.16018414567975,-112.67480272024835,2.8364180000000374,0.001156645000000001,-5.349252098234375,8.829930965242147,-86.44928917952157,-122.01422865414027,-5.807716685829911,137.16103526980115,1,0,1,1,0,1,2,1,1,1,1
2579000.0,101,-61.208586,-144.326618,163.320471,2.320326,102,-61.209765,-144.328127,146.811434,12.751319,150.332901,3,-1,1,7,-148.35031455544484,31.6510079077155,48.32921444455519,-115.1604260922845,16.509037000000035,-0.00047230599999999965,-6.3140479230407935,8.448543317222457,-78.88332696917904,-127.97422337857492,-5.13230411885154,139.80240224726077,1,0,1,1,1,2,2,0,1,0,1
2580000.0,101,-61.208675,-144.326536,158.771687,9.256831,102,-61.209804,-144.328079,146.011822,9.944038,149.138847,3,-1,1,7,-146.6470532136334,33.35429904742003,54.581259786366616,-112.65752295257997,12.759864999999934,-0.0028072809999999996,-2.207172499298339,-0.383580337552063,-81.99578485473765,-124.57562743388046,49.16426336835485,108.99238039812755,1,0,1,1,0,0,2,1,0,1,1
2581000.0,101,-61.208701,-144.326489,144.065505,4.740914,102,-61.209761,-144.328178,147.730173,3.791755,148.162067,3,-1,1,7,-142.49812465200694,37.50335556098137,73.43637034799303,-110.22681743901865,3.664668000000006,-0.006152283000000001,0.7578074049451433,-0.6325710542009553,-90.19919894431504,-117.54191851214767,5.545563063013114,148.03856912480597,1,0,1,1,0,2,2,1,0,0,1
2582000.0,101,-61.208719,-144.326381,115.488819,5.448676,102,-61.209793,-144.32811,142.59623,4.196707,148.192763,3,-1,1,7,-142.21316577369254,37.78834949508953,102.29801522630748,-104.80788050491046,27.107410999999956,0.00040495199999999976,2.369154637066384,0.9890019392945151,-90.80148048351785,-117.11612249206127,-71.49048006165009,91.25454115131448,1,1,1,1,0,2,2,0,1,1,1
2583000.0,101,-61.208762,-144.326364,154.868093,4.857306,102,-61.209833,-144.328015,138.027755,5.067968,148.253521,3,-1,1,7,-143.40949138590037,36.59195552542214,61.722415614099646,-101.43579947457788,16.84033800000003,0.0008712609999999996,-1.3263920808999918,-0.6296001695653195,-88.3727193536577,-119.03515851603296,115.71057693179803,79.82220379184186,1,0,1,1,1,2,2,1,0,1,1
2584000.0,101,-61.208809,-144.3263,148.73434,5.892502,102,-61.209809,-144.328061,131.042703,1.971719,148.322069,3,-1,1,7,-139.6989116661834,40.302631647674325,71.56674833381658,-90.74007135232566,17.691637000000014,-0.0030962489999999993,1.5711385063961016,-3.7420614521378184,-95.93534701344035,-113.11872234891774,22.52212267862164,134.45018320392774,1,0,1,1,0,2,2,0,0,0,1
2585000.0,101,-61.208841,-144.326185,126.124522,6.53938,102,-61.209781,-144.328118,1.126005,0.440068,148.244633,3,-1,1,7,-135.27785056419143,44.72384348789436,98.59762743580859,43.59783848789436,124.99851699999999,-0.0015316510000000002,5.273455490727557,-4.295222934970432,-104.31521662884256,-105.33188877534826,-60.42591793321714,423.17181165601204,1,1,1,1,0,2,2,0,1,0,0
2586000.0,101,-61.208841,-144.326112,97.635185,4.355875,102,-61.209795,-144.3281,138.396462,0.485444,148.091404,3,-1,1,7,-134.8976675766296,45.10407467672919,127.46714742337039,-93.29238732327082,40.761277000000064,4.5375999999999973e-05,3.9949349906320215,-0.21574942087359866,-104.9032963898977,-104.52924157968665,-23.910501465711395,110.08845911296528,1,1,1,1,0,2,2,1,1,1,1
2587000.0,101,-61.20888,-144.326138,177.04828,3.791213,102,-61.209699,-144.328246,-30.760155,4.576087,147.791084,3,-1,1,7,-128.89432013474408,51.10752728433546,54.05739986525589,81.86768228433546,152.19156500000003,0.004090643,2.535645054751368,-7.718486882677116,-115.02659818085866,-92.7959386009665,36.49058385164625,280.61577474816704,1,0,1,1,1,2,2,0,0,0,0
2588000.0,101,-61.208921,-144.326062,145.880014,5.3296,102,-61.209699,-144.328256,-35.984959,2.970756,147.655131,3,-1,1,7,-126.36464356552612,53.637279222938695,87.7553424344739,89.6222382229387,178.13502700000004,-0.001605331,4.7350564116520735,-6.816038220891196,-118.90074637938558,-87.5479881039661,3.5839924260359215,149.81663319930684,1,0,1,1,0,2,2,0,0,1,1
2589000.0,101,-61.20894,-144.325979,121.847458,4.769615,102,-61.209738,-144.328203,-128.198307,0.326471,147.845362,3,-1,1,7,-126.6880705282459,53.31387855256194,111.46447147175411,-178.48781444743807,109.95423499999998,-0.002644285,4.308143172366282,-2.314848218435048,-118.5572042941415,-88.33142348489713,-12.290678064221186,133.94943915937793,1,1,1,2,0,2,2,1,1,1,1
2590000.0,101,-61.208973,-144.32596,151.498007,3.98194,102,-61.209735,-144.328202,-94.15741,0.164876,148.124182,3,-1,1,7,-125.21180060498254,54.79016425088703,83.29019239501747,148.94757425088704,114.34458299999994,-0.00016159500000000003,2.064581429406699,-3.4873779319066194,-121.021331525504,-85.40849260444288,9.180854866246301,149.81290785935076,1,0,1,1,1,2,2,0,0,0,1
2591000.0,101,-61.209026,-144.325871,144.212077,6.756292,102,-61.209786,-144.328134,153.466871,2.450526,148.582807,3,-1,1,7,-124.88992518696088,55.112058073970545,90.89799781303913,-98.35481292602945,9.254793999999947,0.0022856499999999997,2.856302515714686,-3.288189587876473,-121.87541422690661,-84.98961079460936,-3.2965007110207143,147.75109567492996,1,1,1,1,0,2,2,1,1,1,1
2592000.0,101,-61.209063,-144.325813,142.018968,5.464551,102,-61.209786,-144.328121,144.346546,1.644483,147.773676,3,-1,1,7,-123.04260885101229,56.95941384766892,94.93842314898768,-87.38713215233108,2.327578000000017,-0.0008060430000000001,2.4043494011492386,-2.9710017915430122,-123.87354591235253,-80.5754549577802,-3.895596241680202,146.98088927220834,1,1,1,1,0,2,2,1,1,1,1
2593000.0,101,-61.209092,-144.325732,129.953781,5.331229,102,-61.209864,-144.327997,146.157449,5.061811,147.243683,3,-1,1,7,-125.28838155754325,54.713603457640595,104.75783744245678,-91.44384554235941,16.20366800000005,0.0034173279999999994,1.2677350608260487,0.7806415434674805,-120.18835584942457,-85.06151480908733,-152.7221807967137,80.9803235582883,1,1,1,1,0,2,2,0,1,1,1
2594000.0,101,-61.209069,-144.325772,-14.031813,1.618619,102,-61.209866,-144.327977,139.859437,3.496483,148.585129,3,-1,1,7,-126.88948269926541,53.112449732497524,-112.85766969926541,-86.74698726750249,153.89125,-0.0015653279999999995,-2.646511559728474,4.24326099980839,-118.83762230797693,-89.19170412170217,-4.8840140034147135,148.49024587991335,0,1,1,1,1,1,2,0,1,0,1
2595000.0,101,-61.20915,-144.32565,147.962356,8.630578,102,-61.209908,-144.327919,143.721723,4.273407,149.759257,3,-1,1,7,-124.74814812933683,55.25384039225366,87.28949587066319,-88.46788260774633,4.2406330000000025,0.0007769239999999997,2.049710013433975,-3.871120311422751,-123.05199389341982,-85.3583145103382,4.394196226540191,148.6975499063879,1,0,1,1,0,1,2,1,0,0,1
2596000.0,101,-61.209216,-144.325554,145.726865,8.900439,102,-61.209994,-144.327792,145.986888,7.034228,147.987989,3,-1,1,7,-125.823361508813,54.17859984622148,88.44977349118699,-91.8082881537785,0.2600230000000465,0.002760821,1.0773563152458068,-1.524249428124694,-119.99239724780992,-86.61564229969032,0.7813576468002791,147.98065962540124,1,0,1,1,0,0,2,1,0,1,1
2597000.0,101,-61.209246,-144.325505,140.092145,5.141604,102,-61.210036,-144.327715,143.392264,6.706334,147.551528,3,-1,1,7,-126.58514856321524,53.41678825367474,93.32270643678476,-89.97547574632527,3.300119000000052,-0.0003278939999999997,-0.7005893210313321,1.4394149868444992,-118.47974459172599,-87.94318357106567,-18.957973782314454,145.05204685602033,1,1,1,1,0,2,2,0,1,1,1
2598000.0,101,-61.209273,-144.325492,156.349161,3.523177,102,-61.210035,-144.327697,137.25615,4.421026,147.499433,3,-1,1,7,-125.66244109556305,54.33949133960758,77.98839790443697,-82.91665866039241,19.09301099999999,-0.002285308,-1.5872826312359565,0.019525734631632652,-119.83825650452599,-85.99345913077883,74.45209827208778,87.46297834876903,1,0,1,1,1,2,2,0,0,1,1
2599000.0,101,-61.209315,-144.325457,158.159761,4.757488,102,-61.210077,-144.327633,140.369175,4.945226,147.442947,3,-1,1,7,-126.02251944745471,53.979387573246406,75.81771955254527,-86.3897874267536,17.790585999999962,0.0005241999999999995,-1.3843753565675934,-0.607352586104565,-119.24977801184419,-86.71166625184118,119.07565028280908,47.8127012133509,1,0,1,1,1,2,2,1,0,1,1
2600000.0,101,-61.209327,-144.325353,111.537208,4.836122,102,-61.210022,-144.327684,87.169215,1.22809,147.243255,3,-1,1,7,-121.76208708892759,58.23995577158346,126.70070491107242,-28.929259228416534,24.367993000000013,-0.003717136,3.2718694731809057,-1.836017299328061,-125.19228127076838,-77.50786317023481,-25.757149324325177,131.33526790239074,1,1,1,1,0,2,2,0,1,0,1
2601000.0,101,-61.209373,-144.325315,149.275592,5.398051,102,-61.210003,-144.327704,28.765031,0.986668,147.023792,3,-1,1,7,-118.70446621040354,61.29762748073507,92.01994178959649,32.53259648073507,120.51056099999994,-0.00024142199999999993,2.283110603702659,-5.505265668779119,-128.95585112545032,-70.61433193460059,-999,5971.568156887832,1,1,1,1,1,2,2,0,1,0,0
2602000.0,101,-61.209442,-144.325278,163.12844,7.491055,102,-61.210013,-144.327698,74.497887,0.440696,146.787426,3,-1,1,7,-116.10246230776698,63.89965855232244,80.769097692233,-10.598228447677563,88.63055299999996,-0.000545972,1.749444344911357,-7.286409776150143,-131.81638095709124,-64.58320325812643,-999,7519.380930036254,1,0,1,0,1,2,2,1,1,0,0
2603000.0,101,-61.209459,-144.325261,154.724187,3.013719,102,-61.210043,-144.327671,148.697869,1.46256,146.396177,3,-1,1,7,-116.71072180733788,63.29139028945029,88.56509119266212,-85.4064787105497,6.02631800000006,0.0010218640000000001,0.5269118546085296,-1.4755251623181311,-130.77384440091797,-65.8030566221648,12.62183452717007,145.29747190277308,1,0,1,1,0,2,2,1,0,1,1
2604000.0,101,-61.209532,-144.325111,140.006483,9.574414,102,-61.210019,-144.327685,43.15263,0.388072,145.968668,3,-1,1,7,-111.44866391924084,68.55359190558217,108.54485308075914,25.400961905582164,96.85385300000002,-0.0010744880000000002,5.888065172694272,-7.618234801569148,-135.859691621756,-53.375989266107155,-999,9578.984588316935,1,1,1,1,0,2,2,0,1,0,0
2605000.0,101,-61.209549,-144.325128,158.612745,2.946066,102,-61.210076,-144.327635,155.427727,2.5209,145.940262,3,-1,1,7,-113.58151243008929,66.42068467754476,87.8057425699107,-89.00704232245525,3.1850180000000137,0.002132828,0.026047994124668516,-0.4505900564157965,-133.75306247056884,-58.383887780557686,130.48949888726054,137.15267514745315,1,0,1,1,1,2,2,1,0,1,1
2606000.0,101,-61.209556,-144.325077,115.884074,2.526797,102,-61.210132,-144.327582,156.847013,4.17174,146.120583,3,-1,1,7,-115.52311566757228,64.47907968781753,128.59281033242772,-92.36793331218247,40.96293900000006,0.0016508399999999996,0.6330301699994856,2.7326632498140575,-131.86089792868077,-62.959736131133226,-56.35931496691415,132.4449013344562,1,1,1,1,0,2,2,0,1,1,1
2607000.0,101,-61.209606,-144.325085,176.152084,4.834828,102,-61.210171,-144.327545,156.557456,4.394484,146.391661,3,-1,1,7,-115.49741644055199,64.50473947832721,68.350499559448,-92.05271652167279,19.594628000000057,0.0002227440000000005,-1.4237970125728885,-0.7921678294592294,-132.13380065547128,-63.01727647779693,101.41816929685177,21.22537141629477,1,0,1,1,1,2,2,1,0,1,1
2608000.0,101,-61.209659,-144.325108,-172.198285,5.81463,102,-61.210114,-144.327584,88.3186,0.499043,146.844634,3,-1,1,7,-110.8863439789367,69.11582596209637,61.311941021063305,-19.202774037903637,99.483115,-0.0038954410000000004,-1.288136405169639,-5.77545128935902,-137.19539580420388,-52.35236293350853,631.6164390688368,3658.590042890071,1,0,1,0,1,2,2,0,0,0,0
2609000.0,101,-61.209727,-144.32509,176.165719,7.313418,102,-61.210097,-144.327596,10.086965,0.774544,146.031598,3,-1,1,7,-107.04516479944061,72.95703143400844,76.78911620055942,62.87006643400844,166.07875399999995,0.000275501,0.3533990051545163,-8.059619828257567,-139.6170125261644,-42.80557706307045,-999,8097.17909113573,1,0,1,1,0,2,2,0,1,0,0
2610000.0,101,-61.209766,-144.32501,145.940017,5.746448,102,-61.210134,-144.327566,151.990033,1.31103,145.500423,3,-1,1,7,-106.64517657367934,73.35706347992867,107.41480642632064,-78.63296952007134,6.050016000000028,0.0005364859999999999,2.602665976701209,-3.603190911661069,-139.40352125470733,-41.67770812997393,-10.182572176032512,137.43452870956156,1,1,1,1,0,2,2,1,1,1,1
2611000.0,101,-61.209812,-144.324886,131.894385,7.644409,102,-61.210191,-144.327526,160.69052,3.400383,146.844447,3,-1,1,7,-106.59997704114113,73.40233663041681,121.50563795885887,-87.28818336958318,28.796134999999992,0.002089353,4.565915658696127,-1.8955288552180125,-140.72436530532605,-41.95169393658563,-19.79678442496239,94.07501207011933,1,1,1,1,0,1,2,0,1,1,1
2612000.0,101,-61.209847,-144.32489,160.739005,4.362048,102,-61.210248,-144.327495,163.854232,4.625237,148.153877,3,-1,1,7,-107.72668163745107,72.27560136145533,91.53431336254891,-91.57863063854467,3.1152270000000044,0.001224854,0.15272133607710203,0.32491972196521157,-141.11950056464036,-45.10939847213215,-343.3223968078468,110.81518298201284,1,1,1,1,1,1,2,1,1,0,1
2613000.0,101,-61.209885,-144.324835,148.738069,4.916212,102,-61.210268,-144.327477,161.66537,3.765214,146.456207,3,-1,1,7,-106.75343998031971,73.24887544588016,104.50849101968029,-88.41649455411984,12.927300999999943,-0.0008600230000000004,1.366865254389975,-0.6283219360217784,-140.2397350492103,-42.216552229595266,-64.6480742647999,97.73857218424563,1,1,1,1,0,0,2,0,1,1,1
2614000.0,101,-61.20991,-144.324834,166.383492,3.115678,102,-61.210253,-144.327471,149.575464,1.793824,146.021362,3,-1,1,7,-105.11518740898998,74.8871236352912,88.50132059101003,-74.68834036470881,16.808027999999922,-0.00197139,-0.17489839636848703,-1.4812974418113025,-140.96954051407252,-38.07659133360438,47.1537373462311,136.47237929296216,1,0,1,1,1,2,2,0,0,0,1
2615000.0,101,-61.209948,-144.324802,160.257259,4.302602,102,-61.210255,-144.327459,140.719311,1.293285,145.976139,3,-1,1,7,-103.49240300256348,76.50992556983655,96.25033799743653,-64.20938543016345,19.53794799999997,-0.000500539,0.6346034626420491,-3.048618012543735,-141.9473238303534,-34.05863201521899,1.8325335893614803,145.9150320307899,1,1,1,1,0,2,2,0,0,0,1
2616000.0,101,-61.209983,-144.324821,-175.090544,3.929293,102,-61.210308,-144.327426,158.78196,3.144856,145.814302,3,-1,1,7,-104.52458290389912,75.47770009717206,70.56596109610088,-83.30425990282794,26.12749599999998,0.0018515709999999998,-1.4744545396053932,-0.9832112720573289,-141.15409514583362,-36.56955142339262,84.36949850058845,49.31695184207423,1,0,1,1,1,2,2,0,0,1,1
2617000.0,101,-61.210063,-144.324754,162.844,8.495845,102,-61.210352,-144.327399,161.32155,3.878148,145.632122,3,-1,1,7,-102.7837901614431,77.2185278966146,94.3722098385569,-84.1030221033854,1.522450000000049,0.0007332920000000001,1.264053558217193,-4.443934758875585,-142.02219218567973,-32.22439890823001,-1.7264444209039782,145.41983862403788,1,1,1,1,0,2,2,1,1,0,1
2618000.0,101,-61.2101,-144.32478,-176.52841,4.738999,102,-61.210356,-144.327389,157.438866,2.627314,145.423169,3,-1,1,7,-101.51711570593618,78.4851708025361,75.01129429406383,-78.95369519746389,26.03272400000003,-0.0012508339999999997,-1.29498238536791,-2.304055217649711,-142.49508870760545,-29.03528502037159,40.74954561991745,110.70967588306165,1,0,1,1,1,2,2,0,0,1,1
2619000.0,101,-61.210113,-144.324671,115.283365,4.545266,102,-61.210313,-144.327394,57.155244,0.712662,145.198471,3,-1,1,7,-98.67255148039327,81.32983493661035,146.04408351960672,24.17459093661035,58.12812100000002,-0.0019146520000000002,3.5111213333658866,-2.3277846824065094,-143.53830615958134,-21.8940778653987,-60.48855798719256,176.6644296406915,1,1,1,1,0,2,2,0,1,0,1
2620000.0,101,-61.21014,-144.324739,-152.910397,3.225192,102,-61.210353,-144.327377,155.098049,1.643983,144.819829,3,-1,1,7,-99.518664557888,80.48364736651527,53.39173244211199,-74.61440163348473,51.991554000000065,0.0009313209999999999,-2.1609252651245114,-1.3802324064977993,-142.82591825975123,-23.94869401132543,51.388796609960025,56.718409588574914,1,0,1,1,1,2,2,1,0,1,1
2621000.0,101,-61.210169,-144.324729,-179.233611,3.173613,102,-61.210456,-144.327332,166.903428,5.546768,144.405653,3,-1,1,7,-102.89630238189737,77.1059788699935,76.33730861810263,-89.79744913000648,13.862961000000041,0.003902785,-1.2993080087291138,2.229164838979161,-140.76310700947724,-32.229494618980176,16.23355414210075,137.8475051334425,1,0,1,1,0,2,2,1,0,0,1
2622000.0,101,-61.210239,-144.324743,-175.693791,7.025663,102,-61.210495,-144.327317,167.466256,5.088745,144.391006,3,-1,1,7,-101.66947288912232,78.33278294865995,74.02431811087769,-89.13347305134003,16.839953000000065,-0.00045802299999999984,-1.631866231003328,-2.0383576734752697,-141.4065473498309,-29.205324519547318,44.54291715971551,92.2791486783671,1,0,1,1,1,2,2,0,0,1,1
2623000.0,101,-61.210287,-144.324721,173.174576,5.683453,102,-61.210504,-144.327313,166.74786,3.53378,144.584763,3,-1,1,7,-99.86273241817518,80.13953919532182,86.9626915818248,-86.60832080467819,6.426716000000056,-0.0015549650000000002,-0.13462471523276331,-2.203495731373734,-142.4479372212844,-24.76567933990882,15.932504288918437,140.68364128881333,1,0,1,1,0,2,2,1,0,0,1
2624000.0,101,-61.210336,-144.324702,170.355652,5.549208,102,-61.21049,-144.327318,162.539583,1.544157,144.868407,3,-1,1,7,-96.97021927872179,83.03207336866247,92.67412872127824,-79.50750963133753,7.81606899999997,-0.0019896230000000003,0.4663497842935782,-3.997770011498545,-143.79773701617302,-17.580278033785277,0.20798263945622184,144.86620001720698,1,1,1,1,0,2,2,0,0,0,1
2625000.0,101,-61.210379,-144.324708,179.741051,4.956911,102,-61.210536,-144.327316,173.266334,2.920437,145.332555,3,-1,1,7,-97.12617919003678,82.87610644710894,83.13276980996324,-90.39022755289106,6.474716999999941,0.0013762800000000001,-0.3200310115057028,-2.0565687703611797,-144.20991321229283,-18.029211689117,19.529853763207566,139.72424360358139,1,0,1,1,1,2,2,1,0,1,1
2626000.0,101,-61.210427,-144.324624,148.013174,6.200098,102,-61.210495,-144.327324,67.694379,0.102376,143.834909,3,-1,1,7,-92.99476798547096,87.00759827995549,118.99205801452905,19.31321927995549,80.31879499999997,-0.002818061,3.1896268589882895,-5.297593107679901,-143.6384750592421,-7.514621061222503,-999,6111.187425516427,1,1,1,0,0,0,2,0,1,0,0
2627000.0,101,-61.210463,-144.324692,-157.716725,4.528165,102,-61.21049,-144.327324,15.552464,0.223814,143.521869,3,-1,1,7,-91.22141869762008,88.78088797335369,66.49530630237992,73.22842397335369,173.26918899999998,0.00012143800000000001,-1.7770262361491955,-4.405622779198716,-143.48925864687612,-3.059335585229573,-999,4804.082506447753,1,0,1,1,1,2,2,0,1,1,0
2628000.0,101,-61.210501,-144.324658,168.952661,4.351305,102,-61.210539,-144.327327,-179.821285,1.981847,144.869819,3,-1,1,7,-91.69453705553278,88.30780204324958,99.35280194446722,-91.87091295675043,11.226053999999976,0.001758033,0.839978638453295,-2.2888344692086577,-144.80646513117304,-4.283936660028028,-18.246390678733206,137.42400987439103,1,1,1,1,0,1,2,1,1,1,1
2629000.0,101,-61.210564,-144.324636,170.811603,6.684188,102,-61.2106,-144.327348,-174.367429,3.880358,146.649772,3,-1,1,7,-91.58005848370667,88.4223183013121,97.60833851629332,-97.2102526986879,14.820968000000022,0.0018985110000000003,1.4481915567043244,-2.7367979362219272,-146.59401172177732,-4.043680868639812,-20.67342811437547,131.4666536783773,1,1,1,1,1,1,2,0,1,1,1
2630000.0,101,-61.210585,-144.324658,-170.151148,3.047639,102,-61.210669,-144.327369,-173.375373,5.408495,145.820191,3,-1,1,7,-93.68244162540671,86.31993428411545,76.4687063745933,-100.30469271588458,3.22422499999999,0.0015281370000000002,0.10264872695558469,2.369659785341109,-145.51912296830272,-9.365519409646563,-6.669010333377116,144.97756341394972,1,0,1,1,1,2,2,1,1,0,1
2631000.0,101,-61.210636,-144.324679,-169.675733,5.351511,102,-61.210673,-144.327379,-170.123057,3.496382,144.571097,3,-1,1,7,-91.63109948631939,88.371266783559,78.04463351368062,-101.50567621644103,0.4473239999999805,-0.0019121130000000002,-0.3593482850090285,-1.820305718460229,-144.51251856197032,-4.115102265994326,17.193685452065782,140.97940229872825,1,0,1,1,0,0,2,1,0,1,1
2632000.0,101,-61.210691,-144.324621,161.963018,6.316285,102,-61.210701,-144.32737,-175.932585,3.324386,143.884582,3,-1,1,7,-90.43397954617521,89.56842966808632,107.60300245382479,-94.49898533191367,22.104396999999977,-0.00017199600000000002,2.1915156298045386,-2.689870113507392,-143.88045461059212,-1.089824923579983,-24.347444272526424,112.3717847708426,1,1,1,1,0,2,2,0,1,1,1
2633000.0,101,-61.210719,-144.32461,164.548318,3.682101,102,-61.210771,-144.327359,179.767221,5.087047,145.225187,3,-1,1,7,-92.25052433409064,87.75188488130505,103.20115766590936,-92.01533611869496,15.218903000000068,0.001762661,0.960338734974663,1.5379918088449585,-145.1131714612257,-5.702842067765424,-48.04650474845972,120.19024451145384,1,1,1,1,1,1,2,1,1,0,1
2634000.0,101,-61.210811,-144.324676,-165.974933,9.40814,102,-61.210865,-144.327363,-179.590832,7.164317,146.947527,3,-1,1,7,-92.39075565485531,87.61159922591268,73.58417734514468,-92.79756877408732,13.615899000000013,0.0020772699999999996,-2.228866348513357,-1.9635470756258533,-146.81961997701177,-6.129835333969228,36.19506651370206,92.69609316134405,1,0,1,1,1,1,2,1,0,1,1
2635000.0,101,-61.210882,-144.324683,-173.766451,8.223764,102,-61.21091,-144.327369,-178.78915,6.335531,145.930755,3,-1,1,7,-91.2412066523236,88.76114735345746,82.52524434767639,-92.4497026465425,5.022699000000017,-0.000828786,-0.7590674096555174,-1.8410251780431857,-145.89651428903383,-3.161071523989421,28.76944095319301,133.68240838543306,1,0,1,1,0,0,2,1,0,0,1
2636000.0,101,-61.210868,-144.324658,85.329644,0.688325,102,-61.210963,-144.327362,179.650552,6.167308,144.679577,3,-1,1,7,-94.17368506810409,85.82868471310434,-179.5033290681041,-93.82186728689567,94.32090800000003,-0.00016822299999999935,0.6484252278454209,6.223238679161517,-144.29588806927163,-10.529799960073309,-4.609186482051328,142.46857624540735,0,1,2,1,1,0,2,0,1,0,1
2637000.0,101,-61.210892,-144.324734,-129.369189,3.541565,102,-61.210987,-144.32734,175.288168,4.831021,143.921866,3,-1,1,7,-94.32996879515417,85.67231509979649,35.03922020484583,-89.61585290020352,55.34264299999995,-0.0013362870000000005,-3.134735553648611,2.5682269144468033,-143.51108121433478,-10.86614382449264,32.14465308864001,102.736042614169,1,0,1,1,0,2,2,1,0,1,1
2638000.0,101,-61.210947,-144.324627,148.78687,6.515417,102,-61.211041,-144.327319,172.930824,5.29414,145.252235,3,-1,1,7,-94.14826213042919,85.85409713605338,117.06486786957083,-87.07672686394662,24.143954000000008,0.00046311899999999985,2.7249019013022346,-0.3183857575035285,-144.87170383690628,-10.5071975277398,-50.11102995674437,27.74020146163345,1,1,1,1,0,1,2,1,1,1,1
2639000.0,101,-61.211013,-144.324578,157.868773,7.546568,102,-61.211143,-144.327305,174.917865,7.686581,147.013835,3,-1,1,7,-95.65441716914806,84.34797277302324,106.47680983085195,-90.56989222697676,17.049091999999973,0.002392441000000001,2.162106392538152,0.6658001356591257,-146.29850550677688,-14.484991124981871,-68.36980815201187,31.073046186347472,1,1,1,1,1,1,2,1,1,0,1
2640000.0,101,-61.211064,-144.324562,166.774494,6.082222,102,-61.211206,-144.327297,175.407474,7.431032,145.914089,3,-1,1,7,-96.15449695891914,83.84789999583207,97.07100904108086,-91.55957400416794,8.632979999999975,-0.00025554900000000026,0.7965220525215126,1.4862692645171451,-145.07310164252806,-15.64341869658416,-52.72304114675917,120.65873753340034,1,1,1,1,1,0,2,1,1,0,1
2641000.0,101,-61.211084,-144.324545,158.889108,3.001704,102,-61.211239,-144.327288,174.644734,5.981298,145.380187,3,-1,1,7,-96.69351260226406,83.30889136437321,104.41737939773594,-91.33584263562679,15.755626000000007,-0.0014497340000000003,0.5228957199067219,3.1549455696316104,-144.38925433057113,-16.945265002844266,-13.387728163540679,139.69753424297934,1,1,1,1,0,2,2,0,1,0,1
2642000.0,101,-61.211099,-144.324555,-177.142988,1.928578,102,-61.21125,-144.327268,170.109775,4.193399,144.270832,3,-1,1,7,-96.5937826536741,83.40859502114003,80.5492053463259,-86.70117997885998,12.747236999999984,-0.0017878989999999995,-0.816389820301006,2.2048985592122,-143.3165139093209,-16.56652669848642,14.406538509888412,140.1523920842095,1,0,1,1,1,0,2,1,0,0,1
2643000.0,101,-61.211158,-144.324558,-178.677243,5.770218,102,-61.211312,-144.327243,169.857987,5.305948,144.165604,3,-1,1,7,-96.7930263425807,83.20932679460297,81.8842166574193,-86.64866020539704,11.464770000000016,0.0011125489999999996,-1.0675189548926545,-0.5456413679000587,-143.15354878592277,-17.05235604487679,116.7227398005667,50.19013105629095,1,0,1,1,0,2,2,1,0,1,1
2644000.0,101,-61.211218,-144.324658,-149.236192,7.602695,102,-61.21129,-144.327234,160.843004,2.36879,144.051672,3,-1,1,7,-93.32276841712805,86.67948919272064,55.91342358287194,-74.16351480727937,49.92080399999995,-0.0029371579999999996,-4.6661166678957295,-4.295254469409505,-143.80950137177172,-8.349342560822796,16.436092337055253,91.53937617168883,1,0,1,1,1,2,2,0,0,0,1
2645000.0,101,-61.211263,-144.324523,142.167965,6.675488,102,-61.211288,-144.327228,153.231412,1.394196,143.915994,3,-1,1,7,-91.1006278477559,88.90174281826886,126.73140715224409,-64.32966918173115,11.063446999999996,-0.0009745940000000002,3.4664728816451733,-4.027597858233408,-143.88944174316552,-2.7643957473944853,-15.726842833736033,111.16414715983687,1,1,1,1,0,2,2,1,1,0,1
2646000.0,101,-61.211317,-144.324542,175.98196,5.94054,102,-61.21126,-144.327222,48.901068,0.71087,142.595161,3,-1,1,7,-87.47239340521077,92.52995535099348,96.54564659478922,43.62888735099347,127.08089199999995,-0.0006833259999999999,-0.11943735060434485,-6.3932367309358415,-142.45642855100533,6.288553498876177,-999,6385.9225768400465,1,1,1,1,1,0,2,0,1,0,0
2647000.0,101,-61.211358,-144.324577,-165.6109,4.87244,102,-61.21133,-144.327221,172.203574,2.802151,142.255111,3,-1,1,7,-88.74141943378294,91.26089777310985,76.86948056621705,-80.94267622689016,22.18552600000001,0.002091281,-1.5909510667404458,-1.9433450035199864,-142.22079179663064,3.1245777893592526,33.78651515205357,112.06143541307074,1,0,1,1,1,2,2,1,0,1,1
2648000.0,101,-61.211427,-144.324616,-165.687168,7.479678,102,-61.211399,-144.327224,177.595254,4.706432,141.927914,3,-1,1,7,-88.7240175432997,91.27826811475168,76.96315045670032,-86.31698588524833,16.717577999999918,0.0019042810000000005,-2.0465707087826206,-2.5452243866412427,-141.89272037382807,3.160486878003425,25.11832933113096,112.64608438846662,1,0,1,1,2,2,2,1,0,0,1
2649000.0,101,-61.211481,-144.324591,175.958141,6.22507,102,-61.2114,-144.327225,177.613764,2.886883,141.4694,3,-1,1,7,-86.34743332487304,93.65487512029152,97.69442567512692,-83.95888887970848,1.6556229999998777,-0.0018195490000000004,0.31857842243163054,-3.3252074690129234,-141.18203328009244,9.01246998657271,-6.696361081378815,139.67899889255202,1,1,1,1,0,2,2,1,1,0,1
2650000.0,101,-61.211501,-144.324606,-170.665776,2.936892,102,-61.211351,-144.327212,40.230403,0.469238,141.43569,3,-1,1,7,-83.1853447849672,96.81693912059009,87.4804312150328,56.58653612059009,149.10382099999998,-0.0024176450000000004,-0.7794075062955439,-3.2562460011647927,-140.43647373000655,16.782468592471155,-999,3364.1815186039307,1,0,1,1,1,2,2,0,1,0,0
2651000.0,101,-61.211582,-144.324547,165.036638,8.324768,102,-61.211319,-144.327199,15.024005,1.692118,141.614294,3,-1,1,7,-78.36502678086121,101.63729743981652,116.59833521913879,86.61329243981652,150.01263300000005,0.00122288,1.7108290371826602,-9.676761384016888,-138.70445016206457,28.560178051927096,-999,9765.620965409622,1,1,1,1,0,2,2,0,1,0,0
2652000.0,101,-61.211574,-144.324651,-99.430619,3.462868,102,-61.211322,-144.327198,19.423096,0.937531,141.886419,3,-1,1,7,-78.3912931705148,101.61093902766932,21.039325829485193,82.18784302766932,118.85371499999997,-0.000754587,-3.7278342304666974,-1.4515767627076686,-138.98408716763961,28.551346917816492,45.65912017205587,99.83779904811648,1,0,0,1,1,2,2,1,0,1,1
2653000.0,101,-61.211632,-144.324663,-165.337597,5.644842,102,-61.211373,-144.327218,-175.340711,1.71682,142.342349,3,-1,1,7,-78.11416185036524,101.88807736034164,87.22343514963475,-82.77121163965836,10.00311400000001,0.000779289,-1.2893824757694452,-3.749865883657383,-139.29051806122396,29.31716045379643,4.262478370554958,141.2556279336928,1,0,1,1,0,2,2,1,0,0,1
2654000.0,101,-61.211656,-144.324656,-177.939793,3.133809,102,-61.211369,-144.327228,-162.38803,0.925788,143.080639,3,-1,1,7,-76.95534733172455,103.04690677808011,100.98444566827546,-94.5650632219199,15.551763000000022,-0.000791032,0.16745543979436905,-2.2493893329411025,-139.38836533638172,32.29478077800957,-20.156681020001887,136.63720221885194,1,1,1,1,0,2,2,0,1,1,1
2655000.0,101,-61.211709,-144.324648,177.296979,5.498382,102,-61.211352,-144.327229,-38.24854,0.313302,142.032985,3,-1,1,7,-73.97602377236204,106.02623822525373,108.72699722763798,144.27477822525373,144.45448100000004,-0.0006124860000000001,0.4532559512050689,-5.7383107517498155,-136.51447338544847,39.20672626353685,-999,5702.14445634336,1,1,1,1,0,0,2,0,1,0,0
2656000.0,101,-61.211749,-144.324705,-155.48688,5.069817,102,-61.211419,-144.327255,-167.698097,2.838269,140.781017,3,-1,1,7,-74.95963910590348,105.04259572452924,80.52724089409654,-87.25930727547075,12.211216999999976,0.002524967,-1.4987455450444624,-1.839757490705404,-135.958319235687,36.53259063030317,21.82282467593048,128.61137079745234,1,0,1,1,1,0,2,1,0,1,1
2657000.0,101,-61.211778,-144.324786,-132.758355,5.079964,102,-61.211509,-144.327265,-174.116348,5.649828,138.980902,3,-1,1,7,-77.3029260391658,102.69924656769102,55.4554289608342,-83.184405432309,41.35799299999999,0.0028115590000000004,-3.1506724132155486,2.171238026040195,-135.58223105735527,30.54749977074272,44.23032082151635,65.59565547896247,1,0,1,1,1,0,2,0,0,1,1
2658000.0,101,-61.211798,-144.324738,162.09577,2.574959,102,-61.211568,-144.327262,-176.804192,6.019096,139.837042,3,-1,1,7,-79.28609713882081,100.71611490711089,118.61813286117922,-82.47969309288908,21.100037999999984,0.0003692679999999999,1.127166888447399,3.5594772379960173,-137.39936289763025,25.99641111067195,-4.613977676469436,138.83773418755132,1,1,1,1,0,2,2,1,1,0,1
2659000.0,101,-61.211875,-144.324679,161.609884,7.940089,102,-61.211666,-144.327288,-175.052567,7.962374,142.517444,3,-1,1,7,-80.55675940890268,99.44552713327619,117.83335659109733,-85.5019058667238,23.337549000000024,0.0019432779999999995,3.191670613691346,0.39811589139382075,-140.58613597131207,23.382904373684827,-43.09658300424248,40.6538634105569,1,1,1,1,1,1,2,0,1,1,1
2660000.0,101,-61.211894,-144.324667,158.470233,3.213065,102,-61.211699,-144.327323,-170.263859,6.345155,145.239153,3,-1,1,7,-81.33283261951212,98.6694951143979,120.19693438048787,-91.0666458856021,31.265907999999996,-0.0016172189999999996,2.2521814316008335,3.2648857678194534,-143.5805803461874,21.88671998288991,-16.626800370728713,130.638809348656,1,1,1,1,0,1,2,0,1,0,1
2661000.0,101,-61.211938,-144.32468,-177.675552,4.647392,102,-61.211809,-144.327367,-170.055848,8.735227,143.992383,3,-1,1,7,-84.30805138535501,95.6943035189275,93.367500614645,-94.24984848107249,7.619704000000013,0.002390072,1.3199807941552197,3.9604256817101717,-143.28243098391516,14.281153082236486,-7.494652835409213,140.44769288957738,1,1,1,1,1,0,2,1,1,0,1
2662000.0,101,-61.212004,-144.32474,-160.986958,7.268689,102,-61.211905,-144.32738,-172.548894,9.512975,141.900806,3,-1,1,7,-85.54851044127831,94.45380327360564,75.43844755872168,-92.99730272639437,11.561936000000003,0.0007777480000000007,-1.1343746030198356,2.5605047323564536,-141.47274875639363,11.013632586933253,27.013502981500263,125.16026319871972,1,0,1,1,1,0,2,0,0,1,1
2663000.0,101,-61.212006,-144.324739,-155.70681,1.499137,102,-61.212,-144.327365,-176.706686,9.884796,140.173123,3,-1,1,7,-89.72930881996095,90.27299262625786,65.97750118003904,-93.02032137374215,20.999876,0.00037182099999999885,-0.04889691168324839,8.502079838415177,-140.17155863931907,0.6622387764700939,0.1753909784889336,140.16543381910327,1,0,1,1,1,0,2,0,0,0,1
2664000.0,101,-61.212081,-144.324644,154.047591,7.956035,102,-61.212119,-144.327348,-179.570891,11.209788,141.510851,3,-1,1,7,-91.67273017291026,88.32963963532049,114.27967882708973,-92.09946936467952,26.381518,0.0013249919999999999,3.565708766746664,4.055742247680998,-141.45054848617903,-4.130772773140241,-20.11265646868893,104.211466053381,1,1,1,1,0,1,2,0,1,1,1
2665000.0,101,-61.212139,-144.324734,-159.314165,7.018429,102,-61.212225,-144.327347,-179.814695,11.45926,143.211863,3,-1,1,7,-93.91090251678011,86.0913875402364,65.40326248321989,-94.09391745976359,20.500529999999998,0.0002494720000000008,-2.442153622619327,4.893239427881319,-142.8783681835473,-9.767784249125535,10.87362871534939,132.2760998518446,1,0,1,1,1,1,2,1,0,0,1
2666000.0,101,-61.212155,-144.324776,-138.463249,3.522756,102,-61.21232,-144.327343,179.712351,11.123121,142.130392,3,-1,1,7,-97.60377574821408,82.39847399533704,40.859473251785914,-97.31387700466297,41.8244,-0.0003361390000000011,-2.391783129326621,8.486090354408983,-140.88061423555666,-18.80693655771542,2.525855757805455,140.71611627989904,1,0,1,1,1,0,2,0,0,0,1
2667000.0,101,-61.212228,-144.324719,167.978135,7.399533,102,-61.21233,-144.327335,178.664571,7.180089,140.880619,3,-1,1,7,-94.63010214591466,85.37219054246307,97.3917628540853,-93.29238045753692,10.686435999999958,-0.003943032,1.373875653305181,-0.05910901435135063,-140.4208700126748,-11.372250204187697,-101.15675832733957,17.41151308918078,1,1,1,1,0,0,2,1,1,1,1
2668000.0,101,-61.212295,-144.32463,152.245669,8.312703,102,-61.21236,-144.32731,174.307536,5.70235,140.098748,3,-1,1,7,-92.88440491815061,87.11794386134719,114.8699260818494,-87.18959213865281,22.061867000000007,-0.0014777389999999996,3.305461639099817,-1.6821172228632912,-139.92125561494876,-7.049923283530685,-29.46292490556439,70.80765144062359,1,1,1,1,0,2,2,0,1,0,1
2669000.0,101,-61.212306,-144.324754,-121.559527,4.315502,102,-61.212391,-144.327289,171.126864,4.86874,141.424608,3,-1,1,7,-93.98409423210646,86.01812746862922,27.575432767893545,-85.1087365313708,67.31360899999993,-0.0008336100000000001,-4.428214962556501,2.5518071142842556,-141.08283800798634,-9.826116606571858,28.550382687415222,83.9700265286989,1,0,1,1,1,1,2,0,0,0,1
2670000.0,101,-61.212374,-144.324778,-163.545296,6.996639,102,-61.212436,-144.327285,173.349247,4.919358,143.16358,3,-1,1,7,-92.94094521054343,87.0612519518206,70.60435078945657,-86.2879950481794,23.105457,5.061800000000005e-05,-2.5515941948386454,-1.8238309325734035,-142.9750259772274,-7.345242353220601,36.8133188206118,77.33511141180254,1,0,1,1,0,1,2,1,0,1,1
2671000.0,101,-61.212376,-144.324655,107.387946,4.417445,102,-61.212531,-144.327304,179.675773,7.112825,145.856931,3,-1,1,7,-96.9289614863258,83.07336012738757,155.68309251367418,-96.60241287261242,72.28782699999994,0.002193467,4.175331945287829,5.792601716397515,-144.79166332075255,-17.595981176069703,-21.378412203951342,119.87752917300487,1,1,1,1,0,1,2,0,1,0,1
2672000.0,101,-61.212405,-144.324652,155.757867,3.147447,102,-61.212599,-144.32734,-175.207165,7.344422,146.011189,3,-1,1,7,-98.52475824379778,81.47759755103799,105.71737475620222,-103.31523744896202,29.034967999999964,0.00023159699999999984,1.9059719498357275,4.448840696105401,-144.3980428820355,-21.64422613612135,-16.70526735052186,124.27390751369937,1,1,1,1,1,2,2,1,1,0,1
2673000.0,101,-61.212479,-144.324694,-170.33495,7.485534,102,-61.212631,-144.327366,-171.513452,5.923085,144.775297,3,-1,1,7,-96.73822273314843,83.26411904030475,73.59672726685156,-105.22242895969526,1.1785020000000088,-0.0014213369999999995,-0.3826195797512322,-1.5210543896773894,-143.77527553907603,-16.986958677202125,32.37929052915407,135.28973704540869,1,0,1,1,1,0,2,1,0,0,1
2674000.0,101,-61.212529,-144.324762,-153.172912,6.599622,102,-61.212675,-144.327371,-173.123481,5.531421,144.266115,3,-1,1,7,-96.62951179932604,83.37277476117853,56.54340020067396,-103.50374423882147,19.950569,-0.00039166400000000044,-2.316129087729337,-0.3976908622762725,-143.30146984430027,-16.655349820893218,58.50604733724245,10.220724839512409,1,0,1,1,1,2,2,0,0,1,1
2675000.0,101,-61.212559,-144.324749,-174.990395,3.70548,102,-61.21271,-144.327352,-178.546633,4.863889,143.035619,3,-1,1,7,-96.87003760982931,83.13224369284765,78.1203573901707,-98.32112330715233,3.5562380000000076,-0.0006675319999999995,-0.20020830634925182,1.1709989449777622,-142.00862766459602,-17.109587123343864,6.013710760766609,142.86093289776707,1,0,1,1,0,0,2,1,0,0,1
2676000.0,101,-61.212651,-144.324743,179.250878,9.190804,102,-61.212764,-144.327329,176.49576,5.325726,142.977617,3,-1,1,7,-95.18596939992874,84.81629700549719,85.56315260007125,-91.6794629945028,2.7551180000000386,0.00046183700000000004,-0.20535809284256568,-3.8742500711708567,-142.39234711487111,-12.923561665297521,5.291442081555367,141.5086949882991,1,0,1,1,0,2,2,1,0,1,1
2677000.0,101,-61.21268,-144.32464,136.24174,5.822374,102,-61.212775,-144.327315,172.798087,3.706882,142.916347,3,-1,1,7,-94.21898647786871,85.78335792866463,129.53927352213128,-87.01472907133538,36.55634700000002,-0.0016188440000000006,3.562135633889921,-0.5276560525711105,-142.5290655723897,-10.514166961097967,-36.39828135673522,32.388278550775226,1,1,1,1,0,2,2,0,1,1,1
2678000.0,101,-61.212678,-144.324651,125.914478,0.850939,102,-61.212821,-144.327298,171.774693,4.329581,142.715395,3,-1,1,7,-96.40209568640422,83.60022418099011,137.68342631359576,-88.1744688190099,45.86021500000004,0.0006226990000000003,0.06975367355160988,3.785901923029553,-141.82539915329738,-15.913520195541276,-5.379159662701177,141.52020946127544,1,1,1,1,0,2,2,0,1,0,1
2679000.0,101,-61.212733,-144.324687,-167.423571,5.389693,102,-61.212773,-144.327293,135.043069,0.707581,142.503957,3,-1,1,7,-91.82676896198113,88.1755149724669,75.59680203801888,-46.8675540275331,57.53335999999999,-0.003622,-1.6735202086925802,-4.75966369673558,-142.43153306433933,-4.54270289583945,13.999764963838457,134.22734379634738,1,0,1,1,1,2,2,0,0,1,1
2680000.0,101,-61.21279,-144.324667,176.104451,6.206577,102,-61.212775,-144.32729,134.600133,0.539523,141.10804,3,-1,1,7,-89.32077740601079,90.6815214282562,94.57477159398923,-43.918611571743796,41.50431800000001,-0.00016805800000000004,0.037507549430948306,-5.8134084602001455,-141.0981249328211,1.67275015576411,-0.6491198927683274,141.08941992806587,1,1,1,1,0,0,2,1,1,0,1
2681000.0,101,-61.212835,-144.32476,-145.927392,6.208349,102,-61.212859,-144.327285,174.978125,3.931889,140.650828,3,-1,1,7,-91.13186076657438,88.8703521805386,54.79553123342562,-86.1077728194614,39.094483000000025,0.003392366,-3.822366512800512,-1.2257551352698965,-140.6233845364265,-2.778333782306914,31.104933274292076,41.49309350276262,1,0,1,1,1,2,2,1,0,1,1
2682000.0,101,-61.212909,-144.324669,161.971536,8.19401,102,-61.212856,-144.327286,174.387436,2.25328,140.206122,3,-1,1,7,-87.59295226394556,92.40934131421176,110.43551173605445,-81.97809468578825,12.415899999999965,-0.0016786089999999997,2.3155861620952454,-5.549230000421802,-140.08241415323553,5.888454065396514,-9.354094410303238,127.04966995020396,1,1,1,1,0,2,2,1,1,0,1
2683000.0,101,-61.212924,-144.324621,135.061768,3.673927,102,-61.212862,-144.327286,174.459247,1.602512,140.214634,3,-1,1,7,-87.23529408572192,92.76704156027158,137.7029379142781,-81.69220543972843,39.397478999999976,-0.0006507680000000002,2.440328044469941,-1.0056331178588223,-140.0514296624213,6.763182480593592,-43.41663579748039,50.242559942108606,1,1,1,1,0,2,2,0,1,1,1
2684000.0,101,-61.212965,-144.324666,-166.636218,4.389753,102,-61.212822,-144.327276,19.681958,0.791749,140.431888,3,-1,1,7,-83.51020635664773,96.4920810866481,83.12601164335229,76.8101230866481,173.68182399999998,-0.0008107629999999999,-1.2812766266211302,-5.016380414288927,-139.53200120789242,15.872485821863341,-999,5193.264263204637,1,0,1,1,1,2,2,0,1,0,0
2685000.0,101,-61.212985,-144.324654,176.218968,2.549193,102,-61.212818,-144.327275,17.500216,0.654827,140.738043,3,-1,1,7,-82.46395542866348,97.53834165537677,101.31707657133654,80.03812565537677,158.718752,-0.000136922,-0.028809742501141933,-3.1681631762577975,-139.52242541949292,18.457777562097846,-999,3151.0351624322393,1,1,1,1,0,2,2,1,1,1,0
2686000.0,101,-61.213031,-144.324682,-167.737314,4.867268,102,-61.212851,-144.327288,-175.535358,1.059286,141.222353,3,-1,1,7,-81.83866248273709,98.16362145591215,85.8986515172629,-86.30102054408786,7.798044000000004,0.0004044589999999999,-0.9513197837409755,-3.700145255796084,-139.7920882858477,20.048068224603686,3.932910381574509,140.38149066697622,1,0,1,1,1,2,2,1,0,1,1
2687000.0,101,-61.213077,-144.324723,-159.521986,5.361212,102,-61.212868,-144.327307,-163.945775,1.447329,141.982971,3,-1,1,7,-80.46668704867686,99.53557760967846,79.05529895132314,-96.51864739032158,4.423788999999999,0.00038804300000000013,-1.475354453415349,-3.6315345253009115,-140.02211130908782,23.51536515838659,7.652643313627636,138.57918299775528,1,0,1,1,1,2,2,1,0,1,1
2688000.0,101,-61.213152,-144.324832,-149.048981,9.178153,102,-61.21287,-144.32732,-151.429951,1.02225,140.942864,3,-1,1,7,-76.75639103380004,103.24578948934659,72.29258996619996,-105.3242595106534,2.3809699999999907,-0.000425079,-4.231497492168968,-6.97347708286257,-137.19446294611143,32.288856428349234,5.237226514608287,134.04296279506775,1,0,1,1,1,0,2,1,0,1,1
2689000.0,101,-61.213215,-144.324792,178.27353,7.176846,102,-61.212933,-144.327343,-167.511648,3.391901,139.688538,3,-1,1,7,-77.07236513798048,102.92987060064566,104.65410486201952,-89.55848139935432,14.214822000000055,0.0023696509999999995,0.9496927178063247,-3.8619394738168036,-136.14790891740878,31.251152714650406,-16.475567086188143,124.77488601493395,1,1,1,1,0,0,2,0,1,1,1
2690000.0,101,-61.213244,-144.324764,163.3683,3.965974,102,-61.212962,-144.327326,-176.490519,3.291607,137.875889,3,-1,1,7,-77.12601468655942,102.87623069335946,119.50568531344058,-80.63325030664055,20.141181000000017,-0.00010029399999999988,1.3366267238401608,-0.5146207673315129,-134.4100281358899,30.719783593795196,-91.64014252568995,20.307561047242867,1,1,1,1,0,0,2,0,1,1,1
2691000.0,101,-61.213277,-144.324704,144.798977,4.571522,102,-61.213012,-144.327314,178.834841,4.180192,138.690861,3,-1,1,7,-78.09504757816633,101.90723987061008,137.10597542183365,-76.92760112938993,34.03586399999995,0.000888585,2.5502377685986395,0.44377884730188955,-135.70778117942902,28.610366168183397,-52.66761100129281,52.00179472818038,1,1,1,1,0,2,2,0,1,0,1
2692000.0,101,-61.213283,-144.32476,-129.658366,1.844693,102,-61.213124,-144.327337,-177.307113,7.454195,141.407656,3,-1,1,7,-82.69978862753426,97.30246990083164,46.95857737246574,-85.39041709916836,47.648746999999986,0.0032740030000000006,-1.0699455420249562,6.268664575197119,-140.26140183889999,17.968425907712625,7.243171098440863,135.32217533237687,1,0,1,1,1,1,2,0,0,0,1
2693000.0,101,-61.213326,-144.324729,169.548224,4.291362,102,-61.213202,-144.32738,-172.85727,8.017225,144.159857,3,-1,1,7,-84.45321617145252,95.54910721329452,105.99855982854746,-91.59362278670551,17.594505999999996,0.0005630299999999995,1.7753607187523281,3.7348477167375984,-143.4848436697226,13.934274553621625,-11.951745067712526,135.5718452056118,1,1,1,1,0,1,2,1,1,0,1
2694000.0,101,-61.213399,-144.324738,-179.192903,7.498323,102,-61.21341,-144.327413,-174.851293,13.954014,142.939387,3,-1,1,7,-90.49043344715007,89.51191097457335,88.70246955284993,-95.63679602542663,4.341610000000003,0.005936789000000001,1.1466254900476236,6.400132392849146,-142.93415058371025,-1.223500244794367,-4.043829505310028,140.4783373798967,1,0,1,1,1,0,2,1,1,0,1
2695000.0,101,-61.21348,-144.324781,-169.132078,8.951561,102,-61.213506,-144.327422,-175.419553,12.671132,140.887524,3,-1,1,7,-91.17234942555146,88.82996519992189,77.95972857444855,-95.75048180007809,6.287475000000001,-0.0012828820000000008,-0.6758770417821829,3.8396531802084475,-140.85803253993893,-2.882548842272053,5.726154334663771,139.22693600586697,1,0,1,1,1,0,2,0,0,1,1
2696000.0,101,-61.213537,-144.32479,-172.957974,6.739761,102,-61.213569,-144.327398,-178.638261,10.464844,139.106603,3,-1,1,7,-91.46073979212635,88.54154591275908,81.49723420787366,-92.82019308724091,5.680286999999993,-0.0022062880000000007,-0.5775839945467561,3.7729689663960597,-139.06139714567638,-3.5460995603740617,4.653720782686655,137.99682703889002,1,0,1,1,0,0,2,1,0,1,1
2697000.0,101,-61.213532,-144.324777,157.811501,0.713648,102,-61.213637,-144.327376,178.661556,9.321317,140.442618,3,-1,1,7,-94.79684005190435,85.20543776607158,107.39165894809565,-93.45611823392841,20.850054999999998,-0.0011435269999999988,0.05178414960656183,8.657973983545858,-139.95071389530975,-11.744216912467225,-1.4619818483124813,139.87798988163132,1,1,1,1,0,1,2,0,1,0,1
2698000.0,101,-61.213576,-144.324745,162.679993,4.393069,102,-61.213648,-144.327377,178.778272,6.105446,142.133489,3,-1,1,7,-93.25251603575933,86.74979070463934,104.06749096424068,-92.02848129536065,16.098279000000048,-0.003215871000000001,1.1776752355629676,1.9101844072399121,-141.9045375386801,-8.064175174588536,-39.19183566319316,116.74798866445244,1,1,1,1,1,1,2,1,1,1,1
2699000.0,101,-61.213612,-144.324742,173.19041,4.06194,102,-61.213695,-144.327377,179.07307,5.773986,141.022531,3,-1,1,7,-93.74368304622631,86.25862632433395,93.06590695377366,-92.81444367566606,5.882659999999987,-0.0003314599999999999,0.38821754346050413,1.7399446527882567,-140.7216069663852,-9.207800087109087,-22.57827004749887,135.3407050571219,1,1,1,1,1,0,2,1,1,0,1
2700000.0,101,-61.213658,-144.324766,-171.0897,4.999519,102,-61.213779,-144.327357,176.777076,7.183762,139.773416,3,-1,1,7,-95.54035703021209,84.46191377938672,75.5493429697879,-92.31516222061327,12.133224000000041,0.001409776,-1.178243550809848,2.2332148105939673,-139.12045627466253,-13.494682887669669,21.376180263549465,129.34594743670795,1,0,1,1,1,0,2,0,0,1,1
2701000.0,101,-61.213679,-144.324704,141.896227,3.502949,102,-61.213795,-144.327333,172.07878,5.122695,138.980409,3,-1,1,7,-95.23647448999235,84.76582962399422,122.86729851000763,-87.31295037600577,30.18255300000004,-0.0020610669999999993,1.4556610521107876,2.3173658537700406,-138.40037428091887,-12.684261299297509,-39.55299244531953,113.00261195167228,1,1,1,1,0,2,2,0,1,1,1
2702000.0,101,-61.213732,-144.324714,177.867022,5.447347,102,-61.213822,-144.327311,168.604672,4.366249,140.303801,3,-1,1,7,-94.11746686956955,85.88480919959146,88.01551113043047,-82.71986280040854,9.262350000000083,-0.0007564460000000004,-0.659927941524339,-1.1633943411504513,-139.94166850965965,-10.074025500271894,62.37597246553112,116.88702253034779,1,0,1,1,1,1,2,1,0,0,1
2703000.0,101,-61.213824,-144.324697,175.608884,9.429721,102,-61.21387,-144.327304,171.455038,4.746318,142.0319,3,-1,1,7,-92.09965275979022,87.90263207514367,92.2914632402098,-83.55240592485633,4.15384599999993,0.00038006899999999975,0.01674726305983887,-4.708409517543268,-141.93654203197605,-5.203715366456608,1.0145502000195104,141.95417457445296,1,1,1,1,0,1,2,1,0,0,1
2704000.0,101,-61.213836,-144.324685,166.056294,2.789439,102,-61.214013,-144.327307,177.435308,9.098633,144.707163,3,-1,1,7,-97.98126463373116,82.02103334935315,95.96244136626882,-95.41427465064685,11.379013999999984,0.004352315,0.2650268619524722,6.382276753061161,-143.30546061723567,-20.092485679738285,-4.124771085840306,142.34881012501634,1,1,1,1,0,1,2,0,1,0,1
2705000.0,101,-61.213882,-144.324801,-137.85175,6.389319,102,-61.21408,-144.327343,-177.63983,8.460529,144.817215,3,-1,1,7,-99.18940219032807,80.81282567997454,38.66234780967194,-101.54734432002545,39.78807999999998,-0.0006381040000000002,-3.9391464810676413,3.716240553794133,-142.95860492270933,-23.127106150768988,20.561879374995222,117.24991969084118,1,0,1,1,1,2,2,0,0,1,1
2706000.0,101,-61.213918,-144.324786,-171.345765,4.166732,102,-61.214196,-144.327338,-179.151894,10.23186,143.579315,3,-1,1,7,-102.7480727629797,77.25416387321408,68.5976922370203,-103.59394212678592,7.8061289999999985,0.001771331,-0.47552427864221447,6.111447868820245,-140.04004805357158,-31.682876085080903,-3.4068107229800817,142.07591434226126,1,0,1,1,0,0,2,1,1,0,1
2707000.0,101,-61.213959,-144.324713,149.62892,5.219128,102,-61.214219,-144.327347,-177.993196,7.202397,143.0585,3,-1,1,7,-101.58557953207877,78.41672897180743,108.78550046792122,-103.59007502819259,32.377883999999995,-0.0030294629999999987,2.8909972954285434,2.6950778557459785,-140.14380134302687,-28.73063464972923,-35.22619893085633,76.48920576830263,1,1,1,1,0,2,2,0,1,1,1
2708000.0,101,-61.214019,-144.324718,174.863304,6.289334,102,-61.214181,-144.327342,-178.212452,2.729758,141.830015,3,-1,1,7,-97.30716258506571,82.6951371545288,87.8295334149343,-99.09241084547119,6.924244000000016,-0.004472639000000001,0.648248774133169,-3.535645978412235,-140.67814968210175,-18.0391617576983,-2.1088767286784287,141.62482349103337,1,0,1,1,1,0,2,1,1,0,1
2709000.0,101,-61.214034,-144.324625,123.501707,4.474571,102,-61.214176,-144.327329,173.53542,1.461093,143.146155,3,-1,1,7,-96.22505996730945,83.77730988646967,140.27323303269054,-89.75811011353032,50.03371299999992,-0.001268665,3.5667047798947302,-1.0179895366743146,-142.30211262660373,-15.521933941664871,-31.18338449400459,56.569253388559694,1,1,1,1,0,1,2,0,1,1,1
2710000.0,101,-61.214093,-144.324598,160.26967,6.25299,102,-61.214275,-144.327303,173.613396,5.221892,144.839029,3,-1,1,7,-97.95535234292883,82.04701838920707,101.77497765707119,-91.56637761079293,13.343725999999947,0.0037607990000000004,1.5301039029390981,-0.6964045698708228,-143.4451298348258,-20.045923484160497,-67.27914543522695,78.20401675296038,1,1,1,1,1,1,2,1,1,0,1
2711000.0,101,-61.214155,-144.324648,-168.881265,6.88647,102,-61.214355,-144.327311,177.866028,6.655054,147.453711,3,-1,1,7,-98.86595049300252,81.13638343063934,70.0153145069975,-96.72964456936066,13.252706999999958,0.0014331619999999993,-1.5758154433514848,-0.10676995009968593,-145.69187979483488,-22.72604341980602,92.51218894103397,12.848838627825968,1,0,1,1,1,1,2,1,0,1,1
2712000.0,101,-61.21418,-144.324673,-158.63621,3.679621,102,-61.214427,-144.327327,-179.014737,7.195563,147.412084,3,-1,1,7,-100.93994438481838,79.06238165220019,57.69626561518163,-101.92288134779983,20.37852699999999,0.0005405090000000001,-1.2167134735229834,3.767718788645385,-144.73311173356458,-27.975862402123738,4.800752317882976,146.33129741104378,1,0,1,1,1,2,2,0,0,0,1
2713000.0,101,-61.214263,-144.324697,-171.044768,8.421143,102,-61.214479,-144.327332,-178.619894,6.62495,146.169769,3,-1,1,7,-99.66223001180727,80.34007937462175,71.38253798819274,-101.04002662537823,7.575125999999983,-0.0005706129999999998,-1.1512954077232727,-1.6954633455961998,-144.0962521477639,-24.533069242991385,47.48131833906891,105.5014657389669,1,0,1,1,0,0,2,1,0,1,1
2714000.0,101,-61.214246,-144.324663,75.146939,0.976984,102,-61.214555,-144.327307,177.459738,7.367552,145.607047,3,-1,1,7,-103.64310027546405,76.35921699939956,-178.79003927546404,-101.10052100060042,102.31279900000004,0.0007426019999999998,0.6177991467520797,7.610753147103847,-141.49857553964233,-34.34479955265922,-7.1227478087872855,138.5298073822445,0,1,2,1,1,2,2,0,1,0,1
2715000.0,101,-61.214286,-144.324587,139.114786,4.85447,102,-61.214637,-144.327254,171.813869,8.11812,144.386681,3,-1,1,7,-105.28745961996343,74.71487781423252,115.59775438003658,-97.09899118576749,32.69908300000009,0.0007505679999999994,2.0215388387537105,4.365314150881767,-139.27757987739983,-38.06927098974017,-24.616873317049656,113.2599396252196,1,1,1,1,0,0,2,1,1,1,1
2716000.0,101,-61.214342,-144.32458,168.539532,5.968022,102,-61.214663,-144.327221,167.461955,6.202783,145.691916,3,-1,1,7,-104.16744548522364,75.83486916260749,87.29302251477634,-91.6270858373925,1.0775770000000193,-0.0019153369999999992,-0.16075186227885419,0.20582774398799497,-141.26063416513605,-35.659046860714746,210.49812424456297,133.33537903025527,1,0,1,1,1,1,2,1,0,0,1
2717000.0,101,-61.2144,-144.324482,146.994701,7.545618,102,-61.214747,-144.327173,166.516035,7.545661,146.999225,3,-1,1,7,-104.99258254221606,75.00977592875637,108.01271645778394,-91.50625907124362,19.521334000000024,0.0013428779999999998,2.3507772589562674,1.0097588514646203,-141.99527210729215,-38.027816789511924,-67.35160767472773,34.141511036878256,1,1,1,1,0,1,2,0,1,1,1
2718000.0,101,-61.214447,-144.324455,157.887957,5.845027,102,-61.214726,-144.327193,166.961773,3.674045,149.135178,3,-1,1,7,-101.94958649284717,78.05281317060187,100.1624565071528,-88.90895982939813,9.073815999999965,-0.003871616,1.3713106678940097,-1.835795276642461,-145.9034425189686,-30.87858122073783,-24.88054810756471,135.48546727585787,1,1,1,1,1,1,2,1,1,0,1
2719000.0,101,-61.214503,-144.324504,-168.257701,6.226329,102,-61.2148,-144.327184,172.328371,5.441575,148.355188,3,-1,1,7,-102.96174691497565,77.0406019170419,65.29595408502435,-95.2877690829581,19.41392799999994,0.0017675300000000002,-1.9935467912089102,-0.7031598153335645,-144.5751029203919,-33.27613892977118,68.92478885606828,16.796403540640398,1,0,1,1,1,2,2,0,0,1,1
2720000.0,101,-61.214514,-144.324515,-159.143164,2.199823,102,-61.214881,-144.327177,174.900647,6.815627,149.502985,3,-1,1,7,-105.97808431267777,74.02424874446879,53.16507968732225,-100.8763982555312,25.95618900000005,0.0013740519999999997,-1.3890057379343137,4.732976111298305,-143.72724472507466,-41.153634683326835,0.2051046439756689,149.49974223766006,1,0,1,1,1,1,2,0,0,0,1
2721000.0,101,-61.214503,-144.324515,-18.924251,0.704872,102,-61.2149,-144.327188,177.408135,4.966103,149.49337,3,-1,1,7,-107.14297388830114,72.8593688098814,-88.21872288830114,-104.54876619011858,163.66761399999996,-0.0018495239999999997,-0.453175451940224,5.627795059487228,-142.8517092326717,-44.06423542127013,-7.584070451197418,146.29515763065817,0,0,1,1,1,2,2,0,1,1,1
2722000.0,101,-61.214546,-144.324444,145.559405,4.732048,102,-61.214883,-144.327204,-176.748096,2.332374,149.450196,3,-1,1,7,-104.22983130167871,75.7725876461852,110.21076369832127,-107.4793163538148,37.692499000000026,-0.002633729,2.808522859411821,-1.5739631367202414,-144.86469008079035,-36.736666319019406,-29.93756742760981,103.57018222519346,1,1,1,1,0,2,2,1,1,1,1
2723000.0,101,-61.214659,-144.324459,179.124561,11.19109,102,-61.214912,-144.327197,179.518762,2.671961,149.40617,3,-1,1,7,-100.8639791444901,79.13842052348777,80.01145985550988,-100.38034147651224,0.3942010000000664,0.00033958699999999986,0.14854325162527188,-8.517916955419409,-146.7284229229099,-28.159785876753027,3.0043119801208147,147.19711834635999,1,0,1,1,1,2,2,1,0,0,1
2724000.0,101,-61.214702,-144.324449,175.758684,5.848192,102,-61.214886,-144.327203,-170.879938,0.535128,149.333168,3,-1,1,7,-97.90056041872812,82.10185327228503,86.34075558127188,-107.01820872771498,13.361377999999974,-0.0021368330000000003,0.5173365548977918,-5.303813067138225,-147.91571531384747,-20.526476271124828,1.1514898381724308,149.20977117688267,1,0,1,1,0,2,2,0,0,0,1
2725000.0,101,-61.214736,-144.324424,165.03272,4.276501,102,-61.214811,-144.327209,-3.092297,2.914374,149.071582,3,-1,1,7,-93.2022172506952,86.80022360919476,101.76506274930478,89.89252060919476,168.125017,0.0023792460000000002,1.2616953936837567,-7.041544646134287,-148.8388221142054,-8.327159878292436,-999,7130.014113531572,1,1,1,1,0,2,2,0,1,0,0
2726000.0,101,-61.2148,-144.324437,-178.338379,6.589928,102,-61.214867,-144.327197,171.082837,0.619836,148.72172,3,-1,1,7,-92.88723644334934,87.11518250721643,85.45114255665067,-83.96765449278358,10.578783999999956,-0.002294538,-0.2871646146674306,-5.97481264631957,-148.53293306428483,-7.491181153802308,2.4747467163193524,148.0021656845778,1,0,1,1,1,2,2,1,0,1,1
2727000.0,101,-61.214845,-144.324445,-175.845269,5.319602,102,-61.214878,-144.327189,166.858835,0.902327,148.315876,3,-1,1,7,-91.43188120721848,88.57052372095158,84.41338779278152,-78.28831127904841,17.295896,0.00028249099999999995,-0.5905512056184874,-4.426924600467087,-148.26956291024484,-3.7061824094781497,5.361482559747963,146.47909718917907,1,0,1,1,1,2,2,0,0,1,1
2728000.0,101,-61.214866,-144.324383,140.344631,3.60405,102,-61.214873,-144.32718,133.350412,0.416391,148.306329,3,-1,1,7,-90.29901173327549,89.70343964612258,129.3563572667245,-43.64697235387743,6.994218999999987,-0.00048593599999999996,1.997203789700074,-2.4889117948668686,-148.30430942540096,-0.7739685466281236,-31.188774234897114,116.38288222730917,1,1,1,1,0,2,2,1,1,1,1
2729000.0,101,-61.214924,-144.324423,-171.433457,5.963941,102,-61.21492,-144.327169,170.017119,2.255404,148.502451,3,-1,1,7,-89.82787821112258,90.17452847161988,81.60557878887742,-79.84259052838013,18.549424000000016,0.001839013,-1.2793595561603308,-3.676148215667279,-148.50178091524614,0.4461143436849304,12.503563112430072,140.39808561487126,1,0,1,1,1,2,2,0,0,0,1
2730000.0,101,-61.214955,-144.324373,156.899108,4.218467,102,-61.214965,-144.327162,173.200787,3.32945,148.786478,3,-1,1,7,-90.42784824934698,89.5745961207678,112.673043750653,-83.6261908792322,16.301678999999922,0.0010740460000000002,1.2609469064159988,-0.5741764397634306,-148.78232974253373,-1.1110319655383312,-89.16646892301334,63.69731434866309,1,1,1,1,0,2,2,1,1,1,1
2731000.0,101,-61.214956,-144.324362,127.86515,1.155953,102,-61.214973,-144.327161,173.443359,2.369242,149.249822,3,-1,1,7,-90.72387485910885,89.27857827540188,141.41097514089114,-84.1647807245981,45.578209000000015,-0.0009602080000000002,0.642043065953156,1.644216000088636,-149.23791068331292,-1.885572038188524,-41.317510023091245,139.35684563676804,1,1,1,1,0,2,2,0,1,0,1
2732000.0,101,-61.215032,-144.324426,-162.963652,7.513001,102,-61.214943,-144.327154,116.24705,0.35871,147.751181,3,-1,1,7,-86.12516903450978,93.87722187370846,76.83848296549021,-22.369828126291537,80.789298,-0.0020105319999999998,-2.5228717869253874,-7.024686831616512,-147.4134307394628,9.984584343695493,10.554781921066516,147.1959848986958,1,0,1,0,1,0,2,0,0,0,1
2733000.0,101,-61.215115,-144.324406,179.075266,8.883074,102,-61.215034,-144.327144,174.680851,4.062165,146.399135,3,-1,1,7,-86.48550197638644,93.51689769841651,94.43923202361356,-81.16395330158348,4.3944150000000946,0.0037034550000000005,-0.23321286315080186,-4.837244668512429,-146.12380490674198,8.974428579282222,-0.4010313019390903,146.3864493025288,1,1,1,1,0,0,2,1,1,1,1
2734000.0,101,-61.215131,-144.324377,158.680956,3.16467,102,-61.215027,-144.327126,165.107698,2.256533,147.211221,3,-1,1,7,-85.50886131356063,94.49354800196889,115.81018268643936,-70.61414999803111,6.42674199999999,-0.0018056320000000002,0.5706145859464844,-0.7673755690015547,-146.75920250148033,11.527361772770634,-92.6744523220227,111.19290385980327,1,1,1,1,0,2,2,0,1,1,1
2735000.0,101,-61.215167,-144.324428,-156.985219,4.17961,102,-61.215116,-144.32713,176.574618,5.185907,149.093368,3,-1,1,7,-87.75642892061843,92.24593920401016,69.22879007938157,-84.32867879598983,26.440163000000013,0.002929374,-1.9439468241199378,1.3297122964814907,-148.97907826185894,5.8366618739083505,58.140828204311156,80.00864226615867,1,0,1,1,1,1,2,0,0,1,1
2736000.0,101,-61.215221,-144.324405,175.625157,5.654849,102,-61.21523,-144.327154,-178.563948,8.103502,150.934245,3,-1,1,7,-90.39075955403176,89.61164976486349,93.98408344596822,-91.82440223513652,5.810895000000045,0.0029175950000000003,0.6344424847442928,2.4625841398603843,-150.9307348146172,-1.0293697293588557,-15.284920294877358,145.9014111464553,1,1,1,1,0,1,2,1,1,0,1
2737000.0,101,-61.215271,-144.324435,-169.372983,5.695842,102,-61.215337,-144.327172,-177.249065,9.605167,149.577102,3,-1,1,7,-92.86811658240681,87.13428222118466,76.50486641759319,-95.61665277881536,7.876081999999997,0.001501664999999999,-0.5894031710896379,3.9959482708050063,-149.3897351459769,-7.484415523824625,3.6451618639334704,148.88319458029753,1,0,1,1,1,0,2,0,0,0,1
2738000.0,101,-61.215286,-144.324407,161.207325,2.481822,102,-61.215348,-144.327179,-176.215612,6.337066,148.010533,3,-1,1,7,-92.66068575844682,87.34174372063657,106.13198924155319,-96.44264427936344,22.577063000000038,-0.003268101,1.2177648566930106,3.9737307694411594,-147.85097209688644,-6.870802642326211,-12.364921518381594,139.3568792071309,1,1,1,1,0,0,2,0,1,1,1
2739000.0,101,-61.215345,-144.324403,176.454385,5.895359,102,-61.215373,-144.327167,-179.173136,4.973985,147.289437,3,-1,1,7,-91.20642854651236,88.79599392197059,92.33918645348763,-92.03087007802941,4.3724789999999985,-0.0013630810000000001,0.43636724097595997,-0.9106075243601754,-147.25678697594023,-3.1011193623471986,-59.68308726924861,134.1379437214212,1,1,1,1,1,2,2,1,1,1,1
2740000.0,101,-61.21543,-144.324378,173.091469,8.955818,102,-61.215374,-144.327153,176.413301,3.066893,148.626045,3,-1,1,7,-87.60138322534235,92.40104888486023,99.30714777465766,-84.01225211513976,3.321832000000086,-0.001907092,0.8853862249814293,-5.829907965738296,-148.4958249177976,6.220227835444255,-4.785918382772676,145.87862464104367,1,1,1,1,0,1,2,1,1,0,1
2741000.0,101,-61.215478,-144.324377,176.817832,5.948099,102,-61.215453,-144.32716,-179.94245,5.307651,150.319547,3,-1,1,7,-88.93244200551453,91.06999711766608,94.24972599448546,-88.98755288233394,3.239718000000039,0.002240758,0.33551469884387475,-0.6312792381018637,-150.29345480667368,2.800652166826167,-100.97995999042118,131.4018053727538,1,1,1,1,1,1,2,1,1,1,1
2742000.0,101,-61.215488,-144.324343,143.215091,2.371664,102,-61.215558,-144.327163,-179.623374,7.766177,149.213728,3,-1,1,7,-92.95228430637145,87.05018724637591,123.83262469362853,-93.32643875362407,37.16153499999996,0.002458526,1.4712320027527457,5.866569325267939,-149.01568760440242,-7.685146156393847,-7.817607255463184,142.71531438769009,1,1,1,1,0,0,2,0,1,0,1
2743000.0,101,-61.215562,-144.324366,-176.099115,7.22727,102,-61.215649,-144.327153,179.074593,8.694314,147.964679,3,-1,1,7,-93.71048573423282,86.29195689826471,82.3886292657672,-92.78263610173528,4.826291999999938,0.0009281370000000004,-0.6320954745288622,1.4826539275908477,-147.6545141770178,-9.575524775273914,30.73927512472544,139.58203400521052,1,0,1,1,1,0,2,1,0,1,1
2744000.0,101,-61.215577,-144.324353,172.019036,2.543197,102,-61.215664,-144.327132,175.514906,5.982897,147.172886,3,-1,1,7,-93.72113204045361,86.28130358074719,94.25983195954637,-89.2336024192528,3.495869999999968,-0.002711417,-0.11475310523350529,3.4460114077378137,-146.86260866822212,-9.551573102565166,-1.3577119570309155,147.09914329246897,1,1,1,1,0,2,2,1,1,0,1
2745000.0,101,-61.215598,-144.324342,168.193288,2.490967,102,-61.215638,-144.327115,166.571664,2.628252,148.496617,3,-1,1,7,-91.71712025749409,88.28531010511551,100.08959174250595,-78.28635389488448,1.6216239999998834,-0.0033546450000000007,-0.10067769431343954,0.11813193199569128,-148.42993475436705,-4.449688669898994,556.454251229098,116.0388771247089,1,1,1,1,0,1,2,1,0,1,1
2746000.0,101,-61.215657,-144.324328,172.991041,5.861737,102,-61.215713,-144.32711,174.077109,4.817293,150.225365,3,-1,1,7,-92.39504208471438,87.60739616727746,94.61391691528564,-86.46971283272255,1.0860680000000684,0.0021890410000000005,0.21817960948894483,-1.0263560301020167,-150.09413562339773,-6.2777974519981985,-23.615564247785166,148.11923972307713,1,1,1,1,1,1,2,1,1,0,1
2747000.0,101,-61.215686,-144.324346,-172.096082,3.699234,102,-61.215773,-144.327105,175.666531,5.535161,149.037143,3,-1,1,7,-93.748025349228,86.25439274575818,78.348056650772,-89.41213825424181,12.23738700000004,0.0007178680000000002,-0.9269335815352753,1.8552453809693343,-148.7183788874371,-9.742370075866893,28.146113401205575,137.39324494895862,1,0,1,1,1,0,2,0,0,1,1
2748000.0,101,-61.215758,-144.324295,166.046805,7.553798,102,-61.215826,-144.327093,175.041654,5.681973,148.503784,3,-1,1,7,-92.8906298728502,87.11182240476586,101.06256512714981,-87.92983159523413,8.994849000000045,0.00014681199999999972,1.3303397363554925,-1.6701983965412976,-148.31483042509353,-7.488987801726124,-37.83476452023353,120.81457525733843,1,1,1,1,0,2,2,1,1,1,1
2749000.0,101,-61.215805,-144.324312,-178.497924,5.617996,102,-61.215856,-144.327067,170.724772,4.855996,147.402387,3,-1,1,7,-92.2028694532172,87.79954513835675,86.29505454678281,-82.92522686164325,10.777303999999958,-0.000825977,-0.9299410058874895,-0.8235592694441847,-147.29345555142115,-5.665831361706451,95.43615186735373,93.52187104897207,1,0,1,1,1,0,2,0,0,1,1
2750000.0,101,-61.215852,-144.324342,-167.204942,5.391229,102,-61.215865,-144.327049,165.649627,3.442047,147.331566,3,-1,1,7,-90.57260834296493,89.42976418011351,76.63233365703506,-76.2198628198865,27.145431000000002,-0.001413949,-2.0470794998585493,-1.9227075387012995,-147.32420846608414,-1.4723925611539304,38.92129257429521,99.79169342319757,1,0,1,1,1,2,2,0,0,0,1
2751000.0,101,-61.215869,-144.324262,131.924357,3.689418,102,-61.215886,-144.327037,165.095596,3.021093,147.240246,3,-1,1,7,-90.73013475127662,89.27229737016128,137.34550824872338,-75.82329862983872,33.171239000000014,-0.0004209540000000001,1.9679822488810805,0.45437167750437135,-147.22829094892876,-1.8762692765425908,-81.18311728766129,37.18857994638603,1,1,1,1,0,2,2,0,1,1,1
2752000.0,101,-61.215896,-144.324346,-139.768445,3.824097,102,-61.215907,-144.32703,166.678192,2.791669,145.949953,3,-1,1,7,-90.48883558413068,89.51351678168356,49.27960941586933,-77.16467521831643,53.55336300000002,-0.00022942399999999986,-3.1131577897475537,-0.20292162449683993,-145.94464107800164,-1.2451993075344263,45.93967432457947,8.591018852745705,1,0,1,1,1,0,2,0,0,1,1
2753000.0,101,-61.215929,-144.324353,-164.933719,3.644357,102,-61.2159,-144.327025,158.613175,1.447295,145.669903,3,-1,1,7,-88.7099364709515,91.29240537792538,76.22378252904849,-67.32076962207464,36.45310600000005,-0.0013443740000000002,-1.475075060593633,-2.1714512207175733,-145.63297987776184,3.2796054568844637,31.38315010931293,122.3531266058658,1,0,1,1,0,2,2,1,0,0,1
2754000.0,101,-61.215999,-144.324302,166.65386,7.300463,102,-61.215907,-144.327021,158.909317,1.178184,145.406,3,-1,1,7,-85.98159068954674,94.02079235308679,107.36454931045324,-64.8885246469132,7.7445430000000215,-0.0002691110000000001,1.261226661185178,-6.00404169748817,-145.048531824576,10.189614886489545,-6.802455310300798,139.86921068093932,1,1,1,1,0,2,2,1,1,0,1
2755000.0,101,-61.216054,-144.324392,-154.738895,6.97907,102,-61.215861,-144.327003,24.510616,1.450485,145.016269,3,-1,1,7,-81.27362323603246,98.72866515108005,73.46527176396755,74.21804915108005,179.24951100000004,0.00027230100000000013,-3.5800273451375877,-7.631452346270329,-143.3375820490175,22.00126921387808,-999,8463.123614110656,1,0,1,1,1,2,2,0,1,0,0
2756000.0,101,-61.21613,-144.324413,-168.415796,8.343676,102,-61.215848,-144.326989,25.641693,1.492327,144.59143,3,-1,1,7,-77.19254509872229,102.80971261358695,91.22325090127771,77.16801961358695,165.94251100000002,4.1841999999999936e-05,-2.3212680488589577,-9.51908018106353,-140.9940703811436,32.05235945764408,-999,9791.551508067729,1,1,1,1,0,2,2,1,1,0,0
2757000.0,101,-61.216146,-144.324355,147.197688,3.251782,102,-61.215838,-144.326975,28.4951,1.434042,144.56678,3,-1,1,7,-76.28115798212724,103.72113829348467,136.52115401787276,75.22603829348466,118.70258799999999,-5.828499999999992e-05,1.0774693802996669,-3.993587432512785,-140.4424606440923,34.285115251388326,-999,4064.537922289712,1,1,1,1,0,2,2,1,1,1,0
2758000.0,101,-61.216217,-144.324297,158.713024,7.620149,102,-61.215936,-144.326999,179.290217,3.488902,144.751644,3,-1,1,7,-77.81353314055472,102.18883500525136,123.4734428594453,-77.10138199474865,20.577192999999966,0.0020548599999999995,2.723195013124041,-3.6116207046218736,-141.48977882380768,30.556192974464526,-22.192006115342114,95.02437944679068,1,1,1,1,1,2,2,1,1,1,1
2759000.0,101,-61.21621,-144.324277,109.582875,1.629173,102,-61.215964,-144.327005,-178.552795,3.35192,145.027765,3,-1,1,7,-79.39380879037495,100.60858214309015,171.02331620962505,-80.83862285690986,71.86433,-0.00013698200000000015,1.6195932855833548,2.8048009180310607,-142.5500332442104,26.69345693179765,-20.930190013144337,138.19579463296708,1,1,2,1,0,2,2,0,1,0,1
2760000.0,101,-61.216271,-144.324341,-160.365978,6.055346,102,-61.216014,-144.327027,-174.18991,4.242113,145.486001,3,-1,1,7,-78.76220492113208,101.24014920307769,81.60377307886793,-84.56994079692231,13.823931999999985,0.0008901930000000001,-1.6052268091161663,-1.4829558312680158,-142.69657106392222,28.352514766260054,35.60909344302334,117.91187530450895,1,0,1,1,1,2,2,1,0,1,1
2761000.0,101,-61.216325,-144.324433,-145.391688,7.264278,102,-61.216022,-144.32703,-173.324401,2.924389,144.677934,3,-1,1,7,-76.38040486903371,103.62187125231807,69.01128313096628,-83.05372774768193,27.932713000000007,-0.0013177239999999997,-3.7858885741461448,-3.0743305678901525,-140.60966648663515,34.067965554543875,15.501186877442244,115.71644140455706,1,0,1,1,1,2,2,0,0,1,1
2762000.0,101,-61.216383,-144.324503,-148.988198,7.489182,102,-61.216114,-144.327055,-173.439501,5.843879,143.684413,3,-1,1,7,-77.6531427033594,102.34909397970353,71.3350552966406,-84.21140502029647,24.451302999999996,0.0029194900000000003,-3.1908596675674965,-0.613075324907288,-140.36114030188003,30.72394558500782,38.36275745303508,57.13634997605869,1,0,1,1,0,2,2,1,0,1,1
2763000.0,101,-61.216426,-144.324437,164.067402,5.294194,102,-61.216121,-144.327045,-175.870286,3.831666,144.836962,3,-1,1,7,-76.34948971876669,103.65279604580273,119.58310828123331,-80.47691795419729,20.06231199999999,-0.0020122130000000005,1.729226203298264,-1.26910170992321,-140.74579991579006,34.18135994155049,-59.2297632734085,56.113217211011154,1,1,1,1,0,1,2,1,1,1,1
2764000.0,101,-61.216462,-144.324356,139.489547,5.452023,102,-61.216195,-144.327073,-172.954046,5.61094,145.981401,3,-1,1,7,-78.46610792459428,101.53627337370222,142.04434507540572,-85.50968062629778,47.55640699999998,0.0017792740000000004,4.22983004131847,1.4234619079916175,-143.033540382957,29.188623870265094,-31.102877289572074,74.35298764871726,1,1,1,1,0,1,2,0,1,0,1
2765000.0,101,-61.216489,-144.324408,-162.468425,3.365553,102,-61.216263,-144.327127,-167.403987,6.467993,148.269032,3,-1,1,7,-80.20711329559764,99.79526975664768,82.26131170440236,-92.80074324335231,4.9355620000000044,0.0008570529999999997,0.3966996859382781,3.103094218364355,-146.10860726656193,25.218658426700497,2.1244637121994185,148.1271263905322,1,0,1,1,1,1,2,1,0,0,1
2766000.0,101,-61.216529,-144.324546,-127.106823,7.012043,102,-61.216306,-144.327178,-162.260998,6.047834,147.887358,3,-1,1,7,-80.02140240337727,99.98090439910499,47.08542059662274,-97.75809760089498,35.15417499999998,-0.000420159,-3.749526061497051,1.5298991890229638,-145.6501992770628,25.62596547980306,46.25629416410819,53.00926927608812,1,0,1,1,1,2,2,0,0,1,1
2767000.0,101,-61.216543,-144.32458,-124.923988,3.534777,102,-61.21638,-144.327214,-164.419977,6.973249,145.286114,3,-1,1,7,-82.67759422916089,97.32471432716694,42.246393770839106,-98.25530867283305,39.49598899999998,0.0009254150000000001,-1.025304016421602,4.6934041861408735,-144.10125889511238,18.51707606683067,14.138943081131606,138.15303678172987,1,0,1,1,1,0,2,0,0,0,1
2768000.0,101,-61.216635,-144.324583,-174.005767,8.911674,102,-61.216511,-144.327208,-173.264007,9.838583,140.522285,3,-1,1,7,-84.39801643833384,95.60428423225156,89.60775056166615,-91.13170876774848,0.7417599999999993,0.0028653339999999998,0.2233813470208058,0.9077202166643019,-139.85115353136464,13.717413661762297,-21.218858981649188,139.07772394181154,1,0,1,1,0,0,2,1,1,0,1
2769000.0,101,-61.216673,-144.324617,-162.492355,5.232838,102,-61.216676,-144.327168,-179.691916,13.177921,137.887675,3,-1,1,7,-90.14105650443096,89.86117931144385,72.35129849556904,-90.44690468855617,17.19956099999999,0.003339338,-1.5033522282246663,8.187294195944894,-137.88725713480096,-0.33946538396659653,3.0384833787603647,135.68314594277606,1,0,1,1,1,0,2,0,0,1,1
2770000.0,101,-61.216715,-144.324515,143.887725,5.927562,102,-61.216811,-144.327149,178.756955,13.898347,141.136282,3,-1,1,7,-94.32984814754126,85.67246041538189,121.78242685245874,-93.08449458461811,34.86923000000007,0.0007204259999999998,3.192019783905933,9.106414478605641,-140.73347032382114,-10.655535059192482,-6.600729223296334,129.4800013632963,1,1,1,1,0,1,2,0,1,1,1
2771000.0,101,-61.216733,-144.324494,143.710073,3.035153,102,-61.216839,-144.327179,-177.972609,9.67651,146.07526,3,-1,1,7,-94.68845043398672,85.31390282836057,121.60147656601328,-96.71348817163943,38.31731800000003,-0.004221836999999999,2.138748958371649,7.224021277229564,-145.5864751719627,-11.939842171113025,-7.570736792067206,136.27409940670026,1,1,1,1,2,1,2,0,1,0,1
2772000.0,101,-61.216713,-144.324489,24.722881,1.67309,102,-61.217027,-144.32721,-176.860248,14.092091,153.460628,3,-1,1,7,-103.47889924136504,76.52348557508122,-128.20178024136504,-106.61626642491876,158.41687099999996,0.004415580999999999,1.4715823846555198,15.590674131435245,-149.23368194128474,-35.76971512888867,-3.9759666518255448,145.7600861761766,0,1,1,1,1,1,2,0,1,0,1
2773000.0,101,-61.216697,-144.32444,50.773968,2.650929,102,-61.217215,-144.327232,-176.920275,16.734634,159.412168,3,-1,1,7,-111.07396716103962,68.92847988517636,-161.84793516103963,-114.15124511482364,132.30575699999997,0.002642543,2.9526373106693855,18.386862915487388,-148.75020495928337,-57.32029161676881,-5.586045980525521,139.82857772464467,0,1,2,1,1,1,2,1,1,1,1
2774000.0,101,-61.216726,-144.32443,157.651628,2.630526,102,-61.217418,-144.32717,178.646109,18.989193,161.241266,3,-1,1,7,-117.67932190971561,62.32307956378866,84.66905009028437,-116.32302943621133,20.994481000000064,0.0022545590000000006,0.5515535318220584,16.550947100760457,-142.78902995963367,-74.90019215242101,-4.8653946177642595,140.21844412488986,1,0,1,1,0,1,2,1,1,0,1
2775000.0,101,-61.216744,-144.324441,-175.165747,2.076067,102,-61.217494,-144.327187,179.934421,15.015799,164.649001,3,-1,1,7,-119.56512557951586,60.437281153778656,55.600621420484146,-119.49713984622133,4.89983200000006,-0.003973394000000001,-0.19214417680227855,12.94710744831739,-143.2109466029626,-81.239881236874,-6.11273487885897,144.40070961084896,1,0,1,1,1,1,2,1,1,0,1
2776000.0,101,-61.21674,-144.324492,-87.431486,2.007846,102,-61.21753,-144.32719,-179.830576,10.864508,165.024324,3,-1,1,7,-121.3062225941827,58.69614206985752,-33.87473659418269,-121.47328193014246,92.39909,-0.004151290999999999,-1.9737024370500675,10.954440137048753,-140.9971789538193,-85.7486037129564,-6.550487514959489,154.56049749570894,0,0,1,1,1,2,2,0,1,0,1
2777000.0,101,-61.216742,-144.324543,-94.034114,2.525814,102,-61.21748,-144.327237,-169.92864,4.727404,164.831906,3,-1,1,7,-119.63864529407047,60.363715863627824,-25.60453129407047,-129.70764413637218,75.89452600000001,-0.006137104000000001,-1.6928530648355968,4.476866033037235,-143.2655588766294,-81.51402870279368,-9.737382266612302,164.18865891383706,0,0,1,1,0,2,2,1,1,0,1
2778000.0,101,-61.216751,-144.324485,119.732855,1.754858,102,-61.217571,-144.327122,168.319298,6.849341,164.799945,3,-1,1,7,-122.85657246025448,57.14573874083774,117.41057253974552,-111.17355925916226,48.58644300000003,0.002121937,0.13712590103459243,5.837164829458743,-138.43711604654234,-89.41021626592342,-18.56141725827268,137.20482806015983,1,1,1,1,0,2,2,1,1,1,1
2779000.0,101,-61.216723,-144.324482,11.930143,2.538418,102,-61.217472,-144.327197,-89.362446,0.324613,164.767067,3,-1,1,7,-119.81208578145244,60.19029378146258,-131.74222878145244,149.55273978146258,101.29258899999996,-0.006524728,0.8493319947641753,2.4799770727565824,-142.96189287706054,-81.91509966294586,-414.80930263598754,969.6710108198326,0,1,1,1,1,2,2,0,1,0,0
2780000.0,101,-61.216756,-144.32445,153.122836,3.084764,102,-61.217466,-144.327189,-19.853263,0.254509,164.688034,3,-1,1,7,-118.29769369406259,61.704706903890575,88.57947030593743,81.55796990389058,172.97609899999998,-7.0104e-05,1.4809921709847467,-2.990923329170645,-145.00722700435097,-78.07081823123018,-999,3343.8415882662794,1,0,1,1,0,2,2,0,1,0,0
2781000.0,101,-61.216782,-144.324382,133.241948,4.146172,102,-61.21746,-144.327184,4.951389,0.421278,164.480733,3,-1,1,7,-116.6826935080456,63.31976230657462,110.07535849195438,58.36837330657462,128.29055899999997,0.000166769,2.983989809618396,-3.260168006056324,-146.96469727827966,-73.85993015242367,-999,4373.305730210484,1,1,1,1,0,2,2,1,1,0,0
2782000.0,101,-61.216806,-144.324354,144.582407,3.338878,102,-61.217469,-144.327165,111.328089,0.371449,164.19114,3,-1,1,7,-116.09920227632027,63.90326142676496,99.31839072367973,-47.42482757323504,33.25431800000001,-4.9829000000000014e-05,1.588975173000756,-2.585919292194598,-147.4491771099659,-72.23206091545158,-8.936961558235927,163.84547303323316,1,1,1,1,1,2,2,1,1,1,1
2783000.0,101,-61.216861,-144.324326,163.721522,5.763722,102,-61.217431,-144.327183,-2.831106,1.534048,163.778115,3,-1,1,7,-112.5083312240283,67.49417279600712,83.77014677597174,70.32527879600713,166.55262800000003,0.001162599,1.6913764920289467,-7.064833785000813,-151.30213329540922,-62.69717229039479,-999,7284.755316141358,1,0,1,1,1,2,2,0,1,0,0
2784000.0,101,-61.216863,-144.324273,113.804442,2.7223,102,-61.217481,-144.327132,144.8414,1.411356,163.726157,3,-1,1,7,-114.17836510379429,65.82414066958125,132.0171928962057,-79.01725933041874,31.036958000000027,-0.000122692,1.6779918540450156,0.05510543660459488,-149.36325337823135,-67.0587281884984,-92.26075558508249,62.2137916605588,1,1,1,1,0,2,2,1,1,1,1
2785000.0,101,-61.216901,-144.324272,168.364435,3.791877,102,-61.217512,-144.327094,149.41204,2.363764,163.534113,3,-1,1,7,-114.21338347977736,65.7890898658749,77.42218152022264,-83.62295013412509,18.952394999999967,0.0009524080000000002,-0.438057961111434,-1.6791110417472472,-149.14709132827593,-67.0712402077946,78.87465115228362,131.92836611059684,1,0,1,1,1,2,2,1,0,0,1
2786000.0,101,-61.216942,-144.324283,-177.003429,4.436299,102,-61.21756,-144.32704,152.146982,3.70856,163.793896,3,-1,1,7,-114.96545377848888,65.03696259876479,62.03797522151113,-87.11001940123522,30.84958900000001,0.0013447959999999997,-1.964570504553736,-1.1513133633898422,-148.4893936838209,-69.1327731996197,80.7141335352228,25.841210309027304,1,0,1,1,1,2,2,0,0,1,1
2787000.0,101,-61.216991,-144.324223,156.915451,5.812875,102,-61.217523,-144.327054,117.199913,1.071556,164.341231,3,-1,1,7,-111.32132537345868,68.68115586143843,91.76322362654133,-48.51875713856157,39.71553799999998,-0.002637004,1.3261044607853083,-4.857617625716537,-153.09305348785568,-59.75413944121294,7.101099184407736,164.46125820570435,1,1,1,1,0,2,2,0,0,0,1
2788000.0,101,-61.217043,-144.324157,150.978748,6.517745,102,-61.217564,-144.327023,149.984651,2.346371,164.975299,3,-1,1,7,-110.68531506397174,69.3171968478484,98.33593693602825,-80.66745415215162,0.9940970000000107,0.001274815,1.9882498771724015,-3.667673247554685,-154.34009967979026,-58.275062513667116,-5.4145036832075695,163.4581667609397,1,1,1,1,0,2,2,1,1,1,1
2789000.0,101,-61.217087,-144.324092,145.575283,6.053185,102,-61.217601,-144.326991,154.230362,3.109838,163.896791,3,-1,1,7,-110.21691537104743,69.78562546459445,104.20780162895255,-84.44473653540557,8.655079,0.0007634669999999999,2.0699897564587095,-2.1925265112060863,-153.7992801341491,-56.63867521680935,-19.23264945758504,150.8509771408484,1,1,1,1,0,0,2,0,1,1,1
2790000.0,101,-61.217128,-144.324099,171.555552,4.673499,102,-61.21764,-144.326946,153.516882,3.78407,163.470481,3,-1,1,7,-110.48219429153035,69.52030096959375,77.96225370846963,-83.99658103040626,18.038670000000025,0.000674232,-1.0011405461103329,-1.235840622276755,-153.13603695859095,-57.20098201070005,112.78303455361755,91.4969714147925,1,0,1,1,1,2,2,0,0,1,1
2791000.0,101,-61.217164,-144.323992,133.680344,5.993741,102,-61.217676,-144.32691,153.98928,4.030988,163.461862,3,-1,1,7,-110.0239331589377,69.97862433120675,116.29572284106231,-84.01065566879326,20.308936000000017,0.000246918,2.5669515109478267,-0.5167860728433316,-153.5805389486297,-55.97140684988607,-48.7024517659298,86.02098699058513,1,1,1,1,0,2,2,0,1,1,1
2792000.0,101,-61.217201,-144.323913,134.151078,5.935876,102,-61.217669,-144.326905,146.896109,2.358904,163.319465,3,-1,1,7,-107.99835168240115,72.00427066570379,117.85057031759885,-74.89183833429621,12.74503100000004,-0.001672084,2.970688097883513,-2.1586399976695425,-155.32749326806535,-50.46402166836621,-23.049403943836303,132.61862519347395,1,1,1,1,0,2,2,1,1,0,1
2793000.0,101,-61.217245,-144.324003,-154.887508,5.304762,102,-61.217623,-144.326924,38.485014,0.915811,163.141018,3,-1,1,7,-105.04498014115033,74.9575799786338,49.842527858849664,36.4725659786338,166.62747800000002,-0.0014430929999999997,-2.8212425567939636,-5.520206467377402,-157.54892603822236,-42.34769956301121,-999,6303.731062541881,1,0,1,1,1,2,2,0,1,0,0
2794000.0,101,-61.217311,-144.323947,167.790173,7.082331,102,-61.217653,-144.32691,143.222998,1.039384,162.918654,3,-1,1,7,-103.48204934905857,76.52054758308425,88.72777765094145,-66.70245041691574,24.56717500000002,0.00012357300000000003,0.8755779878544209,-6.089608866315731,-158.4291063837732,-37.98297081075674,3.0614768716983716,162.26629974124322,1,0,1,1,0,2,2,1,0,1,1
2795000.0,101,-61.217346,-144.323941,171.440089,4.428244,102,-61.217623,-144.32692,18.374267,0.79459,162.666239,3,-1,1,7,-100.93166195165915,79.07094900384689,87.62824904834088,60.69668200384689,153.06582199999997,-0.00024479400000000006,0.40864236947316096,-5.132996716709096,-159.71450842746614,-30.84770831322749,-999,5164.69412478439,1,0,1,1,1,2,2,0,1,0,0
2796000.0,101,-61.217377,-144.323936,174.258077,3.66332,102,-61.217621,-144.32692,17.390686,0.573498,162.367061,3,-1,1,7,-99.63973186744327,80.36288347060096,86.10219113255675,62.97219747060096,156.86739099999994,-0.00022109200000000007,0.19509677318966623,-4.192222566704318,-160.0744630876222,-27.188761740601585,-999,4215.3629790741625,1,0,1,1,1,2,2,0,1,1,0
2797000.0,101,-61.217423,-144.323938,179.588681,4.807964,102,-61.217617,-144.326918,17.230018,0.519984,162.000089,3,-1,1,7,-97.70145214700727,82.30115968581511,82.70986685299272,65.0711416858151,162.35866299999998,-5.351399999999995e-05,-0.11950822054607654,-5.304488945486129,-160.53881637240792,-21.709842785110467,-999,5328.2525809049475,1,0,1,1,1,2,2,0,1,0,0
2798000.0,101,-61.217496,-144.323936,179.401499,7.592074,102,-61.217662,-144.326901,166.07919,1.645222,162.018328,3,-1,1,7,-96.6338028889089,83.36879579862816,83.96469811109108,-82.71039420137186,13.322309000000018,0.001125238,-0.3165045423988398,-5.9947593414013,-160.93358014535954,-18.71687445896662,4.701009071187964,159.7263455414696,1,0,1,1,0,2,2,1,0,1,1
2799000.0,101,-61.217511,-144.323918,165.007269,2.778093,102,-61.217659,-144.326894,155.090091,0.935064,162.232252,3,-1,1,7,-95.89831110133069,84.10429722722698,99.09441989866929,-70.98579377277302,9.917177999999922,-0.0007101579999999999,0.3248408221760321,-1.8354468720158204,-161.37336958518526,-16.671507961630496,-6.875769310904743,161.81312433335648,1,1,1,1,0,2,2,1,1,0,1
2800000.0,101,-61.217532,-144.323866,137.458169,3.293149,102,-61.217638,-144.32689,43.342774,0.479061,162.526194,3,-1,1,7,-94.16521004784481,85.83744035054791,128.37662095215518,42.49466635054791,94.11539499999998,-0.000456003,1.8977822364182808,-2.774741332909251,-162.0969238918264,-11.804702492357563,-999,3279.542928194437,1,1,1,1,0,2,2,0,1,0,0
2801000.0,101,-61.217613,-144.323816,162.039562,8.312669,102,-61.217699,-144.326871,166.677052,2.399644,161.946486,3,-1,1,7,-93.34740275064016,86.65527481973895,104.61303524935985,-80.02177718026105,4.637490000000071,0.001920583,2.0103237614473963,-5.572528273845371,-161.6701810458677,-9.456050356493941,-7.542296105106151,155.29098936586806,1,1,1,1,1,2,2,1,1,1,1
2802000.0,101,-61.217644,-144.323847,-173.560606,4.257882,102,-61.217755,-144.326845,167.96831,3.912659,161.640451,3,-1,1,7,-94.39854436954413,85.60408324392156,79.16206163045588,-82.36422675607844,18.47108400000002,0.0015130150000000001,-1.2931349361730426,-0.4043117144148436,-161.16437154030902,-12.396803842145664,117.99542926755338,36.33769234032377,1,0,1,1,1,2,2,0,0,1,1
2803000.0,101,-61.217665,-144.323745,124.398456,4.615434,102,-61.217852,-144.32681,169.92078,6.590546,162.731892,3,-1,1,7,-97.22313895976042,82.77954737762862,138.37840504023958,-87.14123262237139,45.522324000000026,0.002677887,2.6549179756824985,3.8813669482148585,-161.44045243008668,-20.460913788699205,-34.804959863230025,133.81331794338894,1,1,1,1,0,1,2,0,1,0,1
2804000.0,101,-61.217744,-144.323825,-165.588911,8.09021,102,-61.217896,-144.326793,169.609382,5.994267,163.220499,3,-1,1,7,-96.07276206627395,83.92983925657674,69.51614893372604,-85.67954274342327,24.80170700000002,-0.000596279,-3.0945844823662885,-1.9396845189427152,-162.30456249452223,-17.267318473657962,39.46581176735276,71.61392144267249,1,0,1,1,1,2,2,1,0,1,1
2805000.0,101,-61.217785,-144.323793,172.682726,5.144032,102,-61.217899,-144.326798,170.192017,3.841706,165.088085,3,-1,1,7,-94.5064512463028,85.4961825060004,92.81082275369721,-84.6958344939996,2.490709000000038,-0.002152561,0.0007403764529049228,-1.3165831690122212,-164.57771407477034,-12.971192654893756,10.035630579061063,164.58532147168413,1,1,1,1,0,1,2,1,0,0,1
2806000.0,101,-61.217781,-144.323734,99.163249,2.49244,102,-61.217917,-144.326813,176.476508,3.104207,165.538735,3,-1,1,7,-95.24289163971692,84.75980697060668,165.5938593602831,-91.71670102939332,77.31325899999996,-0.0007374989999999996,2.2698553326541546,2.701423032023533,-164.8461659583724,-15.126610797695818,-61.01954231828022,152.01252304040747,1,1,2,1,0,2,2,0,1,1,1
2807000.0,101,-61.21783,-144.323759,-176.894116,4.67523,102,-61.217951,-144.326814,178.047022,3.335603,163.34415,3,-1,1,7,-94.70397907681145,85.29869849951699,82.19013692318855,-92.74832350048301,5.058862000000033,0.0002313959999999997,-0.3669853113222165,-1.3346971528589018,-162.79395691128752,-13.39548179007985,40.3936559805812,153.417200895345,1,0,1,1,1,0,2,1,0,0,1
2808000.0,101,-61.21789,-144.323755,179.502495,6.354767,102,-61.218008,-144.326804,176.812253,4.485024,162.911097,3,-1,1,7,-94.59688136111507,85.4057909578901,85.9006236388849,-91.4064620421099,2.6902419999998983,0.0011494210000000003,-0.19422474791941632,-1.87644321027574,-162.38705146593094,-13.056455948859421,15.826902998074976,160.17991883972704,1,0,1,1,0,2,2,1,0,0,1
2809000.0,101,-61.217906,-144.323758,-178.038617,2.548223,102,-61.217987,-144.326788,167.121333,1.942179,161.680574,3,-1,1,7,-93.1792397131042,86.82341595312215,84.85937728689579,-80.29791704687784,14.840049999999962,-0.0025428449999999997,-0.5201020142988287,-0.6534080225641272,-161.43173542943023,-8.966761132756963,136.80829389938816,120.90567202345346,1,0,1,1,1,0,2,0,0,1,1
2810000.0,101,-61.218022,-144.323755,179.634819,11.2148,102,-61.21813,-144.32675,172.490594,7.277629,161.610099,3,-1,1,7,-94.28446753645184,85.71815745709054,86.08071346354814,-86.77243654290945,7.144225000000006,0.005335449999999999,-0.8796274180208392,-3.999360378481189,-161.15846714453747,-12.073631036802167,11.598889860368809,154.80674640303772,1,0,1,1,0,2,2,1,0,0,1
2811000.0,101,-61.218072,-144.323692,159.113576,6.941796,102,-61.218166,-144.326735,171.451682,6.065906,161.443954,3,-1,1,7,-93.67228450004137,86.33038256449598,107.21413949995863,-85.12129943550403,12.338106000000039,-0.001211723,1.5732088255410006,-0.4871244562960806,-161.11246395797312,-10.340417812880009,-85.75557268995972,58.329831009257546,1,1,1,1,0,2,2,0,1,1,1
2812000.0,101,-61.21808,-144.323717,-171.480392,1.825742,102,-61.218124,-144.326727,159.159811,2.099733,161.291432,3,-1,1,7,-91.74032102609893,88.26231711507356,79.74007097390107,-70.89749388492643,29.359797000000015,-0.003966173,-1.0174862347108915,0.1567654903264717,-161.21703397932504,-4.898366209234904,151.81803036712319,29.480020922504487,1,0,1,1,1,2,2,0,0,1,1
2813000.0,101,-61.218093,-144.323765,-127.908619,2.429855,102,-61.218175,-144.326719,169.212556,3.459488,159.956062,3,-1,1,7,-93.30096504929634,86.7016240107809,34.607653950703664,-82.5109319892191,62.87882500000006,0.0013597549999999998,-2.564634049639067,1.9054405568957395,-159.69067040466072,-9.210404782519639,46.092594350047634,105.53100312722206,1,0,1,1,1,0,2,0,0,0,1
2814000.0,101,-61.218139,-144.323745,177.37002,4.576725,102,-61.218131,-144.326715,114.54666,0.560115,159.58618,3,-1,1,7,-89.68076559684708,90.32183748669813,92.9492144031529,-24.224822513301874,62.82336000000009,-0.002899373,-0.29948743147724266,-4.339213421847289,-159.58370293004654,0.8891603494669321,5.993652203333138,160.06470689396645,1,1,1,1,0,2,2,1,0,0,1
2815000.0,101,-61.218204,-144.323799,-163.337899,7.027638,102,-61.218179,-144.326715,170.805009,2.202338,159.215905,3,-1,1,7,-88.98114885121313,91.02140690491645,74.35675014878686,-79.78360209508357,25.857091999999966,0.001642223,-2.3669351669245184,-4.558525607511447,-159.19073279707436,2.8310769151496658,13.321450887216786,142.6062023458892,1,0,1,1,1,2,2,1,0,1,1
2816000.0,101,-61.218272,-144.323806,-173.700307,7.492529,102,-61.218227,-144.326718,176.643086,3.377657,158.823276,3,-1,1,7,-88.16295493803405,91.83959731375991,85.53735206196596,-84.8034886862401,9.656606999999951,0.001175319,-1.0199286337059412,-4.0754242632256314,-158.7416475963518,5.091396445753015,7.938414024130688,155.22874698406068,1,0,1,1,0,2,2,1,0,0,1
2817000.0,101,-61.218281,-144.323805,-173.829148,2.066967,102,-61.218167,-144.326704,36.816295,0.598399,158.81947,3,-1,1,7,-85.33206798076185,94.67047287629705,88.49708001923815,57.85417787629706,149.35455700000003,-0.002779258,-0.5807770813755578,-2.5340454208070256,-158.29268027538146,12.92483741935513,-999,2624.62266422404,1,0,1,1,0,2,2,0,1,0,0
2818000.0,101,-61.218341,-144.323819,-174.183169,6.03437,102,-61.218165,-144.326701,37.70459,0.490338,159.015322,3,-1,1,7,-82.77264603354715,97.2298799245684,91.41052296645285,59.52528992456839,148.112241,-0.00010806100000000002,-0.9114606468070433,-6.391241849919743,-157.75190584099863,20.005220176153678,-999,6453.87666716388,1,1,1,1,0,2,2,1,1,0,0
2819000.0,101,-61.218395,-144.323766,162.521845,6.295169,102,-61.218138,-144.32669,16.212364,1.447792,159.29502,3,-1,1,7,-79.65583245478635,100.34673031497441,117.82232254521364,84.13436631497441,146.309481,0.000957454,1.486483534681468,-7.394749003403259,-156.7059841040904,28.60311071839856,-999,7477.671800327866,1,1,1,1,0,2,2,1,1,0,0
2820000.0,101,-61.218426,-144.323765,171.312485,3.842926,102,-61.218154,-144.326686,64.652603,0.368805,158.704293,3,-1,1,7,-79.05521303419877,100.94734710674126,109.63230196580122,36.29474410674126,106.65988200000004,-0.001078987,0.24715670097164966,-3.9567229201356944,-155.81755722539276,30.132067253032982,-999,3923.6916631726713,1,1,1,1,1,2,2,1,1,1,0
2821000.0,101,-61.218476,-144.323809,-163.879332,5.530705,102,-61.218224,-144.32669,176.932638,2.860534,158.390994,3,-1,1,7,-79.7045853377351,100.29793974635214,84.17474666226491,-76.63469825364785,19.188029999999998,0.002491729,-1.688729419863573,-2.4567967138438007,-155.84079512193617,28.30818885182794,20.59303026038319,144.50623220232634,1,0,1,1,1,2,2,1,0,1,1
2822000.0,101,-61.218531,-144.323812,-174.717756,6.00741,102,-61.218278,-144.326694,179.268227,4.099661,159.481368,3,-1,1,7,-79.66809693756578,100.33442902417207,95.04965906243423,-78.93379797582793,6.014016999999967,0.0012391270000000002,-0.6054130476958133,-1.8825715522597903,-156.8954295980275,28.60298778802349,10.394751073170513,158.1188902581699,1,1,1,1,0,1,2,1,0,0,1
2823000.0,101,-61.218548,-144.323779,156.771137,2.85059,102,-61.218362,-144.326708,-177.939798,6.082537,159.704254,3,-1,1,7,-82.48771607847807,97.5148510781612,120.74114692152193,-84.5453509218388,25.28906500000005,0.001982876,1.3429511318843637,3.4590933075930033,-158.33348914157716,20.87953452427957,-10.820822206446714,155.17391751789003,1,1,1,1,0,2,2,0,1,1,1
2824000.0,101,-61.218617,-144.323785,179.22804,6.784141,102,-61.218377,-144.326695,178.903396,4.411253,158.094928,3,-1,1,7,-80.2810511059917,99.72149939900046,100.49090889400833,-79.18189660099952,0.3246440000000348,-0.001671284,0.006978257202329349,-2.3730801813579907,-155.82590094384108,26.688852623621944,-11.442516839446139,155.7467467453492,1,1,1,1,1,0,2,1,1,0,1
2825000.0,101,-61.218696,-144.323825,-169.911685,8.679839,102,-61.218413,-144.326678,175.39987,4.279011,157.587722,3,-1,1,7,-78.35988976256952,101.64261078538104,91.55179523743048,-73.75725921461895,14.68844500000003,-0.00013224200000000065,-1.8635939245375646,-4.280412343519137,-154.34681133403822,31.79547068631157,6.81098295239703,154.20974111764235,1,1,1,1,1,2,2,0,0,1,1
2826000.0,101,-61.218711,-144.323794,164.28052,2.850265,102,-61.218472,-144.326675,176.78297,5.159161,158.901076,3,-1,1,7,-80.22517044165642,99.77735464827445,115.49430955834359,-77.00561535172555,12.502449999999953,0.0008801500000000004,0.482692660561128,2.407366620625994,-156.59424196498665,26.977682208984948,-1.8403026598958812,158.8420614043906,1,1,1,1,0,1,2,1,1,0,1
2827000.0,101,-61.218742,-144.323815,-169.870033,3.415387,102,-61.218506,-144.32667,176.431917,4.615669,159.309942,3,-1,1,7,-80.25928193322797,99.74322036936596,89.61075106677204,-76.68869663063404,13.698049999999995,-0.0005434920000000006,-0.8879578912849047,1.2445761227311398,-157.01324716163464,26.953623797233583,75.88215743966688,112.19916461944969,1,0,1,1,1,2,2,0,0,1,1
2828000.0,101,-61.218774,-144.323699,129.49596,5.576669,102,-61.218627,-144.326701,-177.515014,8.045355,161.270496,3,-1,1,7,-84.1940533653707,95.80857777919768,146.3099866346293,-86.67640822080233,52.989026000000024,0.0034296860000000012,4.652172216565553,4.490895021737192,-160.44321302926582,16.314051395396653,-20.57358176496273,126.52093113041711,1,1,1,1,0,1,2,0,1,0,1
2829000.0,101,-61.218826,-144.323684,161.71147,5.678016,102,-61.218663,-144.326736,-172.664775,6.528424,162.402149,3,-1,1,7,-83.67157598225793,96.33109898668617,114.61695401774207,-91.00412601331385,25.623755000000045,-0.0015169310000000004,2.6152875372377924,1.083786418020412,-161.41253441326583,17.90116571915014,-51.94056057887876,78.47723389528497,1,1,1,1,1,1,2,1,1,1,1
2830000.0,101,-61.218845,-144.323819,-119.928666,5.440451,102,-61.218787,-144.326772,-172.716763,9.348384,159.92205,3,-1,1,7,-87.66525055274948,92.33733764796017,32.26341544725052,-94.94589935203987,52.788096999999965,0.002819959999999999,-3.5298160182270477,6.55859984021181,-159.78929418462852,6.514870695627561,16.016400206093014,142.72238190293135,1,0,1,1,1,0,2,0,0,0,1
2831000.0,101,-61.218911,-144.323855,-157.496002,7.079117,102,-61.218956,-144.326762,-177.176623,12.895122,155.426407,3,-1,1,7,-91.84279483495402,88.1597530512313,65.65320716504598,-94.6636239487687,19.680621000000002,0.003546738000000001,-2.0743384628596555,6.339406655839781,-155.34602365372857,-4.9980924266027085,7.064633964900328,149.2398604745519,1,0,1,1,0,0,2,1,0,0,1
2832000.0,101,-61.218978,-144.323877,-167.793435,7.522013,102,-61.219067,-144.326684,175.948108,12.720538,148.046092,3,-1,1,7,-93.76897016540764,86.23349007627054,74.02446483459235,-89.71461792372945,16.258456999999964,-0.00017458400000000117,-2.489262531528903,5.336789674320175,-147.72590000006565,-9.73158906053192,9.323539582874963,137.99821560668425,1,0,1,1,0,0,2,1,0,1,1
2833000.0,101,-61.219038,-144.32385,175.157538,6.767583,102,-61.219254,-144.326549,169.440844,16.136125,143.929778,3,-1,1,7,-99.43874440382294,80.56362118220865,85.4037175961771,-88.87722281779135,5.716693999999961,0.0034155870000000003,-2.3856602197718315,9.11945299415882,-141.981183576562,-23.603485025052677,1.3767524910596551,143.33259490971696,1,0,1,1,0,0,2,1,0,0,1
2834000.0,101,-61.219046,-144.323779,123.364561,3.464573,102,-61.219321,-144.326484,166.029594,12.960481,147.365035,3,-1,1,7,-101.92442786500126,78.0779429807881,134.71101113499873,-87.95165101921191,42.665032999999994,-0.003175644,-0.23535785182789892,10.671725812153328,-144.1850422134589,-30.448762576733696,-2.95750771732017,144.88538954313256,1,1,1,1,0,1,2,0,1,0,1
2835000.0,101,-61.21908,-144.323745,148.096249,4.068002,102,-61.21941,-144.326455,167.210428,11.82195,151.129276,3,-1,1,7,-104.19484415537579,75.80753107392468,107.70890684462421,-91.40289692607533,19.11417899999998,-0.0011385310000000004,-0.4671227608577819,8.075165626962736,-146.51490933770089,-37.05994341670629,-3.7667754148981127,148.42317374696856,1,1,1,1,1,1,2,1,1,0,1
2836000.0,101,-61.219142,-144.323781,-173.022268,6.392753,102,-61.219588,-144.326371,167.597107,15.082034,150.451566,3,-1,1,7,-109.68151724899441,70.32075280685142,63.34075075100559,-97.27635419314858,19.380624999999952,0.0032600840000000008,-4.016003792581572,8.384636264070783,-141.66207081778077,-50.670814118883314,1.6504564178864316,149.65154285396554,1,0,1,1,1,2,2,0,0,0,1
2837000.0,101,-61.219143,-144.32379,-153.295573,1.282708,102,-61.219753,-144.326273,166.448027,16.644106,150.425315,3,-1,1,7,-117.0347472232526,62.96742905207965,36.260825776747396,-103.48059794792034,40.256399999999985,0.0015620720000000005,-4.476602107282524,15.034806749409668,-133.98849670816497,-68.37293428495875,-1.7507008419019963,147.9285406697147,1,0,1,1,1,2,2,0,1,1,1
2838000.0,101,-61.219228,-144.323709,160.001354,8.646945,102,-61.219846,-144.326198,164.20117,14.474359,149.038368,3,-1,1,7,-117.28183402686366,62.72034750921991,82.71681197313637,-101.48082249078007,4.199816000000055,-0.002169747000000001,-0.9835602909751513,5.802028854154241,-132.4597282782739,-68.31438736129651,-7.942455979352711,142.02249256639533,1,0,1,1,0,0,2,1,1,1,1
2839000.0,101,-61.21929,-144.323607,145.831887,8.509339,102,-61.219884,-144.326141,160.25678,10.804966,148.504322,3,-1,1,7,-115.96179243761235,64.04042854072723,98.20632056238765,-96.21635145927276,14.42489299999994,-0.0036693929999999995,1.129065190946962,3.1292370583743008,-133.51818257888186,-65.01098809825959,-44.07446553525076,111.04316184763215,1,1,1,1,0,2,2,0,1,1,1
2840000.0,101,-61.219309,-144.323557,132.500746,4.399486,102,-61.219979,-144.326033,157.143504,11.180762,149.862736,3,-1,1,7,-119.33897449853399,60.66319564559377,108.16027950146602,-96.48030835440625,24.642758000000015,0.00037579599999999937,-1.0992780709185217,7.330563351831916,-130.6407684722669,-73.42907635522356,-8.39433677242189,140.37327110898332,1,1,1,1,0,1,2,0,1,0,1
2841000.0,101,-61.219335,-144.323526,143.678165,3.569006,102,-61.220044,-144.325966,155.788965,10.009527,151.196177,3,-1,1,7,-121.11354948278264,58.88858910922146,95.20828551721735,-96.90037589077852,12.110799999999927,-0.0011712349999999994,-1.9908993949240283,6.253543052822445,-129.44583723850633,-78.1284785531976,-5.672788983708463,147.0612286776827,1,1,1,1,1,1,2,1,1,0,1
2842000.0,101,-61.219381,-144.323514,167.27768,4.936615,102,-61.220091,-144.325913,154.145889,8.496017,149.708766,3,-1,1,7,-121.58080457905511,58.42129807865987,71.14151542094487,-95.72459092134014,13.131791000000021,-0.00151351,-2.6177810833448527,2.830212671658505,-127.53726212052919,-78.4025598309276,7.033951866171642,146.87720236639896,1,0,1,1,1,0,2,0,0,1,1
2843000.0,101,-61.219394,-144.32353,-170.65249,2.0178,102,-61.220146,-144.325846,152.458896,7.924999,149.274656,3,-1,1,7,-123.99731524767347,56.004714663393244,46.65517475232653,-96.45418133660677,36.88861400000002,-0.0005710180000000005,-3.992134620317842,5.035926544732874,-123.75820969219352,-83.46752936143127,1.74227475590525,148.83343445569423,1,0,1,1,1,2,2,0,0,0,1
2844000.0,101,-61.219451,-144.323419,143.256479,6.998383,102,-61.220118,-144.325864,145.247954,3.787715,149.244251,3,-1,1,7,-119.5379956046313,60.46414737171871,97.20552539536868,-84.78380662828128,1.99147499999998,-0.004137283999999999,2.0275741731480768,-2.4958671920782103,-129.84681969109135,-73.57750928551609,-7.44588770824451,147.17756129706726,1,1,1,1,0,2,2,1,1,1,1
2845000.0,101,-61.2195,-144.323399,160.236814,5.78938,102,-61.220127,-144.325853,144.326638,2.843401,149.071101,3,-1,1,7,-117.95553909750991,62.04661176774905,81.80764690249009,-82.28002623225095,15.910175999999979,-0.0009443139999999999,0.29941427925384834,-3.138524948415101,-131.67623748116873,-69.88248447325739,23.66914615878049,138.83297745020795,1,0,1,1,1,2,2,0,0,1,1
2846000.0,101,-61.219572,-144.323354,163.38729,7.994978,102,-61.220152,-144.325832,149.230117,2.910859,148.871414,3,-1,1,7,-115.92806622890211,64.0741056727857,80.68464377109785,-85.1560113272143,14.157173,6.74579999999998e-05,0.7966016661795912,-5.160166771732314,-133.8865689626058,-65.09289176078133,9.890936469507967,142.46062766868008,1,0,1,1,1,2,2,1,0,0,1
2847000.0,101,-61.219587,-144.323363,173.327081,2.597732,102,-61.220162,-144.325824,149.556254,2.262816,148.667021,3,-1,1,7,-115.8881205780588,64.11403642383706,70.78479842194122,-85.44221757616293,23.770827000000054,-0.000648043,-0.8446912835322861,-0.6292992464296894,-133.74803626627386,-64.91029138688205,171.8303620187907,44.69940920768311,1,0,1,1,1,2,2,0,0,1,1
2848000.0,101,-61.219607,-144.323302,133.428731,3.367376,102,-61.220119,-144.325856,18.120655,0.692319,148.443826,3,-1,1,7,-112.60736923498891,67.39486927884201,113.96389976501109,49.27421427884201,115.30807599999997,-0.0015704970000000001,2.2301651942791194,-2.972891096471769,-137.0375185535691,-57.0638938927101,-999,3678.922808219115,1,1,1,1,0,2,2,0,1,0,0
2849000.0,101,-61.219679,-144.323289,170.460111,7.172895,102,-61.220053,-144.325896,-9.664374,3.316669,148.063866,3,-1,1,7,-106.59387361574363,73.40841135109852,82.94601538425638,83.07278535109852,179.875515,0.00262435,1.745584705354103,-10.343296120923826,-141.89746740439662,-42.28495192245292,-999,10498.179650967502,1,0,1,1,1,2,2,0,1,0,0
2850000.0,101,-61.219713,-144.323255,159.138181,4.622747,102,-61.22004,-144.325906,-11.981154,2.609463,147.645834,3,-1,1,7,-104.37150679954553,75.63081673237909,96.49031220045447,87.61197073237909,171.11933500000004,-0.0007072060000000003,2.187929584038729,-6.872307201267754,-143.02551081925012,-36.64690372252644,-999,7198.015169950619,1,1,1,1,0,2,2,1,1,1,0
2851000.0,101,-61.219715,-144.323237,127.733497,1.46285,102,-61.220044,-144.325903,-12.987743,1.409115,147.625202,3,-1,1,7,-104.37778760109744,75.62454907801403,127.88871539890255,88.61229207801402,140.72124000000002,-0.001200348,1.473606329745298,-2.2683161089312818,-143.0015069064409,-36.65745883211129,-62.14954790027855,184.92428210271063,1,1,1,1,0,2,2,1,1,1,1
2852000.0,101,-61.219786,-144.323163,155.027589,7.528802,102,-61.220109,-144.325866,167.442368,1.995545,147.811599,3,-1,1,7,-103.94046950078337,76.06189960951797,101.0319414992166,-91.38046839048202,12.414778999999953,0.00058643,2.744648798022513,-4.877136009310057,-143.45803895646705,-35.60982810547646,-6.496668869411162,142.51577682250206,1,1,1,1,1,2,2,1,1,1,1
2853000.0,101,-61.21982,-144.32314,157.030703,4.583418,102,-61.22016,-144.325835,166.353283,3.503443,148.087282,3,-1,1,7,-104.68493032585124,75.31743177358346,98.28436667414877,-91.03585122641654,9.322580000000016,0.001507898,0.9620397635342549,-0.815480458729974,-143.24993119941226,-37.54064865597254,-60.178013957320736,121.60506752662319,1,1,1,1,1,2,2,1,1,1,1
2854000.0,101,-61.219903,-144.323148,178.787521,8.465511,102,-61.220195,-144.325818,166.664536,3.690392,148.543661,3,-1,1,7,-102.79904477952613,77.20329540926073,78.41343422047385,-89.46124059073927,12.122984999999971,0.00018694900000000025,-0.6720648373138534,-4.872730204534923,-144.85280375099146,-32.907209981395766,11.159568689095996,139.02079578770127,1,0,1,1,1,2,2,0,0,0,1
2855000.0,101,-61.219929,-144.32313,168.820241,3.923249,102,-61.220255,-144.325786,166.768353,4.94974,147.732841,3,-1,1,7,-104.30360319167431,75.69872472736833,86.87615580832568,-91.06962827263166,2.0518880000000763,0.0012593480000000002,-0.3722688919949063,0.9695371053419133,-143.15315193278508,-36.498868498081315,16.168236204385124,146.72416487940112,1,0,1,1,0,2,2,1,0,0,1
2856000.0,101,-61.21998,-144.32312,173.781563,5.385567,102,-61.220261,-144.32577,161.779585,3.370154,147.203224,3,-1,1,7,-102.42215936027584,77.58016330047869,83.79627763972417,-84.19942169952131,12.001978000000008,-0.0015795860000000004,-0.470396848297866,-2.1527023349790086,-143.75707222606943,-31.665333426048647,31.271023060696855,133.88150272808346,1,0,1,1,1,2,2,0,0,1,1
2857000.0,101,-61.220015,-144.323011,133.007328,6.014906,102,-61.220231,-144.325767,129.593295,0.9801,148.548052,3,-1,1,7,-99.24726788655947,80.75514768078632,127.74540411344054,-48.83814731921369,3.4140330000000176,-0.002390054,3.64324594181582,-3.4780677458799962,-146.61752602418116,-23.87100365596861,-18.463680977550247,118.55821698017034,1,1,1,1,0,1,2,1,1,1,1
2858000.0,101,-61.220047,-144.322981,146.845002,4.386815,102,-61.220281,-144.325754,163.575702,2.649394,149.72911,3,-1,1,7,-99.94272815919636,80.05970230917059,113.21226984080363,-83.51599969082942,16.730699999999956,0.001669294,1.65006317202596,-1.131332532044615,-147.48030403367193,-25.85278134993964,-46.462460116335585,105.65952546554429,1,1,1,1,1,1,2,0,1,1,1
2859000.0,101,-61.22009,-144.323065,-150.632468,5.262885,102,-61.220325,-144.325734,166.437049,3.589792,147.967336,3,-1,1,7,-100.36505409494127,79.63728522105811,50.26741390505872,-86.7997637789419,42.93048300000001,0.0009403980000000001,-3.422826262391974,-1.0968784828654647,-145.55271479497534,-26.62216630459389,39.0676325331555,20.08468154476629,1,0,1,1,1,0,2,0,0,1,1
2860000.0,101,-61.220172,-144.322975,161.862662,8.838866,102,-61.220406,-144.325695,167.360168,5.766786,147.533756,3,-1,1,7,-100.13248208407276,79.86990193387057,98.00485591592724,-87.49026606612942,5.49750599999993,0.002176994,1.4896041474648407,-2.772662683330469,-145.23276096862043,-25.95485120163673,-13.710421263976764,140.24804124927263,1,1,1,1,0,2,2,1,1,0,1
2861000.0,101,-61.22021,-144.322953,161.749806,5.155443,102,-61.220433,-144.325676,165.663944,4.730923,147.475195,3,-1,1,7,-99.65498554792183,80.34740110036267,98.59520845207817,-85.31654289963731,3.91413799999998,-0.001035863,0.44309674755543926,-0.31251169550900215,-145.3862882948271,-24.733788956434616,-174.5018895097418,104.48070215316956,1,1,1,1,0,2,2,1,1,1,1
2862000.0,101,-61.220223,-144.322944,158.344333,2.217874,102,-61.220421,-144.325672,159.150086,2.449217,147.412573,3,-1,1,7,-98.57434794459768,81.42804308595417,103.08131905540233,-77.72204291404582,0.8057529999999815,-0.0022817059999999997,-0.05327129290689847,0.22749951266472035,-145.76497670023218,-21.97813108663023,53.15223146152293,146.9379572221027,1,1,1,1,0,2,2,1,0,0,1
2863000.0,101,-61.220301,-144.32293,174.425898,7.653875,102,-61.220364,-144.32567,30.419836,1.229489,147.206658,3,-1,1,7,-92.73545054170681,87.26695100693725,92.83865145829321,56.847115006937244,144.006062,-0.001219728,0.12091411816070918,-8.677918545053528,-147.038921555825,-7.025361715165461,-999,8676.305684800074,1,1,1,1,1,2,2,0,1,0,0
2864000.0,101,-61.220314,-144.322982,-143.667098,3.008618,102,-61.220423,-144.325658,162.005492,2.034194,146.980972,3,-1,1,7,-94.83716847903472,85.16517697571942,48.829929520965294,-76.84031502428059,54.327409999999986,0.0008047049999999997,-2.410948680939385,-0.4890134158199748,-146.45747967978994,-12.39406212299688,57.320404856709914,17.68443995150397,1,0,1,1,1,2,2,1,0,1,1
2865000.0,101,-61.220359,-144.322966,178.533328,4.567849,102,-61.220489,-144.325646,170.950518,4.055508,146.738505,3,-1,1,7,-95.75457645932384,84.2477725025251,85.71209554067616,-86.7027454974749,7.582809999999995,0.0020213139999999997,-0.5209641040306092,-0.5613239211517049,-145.99901815697902,-14.713107993661215,151.81322248694983,97.1989286565792,1,0,1,1,0,2,2,1,0,0,1
2866000.0,101,-61.22038,-144.322968,-179.178634,2.785884,102,-61.220476,-144.325645,167.049868,1.929227,146.341329,3,-1,1,7,-94.26108843227838,85.74125790037826,84.9175455677216,-81.30861009962175,13.771497999999951,-0.002126281,-0.4722811824340235,-0.9054396989984992,-145.93681584479629,-10.87337825003135,80.46028228799791,124.46575455364498,1,0,1,1,1,2,2,0,0,0,1
2867000.0,101,-61.220423,-144.322964,177.936495,4.394378,102,-61.220483,-144.325643,166.960434,1.491743,145.908248,3,-1,1,7,-92.66462844184773,87.33771964415538,89.39887655815227,-79.62271435584461,10.976061000000072,-0.000437484,-0.17834369092044214,-2.938250737153858,-145.75048701009104,-6.783241905666105,5.506170609579419,145.07304559361586,1,0,1,1,0,2,2,1,0,0,1
2868000.0,101,-61.220477,-144.322932,167.810649,5.895589,102,-61.220481,-144.325639,160.645733,0.880443,145.874872,3,-1,1,7,-90.17703958369721,89.82533304439029,102.0123114163028,-70.82039995560972,7.164915999999948,-0.0006113000000000001,0.9530271264521373,-4.931986903113947,-145.87417562103965,-0.45074149849565726,-5.6423407355025805,143.31453319596142,1,1,1,1,0,2,2,1,1,1,1
2869000.0,101,-61.220567,-144.322853,160.063445,9.95387,102,-61.220472,-144.325633,105.425294,0.31433,146.05103,3,-1,1,7,-85.94116552185268,94.06127109027062,113.99538947814733,-11.364022909729371,54.63815099999999,-0.0005661129999999999,3.0910572870836637,-9.273736223700599,-145.68471861304891,10.337607397152388,-16.386321551184807,170.55493288920712,1,1,1,0,0,2,2,0,1,0,1
2870000.0,101,-61.220609,-144.322884,-177.862737,5.434155,102,-61.220555,-144.325636,177.558534,3.658834,146.318884,3,-1,1,7,-87.66728303474561,92.33512903740696,90.1954539652544,-85.22340496259305,4.578728999999981,0.0033445040000000003,-0.3585210125058333,-1.7748619958610443,-146.19763191254307,5.955521653896147,12.770661975734143,144.48240371740343,1,1,1,1,1,2,2,1,0,1,1
2871000.0,101,-61.220607,-144.322921,-114.913797,1.664705,102,-61.220502,-144.32563,77.479107,0.214733,145.832085,3,-1,1,7,-85.39834867498362,94.60402570780546,29.51544832501638,17.124918707805463,167.607096,-0.003444101,-1.7194178917997824,-0.7478171777323086,-145.36200498997246,11.69976584135105,88.62921179229222,78.29433930923794,1,0,1,0,1,2,2,0,0,1,1
2872000.0,101,-61.220655,-144.322932,-169.644682,4.69091,102,-61.220522,-144.325633,174.402892,0.857166,145.036833,3,-1,1,7,-84.16134186936702,95.84102550257676,85.48334013063297,-78.56186649742325,15.952425999999946,0.000642433,-0.9268023933013263,-3.7614249092635443,-144.28442520665354,14.75423903342654,5.142889734691727,143.6245030566284,1,0,1,1,0,2,2,1,0,0,1
2873000.0,101,-61.220733,-144.322962,-170.158333,8.172598,102,-61.220515,-144.325617,118.823431,0.380023,144.510083,3,-1,1,7,-80.3225002691949,99.6798267852082,89.8358327308051,-19.143604214791793,71.01823599999997,-0.00047714299999999997,-1.7298518434281531,-7.869115232186082,-142.45364086187948,24.292474016895746,1.6974973634010875,144.5081261488652,1,0,1,0,0,2,2,0,0,0,1
2874000.0,101,-61.220741,-144.322995,-141.056924,2.640859,102,-61.220563,-144.32562,175.40869,2.221926,145.856927,3,-1,1,7,-81.98389562896726,98.01840513157987,59.07302837103275,-77.39028486842014,43.53438600000001,0.0018419029999999998,-1.8377667439786383,0.16081285177663007,-144.43174607886226,20.339957681725707,81.17337593435035,8.695608099540342,1,0,1,1,1,1,2,1,0,1,1
2875000.0,101,-61.220804,-144.322942,165.705608,6.363698,102,-61.220678,-144.325645,-177.093132,6.354263,147.134144,3,-1,1,7,-84.47078509052011,95.53158403765147,109.82360690947988,-87.37528396234853,17.20126000000002,0.004132337000000001,1.8934650982994319,0.17940958770997373,-146.44955789728942,14.176858689470345,-76.67145667585135,27.961529473932174,1,1,1,1,0,1,2,1,1,0,1
2876000.0,101,-61.220844,-144.322951,178.999389,4.783122,102,-61.220764,-144.325661,-176.21836,7.619038,145.421419,3,-1,1,7,-86.49236146131534,93.51001380350534,94.50824953868465,-90.27162619649465,4.782250999999945,0.0012647749999999992,0.5860352325384108,2.8200561014609633,-145.14899388706928,8.897116248823728,-7.20517812629683,143.92311080886014,1,1,1,1,1,0,2,1,1,0,1
2877000.0,101,-61.220912,-144.323034,-156.098911,7.785349,102,-61.220874,-144.325664,-177.701197,9.424214,143.893296,3,-1,1,7,-88.28212320309777,91.7201819452022,67.81678779690222,-90.5786210547978,21.60228600000002,0.0018051759999999995,-2.7762900593568025,2.298903541815849,-143.82862392535606,4.313649670767437,35.67069954126827,89.67960352695857,1,0,1,1,1,0,2,0,0,1,1
2878000.0,101,-61.220932,-144.322956,145.244449,3.691255,102,-61.220895,-144.325642,178.935034,6.6777,143.046935,3,-1,1,7,-88.36223614624815,91.64011808568117,126.39331485375186,-87.29491591431884,33.69058499999994,-0.0027465139999999994,1.980184875545066,3.6438420074791464,-142.98849956395387,4.088349953635307,-18.1230568729493,128.01708174274708,1,1,1,1,0,2,2,0,1,0,1
2879000.0,101,-61.220987,-144.322866,143.812066,6.917668,102,-61.220865,-144.325614,168.203247,2.816445,144.35743,3,-1,1,7,-84.73251234076362,95.26989623340668,131.45542165923638,-72.93335076659332,24.391181000000074,-0.003861255,3.508642611387425,-2.82618500207528,-143.7478018346398,13.252813433909894,-22.903336430031064,81.65700150282736,1,1,1,1,0,1,2,1,1,1,1
2880000.0,101,-61.22101,-144.322857,153.675059,3.361487,102,-61.220993,-144.325619,177.631318,7.254289,146.148315,3,-1,1,7,-89.26874205741703,90.73367878913292,117.05619894258297,-86.89763921086707,23.956258999999932,0.004437844,1.1908733863734113,4.2352118532336185,-146.13641207082887,1.8652196664540335,-9.285729064370523,141.21948996989346,1,1,1,1,1,1,2,1,1,0,1
2881000.0,101,-61.221096,-144.322964,-156.439713,9.298616,102,-61.220975,-144.325647,-175.534353,3.635176,148.81898,3,-1,1,7,-84.64953557925979,95.35281602578998,71.79017742074022,-89.11283097421,19.09464,-0.003619113,-3.433745257746294,-4.899343053877275,-148.17056896346202,13.877006207548936,11.172435793153651,129.4820460851074,1,0,1,1,1,1,2,1,0,1,1
2882000.0,101,-61.221096,-144.323071,-104.90948,5.333618,102,-61.221125,-144.325692,-173.585339,8.770012,148.765179,3,-1,1,7,-91.31771670843192,88.68458055637849,13.591763291568085,-97.73008044362149,68.675859,0.005134836,-4.174239914698207,7.342805255981933,-148.7258374930324,-3.4210736469931264,14.01670538649589,139.45571860972257,1,0,0,1,1,2,2,0,0,0,1
2883000.0,101,-61.221119,-144.323023,171.412862,2.480787,102,-61.221203,-144.325724,-171.972152,8.791236,146.322565,3,-1,1,7,-93.69726215321498,86.30510523166514,94.889875846785,-101.72274276833485,16.614985999999988,2.122400000000013e-05,1.5981494240317444,6.252107406158073,-146.0180239585941,-9.43555549009488,-7.024106882928502,139.13256109150905,1,1,1,1,0,0,2,1,1,1,1
2884000.0,101,-61.221134,-144.323064,-139.877486,2.264447,102,-61.221311,-144.325705,-177.234791,10.003699,141.943181,3,-1,1,7,-97.92640789237537,82.07590690455496,41.95107810762464,-100.68930209544504,37.357305,0.0012124629999999996,-0.9766532006867672,8.26050015241483,-140.58705715444003,-19.57411538366354,-0.3762902357539463,141.9130374073166,1,0,1,1,1,0,2,0,1,0,1
2885000.0,101,-61.22118,-144.323103,-157.428103,5.0058,102,-61.22144,-144.325601,172.684433,11.829841,134.797418,3,-1,1,7,-102.20051600860175,77.80167345299132,55.22758699139824,-94.88275954700869,29.887463999999994,0.0018261420000000009,-3.4277806643486617,7.111196004503183,-131.7528823099372,-28.487223495640297,4.158891861840187,131.0601312837196,1,0,1,1,0,0,2,1,0,1,1
2886000.0,101,-61.22127,-144.323048,170.096671,9.247139,102,-61.221601,-144.325453,165.602511,14.650339,131.818025,3,-1,1,7,-105.95522003680959,74.04688791406795,83.9481089631904,-91.55562308593204,4.494159999999965,0.0028204980000000007,-2.0523877036683857,5.080880838849989,-126.7399766630462,-36.234928319939165,2.4677438395498292,131.08655777223842,1,0,1,1,0,0,2,1,0,0,1
2887000.0,101,-61.221302,-144.322902,126.524246,7.527164,102,-61.221731,-144.325354,163.652451,14.907245,135.931027,3,-1,1,7,-109.97322134237966,70.02892780512333,123.50253265762035,-93.62352319487668,37.12820500000004,0.00025690599999999897,1.8530271858425422,9.824686712313058,-127.75509789145876,-46.43144477634223,-9.49067133091148,119.70144485527385,1,1,1,1,0,1,2,0,1,1,1
2888000.0,101,-61.221353,-144.322916,167.751463,5.652874,102,-61.221902,-144.32529,166.333621,16.650203,143.880104,3,-1,1,7,-115.65870933187492,64.34337145175914,76.58982766812505,-101.99024954824085,1.4178420000000642,0.0017429580000000015,-2.7346376225382434,10.654606327081662,-129.69198727084571,-62.30146679484846,-2.5478381497798614,141.10876613032136,1,0,1,1,1,1,2,1,1,0,1
2889000.0,101,-61.221418,-144.322951,-171.706512,6.99117,102,-61.222074,-144.325243,168.675747,17.68176,148.542552,3,-1,1,7,-120.73320024633978,59.26880866757411,50.97331175366023,-109.40693833242588,19.617740999999995,0.0010315569999999994,-4.480444359330017,10.419467244271114,-127.6806851005121,-75.91134570626828,-1.6929332306484333,147.28354678895695,1,0,1,1,1,1,2,0,1,0,1
2890000.0,101,-61.221444,-144.322937,176.067482,3.552425,102,-61.222212,-144.325233,171.375077,16.763061,152.06752,3,-1,1,7,-124.79292440846714,55.20908801298145,59.139593591532844,-116.16598898701855,4.692405000000008,-0.0009186990000000001,-2.2702489219204427,13.029430715772504,-124.88084036256107,-86.77157569902104,-4.831184869435643,137.92203480383913,1,0,1,1,0,1,2,1,1,1,1
2891000.0,101,-61.221479,-144.322971,-162.123863,4.065103,102,-61.22235,-144.32516,169.523306,16.381643,150.339737,3,-1,1,7,-129.57513063674222,50.426788001841466,32.548732363257784,-119.09651799815853,28.352830999999952,-0.000381418,-4.226590240534197,12.239694562408715,-115.88034265699976,-95.77986587443885,-4.109157625459993,140.79749917656943,1,0,1,1,1,0,2,0,1,0,1
2892000.0,101,-61.221572,-144.322966,-178.9723,9.298274,102,-61.222422,-144.32511,167.483368,13.299171,147.595318,3,-1,1,7,-129.4729735558735,50.52890564201463,49.499326444126496,-116.95446235798539,13.544331999999969,-0.003082472000000001,-3.0490081925974257,3.6863131402367237,-113.93244734906766,-93.8284356502497,0.06330461375702247,147.59498534142327,1,0,1,1,0,0,2,1,0,0,1
2893000.0,101,-61.221584,-144.322985,-163.67802,2.712113,102,-61.222478,-144.325085,167.097898,10.63991,149.632189,3,-1,1,7,-131.48708344199838,48.514757190860465,32.190936558001624,-118.58314080913952,29.22408200000001,-0.002659260999999999,-3.137940016937136,7.7684760220058,-112.09023298288182,-99.1240215829392,-5.98623403267767,141.0569263004331,1,0,1,1,1,1,2,0,1,1,1
2894000.0,101,-61.221588,-144.322985,-163.779166,0.841044,102,-61.222585,-144.324962,161.118163,11.591936,150.710063,3,-1,1,7,-136.3307621644033,43.6709706609632,27.448403835596707,-117.4471923390368,35.102671000000015,0.000952026,-3.986290679499786,10.160586808133983,-104.0644168016834,-109.01431211171072,-5.809909175248259,136.69042301909062,1,0,1,1,1,1,2,0,1,1,1
2895000.0,101,-61.221633,-144.322864,133.584042,6.338912,102,-61.222608,-144.32495,160.476904,8.220204,150.275598,3,-1,1,7,-134.1547433620786,45.847085001576055,92.2612146379214,-114.62981899842393,26.89286199999998,-0.0033717319999999997,1.844595286449091,3.37743973430927,-107.81688966307233,-104.68177328283322,-58.824906643205466,93.99834553378432,1,1,1,1,0,2,2,1,1,1,1
2896000.0,101,-61.221693,-144.32283,157.360408,6.815609,102,-61.222601,-144.324967,160.584197,4.707452,150.01456,3,-1,1,7,-131.43242038676877,48.569452678437194,71.20717161323125,-112.0147443215628,3.2237890000000107,-0.003512752000000001,1.0586968501905514,-1.8506845161924321,-112.47142884873135,-99.27006550173299,13.466196457087062,146.92746695093948,1,0,1,1,1,2,2,1,0,0,1
2897000.0,101,-61.221745,-144.322806,164.30754,6.12718,102,-61.222603,-144.324962,157.90224,3.061103,149.568214,3,-1,1,7,-129.5796329697035,50.422256749157775,66.1128270302965,-107.47998325084222,6.405300000000011,-0.0016463489999999999,0.5056910477767502,-3.0625591613015097,-115.27817239868831,-95.29739559698415,26.07845634135124,129.38921227145755,1,0,1,1,1,2,2,0,0,1,1
2898000.0,101,-61.221802,-144.322829,-176.155136,6.24977,102,-61.222642,-144.324893,150.016775,3.956395,148.99716,3,-1,1,7,-130.21135734398814,49.79045173852892,45.94377865601186,-100.22632326147107,33.828089000000006,0.000895292,-2.3962737264562675,-2.8087858394657577,-113.78437346969017,-96.1939189459275,47.947621274699834,38.49672283944068,1,0,1,1,1,2,2,0,0,1,1
2899000.0,101,-61.221847,-144.322734,145.898495,6.353098,102,-61.222587,-144.324939,59.677469,0.609948,148.346764,3,-1,1,7,-124.8819053972486,55.120027270766556,89.21959960275137,-4.557441729233446,86.22102600000005,-0.003346447,3.0354273244203824,-5.568597577491514,-121.69367542621782,-84.8375609652355,-999,6353.783172348177,1,0,1,0,0,2,2,0,1,0,0
2900000.0,101,-61.221838,-144.322585,89.729219,6.732556,102,-61.222665,-144.324814,141.543771,4.088617,149.48181,3,-1,1,7,-127.6219068769489,52.38004682747687,142.6488741230511,-89.16372417252313,51.81455199999999,0.003478669,4.189702099379131,3.2335465753056307,-118.39800907615711,-91.25087927071343,-72.85494054001366,236.09524630127365,1,1,1,1,0,1,2,1,1,1,0
2901000.0,101,-61.221857,-144.322522,112.890534,4.693542,102,-61.222686,-144.324784,142.124373,3.662689,150.752757,3,-1,1,7,-127.28226430533817,52.719718323748296,119.82720169466182,-89.4046546762517,29.23383899999999,-0.00042592800000000033,2.0752180764665984,1.0654711739540652,-119.94809303383606,-91.3172969411998,-100.65667589319776,90.35177149271476,1,1,1,1,1,1,2,1,1,1,1
2902000.0,101,-61.221902,-144.322512,160.161113,4.742915,102,-61.222725,-144.324761,150.805671,3.935245,152.677869,3,-1,1,7,-127.24087535776086,52.76109587787589,72.59801164223916,-98.0445751221241,9.35544200000004,0.00027255600000000024,-0.30987373976029264,-1.0260738266361535,-121.54660548035575,-92.39564047390932,161.6503547800429,102.48732055940194,1,0,1,1,1,1,2,1,0,0,1
2903000.0,101,-61.22194,-144.322543,-170.470187,4.327868,102,-61.222812,-144.324668,153.528989,6.534398,151.95142,3,-1,1,7,-130.44505714142736,49.556805409997246,40.025129858572654,-103.97218359000274,36.000823999999966,0.0025991530000000003,-3.629200192980484,1.5811900908808365,-115.63934506191178,-98.5737080243434,16.190647391041306,136.58182149845464,1,0,1,1,1,2,2,0,0,0,1
2904000.0,101,-61.22199,-144.322517,171.473936,5.415733,102,-61.222857,-144.324646,156.927645,5.991528,153.075358,3,-1,1,7,-130.22937962290814,49.77248643523463,58.29668437709188,-107.15515856476537,14.546290999999997,-0.0005428700000000006,-1.5451066504466282,0.15638867139350587,-116.86767148349797,-98.86360598750865,66.84151118844194,110.15841009409327,1,0,1,1,0,1,2,1,0,1,1
2905000.0,101,-61.22203,-144.322394,133.027871,6.774633,102,-61.222876,-144.324641,158.158213,4.531241,152.965952,3,-1,1,7,-128.02928730841796,51.97268217675463,98.94284169158203,-106.18553082324536,25.130341999999928,-0.0014602870000000002,3.2665797312207756,-0.41673353602784147,-120.49066075244144,-94.23684599298923,-30.708149025400218,108.91970931433728,1,1,1,1,0,2,2,0,1,1,1
2906000.0,101,-61.222065,-144.32232,133.566169,5.879119,102,-61.222903,-144.324614,156.799372,4.079102,152.951323,3,-1,1,7,-127.19276544986688,52.80924523121066,99.2410655501331,-103.99012676878934,23.233202999999946,-0.00045213899999999984,2.652915426228218,-0.302611579332416,-121.84198021791336,-92.45885065275222,-39.16598660265605,105.8420512565619,1,1,1,1,2,2,2,1,1,1,1
2907000.0,101,-61.222083,-144.322333,162.943573,2.397463,102,-61.222887,-144.324635,156.244592,1.791015,152.936321,3,-1,1,7,-125.96179613706724,54.04022155600342,71.09463086293277,-102.2043704439966,6.698981000000003,-0.002288087,-0.018272147389789217,-0.652745338172241,-123.78799485486068,-89.81119424007245,167.89089721503527,122.32981727371799,1,0,1,1,1,2,2,1,0,0,1
2908000.0,101,-61.222145,-144.322215,142.525717,7.801775,102,-61.222905,-144.324615,154.958402,1.965152,152.8936,3,-1,1,7,-123.33761684833414,56.66448674195937,94.13666615166585,-98.29391525804064,12.432684999999992,0.000174137,3.9148390840885314,-4.411266269446488,-127.73445769854682,-84.02595573641605,-3.3477369636294028,151.32718016759293,1,1,1,1,0,2,2,0,1,0,1
2909000.0,101,-61.222182,-144.322239,174.535354,4.415129,102,-61.222915,-144.324603,152.738704,1.696058,152.664338,3,-1,1,7,-122.78597268694162,57.21609935004442,62.67867331305837,-95.52260464995558,21.79665,-0.00026909399999999994,-0.3564184770608564,-2.887391399558311,-128.34478695079014,-82.66810605992212,40.027988618121704,118.72980662389004,1,0,1,1,1,2,2,0,0,1,1
2910000.0,101,-61.222228,-144.322202,162.985382,5.262433,102,-61.222904,-144.324612,140.525486,0.580382,152.317185,3,-1,1,7,-120.22874019234666,59.773372163990565,76.78587780765338,-80.75211383600944,22.459895999999958,-0.0011156760000000001,1.1709012987558178,-4.584095812923382,-131.60545561748276,-76.68460665634923,11.006120060611712,146.85429650979057,1,0,1,1,0,2,2,0,0,0,1
2911000.0,101,-61.222225,-144.322128,100.199982,3.325417,102,-61.222877,-144.324634,-9.044493,0.891996,151.911228,3,-1,1,7,-118.38993983212754,61.6122566674841,141.41007816787246,70.65674966748409,109.24447499999997,0.00031161400000000004,3.4130840168865877,-1.4697850022751655,-133.64117919490346,-72.22919365369994,-43.1153030511278,136.27126269633013,1,1,1,1,0,2,2,0,1,1,1
2912000.0,101,-61.222296,-144.32213,172.618642,6.738627,102,-61.222892,-144.324616,117.20498,0.244575,151.898976,3,-1,1,7,-116.47452163493234,63.52765733563612,70.90683636506765,-53.677322664363885,55.413662000000045,-0.000647421,0.6482118994394684,-6.570970469538939,-135.96973883750366,-67.71653439382168,17.904993080147747,155.79581222088646,1,0,1,1,1,2,2,1,0,0,1
2913000.0,101,-61.222336,-144.322063,149.622188,5.542291,102,-61.222894,-144.32461,115.424439,0.286548,152.090456,3,-1,1,7,-114.47066875804794,65.53156367918118,95.9071432419521,-49.89287532081883,34.19774899999999,4.197300000000004e-05,2.543938505432801,-4.65836657097681,-138.42869416642813,-63.00002728305318,-3.455085991038554,151.86291916595246,1,1,1,1,0,2,2,1,1,1,1
2914000.0,101,-61.222407,-144.321996,155.445055,8.203363,102,-61.222929,-144.324579,155.54841,1.740712,152.36863,3,-1,1,7,-112.77338717229847,67.22887681989069,91.78155782770153,-88.3195331801093,0.103354999999965,0.001454164,2.688513191524815,-5.876887035916436,-140.49043571200224,-58.97997017232771,-0.7437870837935932,152.2926583886072,1,1,1,1,1,2,2,1,1,0,1
2915000.0,101,-61.222408,-144.321925,109.842259,3.903458,102,-61.222946,-144.324565,157.197703,1.87737,152.825623,3,-1,1,7,-112.94494310137235,67.05737085137748,137.21279789862766,-90.1403321486225,47.355444000000034,0.00013665799999999995,2.944132810120514,0.4056913493170664,-140.7340431097346,-59.57852092260673,-55.436113402054,43.36805464952433,1,1,1,1,0,2,2,0,1,1,1
2916000.0,101,-61.222475,-144.321891,159.773487,6.856825,102,-61.222995,-144.324524,159.363686,3.396857,152.014454,3,-1,1,7,-112.30669578690971,67.69561203171615,87.91981721309031,-91.66807396828385,0.40980099999990216,0.0015194869999999997,1.17345604305202,-3.2550838683973535,-140.63850819758935,-57.69925681388547,1.91181615155503,151.87179251140282,1,0,1,1,1,2,2,1,0,0,1
2917000.0,101,-61.222511,-144.321907,179.537469,4.358776,102,-61.223005,-144.324502,153.341314,2.653898,151.483809,3,-1,1,7,-111.57686597979998,68.42540853252922,68.88566502020001,-84.9159054674708,26.196154999999976,-0.000742959,-1.1555502360246164,-1.9868582174085314,-140.86858802829914,-55.70803618924132,62.68452239251017,97.06545958079393,1,0,1,1,1,2,2,0,0,1,1
2918000.0,101,-61.222506,-144.321824,95.382646,3.222331,102,-61.223063,-144.324446,155.819511,4.340973,152.827335,3,-1,1,7,-113.81193704089041,66.19036113740908,150.8054169591096,-89.62914986259092,60.43686500000001,0.0016870750000000001,1.430005493548014,3.6578180716996274,-139.81799569303385,-61.70188330663007,-73.66867911092857,210.6049957634921,1,1,1,1,0,1,2,0,1,0,0
2919000.0,101,-61.222573,-144.321752,149.623163,7.278898,102,-61.223138,-144.324387,158.497199,6.084725,153.686874,3,-1,1,7,-114.00973116429421,65.99257840991534,96.36710583570579,-92.50462059008466,8.874036000000046,0.0017437519999999997,1.4504938435581334,-0.618411576796273,-140.38932685095557,-62.53392796096719,-59.10453386494166,113.16080299585086,1,1,1,1,1,2,2,1,1,1,1
2920000.0,101,-61.222605,-144.321744,161.082699,4.203843,102,-61.22324,-144.324287,157.45474,8.482622,151.880768,3,-1,1,7,-117.41700712219159,62.58522181562314,81.50029387780842,-94.86951818437684,3.6279590000000326,0.0023978969999999995,-1.8894496947949766,3.8575711908644195,-134.8213294969222,-69.93551887955189,-0.799557975079288,151.8404014259583,1,0,1,1,1,0,2,1,1,0,1
2921000.0,101,-61.222626,-144.321733,163.203928,2.762415,102,-61.223214,-144.324288,149.488328,4.288123,151.448503,3,-1,1,7,-115.55146830982828,64.45077114596606,81.24460369017174,-85.03755685403394,13.715599999999995,-0.004194498999999999,-1.378895091456869,1.0497599105402822,-136.63656616271695,-65.32302693692692,36.52145272261167,134.86860418533124,1,0,1,1,2,2,2,0,0,1,1
2922000.0,101,-61.22269,-144.321659,154.129771,7.072408,102,-61.223171,-144.324305,109.671593,1.246534,151.393318,3,-1,1,7,-110.68832932545502,69.3139898920452,95.18189967454498,-40.3576031079548,44.458177999999975,-0.0030415889999999995,1.9121510837017421,-5.944025153072458,-141.63087299497064,-53.48488150619405,3.0754516272940107,151.65426667185858,1,1,1,1,0,2,2,0,0,0,1
2923000.0,101,-61.222748,-144.321662,173.218068,6.501716,102,-61.223221,-144.324269,149.576353,2.831384,151.358063,3,-1,1,7,-110.6519587914834,69.3503262437935,76.12997320851662,-80.22602675620651,23.641714999999976,0.0015848499999999998,-0.665990613842292,-4.014706310670672,-141.63180637172104,-53.382531403028125,23.471008482637504,132.45578598777706,1,0,1,1,1,2,2,1,0,1,1
2924000.0,101,-61.222778,-144.32159,142.407059,4.911477,102,-61.223228,-144.324265,150.059521,2.066472,151.182518,3,-1,1,7,-109.26297396510536,70.73937067242392,108.32996703489465,-79.32015032757607,7.652462000000014,-0.0007649119999999999,1.9648581744363252,-2.100991888088596,-142.71846518587213,-49.87578013233801,-19.427795776283993,138.40187701498658,1,1,1,1,0,2,2,1,1,0,1
2925000.0,101,-61.222847,-144.321622,-176.831875,7.034124,102,-61.223185,-144.324288,22.222466,0.797823,150.956289,3,-1,1,7,-104.75553432745205,75.24680242197188,72.07634067254794,53.02433642197188,160.945659,-0.0012686490000000002,-0.6904878670528167,-7.7619360890992555,-145.9779531466438,-38.4478657895049,-999,7837.313208875644,1,0,1,1,1,2,2,0,1,0,0
2926000.0,101,-61.222914,-144.321564,164.007679,7.703486,102,-61.223182,-144.324293,11.24349,0.59674,150.698947,3,-1,1,7,-101.53117099476702,78.47122097476775,94.46115000523298,67.22773097476775,152.76418900000004,-0.0002010829999999999,2.006024338561043,-7.990637564471711,-147.65725394767713,-30.124873170521305,-999,8224.997769375137,1,1,1,1,0,2,2,1,1,0,0
2927000.0,101,-61.2229,-144.321548,86.450389,1.220401,102,-61.223171,-144.324299,-1.543455,0.838268,150.406931,3,-1,1,7,-101.56604082100169,78.43637043146067,171.98357017899832,79.97982543146067,87.99384399999997,0.00024152799999999997,1.2406385824245814,-0.7624054482394257,-147.3528064104907,-30.156182380918306,-128.06634990287412,128.31385803650107,1,1,2,1,0,2,2,1,1,1,1
2928000.0,101,-61.222933,-144.321572,-168.655248,3.120206,102,-61.223204,-144.324285,165.842011,0.932389,149.935127,3,-1,1,7,-101.72356755054868,78.27881039542454,66.93168044945132,-87.56320060457547,25.502741000000043,9.412100000000002e-05,-0.8418410825400034,-2.15517362478094,-146.80737754706928,-30.46532793617005,35.83807929617697,125.66583161020073,1,0,1,1,1,2,2,1,0,1,1
2929000.0,101,-61.223019,-144.321495,161.740712,8.998148,102,-61.223231,-144.324273,167.866073,1.75526,149.882831,3,-1,1,7,-99.00906992557066,80.99336499427854,99.25021807442931,-86.87270800572146,6.125360999999998,0.000822871,2.4503282467919716,-6.829030747683001,-148.03381114292512,-23.470274541967875,-3.7242190005340694,147.26511400317904,1,1,1,1,0,2,2,1,1,0,1
2930000.0,101,-61.223025,-144.321453,128.804848,3.093862,102,-61.223229,-144.324267,160.3523,1.036251,150.0396,3,-1,1,7,-98.56513291208475,81.43733356192195,132.63001908791526,-78.91496643807807,31.54745200000002,-0.0007190090000000001,2.0625754534823413,-0.9629114867164775,-148.36623790163574,-22.345939655231046,-46.48561911424509,85.19511937670265,1,1,1,1,0,2,2,0,1,1,1
2931000.0,101,-61.223089,-144.321442,170.061672,6.348302,102,-61.223232,-144.324261,154.957466,0.776428,150.408272,3,-1,1,7,-96.0165492224435,83.98592163491479,93.92177877755648,-70.97154436508522,15.104205999999976,-0.000259823,0.7669861197926138,-5.549601019147506,-149.57977240692503,-15.765150577095547,-0.9521799480426479,150.33043193767202,1,1,1,1,1,2,2,1,1,0,1
2932000.0,101,-61.223109,-144.32135,126.476645,4.825653,102,-61.223144,-144.324266,2.571443,3.328383,150.962027,3,-1,1,7,-91.42953758659561,88.57301829044125,142.0938174134044,86.00157529044125,123.90520200000003,0.002551955,3.7309758133247923,-6.193858410021465,-150.9150417993386,-3.766132585638631,-115.93109217959514,774.8190102522751,1,1,1,1,0,2,2,0,1,0,0
2933000.0,101,-61.223188,-144.321421,-168.005023,7.997885,102,-61.223178,-144.32426,18.562289,0.647404,149.560444,3,-1,1,7,-89.58202201693615,90.42046637094147,78.42300098306384,71.85817737094146,173.43268799999998,-0.0026809790000000004,-1.8682595864633378,-8.436982610772176,-149.5564643363232,1.091047521980179,-999,8665.21991674982,1,0,1,1,1,0,2,0,1,0,0
2934000.0,101,-61.223228,-144.321515,-141.08568,6.481054,102,-61.223262,-144.324243,172.601468,3.267765,149.254915,3,-1,1,7,-91.48424554459908,88.51814555304449,49.60143445540092,-84.08332244695552,46.312851999999936,0.002620361,-4.491913686217379,-1.8022594295278864,-149.2048377349569,-3.866011917002726,26.125623691800563,53.68767953491872,1,0,1,1,1,2,2,1,0,1,1
2935000.0,101,-61.223268,-144.321483,179.163245,4.561547,102,-61.223303,-144.324215,168.311201,3.806486,148.051798,3,-1,1,7,-91.52561387492588,88.47678072972775,89.31114112507413,-79.83442027027226,10.852043999999978,0.0005387210000000003,-0.7045632444613465,-0.8335118121637777,-147.99931700920288,-3.94170722432173,96.66516912377325,110.7021255861662,1,0,1,1,0,0,2,1,0,0,1
2936000.0,101,-61.223296,-144.321411,140.3945,4.356678,102,-61.223396,-144.324181,169.91895,6.409715,149.338643,3,-1,1,7,-94.28993413976919,85.71249377328053,125.31556586023083,-84.20645622671947,29.52445,0.0026032290000000003,1.6554097198830735,2.9541447232220004,-148.92023951702373,-11.171058825094953,-32.08610303929774,127.1618820830868,1,1,1,1,0,1,2,0,1,0,1
2937000.0,101,-61.223352,-144.321337,147.674639,6.859853,102,-61.223501,-144.32415,171.226765,8.508139,150.322875,3,-1,1,7,-96.2802804180102,83.72218518667275,116.0450805819898,-87.50457981332725,23.552125999999987,0.0020984239999999998,2.370447823837292,2.611842704673921,-149.42073692195808,-16.444151725297814,-40.222302030724265,103.80733390380502,1,1,1,1,1,2,2,1,1,1,1
2938000.0,101,-61.223383,-144.321326,159.497879,4.094201,102,-61.223628,-144.32413,173.458957,10.723728,152.498019,3,-1,1,7,-100.28867424386887,79.71378347406589,100.21344675613113,-93.7451735259341,13.961078000000043,0.0022155889999999996,0.21236880414580628,6.819050858642232,-150.0459061891693,-27.237324295814513,-4.840033328654964,149.1295880584623,1,1,1,1,1,1,2,1,1,0,1
2939000.0,101,-61.223434,-144.321341,-178.186802,5.363825,102,-61.223676,-144.324133,174.85817,8.640959,151.519498,3,-1,1,7,-100.208126769633,79.79432043137865,77.978675230367,-95.06384956862135,6.955028000000027,-0.002082768999999999,-0.9441320598201484,3.2450475994339003,-149.12101716186748,-26.852942385929076,4.672179481934898,150.68561013294845,1,0,1,1,1,2,2,1,0,0,1
2940000.0,101,-61.223485,-144.321474,-137.593643,7.656537,102,-61.223726,-144.324127,175.069951,7.441827,150.985611,3,-1,1,7,-100.68742725866998,79.31489810941112,36.90621574133,-95.75505289058889,47.33640600000007,-0.0011991320000000005,-5.8029949728820895,1.760857147930369,-148.366541329688,-28.000431120061393,24.37574892391827,71.25887545865723,1,0,1,1,1,2,2,0,0,1,1
2941000.0,101,-61.223516,-144.32132,130.335698,5.867909,102,-61.223751,-144.32411,172.636099,5.70035,149.871025,3,-1,1,7,-99.92582379080963,80.07662165899227,129.73847820919036,-92.55947734100774,42.30040100000008,-0.0017414769999999997,3.742284571119799,1.8552430190976161,-147.62771591763286,-25.833730421550044,-43.83582445638295,57.87027041604408,1,1,1,1,0,0,2,1,1,1,1
2942000.0,101,-61.223565,-144.321319,166.002401,5.355506,102,-61.223719,-144.324106,164.971955,2.126531,149.764232,3,-1,1,7,-96.54925532770886,83.45318749298085,97.44834367229112,-81.51876750701916,1.0304459999999835,-0.003573819,0.7440043256069865,-3.142677307171314,-148.78689629301564,-17.081705946457017,-5.506586645583463,148.72008192341912,1,1,1,1,1,2,2,1,1,0,1
2943000.0,101,-61.223589,-144.321292,154.967282,3.382901,102,-61.223753,-144.324095,168.170372,2.803961,149.649556,3,-1,1,7,-96.93101646211801,83.07144038312582,108.10170153788198,-85.09893161687417,13.203089999999975,0.0006774300000000002,0.8566080955096455,-0.3207235145649894,-148.55594123815874,-18.058846415036072,-132.67124865001514,69.94386002748362,1,1,1,1,0,2,2,0,1,1,1
2944000.0,101,-61.223679,-144.321287,176.158321,8.950889,102,-61.223747,-144.324094,163.989168,1.458573,149.509118,3,-1,1,7,-92.88210906350601,87.12035128878081,90.959569936494,-76.8688167112192,12.169152999999937,-0.0013453880000000003,0.19740478549174967,-7.528781977502971,-149.32000487811834,-7.517480185317521,0.4998440852945088,149.46583347304946,1,1,1,1,1,2,2,1,0,0,1
2945000.0,101,-61.223736,-144.321261,170.429234,6.871546,102,-61.223708,-144.324092,20.179551,0.866558,148.170672,3,-1,1,7,-88.82422597416846,91.17825541439262,100.74654002583156,70.99870441439262,150.24968299999995,-0.0005920149999999999,0.8435713546397545,-7.589266322481266,-148.13947452300766,3.0404159219991795,-999,7610.399874080765,1,1,1,1,0,0,2,0,1,0,0
2946000.0,101,-61.223737,-144.321302,-132.762525,1.68321,102,-61.223695,-144.324091,12.039658,1.074371,147.807468,3,-1,1,7,-88.20944545831716,91.79299911699994,44.55307954168285,79.75334111699993,144.80218299999999,0.00020781299999999992,-1.4598708210050533,-2.1935729252917984,-147.7352973062139,4.618390024197918,249.12356455263154,591.8909173406214,1,0,1,1,1,2,2,1,0,1,0
2947000.0,101,-61.223787,-144.321349,-155.883514,5.317611,102,-61.223681,-144.324086,10.563983,1.268146,147.452993,3,-1,1,7,-85.40158216714144,94.60081683023293,70.48193183285855,84.03683383023292,166.447497,0.00019377500000000003,-2.4052327024445654,-6.100124016467905,-146.978355483155,11.821512768058234,-999,6595.050836330142,1,0,1,1,0,2,2,0,1,0,0
2948000.0,101,-61.223837,-144.321299,166.543692,5.588798,102,-61.223716,-144.324086,168.138476,0.780377,147.08398,3,-1,1,7,-84.8477413484363,95.15470147536101,108.6085666515637,-72.98377452463899,1.5947840000000042,-0.000487769,1.1401303324131196,-4.671658599144988,-146.4896977565988,13.208543591961169,-9.823381902398664,139.1815163158165,1,1,1,1,0,2,2,1,1,1,1
2949000.0,101,-61.223884,-144.321383,-151.958777,6.04419,102,-61.223787,-144.324089,179.129838,3.510162,147.109833,3,-1,1,7,-85.74255942731283,94.25981240061611,66.21621757268717,-84.8700255993839,28.91138499999994,0.0027297849999999998,-2.8947216804931672,-1.824902862844593,-146.70389117990788,10.921139041402002,31.125862779103485,88.26267518599825,1,0,1,1,1,2,2,0,0,1,1
2950000.0,101,-61.2239,-144.321347,166.416579,2.424879,102,-61.223775,-144.324081,173.84371,1.640094,147.3385,3,-1,1,7,-84.57573086416413,95.42666550600185,109.00769013583584,-78.41704449399813,7.427131000000031,-0.001870068,0.3936240018716521,-0.7264170244329264,-146.67872014779996,13.927908602995075,-94.01495481881487,122.40778291557906,1,1,1,1,0,2,2,1,1,0,1
2951000.0,101,-61.223942,-144.321399,-156.599496,4.619923,102,-61.223783,-144.32408,173.871187,1.357449,146.592406,3,-1,1,7,-82.97782699583061,97.02452292010666,73.62166900416938,-76.84666407989333,29.52931700000005,-0.00028264500000000004,-1.9797567811352892,-2.8902492261633403,-145.49280388276216,17.921426148634154,17.769436732654174,130.26416331187576,1,0,1,1,1,2,2,0,0,0,1
2952000.0,101,-61.224007,-144.321369,174.610949,6.860245,102,-61.223854,-144.324089,-179.173257,3.898867,146.052965,3,-1,1,7,-83.33642100804914,96.66596309315379,102.05262999195088,-84.16077990684619,6.215793999999988,0.002541418,0.7005572363967408,-2.931461117048121,-145.06632063426704,16.947896711015524,-16.49860228412963,137.15483690531963,1,1,1,1,0,2,2,1,1,0,1
2953000.0,101,-61.224033,-144.321421,-152.209497,3.977539,102,-61.223876,-144.324082,178.517334,3.342442,145.773204,3,-1,1,7,-83.01365972738344,96.98867266042708,69.19583727261656,-81.52866133957292,29.273168999999996,-0.0005564249999999999,-1.9409718948376027,-0.17743981853109547,-144.69086390282376,17.7307898154635,71.57033901725053,30.973327499945267,1,0,1,1,1,2,2,0,0,1,1
2954000.0,101,-61.224096,-144.321402,177.862456,6.449031,102,-61.223918,-144.324082,179.296652,3.883383,146.874319,3,-1,1,7,-82.14555112488883,97.85679791768207,99.99199287511118,-81.43985408231792,1.434195999999929,0.0005409409999999996,0.19286916121287842,-2.5614531539723284,-145.49640596814487,20.071408322948855,-12.026005291441987,143.57865988187106,1,1,1,1,0,1,2,1,1,0,1
2955000.0,101,-61.224136,-144.321343,153.975753,5.332757,102,-61.224003,-144.324101,-177.122805,6.049425,148.274139,3,-1,1,7,-84.28062255015148,95.7217948616114,121.74362444984854,-87.15540013838859,28.90144200000006,0.0021660420000000004,2.643408412713658,1.249738676532889,-147.5360189316575,14.77644794898009,-47.1359150371102,77.17137081719758,1,1,1,1,0,1,2,0,1,1,1
2956000.0,101,-61.224187,-144.321404,-162.761433,5.737578,102,-61.224041,-144.324135,-171.454392,5.391785,149.875344,3,-1,1,7,-83.6641715100431,96.33822223694101,79.0972614899569,-92.207385763059,8.692959000000002,-0.0006576400000000007,-0.8991359005446238,-0.1479160008996292,-148.95992660678618,16.53961923440855,153.06727532862735,40.786454358900826,1,0,1,1,1,1,2,1,0,1,1
2957000.0,101,-61.224211,-144.32143,-154.578323,3.452821,102,-61.224022,-144.324154,-160.758777,2.623179,148.661593,3,-1,1,7,-81.79948525602875,98.20290235558053,72.77883774397127,-101.03832064441946,6.1804539999999974,-0.002768606,-0.6177579821761388,-0.6418475724340844,-147.1415207030899,21.2047664094614,87.39160093469891,121.04790175992015,1,0,1,1,1,0,2,1,0,0,1
2958000.0,101,-61.224268,-144.321408,175.709565,5.91952,102,-61.22406,-144.324165,-166.093972,3.227393,146.392615,3,-1,1,7,-81.09405301241495,98.90836352493146,103.19638198758503,-94.99766447506852,18.196462999999994,0.0006042140000000003,1.218492543672836,-2.770129362909476,-144.6276767002713,22.663469699497135,-27.39762845784201,123.32393090577769,1,1,1,1,0,0,2,0,1,0,1
2959000.0,101,-61.224338,-144.321469,-163.258762,7.756051,102,-61.224211,-144.324148,-178.415398,8.430875,142.297446,3,-1,1,7,-84.3769139456039,95.62543422645614,78.88184805439609,-85.95916777354387,15.15663600000002,0.005203482000000001,-2.0009901936660723,1.0003368348332655,-141.61271073900588,13.942858217509453,63.54536751407833,51.6874939207833,1,0,1,1,1,0,2,1,0,1,1
2960000.0,101,-61.224365,-144.321553,-134.196515,5.386868,102,-61.224343,-144.324123,178.554542,10.910406,142.694581,3,-1,1,7,-88.98235352589329,91.01989910845592,45.21416147410672,-87.53464289154408,47.248943000000025,0.0024795309999999997,-4.1373497742097864,7.151632731848714,-142.67207415254134,2.534305383593337,10.747863455533148,123.16299439581712,1,0,1,1,1,2,2,0,0,0,1
2961000.0,101,-61.224389,-144.321421,125.943704,4.895642,102,-61.224484,-144.324139,-179.609759,12.79501,148.522887,3,-1,1,7,-94.15405210107731,85.84833025884903,139.90224389892268,-94.54191074115096,54.44653699999998,0.0018846039999999996,4.050629053542014,9.921019990109885,-148.1327009375241,-10.758758096026186,-7.457285750308545,133.8056734951409,1,1,1,1,0,1,2,0,1,0,1
2962000.0,101,-61.224417,-144.32144,172.556958,3.05192,102,-61.2247,-144.324175,-177.690779,17.209346,156.674384,3,-1,1,7,-102.13248686943405,77.86991039383781,85.31055513056594,-104.4393106061622,9.752263,0.0044143360000000005,1.0887566084467104,14.169165781208577,-153.17494025311376,-32.92871513184939,-3.1412470869690536,150.20194952006116,1,0,1,1,1,1,2,1,1,0,1
2963000.0,101,-61.224371,-144.32134,46.238215,5.506795,102,-61.224911,-144.324202,-177.245015,19.639653,163.441283,3,-1,1,7,-111.404324416992,68.5981841655941,-157.642539416992,-114.15680083440589,136.51677000000004,0.002430306999999999,4.921107475534222,23.42579241580376,-152.16845561519017,-59.64741490101636,-6.046989681579973,147.34204304280973,0,1,2,1,1,1,2,0,1,1,1
2964000.0,101,-61.224409,-144.321376,-174.683558,2.989282,102,-61.22514,-144.324153,179.44634,21.862964,167.480029,3,-1,1,7,-118.67270576293635,61.32972831879667,56.01085223706366,-118.11661168120332,5.870102000000031,0.0022233110000000026,-0.48823856675271904,18.885520699480825,-146.94276202328783,-80.35785464289252,-4.053867990403474,148.970450970115,1,0,1,1,0,1,2,1,1,0,1
2965000.0,101,-61.224465,-144.321399,-170.598038,5.743502,102,-61.225315,-144.324152,179.587304,21.000397,177.518244,3,-1,1,7,-122.67744348728641,57.324969560922334,47.92059451271359,-122.26233443907765,9.81465799999998,-0.0008625670000000021,-1.0895195618867293,15.33350517529881,-149.42126016128594,-95.84369548727155,-5.558045319645955,155.8390996272994,1,0,1,1,1,1,2,0,1,0,1
2966000.0,101,-61.224398,-144.321484,-33.531564,6.405856,102,-61.225435,-144.324204,-177.574182,18.137601,186.501907,3,-1,1,7,-128.38063135330202,51.62175277044309,-94.84906735330202,-130.8040652295569,144.042618,-0.0028627959999999995,-2.7708814402792363,23.461151077468656,-146.19947704060525,-115.79582992357793,-8.17770129320411,185.1994364528624,0,1,1,1,1,1,2,0,1,0,1
2967000.0,101,-61.224416,-144.321378,105.181492,3.197527,102,-61.225557,-144.324175,-179.832082,16.465823,189.81605,3,-1,1,7,-130.28075278175208,49.72169883543984,124.53775521824792,-130.44621916456015,74.986426,-0.0016717779999999998,3.1341936264369763,15.628392101418344,-144.80792379542007,-122.72244311315805,-10.920721774428086,120.52917603456137,1,1,1,1,0,1,2,1,1,1,1
2968000.0,101,-61.224438,-144.321404,-176.358492,2.201951,102,-61.22561,-144.32418,-179.444252,12.593652,191.854556,3,-1,1,7,-131.25385743289652,48.748575778257766,45.10463456710349,-131.80717222174223,3.0857599999999934,-0.0038721709999999998,-0.01770178956548804,10.395554369001193,-144.2353756207423,-126.50820952610354,-12.150866901394307,144.45059692651893,1,0,1,1,1,1,2,1,1,0,1
2969000.0,101,-61.224422,-144.321445,-55.954374,1.968989,102,-61.225731,-144.323998,167.323057,13.235062,191.951771,3,-1,1,7,-136.80798032343566,43.19425742567054,-80.85360632343566,-124.12879957432946,136.7225689999999,0.0006414099999999987,-4.535970708248582,14.01477425967835,-131.38053862558925,-139.94511945933127,-7.819150077960217,169.58793292742735,0,0,1,1,1,2,2,0,1,0,1
2970000.0,101,-61.224427,-144.321446,-118.953519,0.5515,102,-61.225791,-144.32385,157.354277,11.550669,189.291082,3,-1,1,7,-139.68990420613642,40.31220294240462,-20.73638520613642,-117.04207405759539,83.69220399999998,-0.001684393,-4.929945979999336,10.393168837833837,-122.4569733329596,-144.3447380643352,-6.906343542049815,172.50968589222936,0,0,0,1,0,0,2,1,1,0,1
2971000.0,101,-61.224457,-144.321423,165.565423,2.926428,102,-61.225851,-144.323589,141.331434,11.783989,183.011705,3,-1,1,7,-143.20622487961535,36.795673658545816,51.22835212038467,-104.53576034145419,24.233989000000008,0.00023332000000000086,-6.633322503042089,6.366574983818004,-109.61240831721983,-146.55512311040548,-2.339638114772503,181.63775562504952,1,0,1,1,0,0,2,1,1,0,1
2972000.0,101,-61.224488,-144.321427,179.049213,3.331798,102,-61.225955,-144.323189,130.762114,15.441874,182.627899,3,-1,1,7,-149.965711224545,30.035833201319644,30.985075775455016,-100.72628079868035,48.28709900000001,0.0036578850000000005,-11.640805073068575,6.750967703174615,-91.40858455468121,-158.10572463659847,-0.01745548830644309,182.62773492123844,1,0,1,1,1,2,2,0,1,0,1
2973000.0,101,-61.224497,-144.321451,-145.947983,1.637661,102,-61.226014,-144.323024,129.042946,13.937894,186.432879,3,-1,1,7,-153.4752080710992,26.526170693196125,-7.5272250710991955,-102.51677530680388,85.00907099999998,-0.0015039800000000002,-11.74220102380397,7.422666843275718,-83.25812915672726,-166.80917930842526,-1.333413295424273,185.4872617347504,0,0,0,1,1,1,2,0,1,0,1
2974000.0,101,-61.224543,-144.321427,171.67438,4.628212,102,-61.226089,-144.322847,129.649936,13.530423,188.731952,3,-1,1,7,-156.1487348336658,23.852509823993135,32.17688516633416,-105.79742617600687,42.02444400000002,-0.00040747099999999926,-9.74769050077548,4.054263216021181,-76.31636762408972,-172.6139094580593,0.373460607217399,188.68589171739293,1,0,1,1,0,1,2,1,0,0,1
2975000.0,101,-61.224577,-144.321378,151.809653,4.411607,102,-61.226105,-144.322852,130.701891,9.412604,187.965394,3,-1,1,7,-155.09263865722073,24.908653332760792,53.09770834277924,-105.7932376672392,21.107762000000037,-0.004117819000000001,-5.051762502353524,2.2498639116472434,-79.16206676396219,-170.48271621262148,0.49744941877591686,187.94226617553434,1,0,1,1,0,2,2,1,0,1,1
2976000.0,101,-61.224607,-144.321283,128.970557,5.455268,102,-61.226108,-144.322864,130.232467,6.218014,187.020722,3,-1,1,7,-153.1147029202603,26.886682857578258,77.91474007973966,-103.34578414242176,1.2619100000000572,-0.0031945899999999998,-0.5057162496332888,0.5852231757940123,-84.57186387850322,-166.8063257119382,-100.81540961648439,173.19843638034817,1,0,1,1,0,2,2,1,1,1,1
2977000.0,101,-61.224637,-144.321237,138.53249,4.514881,102,-61.226108,-144.322873,128.740665,4.022262,187.050717,3,-1,1,7,-151.83791654836932,28.16351743824047,69.62959345163068,-100.57714756175955,9.79182499999996,-0.0021957520000000005,-0.1475771565907813,-0.8660247681376712,-88.28184851602352,-164.90690086472418,539.6999850450229,302.60986345811335,1,0,1,1,1,2,2,0,0,0,0
2978000.0,101,-61.224669,-144.321105,120.427472,6.876072,102,-61.226098,-144.322903,125.111659,2.049189,187.080474,3,-1,1,7,-148.79897427112618,31.202601711873797,90.77355372887382,-93.9090572881262,4.684187000000065,-0.0019730729999999992,4.25273345940127,-2.30373226334747,-96.91560321114906,-160.0202162424604,-1.7773576671577669,186.86446285483675,1,1,1,1,0,2,2,1,1,1,1
2979000.0,101,-61.224689,-144.320981,110.776221,6.905134,102,-61.22608,-144.322951,93.276888,0.378061,187.089842,3,-1,1,7,-145.71734057746482,34.28438616699017,103.50643842253515,-58.99250183300983,17.499333000000036,-0.0016711280000000002,6.078670811666505,-2.4277714803188806,-105.38321865485729,-154.5865007221766,-7.007845041166929,182.725141683383,1,1,1,1,0,2,2,0,1,1,1
2980000.0,101,-61.224695,-144.320904,101.144765,4.873273,102,-61.226088,-144.322933,122.41199,0.654811,187.047718,3,-1,1,7,-144.96499674625682,35.03678171302007,113.89023825374318,-87.37520828697993,21.267224999999996,0.00027675000000000003,4.228570785780551,-0.5909670896254897,-107.37974928220426,-153.15494850999258,-18.91826718918682,166.60072523564133,1,1,1,1,0,2,2,0,1,1,1
2981000.0,101,-61.224772,-144.320913,172.174889,7.411137,102,-61.226065,-144.322988,-36.090433,0.871167,186.907565,3,-1,1,7,-142.31511191554512,37.68670686416142,45.509999084454876,73.77713986416143,151.73467799999997,0.000216356,1.5221955108961231,-8.046106278532703,-114.2600207970415,-147.91580544921112,-999,8305.91361998975,1,0,1,1,1,2,2,0,1,0,0
2982000.0,101,-61.224781,-144.320811,115.71406,4.688507,102,-61.226047,-144.323026,-40.104354,1.545373,186.601584,3,-1,1,7,-139.89693701722695,40.105004475181566,104.38900298277304,80.20935847518157,155.81841400000002,0.0006742060000000001,5.219707949906385,-3.2162635407296696,-120.2021199522251,-142.7291193495565,-8.628312716388985,186.31478928437605,1,1,1,1,0,2,2,0,1,1,1
2983000.0,101,-61.224805,-144.320665,111.118054,7.325416,102,-61.226043,-144.323028,-37.322705,1.182525,186.418143,3,-1,1,7,-137.4244756664422,42.57759555124436,111.45747033355781,79.90030055124436,148.440759,-0.00036284800000000003,7.550410590439949,-3.579662971860916,-126.12333123496167,-137.27574205869217,-11.661424321103992,183.02389595178758,1,1,1,1,0,2,2,1,1,1,1
2984000.0,101,-61.224818,-144.320556,104.697918,6.321855,102,-61.226078,-144.322939,131.362206,1.293969,186.35889,3,-1,1,7,-137.686629158593,42.315459589903135,117.61545284140698,-89.04674641009686,26.664288,0.00011144399999999988,5.143800053106142,-0.7489221101886583,-125.45402787854495,-137.80755701731806,-18.72745533131319,154.6009082208584,1,1,1,1,0,2,2,1,1,1,1
2985000.0,101,-61.22484,-144.320558,143.779959,2.823094,102,-61.226145,-144.322767,133.102484,4.811424,186.596541,3,-1,1,7,-140.82733249597845,39.174603738801494,75.39270850402158,-93.92788026119851,10.677474999999959,0.003517455,-1.8448457108829062,1.010130664749274,-117.86548705580464,-144.65820431023826,14.933437295441728,183.50670365514733,1,0,1,1,1,2,2,1,0,0,1
2986000.0,101,-61.224858,-144.320449,114.080277,5.115559,102,-61.226123,-144.322782,118.340791,2.488846,186.604083,3,-1,1,7,-138.40350203743972,41.598542885918526,107.51622096256028,-76.74224811408146,4.260513999999944,-0.0023225779999999996,2.479843911607821,-0.9057386324486913,-123.88281275157632,-139.54974918296617,-24.84046682255733,173.6055196592867,1,1,1,1,0,2,2,1,1,1,1
2987000.0,101,-61.224877,-144.320337,110.609907,6.021455,102,-61.226081,-144.322829,36.616331,1.245464,186.617166,3,-1,1,7,-135.10695759452733,44.89522669543087,114.28313540547265,8.278895695430869,73.99357600000002,-0.0012433820000000001,4.893212378014776,-3.1192417838244726,-131.71169908704934,-132.20436819361956,-19.36540976475277,196.1224574692578,1,1,1,0,0,2,2,0,1,0,1
2988000.0,101,-61.224903,-144.320318,140.037972,3.583342,102,-61.226129,-144.322704,117.708353,2.913191,186.625185,3,-1,1,7,-136.8696059132495,43.13248546614472,83.0924220867505,-74.57586753385527,22.32961899999998,0.001667727,-0.277615171003339,-1.391975441232207,-127.58836279242783,-136.19900644363025,440.48810311155415,476.97908614707217,1,0,1,1,1,2,2,1,0,0,0
2989000.0,101,-61.22493,-144.320279,144.147194,3.720215,102,-61.226181,-144.322558,125.462456,5.135768,186.671025,3,-1,1,7,-138.7528577857722,41.249139806632485,77.09994821422777,-84.21331619336752,18.68473800000004,0.002222577,-2.004113485648959,-0.035709586072366406,-123.07375880015059,-140.35284631724778,63.11929600295171,138.14133463439651,1,0,1,1,1,2,2,1,0,1,1
2990000.0,101,-61.224946,-144.320162,111.302443,5.468421,102,-61.226259,-144.322331,127.27127,8.358765,186.616136,3,-1,1,7,-141.50985361870602,38.49204755721558,107.187703381294,-88.77922244278443,15.968827000000033,0.0032229970000000004,-1.556919798107371,3.0753519843657644,-116.14615743749921,-146.06728698813484,-34.376690939209624,174.39916385764965,1,1,1,1,0,2,2,1,1,0,1
2991000.0,101,-61.224949,-144.320031,95.087,6.533461,102,-61.226304,-144.322155,123.783594,9.042241,186.570632,3,-1,1,7,-142.96463375279538,37.03722798004992,121.9483662472046,-86.74636601995007,28.696594000000005,0.0006834760000000007,-1.0076747954249274,4.4486963980321,-112.37296037447884,-148.93259717588768,-76.06782226692451,267.63631008372107,1,1,1,1,0,2,2,0,1,0,0
2992000.0,101,-61.224897,-144.32001,28.877953,5.450939,102,-61.226314,-144.322023,116.000033,8.218513,186.172281,3,-1,1,7,-145.63553919018383,34.366225248329215,-174.51349219018383,-81.63380775167079,87.12208000000004,-0.0008237280000000009,-4.754242153747509,8.375880279178435,-105.08589288800438,-153.67847386239177,-24.037754471509555,224.48460212025293,0,1,2,1,1,2,2,0,1,1,0
2993000.0,101,-61.224892,-144.319823,81.323642,8.039606,102,-61.226291,-144.321929,101.563733,6.795747,184.871909,3,-1,1,7,-144.07293839924614,35.928907555559725,134.60341960075385,-65.63482544444028,20.240091000000007,-0.0014227659999999994,1.2897933184380266,2.5750587783641468,-108.47449577016545,-149.70272711180863,-514.3454183265046,1299.2378245930752,1,1,1,1,0,0,2,1,1,0,0
2994000.0,101,-61.224915,-144.319827,132.513886,2.842567,102,-61.226314,-144.321643,100.982153,9.499207,181.762343,3,-1,1,7,-148.00194676983932,31.99964499409728,79.48416723016066,-68.98250800590272,31.53173300000003,0.0027034599999999995,-7.229949202186603,-0.11128877193887088,-96.31412960468245,-154.14648154058554,13.686683634774818,152.64613653782527,1,0,1,1,1,0,2,0,0,1,1
2995000.0,101,-61.224827,-144.319686,37.591211,9.920075,102,-61.226339,-144.32122,99.004331,13.6195,177.577879,3,-1,1,7,-153.97134818673786,26.029996397577065,168.43744081326213,-72.97433460242293,61.41311999999999,0.0041202930000000006,-7.400180186083209,9.992077071628849,-77.92482262469287,-159.56699260513997,-16.80893955080804,202.48786471631539,1,1,2,1,0,0,2,0,1,0,0
2996000.0,101,-61.224813,-144.319602,61.820819,5.574591,102,-61.226285,-144.320937,86.524973,14.021195,171.632064,3,-1,1,7,-156.41632671311746,23.584843442977363,141.76285428688254,-62.940129557022644,24.70415399999996,0.00040169500000000014,-9.08155124207667,1.782618411061612,-68.66791107265671,-157.29680029109878,4.2079810929210755,167.58809336952183,1,1,1,1,1,0,2,1,0,1,1
2997000.0,101,-61.224749,-144.319571,22.278315,6.868223,102,-61.226201,-144.320665,74.154629,14.750658,166.996875,3,-1,1,7,-160.06575402764815,19.93520488606163,177.65593097235185,-54.21942411393837,51.87631399999998,0.0007294629999999991,-11.586379382298569,2.327981711077352,-56.936165770677036,-156.99117582558458,2.276582340109645,165.14301652612315,1,1,2,1,0,0,2,0,0,1,1
2998000.0,101,-61.224628,-144.319538,9.249255,12.497473,102,-61.226108,-144.320305,67.98342,17.051766,162.00448,3,-1,1,7,-165.99297396741943,14.007698323328404,-175.24222896741944,-53.97572167667159,58.73416500000002,0.002301108000000001,-13.79955753392657,5.942707793065974,-39.211706680288,-157.1874473337151,-2.1800022532732215,160.01478333306463,0,1,2,1,1,0,2,0,1,1,1
2999000.0,101,-61.224559,-144.319473,19.982139,9.020629,102,-61.225991,-144.3199,63.235192,19.807196,151.317153,3,-1,1,7,-171.83196350894497,8.168410764730435,168.18589749105504,-55.06678123526956,43.253052999999966,0.0027554300000000006,-14.602510019932168,-0.44217915969598565,-21.498648801004727,-149.78213809315338,1.7650788350591462,149.06299806863262,1,1,2,1,0,0,2,1,0,1,1
3000000.0,101,-61.22453,-144.319529,-17.722368,4.258715,102,-61.22583,-144.319377,59.500116,24.393231,138.928083,3,-1,1,7,176.77868191317395,-3.221451317614298,-165.49895008682606,-62.721567317614294,77.22248400000001,0.004586034999999999,-22.314318148552434,-8.323850025480354,7.806784626021053,-138.70856628145864,1.6816511474584048,132.6941361239508,0,1,2,1,1,0,2,0,0,1,1
3001000.0,101,-61.22446,-144.319686,-41.710907,9.679849,102,-61.225634,-144.319061,50.813926,25.403656,125.01709,3,-1,1,7,165.62662084773095,-14.373926975553047,-152.66247215226906,-65.18785297555306,92.524833,0.0010104250000000014,-26.131030163322972,-8.824950717087965,31.034221897886976,-121.10388046326514,0.3345587740108209,124.66729301174081,0,1,1,1,0,0,2,0,0,1,1
3002000.0,101,-61.224387,-144.319824,-41.863772,10.655337,102,-61.225424,-144.318695,46.020392,27.353458,121.213799,3,-1,1,7,152.3424107954429,-27.658578791172573,-165.79381720455712,-73.67897079117257,87.884164,0.0019498019999999983,-26.794157309738793,-11.058916175148733,56.265814318981654,-107.36360280390313,-0.378499331650591,120.70921017742208,0,1,2,1,1,0,2,1,1,1,1
3003000.0,101,-61.224326,-144.319918,-38.906176,8.971707,102,-61.225282,-144.318406,45.908562,25.451427,131.919488,3,-1,1,7,142.71731304309571,-37.284012247879986,-178.37651095690427,-83.19257424787999,84.81473800000003,-0.0019020310000000009,-23.91463877670382,-10.727680091284434,79.90996663653044,-104.96260546656956,-1.1296434290255648,128.47509596626273,0,1,2,1,1,1,2,1,1,0,1
3004000.0,101,-61.224245,-144.32004,-35.927533,10.734242,102,-61.225179,-144.318039,51.040851,24.146142,153.82778,3,-1,1,7,134.11812859176743,-45.88362531342984,170.04566159176744,-96.92447631342984,86.96838399999996,-0.0013052849999999978,-25.074346687278165,-6.49011911631972,110.43389738057455,-107.085667617404,-3.0346738672452838,131.3498070448391,1,1,2,1,0,1,2,0,1,0,1
3005000.0,101,-61.224282,-144.320207,-103.717309,8.461827,102,-61.225065,-144.317628,54.411301,24.427843,167.41639,3,-1,1,7,122.2409341230358,-57.76132640674811,-134.0417568769642,-112.17262740674812,158.12860999999998,0.0002817009999999982,-28.0855768659018,-16.22265752036154,141.60283261252022,-89.31341129272067,-2.6907968390956185,148.4579454943981,0,1,1,1,1,1,2,0,1,0,1
3006000.0,101,-61.22424,-144.320182,-20.524017,3.849047,102,-61.224937,-144.317255,54.442509,24.478446,173.189593,3,-1,1,7,116.32195723405968,-63.680608320614944,136.84597423405967,-118.12311732061494,74.96652599999999,5.0603000000002395e-05,-21.263485389236227,-10.629965038172097,155.23270163612108,-76.79481405835077,-4.286089215673009,138.12738285220976,1,1,1,1,0,1,2,1,1,1,1
3007000.0,101,-61.224252,-144.320153,128.053647,0.918092,102,-61.22473,-144.316928,47.545952,25.993091,176.318648,3,-1,1,7,107.11506063794083,-72.88776611488339,-20.938586362059183,-120.43371811488339,80.50769500000001,0.001514644999999998,-18.455257833314544,-18.111213235943058,168.51049851127172,-51.88908867990063,-3.35341951710839,155.08830291856748,0,0,0,1,1,1,2,0,1,0,1
3008000.0,101,-61.224248,-144.320189,-73.896419,1.223423,102,-61.224479,-144.316716,38.052282,27.182214,176.548325,3,-1,1,7,97.86835133660448,-82.13469278769033,171.76477033660447,-120.18697478769033,111.94870099999997,0.0011891229999999985,-17.929998600766957,-21.0652508244161,174.8861636263318,-24.16900561399915,-3.492405014951491,148.85078148173872,1,1,2,1,0,2,2,0,1,1,1
3009000.0,101,-61.224254,-144.320143,110.521926,1.553747,102,-61.224268,-144.316651,29.613747,25.551942,173.891758,3,-1,1,7,90.47870357057725,-89.52435720440957,-20.04322242942274,-119.13810420440957,80.90817900000002,-0.001630271999999998,-11.171360897201765,-22.758945728493348,173.88568875673658,-1.4528406402282232,-3.184422805211707,156.82864406428033,0,0,0,1,1,0,2,1,1,0,1
3010000.0,101,-61.224238,-144.320192,-46.455948,2.078907,102,-61.223975,-144.316626,19.263013,27.650636,181.723352,3,-1,1,7,81.29111280836452,-98.7120128239092,127.74706080836452,-117.9750258239092,65.71896099999998,0.002098693999999998,-10.6289698371851,-24.67040658120829,179.62815675547185,27.515485871551313,-3.65279589933498,154.0915945023044,1,1,1,1,0,1,2,1,1,1,1
3011000.0,101,-61.224277,-144.320113,142.59201,4.351522,102,-61.223779,-144.316522,18.102783,25.790192,198.489559,3,-1,1,7,73.93068630791824,-106.07246123455849,-68.66132369208175,-124.17524423455849,124.48922699999997,-0.0018604439999999976,-5.370104090522373,-27.970138098490185,190.73408359282303,54.94191831398396,-4.276888234658483,179.80434639580224,0,0,1,1,1,1,2,0,1,0,1
3012000.0,101,-61.224279,-144.320158,-124.398361,1.189636,102,-61.223552,-144.316368,18.103832,26.085361,221.388448,3,-1,1,7,68.2756611196296,-111.72766084450006,-167.3259778803704,-129.83149284450008,142.502193,0.0002951689999999978,-9.087369034871323,-25.46608093598229,205.66442682975836,81.94503306873263,-5.773234878037767,166.44965413560033,0,1,2,1,1,1,2,0,1,1,1
3013000.0,101,-61.224239,-144.320202,-29.498119,4.078616,102,-61.223461,-144.316055,28.755911,22.309371,247.615443,3,-1,1,7,68.71010141131227,-111.29353346381622,98.20822041131227,-140.04944446381623,58.25403,-0.0037759900000000003,-12.740864760085302,-16.008202721054296,230.71699032006063,89.905939679975,-10.470996077115919,124.53312093889681,1,1,1,1,0,1,2,1,1,1,1
3014000.0,101,-61.224272,-144.320277,-125.84175,4.239218,102,-61.223352,-144.315688,38.315252,21.590428,274.886914,3,-1,1,7,67.3922404340887,-112.6117818557129,-166.7660095659113,-150.92703385571292,164.15700199999998,-0.0007189429999999994,-16.822272935714608,-19.422362887452675,253.76409870976983,105.67212354477215,-11.547760810875507,132.7017502023706,0,1,2,1,1,1,2,0,1,0,1
3015000.0,101,-61.224288,-144.320281,-149.996952,2.229348,102,-61.22332,-144.315235,53.158508,20.647958,301.424923,3,-1,1,7,68.2747883175295,-111.72963453555255,-141.7282596824705,-164.88814253555256,156.84454000000002,-0.0009424700000000002,-17.63928308356444,-14.311196634631504,280.01464533431675,111.57411260616288,-13.930273204512801,94.24587885917902,0,1,1,2,0,1,2,1,1,1,1
3016000.0,101,-61.224274,-144.320317,-58.723101,2.009803,102,-61.2234,-144.31472,74.805533,20.366807,325.795766,3,-1,1,7,72.03020068596405,-107.97470512391095,130.75330168596406,177.21976187608905,133.52863399999995,-0.0002811509999999977,-21.37253503993363,-4.294619784507594,309.903209876462,100.51309194225568,-14.776653224077908,37.52156022491453,1,1,1,2,0,1,2,1,1,1,1
3017000.0,101,-61.224337,-144.320332,-169.614235,5.804936,102,-61.223507,-144.314213,90.744911,21.72217,347.260126,3,-1,1,7,74.26616760319433,-105.73919574768516,-116.11959739680566,163.51589325231484,99.64085399999999,0.001355362999999997,-22.76681770154527,-5.427424386569313,334.2489115888963,94.16613091326447,-15.7014449850928,24.88715807429205,0,1,1,2,1,1,2,1,1,1,1
3018000.0,101,-61.224369,-144.320389,-147.141955,4.637143,102,-61.223555,-144.313785,94.931228,22.149486,365.104926,3,-1,1,7,75.64093032963083,-104.36485812967321,-137.21711467036917,160.7039138703268,117.92681699999997,0.00042731600000000115,-24.583427686692197,-1.9913120084925764,353.6992563377932,90.54525418572487,-14.759265253330087,61.83332000711413,0,1,1,2,1,1,2,0,1,0,1
3019000.0,101,-61.224401,-144.320397,-164.588479,3.818225,102,-61.223802,-144.313381,114.332428,24.10958,378.62047,3,-1,1,7,79.94593164670499,-100.06021794215475,-115.465589353295,145.60735405784527,81.079093,0.0019600940000000016,-22.982624587667388,6.252944033055117,372.8061650003508,66.09859030835783,-14.048300495103364,161.83950278281432,0,1,1,1,0,1,2,1,1,0,1
3020000.0,101,-61.224425,-144.320406,-167.199475,2.878291,102,-61.223872,-144.313124,115.091494,21.904101,386.827892,3,-1,1,7,81.03838855089768,-98.96799419236208,-111.76213644910231,145.9405118076379,77.70903099999998,-0.002205479,-20.47475640795496,6.482004372463083,382.105857239593,60.257214442417336,-15.7639915542742,172.93944890406553,0,1,1,1,0,1,2,1,1,0,1
3021000.0,101,-61.224483,-144.320487,-150.851162,6.761828,102,-61.224161,-144.312952,133.752736,23.673906,389.519568,3,-1,1,7,84.9302568361148,-95.076347675075,-124.21858116388523,131.170916324925,75.39610199999998,0.001769804999999998,-20.393945908651304,10.466139421577802,387.9957167934996,34.42117959636308,-14.029776381103195,207.92521679427904,0,1,1,1,1,1,2,1,1,0,0
3022000.0,101,-61.224539,-144.320584,-142.939465,7.75894,102,-61.224368,-144.312921,144.54369,22.627429,386.67207,3,-1,1,7,87.34923311716432,-92.65748359590631,-129.71130188283567,122.79882640409369,72.51684500000002,-0.0010464769999999994,-17.80175511285399,12.239727180407085,386.25832462741147,17.882851397642163,-14.312212735291515,233.57701234245096,0,1,1,1,1,0,2,1,1,0,0
3023000.0,101,-61.224579,-144.320614,-152.026954,5.286174,102,-61.224685,-144.313042,161.097776,24.958699,379.536203,3,-1,1,7,91.66907017953599,-88.33756678230392,-116.30397582046402,110.56465721769607,46.875269999999944,0.00233127,-10.564986277322753,18.94416429303502,379.375176841783,-11.05461821697537,-9.085535904814122,325.95912205072744,0,1,1,1,0,0,2,1,1,0,0
3024000.0,101,-61.224555,-144.320718,-72.659923,4.924909,102,-61.224932,-144.313301,174.380552,24.923157,368.36962,3,-1,1,7,96.03086793382847,-83.97563317536766,168.69079093382848,101.64381482463233,112.95952500000004,-3.554199999999952e-05,-7.141577615198431,26.27121463519225,366.33085499732084,-38.70247557813705,-6.3307592212050725,345.5473478454692,1,1,2,1,0,0,2,0,1,0,0
3025000.0,101,-61.224574,-144.320762,-117.212489,3.406633,102,-61.225151,-144.313696,-171.547276,24.950886,354.735038,3,-1,1,7,99.63091652461573,-80.37527693491565,-143.15659447538428,91.17199906508436,54.334787000000006,2.772900000000078e-05,0.6380374541570193,23.122031398895178,349.7353690029404,-59.34744184241267,-2.3301344179326278,351.26467487659727,0,1,1,1,1,0,2,1,1,0,0
3026000.0,101,-61.224577,-144.320945,-93.877829,7.946126,102,-61.225401,-144.31423,-158.402852,27.621615,340.174491,3,-1,1,7,104.30409513167875,-75.70179067803195,-161.81807586832124,82.70106132196804,64.52502299999998,0.002670728999999998,2.238982761441407,25.14504389663808,329.62842695677165,-84.04632335273992,-2.9575374936347387,336.38957659257,0,1,2,1,1,0,2,0,1,1,0
3027000.0,101,-61.224541,-144.321094,-67.476419,8.608274,102,-61.225351,-144.31471,-137.928968,21.305037,327.489319,3,-1,1,7,104.7689370378746,-75.23665864249371,172.24535603787461,62.69230935750629,70.45254899999998,-0.006316578,6.323818181899568,19.11255900820172,316.66964064231144,-83.484086834277,1.848786166925945,327.3067651105871,1,1,2,1,0,0,2,0,0,1,0
3028000.0,101,-61.22451,-144.321331,-73.250214,11.884747,102,-61.225242,-144.315217,-111.417111,19.016713,314.048559,3,-1,1,7,103.96966325101081,-76.03569576632079,177.21987725101081,35.38141523367922,38.16689699999998,-0.0022883239999999996,6.323042084028748,10.369141670453253,304.7601589943288,-75.81387010124153,17.031989892984722,320.2365214934395,1,1,2,1,0,0,2,1,0,1,0
3029000.0,101,-61.224464,-144.321549,-67.376847,12.604182,102,-61.225338,-144.315804,-110.824632,22.915268,305.580473,3,-1,1,7,107.54105489316788,-72.46398069106183,174.91790189316788,38.36065130893816,43.44778500000001,0.003898555000000002,9.783929276038224,12.995009867194728,291.3713590933911,-92.0986241969654,11.536861602744626,300.7232193766436,1,1,2,1,1,0,2,0,0,1,0
3030000.0,101,-61.224386,-144.321684,-46.399234,11.719358,102,-61.225446,-144.316346,-111.808761,25.299141,304.601925,3,-1,1,7,112.41951096698217,-67.58516787591037,158.81874496698217,44.22359312408963,65.40952700000003,0.0023838729999999977,15.001735710539894,17.48089070265558,281.5789582490188,-116.17066318612005,7.002239520558908,296.7869689761591,1,1,2,1,1,2,2,0,0,1,0
3031000.0,101,-61.224326,-144.321947,-61.091191,14.325331,102,-61.225535,-144.316761,-112.422034,25.064909,311.868248,3,-1,1,7,115.84308631072342,-64.16145930236071,176.93427731072342,48.260574697639285,51.330843000000016,-0.00023423199999999866,10.629732738614065,16.485513601436807,280.67868623112406,-135.9458686616099,4.112535704131593,312.51076582095,1,1,2,1,0,1,2,1,0,0,0
3032000.0,101,-61.224268,-144.322152,-60.569115,13.151635,102,-61.225734,-144.317261,-119.481756,27.770608,312.866524,3,-1,1,7,121.9113211135572,-58.09296593016162,-177.51956388644282,61.388790069838386,58.91264100000001,0.0027056989999999993,12.720255748768153,20.129567071769184,265.5821478951764,-165.38314472529314,0.16039410174013882,312.86462220031984,0,1,2,1,1,2,2,0,0,0,0
3033000.0,101,-61.224254,-144.322325,-76.274909,10.18425,102,-61.225784,-144.317622,-115.788953,25.398117,304.045219,3,-1,1,7,124.05401263230023,-55.9501096270023,-159.67107836769978,59.83884337299771,39.51404400000001,-0.002372491,12.975090457402853,13.465993049379748,251.9045208349807,-170.25747437236558,3.789755023105136,300.1161427313898,0,1,2,1,0,0,2,1,0,1,0
3034000.0,101,-61.224244,-144.322445,-80.085419,7.539825,102,-61.225859,-144.318082,-113.499883,25.495507,293.211097,3,-1,1,7,127.56101829327835,-52.44280595148267,-152.35356270672165,61.05707704851733,33.41446400000001,9.739000000000076e-05,15.953710515954999,11.464467431260617,232.42977884936855,-178.74323849582964,4.92840776909942,281.06156309844334,0,1,1,1,0,0,2,1,0,1,0
3035000.0,101,-61.224161,-144.322533,-34.523354,9.651654,102,-61.225949,-144.318675,-111.499824,27.618064,282.067223,3,-1,1,7,133.91524950929193,-46.08813209431371,168.4386035092919,65.4116919056863,76.97647,0.0021225570000000006,20.22636430636532,18.07392729337163,203.19178789739215,-195.64001539049454,1.086593082690275,281.3957280734687,1,1,2,1,0,0,2,0,0,0,0
3036000.0,101,-61.224062,-144.322662,-31.748277,12.434113,102,-61.225973,-144.319182,-106.389596,27.218883,278.505443,3,-1,1,7,138.76391531784654,-41.2391349611634,170.51219231784654,65.1504610388366,74.64131899999995,-0.00039918099999999867,19.570164456603585,18.253849941287058,183.58053839612612,-209.43607068223636,-0.5016162874519964,278.41413763889324,1,1,2,1,0,0,2,1,1,1,0
3037000.0,101,-61.223956,-144.322878,-41.250214,15.437002,102,-61.226007,-144.319643,-103.915982,26.511741,284.541235,3,-1,1,7,142.79356273570752,-37.20927279557603,-175.95622326429248,66.70670920442397,62.66576799999996,-0.0007071420000000011,15.5552404061035,17.98215658073676,172.05884170107822,-226.62627695792145,-4.825816509853772,283.9514522125604,0,1,2,1,1,1,2,1,1,0,0
3038000.0,101,-61.223842,-144.322991,-29.961873,14.418829,102,-61.226048,-144.320151,-102.46302,26.809679,282.646307,3,-1,1,7,148.21402535477333,-31.788463951596515,178.17589835477332,70.67455604840349,72.501147,0.00029793799999999846,18.976818801377348,18.277648838723206,148.88330220256154,-240.25548315490943,-3.828831738595811,279.4173524882004,1,1,2,1,0,0,2,0,1,1,0
3039000.0,101,-61.223812,-144.323008,-29.181869,5.586235,102,-61.226014,-144.320538,-95.976712,24.813591,272.262779,3,-1,1,7,151.6338429207748,-28.368322073937243,-179.18428807922518,67.60838992606276,66.79484300000001,-0.0019960880000000005,21.954956272331255,7.460906055575462,129.35328339934654,-239.5720119350572,2.1179321676007605,268.47819929897025,0,1,2,1,1,0,2,1,0,1,0
3040000.0,101,-61.22379,-144.323149,-65.710314,6.792335,102,-61.225956,-144.320997,-89.06056,24.670365,259.727033,3,-1,1,7,154.4409326415321,-25.560953620298942,-139.8487533584679,63.49960637970105,23.350246000000027,-0.00014322599999999852,18.475989454320644,2.389543850789842,112.05698460315352,-234.31040069239714,4.433924966241295,246.75261343464754,0,1,1,1,0,0,2,1,0,1,0
3041000.0,101,-61.223692,-144.323168,-14.39157,9.909827,102,-61.225852,-144.321467,-80.515169,25.173477,245.808154,3,-1,1,7,159.2398982031802,-20.761592748639053,173.6314682031802,59.75357625136095,66.12359900000001,0.000503111999999998,22.366275526895187,5.450605345632188,87.12815188375473,-229.84850167492735,1.4303403673969515,243.95712126132756,1,1,2,1,0,0,2,0,0,1,0
3042000.0,101,-61.223634,-144.323184,-10.641133,7.114343,102,-61.225728,-144.321876,-72.804154,25.14365,238.582547,3,-1,1,7,163.26518802260162,-16.735958457841882,173.90632102260162,56.068195542158115,62.16302099999996,-2.9826999999997382e-05,22.706010843555756,-0.4414403787988048,68.69803691597693,-228.478032766606,3.2065396582365624,227.0997250018622,1,1,2,1,2,0,2,1,0,1,0
3043000.0,101,-61.223508,-144.323205,-5.277493,12.952557,102,-61.225631,-144.322242,-69.302801,24.350114,242.199252,3,-1,1,7,167.6829552738029,-12.3178888083988,172.96044827380288,56.984912191601204,64.025308,-0.0007935359999999995,21.587220619106024,4.291610716676342,51.66619506507541,-236.62434776847687,0.22247693932839907,242.15704632308032,1,1,2,1,1,1,2,0,0,0,0
3044000.0,101,-61.223383,-144.323273,-12.161801,14.108632,102,-61.225536,-144.322617,-67.063972,23.902586,239.983466,3,-1,1,7,171.6560926119489,-8.344482380088822,-176.1821063880511,58.71948961991119,54.90217100000001,-0.00044752800000000194,19.040551093509197,4.477073492947671,34.82507115928398,-237.4432108360312,-1.1577843918878268,239.12082328285143,0,1,2,1,1,0,2,1,1,1,0
3045000.0,101,-61.22334,-144.323359,-33.599281,7.516758,102,-61.225419,-144.323033,-64.389052,24.518414,230.010667,3,-1,1,7,175.68344486899548,-4.3168408737787525,-150.71727413100453,60.072211126221255,30.789770999999973,0.0006158280000000004,17.949846751824637,-4.3373625164668645,17.312178809589795,-229.35822505122786,3.6872671759444855,218.8911872161541,0,1,1,1,0,0,2,1,0,1,0
3046000.0,101,-61.223243,-144.323419,-19.146312,10.595026,102,-61.225275,-144.323452,-60.690007,25.501763,221.252123,3,-1,1,7,-179.55210069390634,0.4479282309430662,-160.40578869390635,61.137935230943064,41.54369499999996,0.0009833490000000005,18.76215341365274,-2.4750411320511247,-1.7295805010633105,-221.24536262551916,1.391972472297325,219.57302718519682,0,1,2,1,1,0,2,0,0,0,0
3047000.0,101,-61.223148,-144.323374,4.080143,10.515595,102,-61.2251,-144.323891,-56.566467,27.104149,213.965143,3,-1,1,7,-172.7343373131625,7.266115842217185,-176.8144803131625,63.832582842217185,60.64661000000001,0.0016023859999999993,23.367307782557212,-4.444609398971423,-27.060202510715158,-212.24709152091938,0.5301786443954775,213.56571450688273,0,1,2,1,1,0,2,0,0,1,0
3048000.0,101,-61.223065,-144.3233,17.953691,10.00323,102,-61.224947,-144.324186,-52.749905,25.90982,215.304058,3,-1,1,7,-167.23141161533874,12.769364971141828,174.81489738466126,65.51926997114182,70.703596,-0.0011943289999999998,23.70772031653645,-6.16696008613042,-47.58517926620988,-209.97973260643522,0.2684128582068148,215.19648733871333,1,1,2,1,0,1,2,0,0,0,0
3049000.0,101,-61.222917,-144.323208,16.03831,15.928862,102,-61.224838,-144.324493,-53.354447,24.18123,226.324137,3,-1,1,7,-162.1514061703967,17.84972014158191,-178.1897161703967,71.2041671415819,69.39275700000002,-0.0017285900000000006,23.802471728421096,0.8759851053628349,-69.36896293883281,-215.43110724680784,-3.2723703602029235,212.7353017773212,0,1,2,1,1,1,2,1,1,1,0
3050000.0,101,-61.222823,-144.323245,-0.915835,11.237398,102,-61.224782,-144.324858,-59.356259,22.61341,241.69977,3,-1,1,7,-158.3790055310276,21.62240827435052,-157.4631705310276,80.97866727435053,58.44042400000001,-0.001567820000000001,19.27590408839954,-0.29005595918510885,-89.05795870678887,-224.69414502615058,-4.424736172850618,226.00896431194764,0,1,1,1,0,1,2,1,1,0,0
3051000.0,101,-61.222781,-144.323253,-3.72662,5.74721,102,-61.224652,-144.325511,-62.440775,27.116033,248.052386,3,-1,1,7,-149.84601229922967,30.155966851353096,-146.11939229922967,92.5967418513531,58.714155000000005,0.004502623000000003,23.665714481757043,-6.810588335988011,-124.60309207855043,-214.48556045747526,-2.371770948580999,240.58850561884523,0,1,1,1,0,1,2,0,1,0,0
3052000.0,101,-61.222742,-144.323274,-11.178522,4.691368,102,-61.224598,-144.32587,-65.495924,24.903179,248.499386,3,-1,1,7,-146.0477393120583,33.95453609651207,-134.8692173120583,99.45046009651207,54.317402000000016,-0.002212854,21.750694049053028,-5.726429230385948,-138.7873912968221,-206.13103807869348,-3.527799735337818,234.68567570802327,0,1,1,1,0,2,2,1,1,1,0
3053000.0,101,-61.222744,-144.323392,-83.628281,4.825697,102,-61.224516,-144.326139,-64.013176,22.592949,242.754841,3,-1,1,7,-143.268452305671,36.73395545430608,-59.64017130567099,100.74713145430607,19.615105000000028,-0.002310230000000001,15.512797308979545,-9.363878822659858,-145.1835436887923,-194.55500885584988,-1.3727346424978861,241.59248678956985,0,0,1,1,0,0,2,1,1,0,0
3054000.0,101,-61.222719,-144.323471,-60.985584,5.016237,102,-61.224361,-144.326392,-55.89866,22.199025,233.472623,3,-1,1,7,-139.42569988943288,40.576860380304325,-78.44011588943287,96.47552038030432,5.08692400000001,-0.00039392400000000193,13.995153283730081,-10.013045211474974,-151.85843457524183,-177.33719727924293,-1.1959108212800038,232.58721391863216,0,0,1,1,1,0,2,1,1,1,0
3055000.0,101,-61.22268,-144.32352,-37.934835,5.12302,102,-61.22416,-144.326547,-44.284271,22.176806,220.887041,3,-1,1,7,-135.44639053122498,44.556262644980286,-97.51155553122499,88.84053364498028,6.349435999999969,-2.2218999999999768e-05,12.334809981808007,-11.83545081894971,-154.96911703997247,-157.40285145316457,-0.16376996521578963,220.86876274729596,0,1,1,1,1,0,2,0,1,1,0
3056000.0,101,-61.222593,-144.323476,5.211168,8.877674,102,-61.22395,-144.326609,-32.761891,22.027622,210.422841,3,-1,1,7,-131.98024946427876,48.02249661734098,-137.19141746427874,80.78438761734097,37.97305899999998,-0.0001491839999999982,12.7265555467003,-9.682635942609965,-156.42317171726222,-140.74645062815324,-2.3339953551394723,206.73565139547634,0,1,1,1,1,0,2,0,1,1,0
3057000.0,101,-61.222494,-144.323469,2.767178,10.669478,102,-61.223687,-144.326691,-23.484643,24.368465,203.652505,3,-1,1,7,-127.56692731186104,52.43589677363886,-130.33410531186104,75.92053977363886,26.251821000000007,0.0023408429999999996,10.226009341347012,-11.692913014923523,-161.42346854419642,-124.16443369957376,-0.790801575289689,203.25034157788102,0,1,1,1,0,0,2,1,1,1,0
3058000.0,101,-61.222448,-144.323382,30.171957,6.94476,102,-61.223388,-144.326728,-15.723448,27.287101,195.301219,3,-1,1,7,-120.26802329200277,59.73490947477301,-150.43998029200276,75.45835747477301,45.89540500000004,0.002918635999999999,10.885066223121264,-20.262152742914186,-168.6771694399721,-98.44073675366771,0.3077377640386013,195.1796052012258,0,1,1,1,1,0,2,0,0,1,1
3059000.0,101,-61.222347,-144.323271,26.831735,11.68573,102,-61.223107,-144.326643,-7.689159,28.311116,185.567607,3,-1,1,7,-115.08961425886481,64.91334129128603,-141.9213492588648,72.60250029128603,34.520894,0.0010240149999999986,9.062599544497278,-17.628960579433667,-168.05850103409082,-78.68720987480081,-0.3646782642657803,185.44133871099828,0,1,1,1,0,0,2,1,1,1,1
3060000.0,101,-61.222292,-144.323131,45.420263,9.646875,102,-61.222824,-144.326449,1.059324,29.366603,171.767738,3,-1,1,7,-108.4222637420089,71.58064447270478,-153.84252674200889,70.52132047270477,44.36093899999997,0.001055487000000003,6.328302216300138,-22.590430817294685,-162.96520594169078,-54.28164947769144,0.4015931743707546,171.57020510241315,0,1,1,1,1,0,2,0,0,1,1
3061000.0,101,-61.222259,-144.322983,61.182065,8.730412,102,-61.22273,-144.326026,18.349644,23.542184,158.035568,3,-1,1,7,-107.82482492941399,72.17784224708198,-169.006889929414,53.828198247081986,42.83242100000001,-0.0058244190000000026,0.23776950307802558,-18.136833379608255,-150.44936335153372,-48.37592190543569,3.2999838427349255,151.66873683224563,0,1,2,1,1,0,2,1,0,1,1
3062000.0,101,-61.222269,-144.322764,91.573794,10.611141,102,-61.222619,-144.325561,34.880247,22.636193,145.226373,3,-1,1,7,-104.57180501348604,75.43064654382869,163.85440098651395,40.55039954382869,56.693547000000024,-0.0009059910000000002,-2.337664952127936,-18.861009011989733,-140.5548901239131,-36.537956661393096,5.3137722618014385,143.08697418602324,1,1,2,1,0,0,2,0,0,1,1
3063000.0,101,-61.222307,-144.322413,102.153946,16.918746,102,-61.2226,-144.325043,55.544572,21.55396,134.140198,3,-1,1,7,-103.03104002454627,76.97126515832483,154.81501397545372,21.426693158324824,46.609374,-0.0010822329999999986,-1.2331549523754468,-15.756532542883578,-130.6858269224125,-30.24578253384174,14.8857563695489,233.14640750372155,1,1,1,0,1,0,2,1,0,0,0
3064000.0,101,-61.222387,-144.322182,120.576957,15.743244,102,-61.222413,-144.324642,50.66147,24.57486,128.622691,3,-1,1,7,-91.25877230662464,88.74338387090322,148.16427069337539,38.081913870903215,69.91548699999998,0.003020900000000001,-5.452449590997416,-23.58654395287961,-128.59165117800305,-2.8255773562701583,4.745993077641691,149.85506729715632,1,1,1,1,1,0,2,0,0,1,1
3065000.0,101,-61.222457,-144.322013,127.144783,13.004144,102,-61.222228,-144.324349,45.475686,25.128168,133.668921,3,-1,1,7,-78.49114302422876,101.51090446706282,154.36407397577125,56.03521846706281,81.66909700000002,0.0005533079999999977,-7.549439461066319,-25.47247773951522,-130.98135682431638,26.669544536143697,1.1314132128548198,134.4268873839813,1,1,1,1,0,1,2,0,0,1,1
3066000.0,101,-61.22254,-144.321906,141.958843,11.447915,102,-61.22203,-144.324196,37.094956,24.319228,146.058163,3,-1,1,7,-65.17516781816109,114.82683935309112,152.86598918183893,77.73188335309112,104.86388699999998,-0.0008089399999999997,-7.613326469920643,-28.413931779221443,-132.56174628006872,61.32185908885396,-2.0966683204104823,148.5346439436936,1,1,1,1,1,1,2,0,1,0,1
3067000.0,101,-61.222576,-144.32182,132.377838,7.166507,102,-61.221779,-144.324026,29.405852,26.123315,154.19587,3,-1,1,7,-53.1138156839344,126.88811785967874,174.5083463160656,97.48226585967875,102.97198600000002,0.0018040870000000026,-7.532343710426913,-27.588028315652448,-123.33039235410948,92.55258314514143,-3.170515784487638,147.29957997628267,1,1,2,1,0,1,2,1,1,1,1
3068000.0,101,-61.222606,-144.321844,171.049434,3.664917,102,-61.221541,-144.323804,27.387258,27.256201,160.17628,3,-1,1,7,-41.541362938973776,138.46035498588188,147.40920306102623,111.07309698588188,143.66217600000004,0.0011328859999999992,-11.967720020924435,-27.821552586644856,-106.22259173896961,119.88828833082314,-2.8432702714131044,146.0596457960889,1,1,1,1,1,1,2,0,1,1,1
3069000.0,101,-61.222641,-144.321899,-152.650174,4.291758,102,-61.221393,-144.323628,28.504267,24.19437,163.850279,3,-1,1,7,-33.70257802446877,146.29893742976654,118.94759597553121,117.79467042976654,178.84555899999998,-0.0030618310000000014,-13.51786771884235,-25.07358345597087,-90.91754768358592,136.3118243278283,-3.5231239163499284,146.61385546677792,1,1,1,1,1,1,2,0,1,0,1
3070000.0,101,-61.22265,-144.321914,-143.241815,1.840777,102,-61.22122,-144.323247,35.035394,25.075042,171.790891,3,-1,1,7,-24.16933964023875,155.8318287222678,119.07247535976126,120.7964347222678,178.277209,0.0008806720000000005,-15.49673192535751,-22.006155589651147,-70.33718242934451,156.73158902555346,-3.5808635103688164,148.0070053565549,1,1,1,1,2,1,2,1,1,0,1
3071000.0,101,-61.222701,-144.321917,-174.819047,5.012105,102,-61.221095,-144.322811,43.726609,24.953458,177.693115,3,-1,1,7,-15.002453316251804,164.99833026646704,159.8165936837482,121.27172126646704,141.454344,-0.00012158399999999858,-17.700882307303328,-23.02414980975551,-45.99771159169404,171.6363995390563,-4.863625789690001,144.9347157857693,1,1,2,1,0,1,2,1,1,1,1
3072000.0,101,-61.222763,-144.321935,-172.940787,6.67577,102,-61.22102,-144.322296,54.890127,25.065594,183.745685,3,-1,1,7,-5.694223585864378,174.30609282727946,167.2465634141356,119.41596582727945,132.169086,0.00011213599999999956,-21.325343773288733,-21.041547232709313,-18.231142181784843,182.83900626197567,-5.106025601172368,147.79858741703484,1,1,2,1,0,1,2,1,1,0,1
3073000.0,101,-61.222832,-144.322039,-150.483172,8.571035,102,-61.220979,-144.321802,64.240851,24.849919,193.418767,3,-1,1,7,3.523573060382486,-176.47663466793568,154.00674506038249,119.2825143320643,145.27597699999998,-0.00021567500000000095,-26.603324483361394,-18.258112534346264,11.887361617045425,193.05312756230055,-4.589557561183256,155.1877837708497,1,1,1,1,1,1,2,0,1,0,1
3074000.0,101,-61.22283,-144.322128,-102.641688,4.733453,102,-61.220958,-144.321302,72.011491,24.979192,205.951426,3,-1,1,7,11.992924638409995,-168.00779934288667,114.63461263841,119.98070965711332,174.65317899999997,0.0001292730000000013,-28.37687454540349,-8.750161740414837,42.79483204004556,201.45617940906595,-3.4619857984015425,179.91959312114474,1,1,1,1,1,1,2,0,1,0,1
3075000.0,101,-61.222853,-144.322128,-150.005081,2.669646,102,-61.220935,-144.320876,76.061495,24.214764,220.431219,3,-1,1,7,17.44600569238034,-162.55509167398185,167.45108669238033,121.38341332601817,133.93342400000003,-0.0007644280000000023,-24.836373877501615,-8.14496038631881,66.08680127256476,210.29136217968272,-5.088892660957108,179.28812959707486,1,1,2,1,0,1,2,1,1,1,1
3076000.0,101,-61.222901,-144.322097,170.57505,4.969408,102,-61.220926,-144.320433,80.115562,23.935035,235.575416,3,-1,1,7,22.078710967036187,-157.9227475137758,-148.49633903296382,121.9616904862242,90.45948800000002,-0.00027972899999999967,-22.765974847670876,-9.011050428305154,88.54808094712787,218.30028397634746,-7.273200790498459,171.08507760395233,0,1,1,1,1,1,2,1,1,1,1
3077000.0,101,-61.222969,-144.322202,-152.070285,8.071332,102,-61.220968,-144.319923,87.632376,24.731728,247.389514,3,-1,1,7,28.73701260743021,-151.26498491628888,-179.19270239256977,121.10263908371113,120.29733899999997,0.0007966930000000012,-28.491131154841145,-8.152900370011473,118.94241098927965,216.91997258254824,-6.309773998812339,176.30358425182956,0,1,2,1,1,1,2,0,1,0,1
3078000.0,101,-61.222979,-144.32227,-119.317265,4.23766,102,-61.221084,-144.319378,98.295684,26.32622,255.14181,3,-1,1,7,36.30600287996657,-143.69653193455753,155.6232678799666,118.00778406544248,142.38705099999999,0.001594491999999999,-29.745667813191837,1.7234408290271395,151.06885659384804,205.61017430444306,-4.649331168597912,214.0044482235636,1,1,1,1,0,1,2,0,1,0,0
3079000.0,101,-61.223007,-144.322274,-157.726938,3.16715,102,-61.221282,-144.318845,110.547241,28.603534,258.624752,3,-1,1,7,43.74185791392927,-136.2611475798946,-158.53120408607074,113.1916114201054,91.72582100000002,0.0022773140000000003,-27.984283193118397,7.108413071541477,178.81584229801294,186.84661326958448,-4.341992008066901,225.1276221648129,0,1,2,1,1,1,2,1,1,0,0
3080000.0,101,-61.223043,-144.322345,-141.496431,4.942358,102,-61.221407,-144.318606,116.476583,25.475399,257.728081,3,-1,1,7,47.73438103959885,-132.26889616954998,-170.76918796040115,111.25452083045002,102.026986,-0.003128135,-25.880384924373946,7.490010385764964,190.72775177863554,173.33980626910179,-4.926852134494383,219.54116295363755,0,1,2,1,1,2,2,0,1,1,0
3081000.0,101,-61.22308,-144.322418,-137.820832,5.501326,102,-61.22162,-144.318399,128.566292,24.926451,252.451385,3,-1,1,7,52.963473825277354,-127.04004880628491,-169.21569417472264,104.39365919371508,93.61287600000003,-0.0005489479999999993,-23.18354927979376,11.462889906592501,201.5197445925814,152.05753624124972,-4.3308533107081475,225.6276363163891,0,1,2,1,0,0,2,1,1,0,0
3082000.0,101,-61.223099,-144.32244,-142.892069,3.103942,102,-61.22198,-144.3182,144.617926,29.340595,243.32049,3,-1,1,7,61.26968898157236,-118.73402736198949,-155.83824201842765,96.6480466380105,72.490005,0.004414144,-18.861636063127882,21.44625593828116,213.3657886215313,116.96110934730456,-1.8612854127395693,237.45982001348796,0,1,1,1,0,0,2,1,1,0,0
3083000.0,101,-61.223171,-144.322514,-154.558844,7.878358,102,-61.222238,-144.318242,155.841964,28.024669,231.859871,3,-1,1,7,65.59957675885192,-114.40416763854506,-139.84157924114808,89.75386836145492,49.599192000000045,-0.0013159260000000011,-14.853648214055665,18.455901766760444,211.15028857106222,95.78389956821445,-2.4443821694766474,224.54808570928037,0,1,1,1,0,0,2,1,1,1,0
3084000.0,101,-61.223203,-144.322742,-112.826336,10.582589,102,-61.222445,-144.318448,168.665864,25.203143,219.522149,3,-1,1,7,69.8644893799573,-110.13927430465036,-177.3091746200427,81.19486169534963,78.50779999999995,-0.0028215259999999987,-14.706995232230453,20.60622286327254,206.1051921806068,75.568668492791,-2.8806310144369984,212.17013510572113,0,1,2,1,1,0,2,0,1,1,0
3085000.0,101,-61.223184,-144.322956,-84.234003,11.055195,102,-61.222566,-144.318722,-177.787519,20.804654,215.739697,3,-1,1,7,73.13459113277344,-106.86911996379547,157.36859413277344,70.91839903620453,93.55351599999997,-0.004398489000000001,-10.196087618759853,21.899814363548995,206.46049856822637,62.5913683554786,-2.3142809249506384,215.10492885445694,1,1,1,1,0,0,2,0,1,0,0
3086000.0,101,-61.223254,-144.323085,-128.10313,10.304795,102,-61.222918,-144.318831,-175.2159,27.391619,222.679589,3,-1,1,7,80.68423261695847,-99.31949601716914,-151.21263738304154,75.89640398283086,47.11277000000001,0.006586964999999999,-5.824359915588841,20.93731656485804,219.74271395969456,36.046345429693424,-1.3450509200309901,221.42257732190052,0,1,1,1,1,1,2,1,1,0,0
3087000.0,101,-61.223327,-144.323223,-136.17341,10.956705,102,-61.223103,-144.31898,-170.935203,25.220597,223.647615,3,-1,1,7,83.74349566628268,-96.26022333080275,-140.08309433371733,74.67497966919726,34.76179300000001,-0.0021710219999999973,-3.613738364699101,17.001018144121012,222.31556377270317,24.37305478624643,-1.5404972188601291,222.56815704760228,0,1,1,1,0,2,2,1,1,0,0
3088000.0,101,-61.223355,-144.323283,-130.97124,5.912428,102,-61.223271,-144.319173,-165.553502,23.487505,215.886922,3,-1,1,7,87.57073986411545,-92.43286256174196,-141.45802013588457,73.12063943825805,34.582262000000014,-0.0017330920000000027,1.3954527948438322,18.868192570013058,215.69290755706444,9.150558464582168,1.4660623185142638,214.44754410072443,0,1,1,1,1,0,2,1,0,1,0
3089000.0,101,-61.223379,-144.323414,-114.037199,6.891436,102,-61.223521,-144.319445,-161.025718,25.958761,206.014388,3,-1,1,7,94.2521474739548,-85.75133136956084,-151.71065352604518,75.27438663043917,46.988519000000025,0.0024712560000000002,2.146509032762034,21.741195388794406,205.4473141916304,-15.275115530170115,0.2745516204123679,205.95657445073778,0,1,1,1,1,0,2,0,0,1,0
3090000.0,101,-61.223356,-144.323579,-78.746017,8.33029,102,-61.223619,-144.319764,-150.694152,22.564322,196.761002,3,-1,1,7,98.1513422234631,-81.8520016396535,176.8973592234631,68.84215036034651,71.94813500000001,-0.0033944389999999982,2.8744787824770093,21.30225160510184,194.7731255860757,-27.898413171268007,-0.12626009113723033,196.75762753154805,1,1,2,1,0,0,2,0,1,1,1
3091000.0,101,-61.223302,-144.323844,-67.027314,13.608071,102,-61.223796,-144.320172,-144.028804,24.368634,188.086252,3,-1,1,7,105.61531285087727,-74.38790567391062,172.64262685087726,69.64089832608938,77.00149000000002,0.0018043119999999995,1.7847820988289804,25.03296214090541,181.14411275972498,-50.62853547061718,-4.268203922336731,196.95543751996863,1,1,2,1,1,0,2,0,1,0,1
3092000.0,101,-61.223246,-144.323991,-56.547411,11.031163,102,-61.223983,-144.320586,-140.268858,26.16069,188.367933,3,-1,1,7,114.21139866266856,-65.7915858374343,170.75880966266857,74.4772721625657,83.72144699999998,0.0017920559999999987,7.517779197792342,26.19983056916104,171.79881578567753,-77.25053447925988,-2.0267888758283203,188.58831565615972,1,1,2,1,1,2,2,0,1,1,1
3093000.0,101,-61.223253,-144.324093,-86.708341,6.527456,102,-61.224132,-144.320888,-138.668624,25.080179,199.011707,3,-1,1,7,119.67250077490802,-60.33030842623763,-153.61915822509198,78.33831557376237,51.960282999999976,-0.0010805109999999978,10.046588642338278,19.207569450296663,172.91514479533137,-98.51909573003313,-0.42088622680086507,198.89276167798144,0,1,1,1,1,1,2,1,1,0,1
3094000.0,101,-61.223246,-144.324326,-86.201044,10.834263,102,-61.224317,-144.32123,-138.703392,25.942409,201.140263,3,-1,1,7,125.70265133826905,-54.30006232604343,-148.09630466173095,84.40332967395658,52.502347999999984,0.0008622300000000003,6.31042275511046,20.20844692263398,163.33726258626496,-117.38119121279483,-4.9827163069365215,195.49390241766318,0,1,1,1,0,1,2,0,1,1,1
3095000.0,101,-61.223246,-144.324452,-89.162884,7.913535,102,-61.224493,-144.321641,-136.393563,26.993691,195.802635,3,-1,1,7,132.66275312957305,-47.339710732496954,-138.17436287042693,89.05385226750305,47.23067899999998,0.001051281999999997,10.704882532882747,19.661595995412515,143.98450505346375,-132.69187683295576,-2.7641060701434643,190.43600543102875,0,1,1,1,0,0,2,1,1,1,1
3096000.0,101,-61.223242,-144.324517,-84.940233,4.778263,102,-61.224606,-144.322065,-130.59961,26.187421,188.646188,3,-1,1,7,139.1291924567613,-40.87295674028744,-135.9305745432387,89.72665325971258,45.65937699999998,-0.0008062699999999978,15.123830117900146,17.46338128167797,123.44169293512351,-142.6517882546238,-1.3225041818894585,186.73412018810458,0,1,1,1,0,0,2,1,1,1,1
3097000.0,101,-61.223249,-144.324564,-100.702749,3.216029,102,-61.224704,-144.322604,-123.207097,27.046386,182.335643,3,-1,1,7,147.03881203557566,-32.96290592055982,-112.25843896442433,90.24419107944018,22.50434800000002,0.0008589649999999978,19.46953343522532,14.215148617991163,99.20349851618661,-152.98677259937347,-0.43090666700027064,182.05638288888653,0,1,1,1,0,0,2,1,1,1,1
3098000.0,101,-61.223246,-144.324655,-88.076445,4.395471,102,-61.224757,-144.323185,-114.598959,27.774789,177.382903,3,-1,1,7,154.90580334720389,-25.095485120132448,-117.01775165279611,89.50347387986754,26.522513999999944,0.0007284030000000001,20.861056989977115,11.709190985410363,75.2294546124376,-160.64004306343608,-0.5674337407860749,176.90488084075469,0,1,1,1,1,0,2,0,1,1,1
3099000.0,101,-61.223168,-144.324823,-46.744958,10.60016,102,-61.224728,-144.323592,-104.083784,24.95863,173.979791,3,-1,1,7,159.20055775033538,-20.80052123096875,-154.05448424966463,83.28326276903124,57.33882599999998,-0.002816158999999999,16.48818702322286,13.337174391247402,61.77985185988163,-162.6413772094136,-3.6128158837769293,166.81070012075642,0,1,1,1,1,0,2,0,1,1,1
3100000.0,101,-61.223112,-144.324904,-39.506795,8.310337,102,-61.224676,-144.32407,-93.822738,24.707501,169.965479,3,-1,1,7,165.60343119896712,-14.397299808304984,-154.8897738010329,79.42543819169502,54.315943000000004,-0.0002511289999999988,19.365744184256435,8.059079402736142,42.258836990132096,-164.62823192861205,-1.3244457106779766,168.265922447675,0,1,1,1,1,0,2,1,1,0,1
3101000.0,101,-61.223064,-144.324986,-39.761396,7.267793,102,-61.224591,-144.324524,-84.192459,24.710188,166.307453,3,-1,1,7,171.71355406750837,-8.286850878695173,-148.52504993249164,75.90560812130482,44.431062999999995,2.6869999999981076e-06,19.93493887269479,3.086503165831788,23.968581312939094,-164.57118834471677,-0.07688981272477592,166.30075225257417,0,1,1,1,0,0,2,1,1,1,1
3102000.0,101,-61.22294,-144.325031,-13.761497,12.801475,102,-61.224485,-144.324973,-76.190366,25.167181,164.273748,3,-1,1,7,178.96470970741544,-1.0353411299315944,-167.27379329258457,75.1550248700684,62.42886899999996,0.00045699300000000064,21.394477359086736,6.4266762164943385,2.9681376816611933,-164.24693129757466,-2.261083266681873,158.27467154634508,0,1,2,1,1,0,2,0,1,1,1
3103000.0,101,-61.222833,-144.32509,-14.749467,12.44045,102,-61.224361,-144.325372,-69.094947,25.12908,162.83141,3,-1,1,7,-174.92310033307595,5.077146841339094,-160.17363333307594,74.1720938413391,54.34548000000001,-3.810100000000105e-05,20.307657396340606,3.063948069084768,-14.40939257023798,-162.19259381471423,-1.9812139600088792,158.2436726373125,0,1,2,1,0,0,2,1,1,1,1
3104000.0,101,-61.222745,-144.325168,-20.937706,10.885953,102,-61.224215,-144.325744,-62.259159,25.277833,159.914917,3,-1,1,7,-169.31817211530822,10.682332751004536,-148.38046611530822,72.94149175100453,41.32145300000002,0.0001487530000000028,18.482325993686196,-1.5990017615223273,-29.641022626582888,-157.14385274889784,-0.8417680810055116,159.11431764835024,0,1,1,1,0,0,2,1,1,0,1
3105000.0,101,-61.222659,-144.325158,-4.209125,9.699344,102,-61.224057,-144.326051,-55.704405,24.808645,157.460691,3,-1,1,7,-162.90765452163234,17.093128195536053,-158.69852952163234,72.79753319553606,51.49528000000004,-0.0004691880000000026,19.78355105348408,-4.3055590763515035,-46.27968611365094,-150.5060127151717,-0.6250847296345209,156.90615001542707,0,1,2,1,1,0,2,0,1,1,1
3106000.0,101,-61.222524,-144.32505,15.651686,14.687923,102,-61.223857,-144.326422,-49.888781,26.567028,155.13893,3,-1,1,7,-153.64295007580816,26.358252484310775,-169.29463607580817,76.24703348431078,65.54046699999998,0.001758383000000002,24.280970884068374,-2.973140621320667,-68.87603951656425,-139.01143399755856,-2.056238974312424,146.35672459199245,0,1,2,1,1,0,2,0,1,1,1
3107000.0,101,-61.222492,-144.325001,29.810292,6.081608,102,-61.22364,-144.326671,-42.405669,26.838908,148.952598,3,-1,1,7,-144.99734381964691,35.00411993628252,-174.80763581964692,77.40978893628252,72.215961,0.00027187999999999946,21.122849380449807,-14.540677905944776,-85.44135675084883,-122.01086430119156,-0.0458033500761851,148.947805813717,0,1,2,1,1,0,2,0,1,0,1
3108000.0,101,-61.222385,-144.325013,2.013515,10.913904,102,-61.223426,-144.326951,-38.647128,27.397713,153.830468,3,-1,1,7,-138.1336834070607,41.86801524841404,-140.1471984070607,80.51514324841403,40.66064299999999,0.0005588049999999996,17.493943012221944,-10.490641417181617,-102.6656651141862,-114.55816903111186,-1.34719193412336,151.05588844769846,0,1,1,1,0,1,2,1,1,0,1
3109000.0,101,-61.222284,-144.32491,20.005284,11.917414,102,-61.223315,-144.32712,-39.03194,23.042449,166.050839,3,-1,1,7,-134.1010915601928,45.90084550100055,-154.1063755601928,84.93278550100055,59.03722400000004,-0.0043552639999999984,18.588091765535285,-6.7009296076305045,-119.24327271842513,-115.5591755076299,-3.5747620631124577,149.16879797099227,0,1,1,1,1,1,2,0,1,1,1
3110000.0,101,-61.222193,-144.324855,17.753305,10.783302,102,-61.223164,-144.327493,-42.965132,23.910303,181.292413,3,-1,1,7,-127.40255341479414,52.59975878506307,-145.15585841479415,95.56489078506306,60.718436999999994,0.0008678539999999977,19.584178774284275,-7.227027164669517,-144.0164361123596,-110.11904985449712,-4.469709776110393,153.2124152509271,0,1,1,1,0,1,2,0,1,0,1
3111000.0,101,-61.222208,-144.324876,17.361581,0.296055,102,-61.223039,-144.327857,-47.039225,23.672777,189.123311,3,-1,1,7,-120.07486639921828,59.92774643797031,-137.43644739921828,106.96697143797032,64.40080599999999,-0.00023752599999999903,17.412564912125806,-15.850371696504887,-163.66189156615576,-94.77558764043934,-2.4248959671048618,180.25659204998837,0,1,1,1,0,1,2,0,1,0,1
3112000.0,101,-61.222218,-144.324891,-147.017881,1.023999,102,-61.222922,-144.32817,-48.82978,22.790335,193.81044,3,-1,1,7,-114.03745855766306,65.96541547399664,32.98042244233693,114.79519547399664,98.18810099999996,-0.0008824420000000011,16.598146226436736,-15.861810544291703,-177.00307230034724,-78.94554483459878,-3.3527775091206125,179.39913745492527,1,0,1,1,0,1,2,0,1,1,1
3113000.0,101,-61.222213,-144.324883,33.784807,0.318348,102,-61.222698,-144.328456,-41.742493,24.96542,195.086636,3,-1,1,7,-105.74809939206061,74.25503232602547,-139.53290639206062,115.99752532602548,75.52730000000003,0.002175085000000003,16.798600396037195,-18.36322446759179,-187.7639108734412,-52.94817578828305,-3.519727956431622,174.2786444026479,0,1,1,1,1,1,2,1,1,1,1
3114000.0,101,-61.222214,-144.324829,90.566582,2.114012,102,-61.222568,-144.32859,-38.751215,21.96856,192.8721,3,-1,1,7,-101.06437220712557,78.93892429002173,168.36904579287443,117.69013929002173,129.31779699999998,-0.002996860000000002,15.864909307418381,-17.153551998424525,-189.2870298040308,-37.01442024911304,-4.577786974862771,164.19251978305417,1,1,2,1,0,0,2,0,1,1,1
3115000.0,101,-61.222235,-144.324908,-128.219183,3.110781,102,-61.222261,-144.328633,-23.764366,25.482631,188.832051,3,-1,1,7,-90.83228832315446,89.17097661592426,37.38689467684553,112.93534261592426,104.45481699999999,0.0035140710000000014,7.8249087412224085,-25.246522101198185,-188.81212865685006,-2.7429103039836047,-2.4356784469037778,181.5001765214691,1,0,1,1,1,0,2,1,1,0,1
3116000.0,101,-61.222211,-144.324878,13.850011,1.950172,102,-61.222024,-144.328594,-14.883567,25.324198,186.549439,3,-1,1,7,-84.03410396125507,95.96915308529812,-97.88411496125507,110.85272008529812,28.733577999999966,-0.00015843300000000226,6.971496661961477,-22.581093660799485,-185.5390755398466,19.389291865197634,-3.0988043901882665,171.56278562608554,0,1,1,1,1,0,2,1,1,1,1
3117000.0,101,-61.222227,-144.324832,121.541354,2.236086,102,-61.221876,-144.328512,-8.356802,21.748914,184.426888,3,-1,1,7,-78.79503619136352,101.20818929940124,159.66360980863647,109.56499129940124,129.89815600000003,-0.0035752839999999998,5.066657659684964,-22.687715697064753,-180.9114024545226,35.83771029658971,-3.7304213930275982,169.19986921779875,1,1,2,1,0,0,2,0,1,1,1
3118000.0,101,-61.222199,-144.324844,1.614329,2.378072,102,-61.22176,-144.328396,-0.893468,18.373715,182.678775,3,-1,1,7,-75.60319309555538,104.39992020200403,-77.21752209555538,105.29338820200402,2.5077969999999823,-0.0033751989999999984,0.3535014956814349,-15.994352917626777,-176.94211692141243,45.42050302308239,-3.082909746438985,175.89529348434527,0,0,1,1,1,0,2,1,1,0,1
3119000.0,101,-61.222172,-144.324891,-31.216041,3.421957,102,-61.221775,-144.328318,5.6436,11.068981,182.19598,3,-1,1,7,-76.47150206140005,103.53150167446998,-45.25546106140004,97.88790167446997,36.85964100000001,-0.007304734,-2.862011394950538,-8.088804729331969,-177.14071356718273,42.62091886702727,2.3259415762707922,181.2153427527223,0,0,1,1,0,2,2,0,0,0,1
3120000.0,101,-61.222164,-144.324874,6.312411,1.201908,102,-61.22175,-144.328231,15.31731,8.299396,181.389185,3,-1,1,7,-75.6330391474478,104.36990323359151,-81.9454501474478,89.05259323359151,9.004899000000023,-0.002769585000000001,-2.0602560319552112,-6.809960957178461,-175.71649310840436,45.0083379458551,1.091515330214361,181.221280917917,0,0,1,1,1,2,2,1,0,2,1
3121000.0,101,-61.222186,-144.324849,151.335521,2.088735,102,-61.221758,-144.328159,29.991359,5.422988,180.226215,3,-1,1,7,-74.96706838261794,105.0358328038719,133.69741061738205,75.0444738038719,121.34416199999998,-0.0028764079999999996,-1.7088620875213532,-6.529601645358904,-174.05831640740064,46.74602723919364,-0.3577856184615885,180.226926387709,1,1,1,1,0,0,2,0,1,1,1
3122000.0,101,-61.222086,-144.324756,23.30316,9.849618,102,-61.22177,-144.328086,51.597669,3.939802,178.884216,3,-1,1,7,-78.85054004192835,101.15237867316199,-102.15370004192835,49.55470967316199,28.294509000000005,-0.0014831860000000003,0.8089735366036392,6.598806244073663,-175.5079742510479,34.59065926269934,3.467809351880159,178.69725006963137,0,1,1,1,1,0,2,1,0,1,1
3123000.0,101,-61.222096,-144.324719,77.122525,2.565926,102,-61.221811,-144.328011,92.574746,3.383568,177.549546,3,-1,1,7,-79.80688823760592,100.19599717131086,-156.9294132376059,7.62125117131086,15.452221000000009,-0.0005562339999999999,-0.8787620734368136,0.7238588518973397,-174.74726205849424,31.420306934625085,220.70955765839375,129.7710542164533,0,1,1,0,1,0,2,1,0,1,1
3124000.0,101,-61.222115,-144.324628,111.952341,4.558855,102,-61.221706,-144.327857,48.900836,6.511121,176.279946,3,-1,1,7,-75.26057761176341,104.74225257720703,172.78708138823657,55.84141657720703,63.05150499999996,0.0031275530000000004,-0.6782890519247058,-5.98443876715392,-170.4790886941513,44.84974559319823,-18.766905842892903,195.23357882850388,1,1,2,1,0,0,2,0,1,0,1
3125000.0,101,-61.222106,-144.32455,82.287666,4.21926,102,-61.221737,-144.327748,74.901565,5.390105,175.256793,3,-1,1,7,-76.52320114409159,103.47960187384137,-158.8108671440916,28.57803687384137,7.3861009999999965,-0.001121016,-1.0229432245714367,-0.8377818845681638,-170.4309870012253,40.84387545805382,107.62800686269316,144.2375422070114,0,1,2,1,1,0,2,1,0,1,1
3126000.0,101,-61.222132,-144.324412,109.682248,6.931985,102,-61.22189,-144.327653,136.744948,7.549298,175.13248,3,-1,1,7,-81.18502992894635,98.81781078063666,169.13272207105365,-37.92713721936333,27.062700000000007,0.0021591930000000002,1.3538479752048485,3.1635162650959283,-173.0638810015093,26.838007445520752,-45.895606830868935,204.6929847631313,1,1,2,1,0,2,2,0,1,0,0
3127000.0,101,-61.222125,-144.324308,87.634064,5.842303,102,-61.222008,-144.327538,146.659963,9.960229,175.83797,3,-1,1,7,-85.69845115317905,94.30437991661296,-173.33251515317903,-52.355583083387046,59.02589900000004,0.002410931,0.36311386419043323,8.562189339971724,-175.34265313010135,13.188847069318115,1.6647533952931803,175.95037186172655,0,1,2,1,1,2,2,0,0,1,1
3128000.0,101,-61.222147,-144.324126,102.687428,8.882173,102,-61.222139,-144.327413,151.207454,12.179437,177.498421,3,-1,1,7,-89.71177978555586,90.29110124630476,167.60079221444414,-60.91635275369525,48.52002599999997,0.002219208,2.799194887597438,8.722874549450367,-177.4961752200943,0.8928828203224058,-14.801414134101314,188.1872103356818,1,1,2,1,0,1,2,1,1,0,1
3129000.0,101,-61.222171,-144.323924,104.338423,10.56004,102,-61.222186,-144.327267,143.167613,10.815122,177.512959,3,-1,1,7,-90.53547068745615,89.46745942879103,165.12610631254384,-53.70015357120896,38.829189999999926,-0.0013643149999999994,3.747686006443468,6.04116294619018,-177.50520683432694,-1.6589634228913106,-44.196333577044854,265.60371570364526,1,1,2,1,1,2,2,1,1,0,0
3130000.0,101,-61.222247,-144.323723,125.22395,13.04961,102,-61.222291,-144.327089,142.73787,12.303223,176.239483,3,-1,1,7,-91.55685560968266,88.44609466858249,143.21919439031734,-54.2917753314175,17.513919999999985,0.0014881009999999986,3.211136878888702,2.2651396808864117,-176.17442542064796,-4.7882351458381125,-64.30699805884306,144.10284137622182,1,1,1,1,1,0,2,1,1,1,1
3131000.0,101,-61.222275,-144.323521,109.395357,11.455262,102,-61.222434,-144.326857,143.247563,15.051084,174.83525,3,-1,1,7,-95.65556953837128,84.34735444753225,154.9490734616287,-58.90020855246776,33.852206000000024,0.0027478610000000003,1.7992242163734513,8.255238194518572,-173.98420253942294,-17.229681055769984,-16.848707947026345,188.39032564153703,1,1,1,1,0,0,2,0,1,0,1
3132000.0,101,-61.222263,-144.323328,87.212238,10.474821,102,-61.222551,-144.326578,138.817881,16.506321,173.30143,3,-1,1,7,-100.43135087653505,79.57149773229261,172.35641112346497,-59.24638326770739,51.605642999999986,0.0014552370000000003,-0.4062386425243538,12.932452435369301,-170.43719890462123,-31.377489854854236,-5.71673234254215,177.92328964557908,1,1,2,1,0,0,2,0,1,1,1
3133000.0,101,-61.222223,-144.323069,73.794642,13.502771,102,-61.222746,-144.326209,139.307459,20.977166,172.791021,3,-1,1,7,-109.08622409866564,70.91652809785192,177.11913390133435,-68.39093090214807,65.51281699999998,0.004470845,-0.7108325759140222,19.673656067407865,-163.2922768662398,-56.501055335822926,-8.888438939839688,206.8295583011103,1,1,2,1,0,2,2,0,1,0,0
3134000.0,101,-61.222207,-144.322836,80.339964,12.812228,102,-61.222895,-144.325835,135.901387,22.532617,174.028563,3,-1,1,7,-115.48091244156839,64.52171617054854,164.17912355843163,-71.37967082945146,55.56142299999999,0.0015554509999999978,-3.0497845632628877,18.331559426988907,-157.10057061679055,-74.86889508817247,-6.508049942565052,182.4423558715412,1,1,2,1,1,1,2,1,1,1,1
3135000.0,101,-61.222171,-144.322571,74.947638,14.282409,102,-61.223068,-144.325386,133.378267,25.215623,175.967368,3,-1,1,7,-123.50233384046362,56.500133498015956,161.5500281595364,-76.87813350198404,58.43062900000001,0.0026830060000000025,-4.535239674683099,21.027554699124384,-146.73273707346138,-97.12887558176442,-7.715294602016574,193.03383062422827,1,1,2,1,1,1,2,0,1,0,1
3136000.0,101,-61.222162,-144.322252,85.036203,16.246697,102,-61.223196,-144.324903,127.979065,26.280292,172.957514,3,-1,1,7,-129.01596442366204,50.98635917067999,145.94783257633796,-76.99270582932002,42.94286199999999,0.0010646689999999986,-4.529298265588459,17.57796152077701,-134.38290042565689,-108.8831379151436,-10.11470753572393,192.92321385501344,1,1,1,1,1,0,2,1,1,1,1
3137000.0,101,-61.222108,-144.322129,60.31189,10.722058,102,-61.22326,-144.32445,120.390431,25.324756,171.940185,3,-1,1,7,-135.87591020726447,44.126124143027695,163.81219979273553,-76.26430685697231,60.07854100000003,-0.0009555359999999986,-12.530468493204541,18.12193714978688,-119.70727890950924,-123.42444893097634,-2.5326151243144293,170.13346745885733,1,1,2,1,0,0,2,0,1,1,1
3138000.0,101,-61.221994,-144.321947,40.146785,14.982716,102,-61.223268,-144.324032,110.734647,23.5648,171.478773,3,-1,1,7,-141.76772459960452,38.23410289647721,178.08549040039549,-72.50054410352278,70.58786199999997,-0.001759955999999999,-12.378434170663818,19.795608277460147,-106.11980669262724,-134.69801860868242,-6.34023069106047,184.83051028031431,1,1,2,1,0,2,2,0,1,0,1
3139000.0,101,-61.221926,-144.321837,40.071476,10.804328,102,-61.2233,-144.323462,104.847038,25.589037,169.604048,3,-1,1,7,-150.34566575638124,29.65575855080348,169.58285824361877,-75.19127944919651,64.77556199999998,0.0020242369999999995,-17.7794970330434,14.824844858040798,-83.91434971561272,-147.39034910669068,-1.8617614416893096,167.4583072174328,1,1,2,1,1,0,2,1,1,1,1
3140000.0,101,-61.221844,-144.321662,44.02169,12.528122,102,-61.223287,-144.32293,97.786749,26.183046,169.398717,3,-1,1,7,-157.07094777643084,22.9301636209138,158.90736222356915,-74.8565853790862,53.76505900000001,0.0005940089999999998,-17.23544162518497,12.55612915729818,-65.9962144646551,-156.01418203990733,-2.564739180840377,165.7508320700528,1,1,2,1,1,2,2,1,1,1,1
3141000.0,101,-61.221731,-144.321506,35.393439,14.63567,102,-61.223231,-144.322483,89.696063,25.341948,168.585615,3,-1,1,7,-162.59118126375355,17.409675072469398,162.01537973624644,-72.2863879275306,54.30262399999998,-0.0008410980000000024,-16.86478953155294,11.79648135607834,-50.43873592313551,-160.86343121854767,-3.6897956138806838,162.67034135512657,1,1,2,1,0,2,2,0,1,1,1
3142000.0,101,-61.221616,-144.321376,30.346715,14.681474,102,-61.22316,-144.322077,82.809315,24.407686,170.599814,3,-1,1,7,-167.67116212841722,12.329452294484016,161.9821228715828,-70.47986270551598,52.46259999999995,-0.0009342619999999968,-16.798179332728324,9.61471847021702,-36.42683425614994,-166.66548017783882,-3.662235068883337,163.9315380186702,1,1,2,1,2,1,2,1,1,0,1
3143000.0,101,-61.221516,-144.321354,14.43834,11.83001,102,-61.223073,-144.32168,76.630665,23.971232,171.286411,3,-1,1,7,-174.2443553861992,5.755930350868504,171.3173046138008,-70.87473464913148,62.19232500000004,-0.0004364540000000012,-20.37193548445768,5.91357553831573,-17.177643150598346,-170.42289508470282,-1.6512137357388408,168.50331558399077,1,1,2,1,0,2,2,0,1,0,1
3144000.0,101,-61.221426,-144.321276,20.684174,10.893593,102,-61.222957,-144.32123,70.566929,25.00002,167.862066,3,-1,1,7,179.17132669615776,-0.8287136225304009,158.48715269615775,-71.3956426225304,49.88275500000003,0.0010287879999999988,-19.727992112166596,1.8737655379183558,2.4277174418933045,-167.8445095611134,-0.9526700100423204,166.86401048377735,1,1,2,1,1,0,2,1,1,1,1
3145000.0,101,-61.221301,-144.32129,2.202928,13.349241,102,-61.222842,-144.320668,68.715427,27.555714,175.223238,3,-1,1,7,169.00382893427775,-10.996716243857396,166.80090093427776,-79.7121432438574,66.51249899999999,0.002555693999999999,-25.162981388976558,3.3366412514683113,33.42267534283944,-172.0061275307708,-2.297092112559235,166.13994986052867,1,1,2,1,0,1,2,0,1,1,1
3146000.0,101,-61.221221,-144.321444,-30.820696,11.295082,102,-61.222699,-144.320136,65.231938,29.276747,173.816013,3,-1,1,7,156.92438847447906,-23.076757976028695,-172.25491552552094,-88.3086959760287,96.05263400000001,0.001721033000000002,-32.37068297567384,-2.565443342359149,68.12641291992551,-159.90871845487342,-1.682049100148415,164.7924920181492,0,1,2,1,1,0,2,0,1,1,1
3147000.0,101,-61.221173,-144.321499,-31.852527,7.098517,102,-61.222532,-144.319741,59.613913,28.874646,168.148323,3,-1,1,7,148.08763484562058,-31.913906024453908,179.9401618456206,-91.5278190244539,91.46644000000003,-0.0004021010000000018,-28.65445816910918,-8.575951879854372,88.88682566286924,-142.73398597142526,-1.4449639768461597,162.23011266846225,1,1,2,1,0,0,2,1,1,1,1
3148000.0,101,-61.22117,-144.321496,-35.868721,1.585777,102,-61.222317,-144.319441,50.75831,28.606538,160.942225,3,-1,1,7,139.222190440318,-40.77961074544985,175.090911440318,-91.53792074544985,86.62703099999999,-0.000268107999999998,-23.084471860040882,-16.811243037650915,105.1157727233335,-121.87318865413805,-0.46047226325934154,160.39786001416815,1,1,2,1,1,0,2,1,1,1,1
3149000.0,101,-61.221101,-144.321603,-33.479317,7.942055,102,-61.222122,-144.319191,44.831458,27.505077,165.077443,3,-1,1,7,131.3252050665724,-48.67690902332174,164.80452206657242,-93.50836702332174,78.31077499999998,-0.0011014610000000004,-23.77285377270089,-12.881804719847391,123.96882122043674,-109.00593356617631,-2.0741580294656514,154.9043912611892,1,1,2,1,1,1,2,1,1,1,1
3150000.0,101,-61.22107,-144.321742,-59.027746,7.710907,102,-61.221958,-144.31891,43.442794,26.217153,181.547073,3,-1,1,7,123.07806455914769,-56.92441765340608,-177.8941894408523,-100.36721165340609,102.47053999999997,-0.0012879240000000002,-24.639160541131478,-15.067050301003345,152.12332640241712,-99.08498008846242,-2.7858721267233957,163.91183527678606,0,1,2,1,1,1,2,0,1,0,1
3151000.0,101,-61.221061,-144.321831,-74.762444,5.503375,102,-61.221786,-144.318632,41.809895,25.598362,190.601565,3,-1,1,7,115.21031216149471,-64.79249171954491,-170.02724383850529,-106.60238671954491,116.572339,-0.0006187909999999981,-22.375335544693378,-17.63361138734738,172.4468432333171,-81.1852378164465,-3.173451032062372,170.583374539306,0,1,2,1,0,1,2,0,1,0,1
3152000.0,101,-61.221058,-144.321986,-85.797601,7.479133,102,-61.221582,-144.318394,37.602163,25.780598,196.420682,3,-1,1,7,106.85916546986245,-73.14398286741779,-167.34323353013755,-110.7461458674178,123.399764,0.00018223599999999963,-23.189702957806006,-19.877036423013475,187.97862393756705,-56.96596580313436,-3.906734296016485,166.1505036144426,0,1,2,1,0,1,2,0,1,1,1
3153000.0,101,-61.221075,-144.32207,-106.037899,5.588725,102,-61.221419,-144.318267,33.568287,23.504795,198.898142,3,-1,1,7,100.64282284422488,-79.36051042928099,-153.31927815577512,-112.92879742928099,139.60618599999998,-0.002275803,-18.367723914762866,-21.12885410727258,195.47661450461462,-36.73369125021949,-4.3112293365413255,172.80741475567854,0,1,1,1,0,1,2,0,1,0,1
3154000.0,101,-61.221099,-144.322147,-118.586489,5.101481,102,-61.221223,-144.318237,25.003164,22.536903,197.987817,3,-1,1,7,93.77055099551029,-86.23287605913613,-147.6429600044897,-111.23604005913613,143.58965300000003,-0.0009678920000000026,-14.005223893898982,-22.86582583671865,197.55925258913786,-13.019884671021972,-4.429292114402569,177.28969211065925,0,1,1,1,0,2,2,0,1,0,1
3155000.0,101,-61.221087,-144.322265,-83.050684,5.850838,102,-61.220976,-144.318331,12.541356,23.522268,194.428602,3,-1,1,7,86.64759462079986,-93.35585346501333,169.69827862079987,-105.89720946501333,95.59204,0.0009853650000000015,-10.915580381162787,-22.253115141928877,194.0958857233663,11.369627123891952,-4.714961729077152,170.57340165761025,1,1,2,1,0,0,2,1,1,1,1
3156000.0,101,-61.221119,-144.322313,-128.916836,4.498351,102,-61.220696,-144.318587,-1.341954,25.982964,188.176975,3,-1,1,7,76.73314854475791,-103.2701172286627,-154.3500154552421,-101.9281632286627,127.574882,0.0024606959999999988,-2.891475883657291,-28.801664439654363,183.15487128331026,43.18410639743143,-2.828402900325264,179.11467419790935,0,1,1,1,1,0,2,0,1,0,1
3157000.0,101,-61.221124,-144.322463,-98.458584,6.832366,102,-61.220536,-144.318923,-14.436335,23.748754,180.114619,3,-1,1,7,70.96641515651318,-109.03668758884612,169.4249991565132,-94.60035258884612,84.02224899999999,-0.0022342099999999973,-0.8373853418757067,-24.003896402789568,170.26731621024345,58.739399112317564,-3.9410998313381405,170.77505623890002,1,1,2,1,0,0,2,1,1,1,1
3158000.0,101,-61.221156,-144.322563,-118.594524,6.568255,102,-61.220441,-144.319348,-31.122838,21.535275,170.582664,3,-1,1,7,65.20723735099831,-114.79558053701349,-176.19823864900167,-83.67274253701349,87.471686,-0.002213479000000003,5.363919987851705,-21.579130808792225,154.86013741177285,71.53169296293588,-2.3355124341562816,168.71645109803825,0,1,2,1,1,0,2,0,1,1,1
3159000.0,101,-61.221211,-144.322756,-121.627756,10.656386,102,-61.220393,-144.319845,-49.734082,20.940743,159.910661,3,-1,1,7,59.730125260589496,-120.27242617731214,-178.6421187394105,-70.53834417731214,71.893674,-0.0005945319999999974,6.905270435756485,-19.122948303754328,138.1085541045051,80.60674155813467,-3.3625602377230104,162.1497681058639,0,1,2,1,1,0,2,1,1,1,1
3160000.0,101,-61.221333,-144.322837,-155.228196,13.524024,102,-61.220379,-144.320415,-66.298111,22.487896,147.176297,3,-1,1,7,50.712491424884064,-129.2896314144561,-154.05931257511594,-62.99152041445609,88.93008499999999,0.001547152999999998,14.924389383299886,-21.31923319435613,113.91125703382197,93.19381910624092,-0.957297752779241,147.4193538600298,0,1,1,1,0,0,2,0,1,1,1
3161000.0,101,-61.221384,-144.322943,-139.926073,8.828187,102,-61.220427,-144.320996,-81.719281,24.261349,134.660346,3,-1,1,7,44.40660360322672,-135.5951029080048,-175.66732339677327,-53.87582190800481,58.20679199999998,0.001773453,18.32503742158753,-10.249653274803924,94.22799566931303,96.20027867414751,2.065628179921636,130.2091310002402,0,1,2,1,1,0,2,1,0,1,1
3162000.0,101,-61.221497,-144.32299,-163.679183,12.169928,102,-61.22053,-144.321446,-95.655376,24.177093,129.04977,3,-1,1,7,37.550102110675375,-142.45125117951105,-158.77071488932464,-46.79587517951104,68.023807,-8.425599999999989e-05,20.639476618884064,-9.296994299211569,78.6500200205102,102.3133299615756,1.6195402938726653,125.7812814994577,0,1,2,1,0,0,2,0,0,1,1
3163000.0,101,-61.221653,-144.323091,-163.527203,17.153321,102,-61.220579,-144.321844,-98.803469,23.447331,134.383297,3,-1,1,7,29.204845186801602,-150.7962477889556,-167.2679518131984,-51.992778788955604,64.72373399999998,-0.0007297620000000009,18.307103620803986,-12.860741431627417,65.57010916518857,117.3006022859877,-0.9548033955817538,133.89064371245198,0,1,2,1,1,1,2,1,1,0,1
3164000.0,101,-61.221729,-144.323163,-156.967773,10.607521,102,-61.220525,-144.322328,-89.427312,24.109961,146.348853,3,-1,1,7,18.463626416214755,-161.53710544813399,175.43139941621476,-72.10979344813398,67.54046099999996,0.0006626300000000001,19.958576567374365,-10.002923835562928,46.3490563771224,138.8155313621856,-1.1596349127478294,144.9594238641815,1,1,2,1,0,1,2,0,1,0,1
3165000.0,101,-61.221791,-144.323259,-146.45994,8.840951,102,-61.220403,-144.32279,-77.341012,24.959989,166.276039,3,-1,1,7,9.239789017074061,-170.7606220539305,155.69972901707405,-93.41961005393048,69.11892800000001,0.0008500280000000018,19.46845183250947,-12.838858466126691,26.698389089261095,164.1186070059332,-3.7403845794938273,152.91229360054277,1,1,1,1,1,1,2,0,1,0,1
3166000.0,101,-61.221837,-144.323313,-148.050307,6.531524,102,-61.220225,-144.323306,-66.688916,27.698331,190.633551,3,-1,1,7,0.11978462153077635,-179.88022151385354,148.1700916215308,-113.19130551385354,81.361391,0.0027383419999999995,21.980996296638445,-16.502954719946416,0.398545081632683,190.63313439349287,-5.048710729297816,154.66292503033642,1,1,1,1,1,1,2,0,1,0,1
3167000.0,101,-61.221846,-144.323314,-148.880719,1.962291,102,-61.220006,-144.323615,-54.859221,27.718764,219.007215,3,-1,1,7,-4.503238086711676,175.49702573453342,144.3774809132883,-129.6437532654666,94.02149800000001,2.043300000000059e-05,21.65259528762484,-17.63447548455852,-17.19544711727753,218.3311173893752,-5.78209933318637,158.76294546664602,1,1,1,1,1,1,2,0,1,0,1
3168000.0,101,-61.221888,-144.323426,-132.795208,6.270212,102,-61.219765,-144.323611,-38.378028,25.329145,248.992767,3,-1,1,7,-2.4023826860157,177.59777946310217,130.3928253139843,-144.02419253689783,94.41718000000003,-0.0023896189999999995,11.124530679400294,-24.116173384962586,-10.43708034275373,248.77392422083787,-12.633608676374957,141.60647420346334,1,1,1,1,1,1,2,0,1,1,1
3169000.0,101,-61.221882,-144.323461,-91.912001,2.653431,102,-61.219532,-144.3233,-15.656892,22.83187,278.811397,3,-1,1,7,1.8892040129606649,-178.11093710043542,93.80120501296066,-162.45404510043542,76.25510900000006,-0.002497275000000002,3.509821480606673,-22.073225451795885,9.191535141087895,278.659847805244,-13.868369153894646,64.05180623985007,1,1,1,2,1,1,2,1,1,1,1
3170000.0,101,-61.221932,-144.323557,-136.517117,6.489786,102,-61.219286,-144.323134,-4.449136,23.884254,307.134358,3,-1,1,7,4.401258591184646,-175.5991121598113,140.91837559118466,-171.1499761598113,132.067981,0.001052384,-2.6130688376957343,-28.52113982685544,23.569776245612015,306.2286392743238,-17.54052955418523,195.3204053276685,1,1,1,2,0,1,2,0,1,0,1
3171000.0,101,-61.221988,-144.323599,-154.333004,6.595223,102,-61.219065,-144.322889,5.543229,24.216631,332.939193,3,-1,1,7,6.6703132721404765,-173.33030902810108,161.00331727214046,-178.87353802810108,159.87623299999998,0.00033237700000000105,-5.1959022795673,-30.04783475646477,38.67292778984855,330.68551660399703,-18.298205927546633,226.27822871208073,1,1,2,2,0,1,2,0,1,0,0
3172000.0,101,-61.222028,-144.323566,174.489166,4.759685,102,-61.218879,-144.322585,15.000235,23.799407,355.422582,3,-1,1,7,8.530189117421322,-171.4706707080915,-165.9589768825787,173.5290942919085,159.4889310000001,-0.0004172240000000009,-5.702742638493177,-27.72612261532472,52.72001020534009,351.4908424404476,-18.520571913772272,170.4299042258624,0,1,2,2,1,1,2,1,1,1,1
3173000.0,101,-61.222065,-144.323592,-168.482753,4.317152,102,-61.218713,-144.322481,15.597305,22.382503,373.953559,3,-1,1,7,9.066793414056171,-170.9341803530669,177.54954641405618,173.4685146469331,175.919942,-0.0014169039999999988,-6.880059755104573,-25.788496756027165,58.92975990347751,369.2811228406957,-20.015105657949135,166.66976863155554,1,1,2,2,0,1,2,0,1,1,1
3174000.0,101,-61.222116,-144.323685,-144.711312,6.682377,102,-61.218648,-144.321994,33.489515,20.493865,388.051107,3,-1,1,7,13.21179977849095,-166.78968234580452,157.92311177849095,159.7208026541955,178.20082699999998,-0.0018886380000000002,-15.168580210261927,-22.546114452819207,88.68961173124728,377.7801138425447,-20.136916489967795,229.77219980767043,1,1,2,2,1,1,2,0,1,0,0
3175000.0,101,-61.222123,-144.32371,-126.40641,2.533068,102,-61.218679,-144.321345,58.382205,20.464411,397.376054,3,-1,1,7,18.29526772705455,-161.70680514378927,144.70167772705454,139.91098985621073,175.211385,-2.9454000000001202e-05,-19.46544135683116,-12.231874361944497,124.74192183154483,377.2892540616333,-14.260505617632047,253.99292332639484,1,1,1,1,1,1,2,1,1,0,0
3176000.0,101,-61.222171,-144.323763,-150.716281,5.384545,102,-61.218804,-144.320627,82.071678,23.093158,401.731749,3,-1,1,7,24.15331984719577,-155.8494287905874,174.86960084719578,122.07889320941257,127.21204099999997,0.0026287470000000007,-25.50618719170841,-7.881779955305786,164.38050595137653,366.5616556839633,-10.572842774416337,302.1672764048407,1,1,2,1,0,1,2,1,1,0,0
3177000.0,101,-61.222219,-144.323852,-141.829655,6.724191,102,-61.218889,-144.320283,91.787582,21.758006,401.070847,3,-1,1,7,27.294982817750036,-152.7081453373999,169.12463781775003,115.5042726626001,126.38276300000001,-0.0013351519999999972,-25.90297795133393,-4.607681306309491,183.91975607535545,356.4145727077937,-9.578770061629829,318.80943775929865,1,1,2,1,1,2,2,1,1,0,0
3178000.0,101,-61.222243,-144.323877,-145.46692,3.758078,102,-61.219101,-144.319803,108.658796,24.044257,395.507442,3,-1,1,7,31.976031112641756,-148.02753966865762,177.44295111264174,103.31366433134235,105.87428400000002,0.002286251,-24.910891889418416,4.596619611136685,209.44668052846725,335.4969816451253,-5.651035769500169,367.93836016735827,1,1,2,1,0,0,2,1,1,0,0
3179000.0,101,-61.222292,-144.323917,-156.959174,5.533992,102,-61.219284,-144.31962,120.687867,22.66096,385.33523,3,-1,1,7,34.51983688744912,-145.48392935320348,-168.5209891125509,93.82820364679651,82.35295900000003,-0.0013832970000000025,-21.6534595969685,6.472741749042786,218.3662114818696,317.489270940308,-5.087748178080396,366.74492034129685,0,1,2,1,1,0,2,1,1,1,0
3180000.0,101,-61.222361,-144.323978,-157.989299,7.84525,102,-61.219539,-144.319452,134.85751,23.70747,372.288111,3,-1,1,7,37.674993145135204,-142.32897381591457,-164.3357078548648,82.81351618408542,67.15319100000002,0.0010465100000000014,-19.745591797603986,9.448530878211246,227.53566228979116,294.6624509134044,-3.4477248900409556,364.0218520759722,0,1,2,1,0,0,2,1,1,1,0
3181000.0,101,-61.222371,-144.324009,-135.631874,2.9031,102,-61.219795,-144.319454,148.500918,23.858085,357.407115,3,-1,1,7,40.409363684666076,-139.59462869948726,176.0412376846661,71.90445330051273,75.86720799999998,0.0001506149999999984,-14.495527687138447,18.267245961399116,231.6871423858339,272.1413491289215,3.0062048768521814,350.652730567516,1,1,2,1,0,0,2,0,0,1,0
3182000.0,101,-61.222459,-144.324226,-133.868541,12.414525,102,-61.220025,-144.319628,162.833077,23.01407,341.537162,3,-1,1,7,42.287071413575816,-137.71695866553,176.1556124135758,59.449964334469996,63.298382000000004,-0.0008440149999999989,-15.74277763998828,13.38542673229424,229.80177712640892,252.66336548173845,-0.6148024198849621,341.3490901597181,1,1,2,1,2,0,2,1,1,1,0
3183000.0,101,-61.222483,-144.324423,-109.504456,10.729038,102,-61.220314,-144.31972,171.596637,25.492242,329.858083,3,-1,1,7,46.23160545645522,-133.77251665978534,155.73606145645522,54.6308463402147,78.89890700000001,0.0024781720000000007,-13.83882194961905,21.636338068569273,238.20434865483054,228.1776571059551,3.2324025675342782,324.1810217837677,1,1,1,1,1,0,2,0,0,1,0
3184000.0,101,-61.222501,-144.324643,-101.149934,11.56337,102,-61.220591,-144.319787,176.242634,27.083424,327.387161,3,-1,1,7,50.752995375326385,-129.2512608493647,151.90292937532638,54.50610515063528,82.60743200000002,0.0015911819999999998,-13.11992076012142,24.789117377882963,253.53703798361306,207.12634684688442,3.2517690631276515,322.0888133643459,1,1,1,1,1,0,2,0,0,1,0
3185000.0,101,-61.222582,-144.324868,-124.005197,14.31823,102,-61.220824,-144.319848,179.078981,26.665055,329.606958,3,-1,1,7,53.96904130744133,-126.03535866781083,177.97423830744134,54.88566033218916,56.91582199999999,-0.000418369000000002,-12.298241692540211,18.65388068315501,266.5529088360745,193.88216409211327,0.8872692209491497,329.29170937060536,1,1,2,1,0,1,2,1,0,0,0
3186000.0,101,-61.222667,-144.324994,-138.181511,12.305426,102,-61.220948,-144.320053,-173.354526,22.724417,324.042796,3,-1,1,7,54.14785716165038,-125.856473575351,-167.6706318383496,47.49805242464899,35.17301499999999,-0.003940638,-5.575130666027426,13.400984332422203,262.64677495494624,189.79042453523164,6.356226727302177,315.90697869162426,0,1,2,1,1,0,2,1,0,1,0
3187000.0,101,-61.222699,-144.325133,-120.510533,8.931391,102,-61.221232,-144.320097,-174.270436,25.59892,314.478894,3,-1,1,7,58.82435538664547,-121.18005862352162,179.33488838664547,53.09037737647837,53.75990299999998,0.002874503000000001,-5.139092024114163,20.93659444345871,269.0632316434734,162.79420182867023,5.421473484423706,300.987502435046,1,1,2,1,0,0,2,0,0,1,0
3188000.0,101,-61.22276,-144.325347,-121.511471,12.228143,102,-61.221531,-144.320184,-173.60853,28.162406,304.297467,3,-1,1,7,63.69175933966849,-116.31276599277292,-174.7967696603315,57.29576400722708,52.097059,0.002563486000000001,-7.289859793163454,21.5960882223172,272.7791556518083,134.86467537684814,2.3385944119461572,301.8549908992658,0,1,2,1,1,0,2,1,0,0,0
3189000.0,101,-61.222789,-144.325586,-107.027925,12.715344,102,-61.221737,-144.320347,-169.979187,26.791553,301.550425,3,-1,1,7,67.36084706260968,-112.64374488842911,174.3887720626097,57.335442111570885,62.951262000000014,-0.0013708530000000002,-7.496042227440616,22.65930457985055,278.3151789939723,116.07463098900548,1.4689025395013782,300.93828158473957,1,1,2,1,0,0,2,0,0,1,0
3190000.0,101,-61.222793,-144.325815,-94.486351,12.309612,102,-61.221947,-144.320449,-169.113662,25.861422,307.189942,3,-1,1,7,71.8690451519961,-108.135658118514,166.3553961519961,60.978003881486,74.62731099999999,-0.0009301309999999994,-7.387673711254939,24.433136362129883,291.9372688566277,95.59441154427594,0.47121109798011723,307.15094088660254,1,1,2,1,1,1,2,0,0,0,0
3191000.0,101,-61.222835,-144.326017,-110.063803,11.95309,102,-61.222258,-144.320516,-170.957677,28.77676,305.059279,3,-1,1,7,77.71082696428667,-102.2939946413052,-172.22537003571335,68.66368235869479,60.89387399999998,0.0029153379999999982,-6.705000186969108,24.318434378992908,298.06909349090785,64.93057222532593,-0.9343995288370078,304.6846142502231,0,1,2,1,1,0,2,1,1,1,0
3192000.0,101,-61.222838,-144.326186,-95.651436,9.766872,102,-61.222401,-144.320697,-166.26554,25.05977,294.736549,3,-1,1,7,80.61199203722977,-99.3928190537607,176.26342803722977,66.87272094623928,70.614104,-0.003716989999999999,-3.7696475614996574,23.38141802248236,290.7889432188,48.07726924569373,0.07728518080160315,294.734905352863,1,1,2,1,0,0,2,0,0,1,0
3193000.0,101,-61.222885,-144.326345,-117.323024,9.982437,102,-61.22257,-144.320947,-160.455844,23.900259,282.465098,3,-1,1,7,83.09082186086272,-96.91390947377013,-159.58615413913728,63.54193452622988,43.13282000000001,-0.001159511000000002,-0.8732943240433366,17.94121614931636,280.41386036123686,33.979383535584816,1.5450274386418816,281.83264905741044,0,1,2,1,1,0,2,1,0,1,0
3194000.0,101,-61.222884,-144.326547,-93.153871,10.311892,102,-61.222603,-144.321316,-145.432663,19.841152,269.001419,3,-1,1,7,83.63521634926018,-96.36936861089526,176.78908734926017,49.063294389104726,52.27879200000001,-0.0040591069999999976,0.9610883172869205,15.771058065554278,267.3433601168912,29.82098632546869,5.832989781494497,269.01993107558434,1,1,2,1,0,0,2,0,0,1,0
3195000.0,101,-61.22288,-144.326686,-88.004201,8.273509,102,-61.222776,-144.321675,-142.057273,21.926421,261.672828,3,-1,1,7,87.53358553591706,-92.47080659838923,175.53778653591706,49.58646640161078,54.05307200000004,0.0020852690000000003,5.213484423481058,17.579875831846007,261.4304191788039,11.26076558287502,7.211032979336712,251.88218954368696,1,1,2,1,1,0,2,0,0,1,0
3196000.0,101,-61.222799,-144.32695,-58.917882,14.586014,102,-61.223082,-144.322021,-146.962086,27.375858,264.286516,3,-1,1,7,96.80350869575518,-83.20081157027803,155.7213906957552,63.761274429721965,88.04420399999998,0.005449437,2.4332758728778447,30.479719091825928,262.4254778498585,-31.308642811397867,-0.9489213865297343,264.74521548947627,1,1,1,1,1,1,2,0,1,0,0
3197000.0,101,-61.222811,-144.327268,-89.555841,15.798317,102,-61.223288,-144.32226,-148.027669,27.080149,275.353983,3,-1,1,7,101.1939047061935,-78.81048480786238,-169.2502542938065,69.21718419213762,58.471828000000016,-0.00029570900000000223,-1.4586416254424481,23.094664009273213,270.1155973419168,-53.454466853423675,-7.297739576699443,283.8476974111349,0,1,2,1,1,1,2,1,1,0,0
3198000.0,101,-61.222866,-144.327453,-113.784075,12.682838,102,-61.223454,-144.322473,-147.804206,25.366871,276.226326,3,-1,1,7,103.78301487649826,-76.22135010011911,-142.43291012350176,71.58285589988088,34.02013099999999,-0.001713277999999999,1.9101206440205516,16.351391037525577,268.27237502229036,-65.80969514712743,-3.1460831213738283,274.65778315382437,0,1,1,1,0,2,2,1,1,1,0
3199000.0,101,-61.222889,-144.327535,-115.096225,7.093259,102,-61.223594,-144.322713,-145.616453,23.623215,269.021124,3,-1,1,7,106.89611446487085,-73.10811202798173,-138.00766053512916,72.50834097201827,30.520228000000003,-0.0017436560000000014,6.917106915355259,16.487132135474692,257.40836875373384,-78.18757480421772,1.8017020158799706,267.6550625195754,0,1,1,1,0,0,2,1,0,1,0
3200000.0,101,-61.222804,-144.327559,-20.028966,8.00013,102,-61.223767,-144.323056,-142.762251,24.404089,258.907753,3,-1,1,7,113.95481968548506,-66.0491272047998,133.98378568548506,76.71312379520019,122.73328499999997,0.0007808740000000007,12.027488578623286,26.94514061931296,236.60696770457741,-105.12072772367054,0.02677403533078074,258.9075835374367,1,1,1,1,0,0,2,0,0,1,0
3201000.0,101,-61.222804,-144.327661,-75.879897,4.8591,102,-61.223918,-144.323503,-136.894351,25.4117,246.725774,3,-1,1,7,119.09959607302794,-60.9040484266088,-165.02050692697208,75.9903025733912,61.01445399999997,0.0010076110000000007,12.652687957571452,19.738355885749804,215.58297394532755,-119.98995333271573,0.7874692093622435,246.2693681313007,0,1,2,1,1,0,2,1,0,1,0
3202000.0,101,-61.222783,-144.327849,-75.722002,8.858066,102,-61.224013,-144.324004,-128.236744,25.56325,234.998633,3,-1,1,7,123.60642280181696,-56.39694735358976,-160.67157519818304,71.83979664641024,52.51474200000001,0.0001515500000000003,11.494469171616798,18.006045576588562,195.7207736732545,-130.06819851374655,-0.29001244993077346,234.96637714389502,0,1,2,1,0,0,2,1,1,1,0
3203000.0,101,-61.222715,-144.327988,-49.086114,10.265504,102,-61.224102,-144.324527,-121.619131,26.289237,231.601596,3,-1,1,7,129.77815143254466,-50.22488214582102,178.86426543254467,71.39424885417898,72.53301699999997,0.000725987,14.629062815100355,20.505790054490326,177.99220955892676,-148.18256512180614,-1.1254745006167068,231.2237689821403,1,1,2,1,0,0,2,0,1,1,0
3204000.0,101,-61.222667,-144.328211,-62.850103,12.139722,102,-61.224173,-144.324955,-117.550542,25.450809,239.1763,3,-1,1,7,133.85650125969187,-46.14635263580505,-163.29339574030814,71.40418936419493,54.70043900000002,-0.0008384280000000004,11.762652085801887,17.31138310656347,172.46460828989936,-165.71439698801544,-3.429801591208357,237.89802046295142,0,1,2,1,1,1,2,1,1,0,0
3205000.0,101,-61.222629,-144.328517,-73.384819,15.498174,102,-61.224209,-144.325325,-112.619477,23.598257,240.022782,3,-1,1,7,135.79894951442722,-44.20384828477432,-150.81623148557279,68.4156287152257,39.234658000000024,-0.0018525519999999993,6.9319915728999035,13.50768830125725,167.33866236750038,-172.0718104631762,-12.917472767677662,256.89381124369805,0,1,1,1,0,2,2,1,1,0,0
3206000.0,101,-61.222601,-144.328582,-63.429375,7.475618,102,-61.224265,-144.325799,-109.501103,24.249642,231.884091,3,-1,1,7,141.16291464750464,-38.83952466208107,-155.40771035249537,70.66157833791894,46.07172800000001,0.0006513850000000012,16.172492112669357,11.438985336428416,145.41639532991144,-180.62199098711983,0.8771820297455334,231.4543012270563,0,1,1,1,1,0,2,0,0,1,0
3207000.0,101,-61.222551,-144.328658,-42.846656,7.103193,102,-61.224295,-144.326351,-104.515039,25.640342,221.7839,3,-1,1,7,147.51202757574976,-32.4899945179377,-169.64131642425025,72.0250444820623,61.668383000000006,0.0013906999999999988,19.991505564565433,11.634237551582107,119.12513416187959,-187.07565504395325,0.45184503889954236,221.6124215324494,0,1,2,1,1,0,2,0,0,1,0
3208000.0,101,-61.222487,-144.328702,-24.065859,7.495845,102,-61.224234,-144.326776,-94.314765,24.319459,212.481026,3,-1,1,7,152.04501864468583,-27.95666950017143,176.11087764468581,66.35809549982856,70.24890599999998,-0.001320883000000002,21.193828209463994,8.673977569180998,99.60635926792781,-187.6879314271463,1.0497261174043133,211.45197112341788,1,1,2,1,0,0,2,0,0,1,0
3209000.0,101,-61.222402,-144.32877,-21.012889,9.675613,102,-61.224146,-144.327219,-84.5204,24.216017,204.508367,3,-1,1,7,156.82376349862693,-23.177595956466174,177.83665249862693,61.34280404353382,63.50751100000002,-0.00010344199999999759,20.63589460161158,6.719762789903333,80.48644853603116,-188.00426531082613,0.9545171175144386,203.70034534814846,1,1,2,1,0,0,2,1,0,1,0
3210000.0,101,-61.222249,-144.328892,-19.909746,16.694172,102,-61.224089,-144.327765,-81.723044,25.940639,205.528389,3,-1,1,7,163.5719692903278,-16.429018526745885,-176.51828470967223,65.29402547325412,61.81329800000003,0.001724622,19.985410503623946,11.961997014198573,58.12563711205958,-197.13784262604804,-3.1199906330375375,200.14178733306875,0,1,2,1,1,1,2,1,1,1,0
3211000.0,101,-61.222162,-144.328985,-26.08186,11.868854,102,-61.224041,-144.328074,-79.331423,23.350092,215.857658,3,-1,1,7,166.8628388538355,-13.137959638442627,-167.05530114616448,66.19346336155738,53.24956299999997,-0.0025905470000000008,17.72827441058795,6.337462258434085,49.06076859181658,-210.20839541375406,-1.5372074527355832,214.50040113071688,0,1,2,1,0,1,2,1,1,0,0
3212000.0,101,-61.22211,-144.329145,-48.91462,10.125687,102,-61.224018,-144.328534,-81.075735,23.773798,217.088759,3,-1,1,7,171.2365793448054,-8.763956197029724,-139.84880065519462,72.31177880297027,32.161114999999995,0.0004237059999999992,15.853953218678484,2.966428529484935,33.07453410586699,-214.55443243578057,-0.45741838447412064,216.9778991988484,0,1,1,1,0,1,2,1,1,0,0
3213000.0,101,-61.222057,-144.329214,-38.827521,7.6589,102,-61.223969,-144.32905,-80.128649,25.112649,210.575424,3,-1,1,7,177.6355706846341,-2.3645730613828824,-143.5369083153659,77.76407593861711,41.301128000000006,0.0013388510000000018,19.938898105410544,1.661340914247682,8.687365914933432,-210.39614746054602,-0.44912978733698944,210.39100904302663,0,1,1,1,1,0,2,0,1,1,0
3214000.0,101,-61.22205,-144.329261,-63.161096,3.57712,102,-61.223871,-144.329492,-74.711146,25.336829,200.690075,3,-1,1,7,-176.50552929316467,3.494673178261242,-113.34443329316467,78.20581917826124,11.550049999999999,0.0002241800000000005,21.248335787727825,-5.06594135020673,-12.232504575644134,-200.3169289783379,1.570824594957705,197.69252669924322,0,1,1,1,0,0,2,1,0,1,1
3215000.0,101,-61.221982,-144.329245,-2.317691,6.625575,102,-61.223698,-144.330064,-67.0148,28.600458,189.475725,3,-1,1,7,-167.06059270577887,12.940125146625107,-164.74290170577888,79.9549251466251,64.69710899999995,0.003263628999999998,26.06180585058579,-4.5481334099722694,-42.42749742457144,-184.66444656880657,-0.37015014353285103,189.20922190525542,0,1,2,1,1,0,2,0,1,1,1
3216000.0,101,-61.221888,-144.329205,8.351784,9.997795,102,-61.223511,-144.330415,-58.604875,28.194475,180.65566,3,-1,1,7,-160.25724530412634,19.743815257836424,-168.60902930412635,78.34869025783642,66.956659,-0.0004059829999999991,25.518850877842507,-4.795777844980908,-61.02506633917368,-170.03649246069227,-1.0648221989194608,178.38464160688818,0,1,2,1,1,0,2,0,1,1,1
3217000.0,101,-61.221827,-144.329161,16.028846,7.626137,102,-61.223306,-144.330645,-49.158951,27.051556,173.049778,3,-1,1,7,-154.21843647388923,25.78286424668381,-170.24728247388924,74.94181524668382,65.18779699999999,-0.0011429189999999992,22.570963731776732,-10.361056544622159,-75.26650835514698,-155.82419063121708,-0.13155250996991819,173.01650570067235,0,1,2,1,1,0,2,1,1,1,1
3218000.0,101,-61.221769,-144.329069,32.26869,7.768668,102,-61.223096,-144.330708,-37.43784,24.949584,161.807107,3,-1,1,7,-149.2650756882317,30.736360887400302,178.46623431176832,68.1742008874003,69.70652999999999,-0.002101972,19.31447820766721,-13.241475883954196,-82.69426321055874,-139.0798285437981,0.4414504361299237,161.47013606625634,1,1,2,1,0,0,2,0,0,1,1
3219000.0,101,-61.221715,-144.328921,48.513859,9.204444,102,-61.222879,-144.33065,-23.650488,23.432261,147.933224,3,-1,1,7,-144.43265401558958,35.56886144264191,167.05348698441043,59.219349442641914,72.16434700000002,-0.0015173230000000012,16.29519656922046,-15.36679441471257,-86.04676113874244,-120.3336763361212,0.9596139418911673,146.58896414094048,1,1,2,1,1,0,2,0,0,1,1
3220000.0,101,-61.221677,-144.328781,58.0983,8.656742,102,-61.222652,-144.330508,-9.687755,23.305664,133.476709,3,-1,1,7,-139.54582873032754,40.45568497309932,162.35587126967246,50.14343997309932,67.78605499999998,-0.0001265970000000003,11.271040334914707,-18.398540155092135,-86.60497723012193,-101.56579032548677,2.2727466598376846,127.13664899386805,1,1,2,1,1,0,2,1,0,1,1
3221000.0,101,-61.221622,-144.328525,64.02804,13.285061,102,-61.222434,-144.330382,-0.964356,23.497192,126.021225,3,-1,1,7,-132.24926393310767,47.7523637123302,163.72269606689233,48.7167197123302,64.99239600000004,0.00019152799999999816,12.338849375218883,-17.67592068520082,-93.2842837259544,-84.7312903255714,1.0419330036960666,125.15343517913277,1,1,2,1,0,0,2,1,0,1,1
3222000.0,101,-61.221638,-144.328329,92.786578,10.921639,102,-61.222179,-144.330412,-1.814608,25.443052,129.940264,3,-1,1,7,-118.3474279309055,61.65439779953572,148.86599406909448,63.46900579953572,94.60118600000004,0.0019458600000000032,11.714393996574287,-25.96125691316559,-114.35842711380468,-61.69783105139371,0.5099167313843977,129.7231199741574,1,1,1,1,1,1,2,0,0,0,1
3223000.0,101,-61.221637,-144.328106,89.801417,11.701835,102,-61.221951,-144.330546,-6.63248,25.596717,141.439371,3,-1,1,7,-104.9669008723016,75.03523776292245,165.2316821276984,81.66771776292245,96.433897,0.00015366500000000015,14.658192134276884,-25.384852066826507,-136.64106607470518,-36.5282730339622,-1.903052414065701,137.92372018070128,1,1,2,1,0,1,2,0,1,0,1
3224000.0,101,-61.221653,-144.327967,99.764155,8.788577,102,-61.221625,-144.330697,-8.938418,30.134029,148.910682,3,-1,1,7,-88.78073015510036,91.2216626586736,171.45511484489964,100.16008065867359,108.70257300000003,0.004537312,13.343275779844072,-31.258559532728217,-148.87696616896108,3.168620840546294,-2.491199394518202,137.66707307673389,1,1,2,1,0,1,2,0,1,1,1
3225000.0,101,-61.221692,-144.327905,129.202357,6.221712,102,-61.221416,-144.330798,-10.265138,27.705796,154.416367,3,-1,1,7,-78.79231465099213,101.21022102834313,152.00532834900787,111.47535902834312,139.46749499999999,-0.0024282330000000023,9.758590321862716,-31.1948299467878,-151.47150682086664,30.013280708627104,-3.1991827879773314,139.03396570300166,1,1,1,1,1,1,2,0,1,0,1
3226000.0,101,-61.221709,-144.327908,149.982588,2.495581,102,-61.221275,-144.33083,-9.670035,23.157897,157.800104,3,-1,1,7,-72.85532841534405,107.14723268055317,137.16208358465596,116.81726768055317,159.65262299999995,-0.004547899000000001,5.1383682489979945,-24.98971415726209,-150.78801510318942,46.517172352273676,-3.6182535013914436,139.2953298646961,1,1,1,1,1,1,2,0,1,0,1
3227000.0,101,-61.221801,-144.327935,-175.704597,9.021009,102,-61.221083,-144.330715,-1.711761,22.306099,158.97281,3,-1,1,7,-61.78872350821424,118.21371312536813,113.91587349178576,119.92547412536813,173.99283599999998,-0.0008517979999999988,-0.009347143536058478,-31.29181519613252,-140.08849847755215,75.15029549909279,-5.656112692070259,173.23664418904497,1,1,1,1,1,1,2,0,1,0,1
3228000.0,101,-61.221826,-144.327877,152.108055,4.319796,102,-61.220833,-144.330345,13.569364,25.115901,157.908317,3,-1,1,7,-50.11409268033925,129.888070487041,157.77785231966075,116.318706487041,138.53869100000003,0.0028098020000000014,-3.8719276838685746,-28.232801977266043,-121.16666803690478,101.2604322260527,-4.079858699088775,137.66968045042753,1,1,2,1,0,0,2,1,1,1,1
3229000.0,101,-61.221855,-144.327939,-151.457691,3.764033,102,-61.2207,-144.329976,26.483188,23.167116,154.641226,3,-1,1,7,-40.33429069853707,139.6674947024229,111.12340030146294,113.18430670242292,177.940879,-0.0019487850000000008,-12.129515945323634,-24.042649898958047,-100.09093192078366,117.88008366985545,-2.8690778910604013,143.48135976951662,1,1,1,1,1,0,2,0,1,0,1
3230000.0,101,-61.221903,-144.327989,-154.092142,5.580441,102,-61.220593,-144.329597,37.982969,22.028538,158.388805,3,-1,1,7,-30.581435209366784,149.41997417897997,123.51070679063321,111.43700517897997,167.92488899999998,-0.001138577999999999,-15.995196834819357,-22.38235012354425,-80.58228348900418,136.3580182351804,-3.2289868547284324,146.9418233528374,1,1,1,1,0,1,2,1,1,0,1
3231000.0,101,-61.221918,-144.32802,-139.460159,2.939077,102,-61.220498,-144.329132,49.420097,22.678907,162.564799,3,-1,1,7,-20.657260777643824,159.34371387362674,118.80289822235618,109.92361687362674,171.119744,0.0006503689999999978,-19.134950510223387,-16.98637103460619,-57.34911563357347,152.11309217144137,-2.544174609505001,151.9909507509141,1,1,1,1,1,1,2,0,1,0,1
3232000.0,101,-61.221991,-144.328093,-154.870769,7.842511,102,-61.220425,-144.328662,58.268725,23.270426,169.517333,3,-1,1,7,-9.922350471566343,170.0781482483826,144.94841852843365,111.8094232483826,146.860506,0.0005915190000000017,-23.1224708158251,-19.33898961548475,-29.21010255205429,166.9817238392614,-3.6928422284024127,149.21622050432137,1,1,1,1,0,1,2,1,1,1,1
3233000.0,101,-61.222022,-144.328112,-157.517537,4.384267,102,-61.220362,-144.328161,65.080594,24.314901,180.54641,3,-1,1,7,-0.8141896252716699,179.18585332248446,156.70334737472834,114.10525932248446,137.40186899999998,0.0010444749999999985,-23.727763221546258,-14.29596131385881,-2.5655304438166455,180.52818122783475,-3.6892122711129605,156.35865025727068,1,1,1,1,0,1,2,1,1,0,1
3234000.0,101,-61.222031,-144.328126,-146.367268,1.806976,102,-61.220308,-144.32765,69.930501,25.284854,194.764412,3,-1,1,7,7.576138965242221,-172.4242782414324,153.94340696524222,117.64522075856758,143.702231,0.0009699530000000003,-24.750308326290178,-10.181240750004335,25.67843801650695,193.06422248241168,-3.7448393867531884,168.80613824658812,1,1,1,1,1,1,2,0,1,0,1
3235000.0,101,-61.22208,-144.328239,-136.397412,6.730159,102,-61.220255,-144.327176,72.446681,25.464814,211.212709,3,-1,1,7,15.664834845351237,-164.33609685775943,152.06224684535124,123.21722214224059,151.15590699999998,0.00017996000000000122,-28.92055763149694,-12.553596627844138,57.0294474917609,203.36777168937846,-4.6315260322253105,164.33696916627508,1,1,1,1,1,1,2,0,1,1,1
3236000.0,101,-61.222135,-144.328278,-154.303278,6.499422,102,-61.220256,-144.326526,80.010439,27.946809,228.783617,3,-1,1,7,24.17560573554644,-155.82592986586204,178.47888373554645,124.16363113413797,125.68628299999997,0.0024819949999999977,-30.34131622430535,-10.704539022787747,93.69481902312272,208.718049760501,-5.2862793005578865,166.1096149627806,1,1,2,1,0,1,2,1,1,0,1
3237000.0,101,-61.222179,-144.328289,-166.505111,5.23412,102,-61.220257,-144.325971,83.758717,28.369863,245.200651,3,-1,1,7,30.141347077146655,-149.86068461514202,-163.35354192285334,126.38059838485799,109.73617200000001,0.0004230540000000005,-29.42313873486942,-8.173857566095084,123.12381336092211,212.0468953658332,-6.0431572905526085,171.59771554184638,0,1,2,1,1,1,2,1,1,0,1
3238000.0,101,-61.222248,-144.32831,-170.93143,7.352909,102,-61.220245,-144.325594,84.491031,26.000176,257.692493,3,-1,1,7,33.13773104107252,-146.86464949287412,-155.93083895892747,128.64431950712589,104.57753899999997,-0.002369686999999999,-27.039024913100302,-9.757058399754818,140.86850482509817,215.7811050506887,-7.900785984209535,156.62001021904442,0,1,1,1,0,1,2,1,1,1,1
3239000.0,101,-61.222287,-144.328391,-144.372023,5.939403,102,-61.220333,-144.32513,93.811379,25.657605,265.962522,3,-1,1,7,38.781467138558696,-141.22139108168813,-176.8465098614413,124.96722991831189,121.816598,-0.0003425709999999995,-29.06067835173904,-3.12213032837813,166.58607629050465,207.32858532950695,-6.530473554254703,188.3729549941414,0,1,2,1,1,1,2,0,1,0,1
3240000.0,101,-61.222312,-144.328395,-159.800617,3.304451,102,-61.220435,-144.324807,102.079443,23.78889,269.805588,3,-1,1,7,42.62421012300808,-137.37893470996545,-157.57517287699193,120.54162229003455,98.11994000000004,-0.0018687150000000017,-24.403153075339947,1.877030590466628,182.70882171726709,198.52592219333386,-6.769883212960908,211.95706218123522,0,1,2,1,0,1,2,1,1,0,0
3241000.0,101,-61.222361,-144.328495,-140.840056,6.609347,102,-61.220663,-144.324438,117.950168,25.245547,269.119354,3,-1,1,7,48.99907867809983,-131.0044772316995,-170.16086532190016,111.04535476830051,101.20977599999998,0.0014566569999999999,-26.474513853299385,6.707878987223699,203.10411558757056,176.5614480252359,-5.520438315224911,221.0546486748112,0,1,2,1,1,2,2,0,1,0,0
3242000.0,101,-61.222363,-144.328546,-107.834036,3.272192,102,-61.220918,-144.3242,131.533599,26.233452,263.917182,3,-1,1,7,55.37140259259006,-124.63240662666838,163.20543859259004,103.83399437333162,120.63236500000002,0.0009879050000000014,-22.752452481734164,16.392185589251294,217.16500391096548,149.97213084827285,-3.235840418463091,248.63458772283838,1,1,2,1,0,0,2,0,1,0,0
3243000.0,101,-61.22244,-144.32853,-177.790888,7.328868,102,-61.221144,-144.32415,143.399827,24.94043,254.788736,3,-1,1,7,58.42621775915423,-121.57762126638417,-123.78289424084579,95.02255173361584,38.809285000000045,-0.0012930220000000007,-15.15266908002386,12.69914696715626,217.07149661757595,133.40639170850628,-3.8984416329039218,241.70471975139233,0,1,1,1,1,0,2,1,1,1,0
3244000.0,101,-61.222425,-144.328688,-88.468269,6.169146,102,-61.221449,-144.324169,157.240108,26.830666,243.288856,3,-1,1,7,65.83970648615885,-114.16425437704885,154.30797548615885,88.59563762295113,114.29162300000002,0.0018902360000000015,-16.54692597773291,24.906379298898784,221.97771988113288,99.57589733545987,-1.5941721456872844,240.12117925466438,1,1,1,1,0,0,2,0,1,1,0
3245000.0,101,-61.222467,-144.328802,-122.079564,7.225515,102,-61.221703,-144.324353,169.921587,26.345962,230.672398,3,-1,1,7,70.37032138445642,-109.63357812973541,-167.55011461554358,80.44483487026457,67.99884899999995,-0.0004847040000000007,-10.732693644536596,22.10197726458096,217.2665408063073,77.49197019776703,-1.165377733698313,229.31765704115043,0,1,2,1,1,0,2,1,1,1,0
3246000.0,101,-61.222478,-144.328914,-105.179807,6.283316,102,-61.221949,-144.324564,179.976721,26.445642,226.357872,3,-1,1,7,75.82509016644767,-104.1787225798604,-178.99510283355232,75.84455642013961,74.84347200000002,9.967999999999933e-05,-6.074828546894044,24.8003594451772,219.4658811017152,55.43115774197919,0.0772810976383081,226.35230594282854,0,1,2,1,1,0,2,0,0,1,0
3247000.0,101,-61.222511,-144.329193,-105.331718,12.921649,102,-61.222209,-144.32471,-175.215578,27.442564,232.729599,3,-1,1,7,82.0360928974436,-97.96783642786012,-172.63218910255642,77.24774157213987,69.88386,0.0009969220000000014,-10.172883585181937,23.930368305951568,230.48504837665766,32.24451465769925,-3.4975273008469943,226.78285617089767,0,1,2,1,0,1,2,1,1,0,0
3248000.0,101,-61.222603,-144.32943,-125.717549,15.601532,102,-61.222393,-144.324879,-170.270531,25.329499,233.631529,3,-1,1,7,84.52684926927526,-95.47713966293465,-149.75560173072472,74.79339133706536,44.552981999999986,-0.0021130650000000025,-8.386365547850295,15.857159650474015,232.56640360108133,22.28360964782811,-7.181858526064567,219.63953884549844,0,1,1,1,0,2,2,1,1,1,0
3249000.0,101,-61.222618,-144.329475,-118.237195,6.047033,102,-61.222693,-144.325099,-166.936995,28.621771,225.626602,3,-1,1,7,92.04088701784812,-87.96294853347159,-149.72191798215187,78.9740464665284,48.69980000000001,0.0032922720000000006,1.1417458752936076,25.020110846155227,225.48347978502943,-8.035164845890199,0.10227222901029727,225.61557524392177,0,1,1,1,2,0,2,0,0,0,0
3250000.0,101,-61.222613,-144.329585,-89.94273,5.722215,102,-61.222917,-144.325403,-160.810825,28.472049,215.491904,3,-1,1,7,98.58865623913356,-81.4150092755496,-171.46861376086645,79.3958157244504,70.86809500000001,-0.00014972200000000057,3.636214908752325,26.895818512491182,213.07537079992065,-32.18147056959239,-0.15354261209868336,215.46752807217277,0,1,2,1,1,0,2,0,1,1,0
3251000.0,101,-61.222581,-144.329712,-65.655747,7.158774,102,-61.222999,-144.325748,-149.714157,23.908256,206.238219,3,-1,1,7,102.35691601998786,-77.64655841895882,168.01266301998788,72.06759858104118,84.05840999999998,-0.0045637929999999965,5.535021988898294,23.596238371800972,201.46039593577856,-44.13515430687069,0.19806381681530305,206.22334157403122,1,1,2,1,0,0,2,0,0,1,0
3252000.0,101,-61.22252,-144.32987,-52.143035,10.045879,102,-61.223124,-144.32617,-140.175736,23.755582,198.30908,3,-1,1,7,108.73330693558754,-71.26993610881091,160.87634193558753,68.90579989118909,88.032701,-0.00015267400000000108,7.28223007641678,24.409660023401436,187.80340668703872,-63.68965102109712,-0.6031858389806164,198.33547116690642,1,1,2,1,1,0,2,0,1,1,1
3253000.0,101,-61.222528,-144.330115,-88.63482,11.681161,102,-61.22327,-144.326586,-135.293076,24.668661,199.196063,3,-1,1,7,113.59533845866561,-66.40775470685368,-157.7698415413344,68.88532129314633,46.65825600000002,0.0009130789999999998,5.676078987669847,17.81067358093884,182.54233563764555,-79.7330998685811,-1.9529051517777607,198.7763467600059,0,1,2,1,1,2,2,1,1,0,1
3254000.0,101,-61.22251,-144.330341,-81.936314,12.136665,102,-61.223445,-144.326943,-135.518377,25.559002,209.676912,3,-1,1,7,119.7530887495896,-60.24988959672892,-158.3105972504104,75.26848740327107,53.582063000000005,0.0008903409999999994,5.892026398137206,19.938169856230353,182.0356372055443,-104.05495765713036,-4.440899949107192,208.77856178509208,0,1,2,1,1,1,2,0,1,0,0
3255000.0,101,-61.222533,-144.330519,-99.962073,10.411723,102,-61.223623,-144.327303,-135.76856,26.287434,211.333787,3,-1,1,7,125.14888675259955,-54.85393207349317,-134.88904024740043,80.91462792650684,35.806486999999976,0.0007284320000000015,8.08228004225473,17.03449203319265,172.79893177399404,-121.66551978900152,-2.608676737916069,208.69782598914693,0,1,1,1,0,1,2,1,1,1,0
3256000.0,101,-61.222552,-144.330606,-108.672294,6.607776,102,-61.223745,-144.327651,-132.603302,25.061362,204.955482,3,-1,1,7,129.98594591821433,-50.01664414297728,-121.34176008178568,82.58665785702274,23.93100800000002,-0.001226072000000002,12.186640870017259,14.848984834662934,157.03731855163429,-131.70432864551134,-0.12550299934815978,204.94399262265588,0,1,1,1,0,0,2,1,1,1,0
3257000.0,101,-61.222549,-144.330744,-90.202986,7.069496,102,-61.223773,-144.327949,-124.079107,21.386498,196.147218,3,-1,1,7,132.2937438718048,-47.708705949481846,-137.5032701281952,76.37040105051815,33.87612099999998,-0.0036748639999999995,10.644230089590701,11.958600635247171,145.09099488698317,-131.9936905001332,-0.16286849262435396,196.13625252524963,0,1,1,1,1,0,2,0,1,1,1
3258000.0,101,-61.222539,-144.330863,-82.204425,6.659515,102,-61.223874,-144.328467,-119.461397,23.841137,188.635008,3,-1,1,7,139.17424842739663,-40.827851670677724,-138.62132657260338,78.63354532932229,37.25697199999999,0.002454639,14.160204565484207,12.629244738732313,123.32216792897887,-142.74035568281593,-0.18368889473366182,188.61224851195482,0,1,1,1,1,0,2,0,1,1,1
3259000.0,101,-61.222511,-144.330936,-59.70623,5.407342,102,-61.223893,-144.3289,-110.909993,23.033842,182.60653,3,-1,1,7,144.6562539481782,-35.345530609295814,-155.6375160518218,75.5644623907042,51.20376299999998,-0.0008072949999999999,16.84791314975319,10.948445363320658,105.63433271130685,-148.9514436025305,0.42222721143525205,182.45918094751602,0,1,1,1,1,0,2,0,0,1,1
3260000.0,101,-61.222418,-144.33104,-30.302252,10.593311,102,-61.223881,-144.329333,-102.083122,22.562797,178.200236,3,-1,1,7,150.6783625302069,-29.323133657416097,-179.0193854697931,72.75998834258391,71.78087,-0.0004710450000000002,16.71793943459651,13.869089573925397,87.26674933693307,-155.3700053762649,-2.214616816543462,176.03149856216572,0,1,2,1,1,0,2,0,1,1,1
3261000.0,101,-61.222361,-144.331148,-39.663998,8.897108,102,-61.223864,-144.329879,-95.380507,24.411524,174.608674,3,-1,1,7,157.8811931081949,-22.119919171476745,-162.4548088918051,73.26058782852326,55.716508999999974,0.0018487270000000003,18.62508118810807,9.138059493408786,65.74511917293164,-161.75836405260563,-0.7042147693797675,174.19639480948237,0,1,2,1,0,0,2,1,1,1,1
3262000.0,101,-61.222267,-144.331304,-37.512992,12.464068,102,-61.223819,-144.330414,-88.979232,25.699159,172.659527,3,-1,1,7,164.56762364443807,-15.433156440880285,-157.91938435556193,73.54607555911971,51.46624000000003,0.0012876350000000016,18.105194753208096,9.428863311696771,45.944848675639626,-166.4343208116532,-2.2650577628257262,169.14040989800662,0,1,2,1,0,0,2,1,1,1,1
3263000.0,101,-61.222149,-144.331367,-20.028027,13.417433,102,-61.223744,-144.33102,-83.003297,28.051846,170.943574,3,-1,1,7,174.0212761307563,-5.97902801459213,-165.9506968692437,77.02426898540787,62.975269999999966,0.0023526869999999996,23.247749159817303,9.188958606691003,17.805337667836376,-170.0137507451318,-2.1911188399344304,164.89280150453467,0,1,2,1,1,0,2,0,1,1,1
3264000.0,101,-61.222069,-144.331407,-16.522786,9.908844,102,-61.223618,-144.331634,-75.902441,30.377974,166.461612,3,-1,1,7,-175.9646859007382,4.035513064455375,-159.4418999007382,79.93795406445537,59.379655000000014,0.002326127999999997,26.645020225579092,2.100399947487178,-11.714121096721561,-166.04893145265913,-0.944826710764548,164.615692974225,0,1,2,1,0,0,2,1,1,1,1
3265000.0,101,-61.221953,-144.331447,-10.885371,12.556987,102,-61.223474,-144.331991,-67.869559,28.294139,163.782009,3,-1,1,7,-170.23086915526747,9.76960765941296,-159.34549815526748,77.63916665941295,56.98418799999996,-0.002083834999999997,23.838349876828218,1.672180462559199,-27.79029672747843,-161.4070812569101,-1.6698679080838128,159.06929614945668,0,1,2,1,2,0,2,1,1,1,1
3266000.0,101,-61.22182,-144.331463,-5.091824,14.473513,102,-61.223323,-144.332275,-60.274295,26.188165,164.758126,3,-1,1,7,-165.42172507000294,14.57898664503364,-160.32990107000293,74.85328164503365,55.18247100000002,-0.0021059739999999996,21.45748642113978,1.4310391742756163,-41.47001737680286,-159.45368525625096,-2.4729019250259046,156.3452123721835,0,1,2,1,1,2,2,1,1,1,1
3267000.0,101,-61.221739,-144.331421,7.221756,10.033116,102,-61.223167,-144.332497,-52.896868,24.2282,164.865411,3,-1,1,7,-160.0625716907157,19.938371418318294,-167.2843276907157,72.8352394183183,60.11862400000001,-0.0019599650000000006,20.584486477273014,-4.662176387314426,-56.218069492662494,-154.9842972907807,-0.9374772710773032,163.5760970037315,0,1,2,1,1,2,2,0,1,0,1
3268000.0,101,-61.22162,-144.331495,-11.15917,12.933534,102,-61.222974,-144.332767,-45.878981,24.783928,160.15023,3,-1,1,7,-155.66533262103894,24.335782279446306,-144.50616262103895,70.21476327944632,34.71981099999999,0.0005557279999999985,15.288567210039329,-4.564976864368809,-65.99242252765619,-145.9215417201456,-1.2630790067807407,158.70814149564916,0,1,1,1,0,0,2,1,1,1,1
3269000.0,101,-61.221513,-144.331382,16.930725,12.636396,102,-61.22279,-144.332951,-39.561416,23.964489,158.044585,3,-1,1,7,-149.39655939681543,30.60481582050651,-166.32728439681543,70.16623182050651,56.492141000000004,-0.0008194389999999992,18.943013258809888,-6.386535041143896,-80.45940807390485,-136.03078511946876,-1.5806975548705406,154.6114083983306,0,1,2,1,1,0,2,0,1,1,1
3270000.0,101,-61.221459,-144.331229,44.982862,9.81361,102,-61.222622,-144.333202,-38.339682,23.704877,168.114405,3,-1,1,7,-140.7619754392234,39.239753879292664,174.25516256077663,77.57943587929267,83.322544,-0.00025961200000000064,21.641860536837527,-11.65150211039686,-106.3396671260018,-130.20878758376932,-1.3173761895891332,165.05930133349165,1,1,2,1,0,1,2,0,1,0,1
3271000.0,101,-61.221419,-144.331029,63.181978,10.816181,102,-61.222404,-144.333655,-40.55639,27.320489,185.950233,3,-1,1,7,-127.9249391712186,52.077362493767005,168.89308282878142,92.633752493767,103.73836800000004,0.0036156119999999985,27.4165112402958,-15.877380457327433,-146.68063610081654,-114.29033268747679,-2.3211371529575335,172.45476781253555,1,1,2,1,1,1,2,0,1,0,1
3272000.0,101,-61.221362,-144.331006,30.398806,7.123453,102,-61.222289,-144.334098,-47.877355,26.514477,207.389214,3,-1,1,7,-121.91409141003669,58.08861869752,-152.3128974100367,105.96597369752,78.276161,-0.0008060119999999991,23.2706539207869,-11.639634473642985,-176.0406123589398,-109.63570989338872,-4.070470420582181,176.82247175838626,0,1,1,1,1,1,2,1,1,0,1
3273000.0,101,-61.221361,-144.330945,72.657329,3.558925,102,-61.222183,-144.334556,-53.570115,26.311993,225.397472,3,-1,1,7,-115.30851560822498,64.69464939594701,172.03415539177502,118.26476439594701,126.22744399999999,-0.00020248399999999833,24.567345873577757,-14.56421274100357,-203.76360252366388,-96.35566755811048,-4.501314165432817,186.81074762589967,1,1,2,1,0,1,2,0,1,0,1
3274000.0,101,-61.221332,-144.330834,61.256643,5.952674,102,-61.222052,-144.334984,-54.916044,26.550026,239.637528,3,-1,1,7,-109.81987882762006,70.18375860167639,-171.07652182762007,125.09980260167639,116.172687,0.00023803299999999793,26.94537081689144,-12.397756981883294,-225.4421645347834,-81.25254011920146,-5.805578164159456,168.05127912696102,0,1,2,1,1,1,2,1,1,1,1
3275000.0,101,-61.221343,-144.33073,95.412106,5.525523,102,-61.221997,-144.335281,-58.964271,23.370237,249.846697,3,-1,1,7,-106.62237524111181,73.38161365943154,157.9655187588882,132.34588465943153,154.376377,-0.0031797889999999997,25.52558374829736,-12.570211330845485,-239.4058368657039,-71.47179357230235,-6.794223237143715,170.1867900333124,1,1,2,1,0,1,2,0,1,0,1
3276000.0,101,-61.221327,-144.330637,74.659179,5.33529,102,-61.2218,-144.335534,-49.588616,23.868976,255.838041,3,-1,1,7,-101.34697503692045,78.65731712453065,-176.00615403692046,128.24593312453067,124.247795,0.0004987390000000005,23.319254740207775,-14.062064294276967,-250.83734847698852,-50.33614836031362,-7.213711139426646,172.8056566747235,0,1,2,1,1,1,2,1,1,0,1
3277000.0,101,-61.221364,-144.330628,150.798668,3.686226,102,-61.221515,-144.335665,-35.506106,25.798536,257.502084,3,-1,1,7,-93.56538890875657,86.43902595564565,115.63594309124343,121.94513195564565,173.695226,0.0019295599999999986,16.78196007333945,-24.21913808491065,-257.00368270921507,-16.01344242329486,-5.4699416662714935,222.13274778465933,1,1,1,1,0,1,2,0,1,0,0
3278000.0,101,-61.221442,-144.330537,152.851273,8.77101,102,-61.221421,-144.335659,-31.384535,20.434672,254.808147,3,-1,1,7,-89.51430915558124,90.49018020992109,117.63441784441875,121.87471520992109,175.76419199999998,-0.0053638639999999994,14.644180512737023,-25.249568190734983,-254.79899206464177,2.159958429281996,-8.126497162741789,244.25639188216647,1,1,1,1,0,0,2,0,1,0,0
3279000.0,101,-61.221466,-144.330482,137.317852,4.769309,102,-61.221252,-144.335527,-17.347872,18.761189,248.717841,3,-1,1,7,-84.96691805336349,95.03750381951063,137.71522994663653,112.38537581951063,154.665724,-0.0016734829999999973,8.82733132230487,-21.413822450292596,-247.7588370573122,21.820244996550784,-7.293801513178418,227.33406246717146,1,1,1,1,0,0,2,1,1,1,0
3280000.0,101,-61.221552,-144.330489,175.613618,8.625598,102,-61.220999,-144.335231,1.401421,21.407388,240.340334,3,-1,1,7,-76.3854719094333,103.6186843848626,108.00091009056669,102.2172633848626,174.21219699999995,0.0026461989999999993,0.13614351001738856,-30.001317963655282,-233.58709411039243,56.57336486628871,-4.510152401625612,245.9186624746311,1,1,1,1,1,0,2,0,1,0,0
3281000.0,101,-61.221554,-144.330379,110.050221,4.695337,102,-61.220829,-144.334841,17.210798,21.53456,230.415718,3,-1,1,7,-71.35233919793467,108.65157167720578,178.59743980206534,91.44077367720578,92.83942299999995,0.00012717199999999807,-1.9610553211638067,-22.180065316473083,-218.31952867991794,73.67487019624812,-3.3442068921520822,224.87825894017084,1,1,2,1,0,0,2,1,1,1,0
3282000.0,101,-61.221631,-144.330243,138.942349,9.897967,102,-61.220725,-144.334375,33.986844,21.06469,218.331273,3,-1,1,7,-65.51520375107106,114.48841788367255,155.54244724892894,80.50157388367256,104.95550500000002,-0.0004698700000000002,-5.274051245384825,-24.929676526194303,-198.69702107819592,90.48778140971018,-4.6701495625320035,224.82879211091452,1,1,1,1,1,0,2,0,1,1,0
3283000.0,101,-61.221665,-144.330126,124.420239,7.680199,102,-61.220628,-144.333787,49.319196,23.163847,204.505579,3,-1,1,7,-59.5306048538125,120.4726039556904,176.0491561461875,71.1534079556904,75.101043,0.0020991570000000017,-11.230864747015762,-19.4405204036293,-176.26338755914986,103.70028952851665,-0.11291451527489223,204.50119548483838,1,1,2,1,0,0,2,1,1,1,0
3284000.0,101,-61.221748,-144.330024,146.079694,10.266055,102,-61.220676,-144.33326,69.27353,22.205295,189.921474,3,-1,1,7,-55.46941784057478,124.53341846484956,158.45088815942523,55.25988846484957,76.80616400000002,-0.000958552000000001,-15.039320802672393,-16.377530642494733,-156.46182027072865,107.65623569446815,1.9971944161344646,188.90687101446326,1,1,2,1,1,0,2,0,0,1,1
3285000.0,101,-61.221789,-144.329949,138.902552,6.859119,102,-61.220723,-144.332656,82.653741,24.474742,174.896563,3,-1,1,7,-50.719066882384446,129.28330576336376,170.37838111761556,46.62956476336376,56.248811000000046,0.0022694469999999995,-19.765057024844705,-8.298454359355336,-135.37884956696485,110.73109246791556,4.291870993311009,154.831264993218,1,1,2,1,0,0,2,1,0,1,1
3286000.0,101,-61.221953,-144.329987,-179.294905,16.148045,102,-61.220902,-144.33222,102.677145,24.614683,158.872853,3,-1,1,7,-45.648393483912955,134.35356371105178,133.64651151608706,31.67641871105178,78.02795,0.0001399410000000003,-24.21334677107108,-10.744956516013085,-113.60415898684262,111.0615976890833,2.7500020169399533,148.26287080712953,1,1,1,1,1,0,2,0,0,1,1
3287000.0,101,-61.222099,-144.330049,-171.563773,16.428124,102,-61.221079,-144.331796,114.642472,25.99386,141.217189,3,-1,1,7,-39.50824486470294,140.49328636019945,132.05552813529707,25.85081436019945,73.793755,0.001379177000000002,-26.03667385005136,-5.412106521259123,-89.84085762714341,108.95372765482175,2.6655926316334204,125.06147578616789,1,1,1,1,1,0,2,1,0,1,1
3288000.0,101,-61.222204,-144.330042,-177.974622,12.455516,102,-61.221359,-144.331618,134.512375,26.747774,128.778152,3,-1,1,7,-41.921103184939774,138.08027816297624,136.05351881506024,3.5679031629762505,47.51300299999997,0.0007539139999999982,-19.514016901815175,6.3041480035359925,-86.03754037484161,95.819382584019,5.14231479417581,64.99625485185871,1,1,1,0,0,0,2,1,0,1,1
3289000.0,101,-61.222334,-144.329939,164.764251,14.632132,102,-61.221622,-144.331526,147.973172,27.080868,122.967436,3,-1,1,7,-47.01876939396453,132.98262159810025,148.21697960603547,-14.990550401899753,16.79107900000008,0.0003330939999999991,-10.516229464501546,8.841304202453736,-89.96015735363562,83.83412434875918,8.274760661574868,11.072153881755748,1,1,1,0,0,0,2,1,0,1,1
3290000.0,101,-61.222448,-144.3298,153.566547,14.476579,102,-61.221842,-144.331523,157.981552,25.462915,126.288175,3,-1,1,7,-53.84963798289225,126.15187221427279,152.58381501710772,-31.82967978572721,4.415004999999951,-0.0016179529999999999,-3.101810790210245,10.642649611350574,-101.97412460940247,74.49819497797704,9.398336328514075,77.16610640589036,1,1,1,1,0,1,2,1,0,0,1
3291000.0,101,-61.222499,-144.32965,132.089232,10.277935,102,-61.222046,-144.331664,170.875902,23.537312,136.325678,3,-1,1,7,-64.95798574510539,115.04377951353817,162.9527822548946,-55.83212248646183,38.78666999999996,-0.0019256029999999988,3.8948839376230113,16.35033120800058,-123.51074293306546,57.70430540507276,2.0173629588418023,133.67368378413505,1,1,2,1,0,1,2,0,0,0,1
3292000.0,101,-61.222613,-144.329599,160.824262,12.45802,102,-61.222277,-144.33186,-177.461739,24.288861,141.254512,3,-1,1,7,-72.84602981288414,107.15595194289918,126.32970818711584,-75.38230905710083,21.71399900000003,0.0007515490000000007,5.16771414734486,12.498236939196588,-134.97089223442111,41.66167795231523,-1.013579589103547,140.64978245571623,1,1,1,1,1,1,2,1,1,0,1
3293000.0,101,-61.222673,-144.329528,152.492852,8.475402,102,-61.222487,-144.332026,-171.270475,24.19787,141.669812,3,-1,1,7,-81.20880952189279,98.79337996638483,126.29833847810721,-89.93614503361516,36.236673000000025,-9.099099999999894e-05,7.58695804913977,16.400272169085767,-140.0054597663339,21.65194835881529,-2.263300496540389,136.16959930437278,1,1,1,1,2,2,2,0,1,1,1
3294000.0,101,-61.222709,-144.32957,-173.408528,4.554998,102,-61.222705,-144.332202,-166.969639,24.696057,148.149464,3,-1,1,7,-89.82027641273419,90.18203052876147,83.5882515872658,-102.84833047123851,6.438888999999989,0.0004981869999999979,5.045289297247083,19.535262640640248,-148.14873515592947,0.4647097863814449,-1.8062696080253586,143.55836075744867,1,0,1,1,1,1,2,1,1,0,1
3295000.0,101,-61.222752,-144.32958,-173.756486,4.779736,102,-61.222931,-144.332316,-166.775505,25.179188,149.554281,3,-1,1,7,-97.74041649669151,82.26198160351292,76.01606950330849,-110.96251339648705,6.980980999999986,0.0004831310000000002,5.24035205960712,19.760080149437936,-148.1916080742308,-20.14274712646057,-2.7975522980779184,138.07702357992403,1,0,1,1,1,1,2,0,1,1,1
3296000.0,101,-61.222765,-144.329638,-129.793401,3.122275,102,-61.223238,-144.33236,-170.632312,28.618466,155.772932,3,-1,1,7,-109.84900869672319,70.15337713632123,19.9443923032768,-119.21431086367875,40.838911000000024,0.0034392780000000018,2.2591924559261365,26.23849113811919,-146.51856817090604,-52.89154492945147,-2.584036114869061,141.4686070772507,1,0,0,1,1,1,2,0,1,0,1
3297000.0,101,-61.22283,-144.329681,-159.853913,6.765397,102,-61.223357,-144.332438,-168.663315,22.923402,156.240168,3,-1,1,7,-111.65776387344343,68.34465263910448,48.19614912655658,-122.99203236089551,8.809402000000006,-0.005695064000000002,2.1760400947235223,16.124670239862972,-145.21037480783423,-57.66226794738937,-4.7878416084800985,136.20079100632313,1,0,1,1,0,2,2,1,1,1,1
3298000.0,101,-61.22285,-144.329715,-145.840783,3.534213,102,-61.223443,-144.332458,-169.015441,17.856353,154.319231,3,-1,1,7,-114.18506864291167,65.81733559999613,31.655714357088314,-125.16722340000388,23.174658000000022,-0.0050670490000000006,1.4179876091364578,14.604706901581906,-140.77415550977864,-63.222323564861384,-5.415793158276978,134.03788964663283,1,0,1,1,1,0,2,0,1,1,1
3299000.0,101,-61.222874,-144.329718,-166.256802,2.824628,102,-61.223642,-144.332268,177.076957,19.340275,150.07262,3,-1,1,7,-122.03240687287885,57.9698282077369,44.22439512712114,-119.1071287922631,16.666241000000014,0.0014839219999999997,-1.6572980320584878,16.571352239365382,-127.22379867763655,-79.5983437245814,-4.014111346347602,134.51374304791327,1,0,1,1,0,0,2,1,1,0,1
3300000.0,101,-61.222944,-144.329687,171.702565,7.014597,102,-61.223787,-144.332004,163.893191,18.847401,142.838908,3,-1,1,7,-127.0824914873448,52.91953937015021,61.214943512655225,-110.9736516298498,7.809374000000048,-0.0004928739999999969,-4.216522569426505,11.166398773162664,-113.95234146756688,-86.12675259576145,-3.32528667988853,137.03193277895778,1,0,1,1,0,0,2,1,1,0,1
3301000.0,101,-61.22295,-144.329663,144.536559,2.107637,102,-61.223943,-144.331736,155.22565,19.624822,146.069614,3,-1,1,7,-134.85897664468376,45.14284034759905,80.60446435531622,-110.08280965240095,10.689090999999962,0.0007774210000000004,-7.000880339635726,16.10201419019828,-103.54072356284887,-103.0322798844649,-3.0616382265584132,136.03689502151082,1,0,1,1,0,1,2,0,1,1,1
3302000.0,101,-61.222996,-144.329718,-158.6745,4.923623,102,-61.224121,-144.331479,151.656666,21.130494,153.01126,3,-1,1,7,-143.00124832987666,37.0002951948479,15.673251670123335,-114.65637080515211,49.66883400000003,0.001505671999999997,-11.822340035879728,14.010839595253415,-92.08181252424535,-122.2022319314886,-1.8359850766200811,149.18342036734094,1,0,0,1,1,1,2,0,1,0,1
3303000.0,101,-61.22303,-144.329704,179.15994,3.854816,102,-61.224273,-144.331321,152.023284,20.328337,164.025415,3,-1,1,7,-147.94445028343588,32.05696702590491,32.89560971656408,-119.96631697409508,27.136656000000016,-0.0008021569999999976,-9.479764685906606,14.098331405830576,-87.0550487470576,-139.01710417631946,-3.8466019803486273,149.81960052222405,1,0,1,1,0,1,2,1,1,0,1
3304000.0,101,-61.223024,-144.329766,-91.917413,2.383808,102,-61.224379,-144.33125,153.731322,17.40812,171.048061,3,-1,1,7,-152.20151117166404,27.799789563137832,-60.28409817166404,-125.93153243686217,114.35126500000001,-0.002920217000000001,-10.086977154571878,15.530597877032394,-79.77053979856063,-151.3079646023499,-4.96889359707519,149.56034450257437,0,0,1,1,1,1,2,0,1,1,1
3305000.0,101,-61.223025,-144.329738,103.161885,0.415284,102,-61.2244,-144.33131,158.267507,11.439174,172.408335,3,-1,1,7,-151.1740105256551,28.827367341727225,105.66410447434492,-129.44013965827276,55.10562200000004,-0.005968946000000001,-3.8312496080640908,10.531547318933562,-83.12687162793688,-151.04488468936884,-10.38363848680717,129.78693535840924,1,1,1,1,0,1,2,1,1,1,1
3306000.0,101,-61.223003,-144.329741,-0.124065,1.970637,102,-61.224387,-144.331384,164.874309,6.293148,172.03399,3,-1,1,7,-150.25369634857077,29.74774375050705,-150.12963134857077,-135.12656524949296,164.998374,-0.005146025999999999,-1.6463847350924967,8.045758833653053,-85.35646914309278,-149.36521312120954,-29.248107217127004,158.78830858193749,0,1,1,1,1,2,2,0,1,0,1
3307000.0,101,-61.223026,-144.329662,120.276219,3.5149,102,-61.224368,-144.331431,173.527802,3.053899,171.701969,3,-1,1,7,-147.60315129275324,32.39839924613361,92.12062970724674,-141.1294027538664,53.251583000000096,-0.0032392490000000005,2.691246002927092,1.2623310917497212,-91.99454203654737,-144.97782724942073,-64.60873607165139,103.57134875497589,1,1,1,1,0,2,2,1,1,1,1
3308000.0,101,-61.223027,-144.329685,-179.669251,0.378421,102,-61.224309,-144.331561,-74.129737,2.034307,171.3085,3,-1,1,7,-144.83846460772216,35.163179716838705,34.830786392277844,109.2929167168387,105.53951400000003,-0.001019592,1.9545815837817506,-0.9347163477774425,-98.65375725307113,-140.05012799744995,-14.591148928434427,168.9349635673012,1,0,1,1,1,2,2,0,1,0,1
3309000.0,101,-61.223027,-144.329688,-133.804206,0.171139,102,-61.224282,-144.331618,-57.462199,2.728626,170.899308,3,-1,1,7,-143.48801140394932,36.513680251645695,-9.683805403949322,93.9758792516457,76.342007,0.0006943190000000001,2.1768194430746535,-1.586069406733156,-101.68354557234149,-137.35730790429906,-0.5040977125760873,170.89441119305548,0,0,0,1,1,2,2,1,1,0,1
3310000.0,101,-61.223046,-144.329749,-126.42355,2.98786,102,-61.224334,-144.331458,138.259698,1.66524,170.522043,3,-1,1,7,-147.43273047223818,32.56876747614849,-21.00918047223817,-105.6909305238515,95.31675200000004,-0.0010633860000000001,-3.5128234937043095,-0.5314886308226654,-91.79021544268313,-143.7091628876867,31.001905601876384,128.37784738513884,0,0,0,1,1,2,2,0,0,1,1
3311000.0,101,-61.223032,-144.329696,53.652613,1.714496,102,-61.2243,-144.331542,-44.272445,0.934567,170.265083,3,-1,1,7,-144.97698809253063,35.02462993677976,161.37039890746937,79.29707493677975,97.92505799999998,-0.000730673,2.033315004584024,0.34697003628989687,-97.71604869668025,-139.43375601376056,-57.08389334450133,121.0270825230553,1,1,2,1,0,2,2,0,1,1,1
3312000.0,101,-61.223065,-144.329676,158.595895,3.115276,102,-61.224321,-144.331487,135.787052,0.683145,170.280839,3,-1,1,7,-145.23597169692368,34.76561565512611,56.168133303076274,-101.02143634487388,22.808843000000024,-0.00025142200000000006,0.660524175356876,-2.4107681354766064,-97.09377980655876,-139.8869616991498,58.873047473844736,135.99618683199594,1,0,1,1,1,2,2,1,0,0,1
3313000.0,101,-61.223103,-144.329618,147.075489,4.743669,102,-61.224288,-144.331567,-42.616582,1.506147,170.409688,3,-1,1,7,-141.63020360132361,38.371504708544634,71.29430739867638,80.98808670854464,170.307929,0.0008230019999999999,3.5981389594313438,-5.090151404661487,-105.77918409645842,-133.60473785066492,365.49054075488783,2236.2215031207807,1,0,1,1,0,2,2,0,0,0,0
3314000.0,101,-61.223142,-144.329531,136.592409,5.910691,102,-61.224295,-144.331557,-53.38184,0.672726,170.48206,3,-1,1,7,-139.7737246631019,40.22805113813988,83.63386633689811,93.60989113813989,170.025751,-0.0008334209999999999,4.6016799414878715,-4.695287409051622,-110.09865943988359,-130.16304380039722,16.064771542830993,191.99096407771034,1,0,1,1,0,2,2,1,0,1,1
3315000.0,101,-61.223159,-144.329549,169.036439,2.372762,102,-61.224297,-144.331558,-66.798319,0.41576,170.561818,3,-1,1,7,-139.64178189256447,40.35997900817871,51.32177910743553,107.15829800817872,124.16524200000003,-0.000256966,0.8333978399307109,-2.493251644423126,-110.44975979949888,-129.96993621487286,-999,2718.394119470187,1,0,1,1,1,2,2,1,1,0,0
3316000.0,101,-61.223174,-144.329515,141.306541,2.314347,102,-61.2243,-144.331553,-105.846065,0.175501,170.531265,3,-1,1,7,-138.93553888921852,41.06624743042895,79.75792011078147,146.91231243042895,112.84739399999995,-0.00024025900000000002,1.6156540053385644,-1.7584307463495328,-112.02330211401987,-128.57562804035317,12.399440234967567,169.82107145647873,1,0,1,1,0,2,2,1,0,1,1
3317000.0,101,-61.223177,-144.329443,98.658781,3.224914,102,-61.224305,-144.331541,157.498802,0.234569,170.329441,3,-1,1,7,-138.1611728618101,41.84066604826691,123.18004613818991,-115.6581359517331,58.84002100000009,5.906800000000001e-05,3.098387677354892,-0.26879805766379206,-113.61612407123329,-126.89954618674807,-30.73850319847018,136.4054782797025,1,1,1,1,0,2,2,1,1,1,1
3318000.0,101,-61.223178,-144.329317,92.27032,5.78303,102,-61.224322,-144.331496,135.771876,1.179965,170.081591,3,-1,1,7,-137.48280708488932,42.51910282236337,130.24687291511069,-93.25277317763661,43.50155600000005,0.0009453959999999999,4.955445058517521,0.6164354762456408,-114.94308054328252,-125.3628167851686,-28.720289595346078,111.08542579908881,1,1,1,1,0,2,2,1,1,1,1
3319000.0,101,-61.223222,-144.329146,116.941413,9.210285,102,-61.224342,-144.331435,131.136127,2.12098,169.899458,3,-1,1,7,-135.46769611506548,44.5343102083651,107.59089088493454,-86.60181679163489,14.194713999999976,0.0009410149999999999,6.613281923547086,-2.7777010896200447,-119.15240806156977,-121.11370476466703,-7.9656353378821985,157.91254587413573,1,1,1,1,1,2,2,1,1,0,1
3320000.0,101,-61.223293,-144.329071,144.312219,8.925425,102,-61.224389,-144.331321,133.353143,4.134672,170.230391,3,-1,1,7,-135.33949829600942,44.66247384489092,80.34828270399055,-88.69066915510908,10.959076000000039,0.002013692,2.2003371945425223,-4.410877467151865,-119.65571265388886,-121.08218881942489,13.996016999445887,161.73381638910269,1,0,1,1,1,2,2,1,0,0,1
3321000.0,101,-61.223273,-144.329032,77.234945,3.071325,102,-61.224433,-144.331213,132.942106,5.298963,170.820731,3,-1,1,7,-137.8529009297012,42.14901073243898,144.9121540702988,-90.79309526756101,55.707160999999985,0.0011642909999999996,-0.8836508000853582,4.2885869989741785,-114.62691498861906,-126.65067113744901,-60.61882636677427,214.6220415585399,1,1,1,1,0,2,2,0,1,0,0
3322000.0,101,-61.223336,-144.328994,158.333249,6.217752,102,-61.224439,-144.331186,128.566323,3.992532,170.942338,3,-1,1,7,-136.26966036192772,43.732260942414904,65.39709063807231,-84.8340620575851,29.766926000000012,-0.0013064309999999994,-0.826068253211611,-3.2894242255127466,-118.16647998160148,-123.5231392479321,96.06726887886364,196.35615854678173,1,0,1,1,1,2,2,1,0,1,1
3323000.0,101,-61.223372,-144.328909,137.689249,5.80189,102,-61.224416,-144.331198,107.518721,2.044576,169.73388,3,-1,1,7,-133.45550476206176,46.546501563615934,88.85524623793822,-60.972219436384066,30.17052799999999,-0.001947956,1.95580391907944,-3.675072530940391,-123.21130364046135,-116.7414436910579,23.56079832189502,171.95609715836162,1,0,1,1,0,0,2,0,0,1,1
3324000.0,101,-61.223405,-144.328829,132.155807,5.681887,102,-61.224468,-144.33107,125.866611,4.315193,169.312619,3,-1,1,7,-134.57859999260606,45.42336426151266,93.26559300739393,-80.44324673848735,6.289195999999947,0.0022706169999999995,0.7151506226653672,-1.2851202893956315,-120.59938924263368,-118.83833668872556,43.15158307192778,164.18697038194253,1,1,1,1,0,2,2,1,0,1,1
3325000.0,101,-61.223438,-144.328738,127.853741,5.949787,102,-61.224419,-144.331119,73.951005,1.629024,169.418836,3,-1,1,7,-130.56071686134496,49.44137010377229,101.58554213865506,-24.509634896227702,53.902736000000004,-0.0026861689999999995,3.1322977026060244,-4.101433149326713,-128.710422812304,-110.16518983359867,9.909435532208139,174.22205705393887,1,1,1,1,0,2,2,0,0,0,1
3326000.0,101,-61.223408,-144.328687,55.779659,3.964185,102,-61.224388,-144.331157,15.006809,1.625513,169.248209,3,-1,1,7,-129.4965032182901,50.50566175536779,174.7238377817099,35.49885275536779,40.772850000000005,-3.511000000000042e-06,2.8570088367098276,0.6592913713712738,-130.60264874436584,-107.6471290405066,-46.012623731096575,77.31614000632685,1,1,2,1,0,2,2,1,1,1,1
3327000.0,101,-61.223421,-144.328693,141.453951,1.118428,102,-61.22437,-144.331187,-6.843865,1.778709,169.032947,3,-1,1,7,-128.32569729718347,51.67648871251234,90.22035170281652,58.52035371251234,148.29781599999995,0.0001531960000000001,0.9088993745892607,-2.6407659526984144,-132.6060628110636,-104.82256091726184,61.113273224690154,196.47018917947645,1,1,1,1,1,2,2,0,0,0,1
3328000.0,101,-61.22349,-144.328648,163.873029,6.905597,102,-61.224417,-144.33112,132.03972,1.31888,168.793063,3,-1,1,7,-127.91962310928596,52.08254361844941,68.207347890714,-79.95717638155058,31.833308999999986,-0.00045982900000000003,0.9386394000782631,-5.750669221117738,-133.15640026594554,-103.73269101463272,21.05589364553954,153.90170520670068,1,0,1,1,1,2,2,1,0,1,1
3329000.0,101,-61.223552,-144.328543,145.951121,8.246434,102,-61.22446,-144.331059,143.954743,2.903127,168.519454,3,-1,1,7,-126.85960647918138,53.142598816094136,87.18927252081863,-90.81214418390587,1.9963779999999929,0.001584247,2.908908109209089,-4.485336722468936,-134.8337221721941,-101.08745590650547,2.198006223548539,168.1305460286698,1,0,1,1,0,2,2,1,0,0,1
3330000.0,101,-61.22358,-144.328549,164.238994,3.860193,102,-61.224462,-144.331051,139.289667,2.00875,168.195898,3,-1,1,7,-126.21632454777182,53.785868476575985,69.54468145222819,-85.50379852342402,24.94932700000004,-0.000894377,-0.2616511215231332,-2.1923955338941514,-135.699105903645,-99.37611765901173,80.55692277391195,138.21549005242375,1,0,1,1,1,2,2,0,0,1,1
3331000.0,101,-61.223626,-144.328494,153.819347,5.466931,102,-61.224494,-144.331001,142.924112,2.875964,167.802014,3,-1,1,7,-125.72619880784468,54.27599859992876,80.45445419215531,-88.64811340007125,10.895234999999957,0.0008672140000000002,0.6781865601498023,-2.6115118142825553,-136.2244629288083,-97.98169013756568,27.90784665026038,157.16838911310856,1,0,1,1,0,2,2,1,0,0,1
3332000.0,101,-61.223655,-144.328356,119.941612,6.969496,102,-61.224486,-144.331,132.150754,1.623308,167.791645,3,-1,1,7,-123.14167308065255,56.86064440915747,116.91671491934744,-75.29010959084253,12.209141999999986,-0.0012526560000000002,4.835817834682942,-2.389219969520783,-140.49551788212858,-91.7335575830269,-14.401809289778045,144.6783696629821,1,1,1,1,0,2,2,0,1,1,1
3333000.0,101,-61.223698,-144.328389,174.599406,4.58972,102,-61.224477,-144.330998,109.586402,0.921214,167.636441,3,-1,1,7,-121.81062911568992,58.19165769664773,63.58996488431012,-51.394744303352276,65.01300400000002,-0.000702094,-0.43593165077623963,-4.2605294718490025,-142.45659616614213,-88.36342320158934,80.77543495368069,277.3554939661665,1,0,1,1,1,2,2,0,0,0,0
3334000.0,101,-61.22372,-144.328317,134.139605,4.002153,102,-61.22444,-144.331022,7.206244,1.366265,167.92578,3,-1,1,7,-118.94083129535453,61.06153966169848,106.9195637046455,53.855295661698484,126.93336099999993,0.00044505100000000007,2.700739301726656,-4.14260839661725,-146.95519148272615,-81.2603180210593,-999,4930.934473017819,1,1,1,1,0,2,2,0,1,0,0
3335000.0,101,-61.223781,-144.32827,156.96132,6.72308,102,-61.224536,-144.330908,147.192308,3.793648,168.377036,3,-1,1,7,-120.73429238897911,59.26801984370398,82.3043876110209,-87.92428815629602,9.769011999999975,0.002427383,0.5756155873066131,-2.9983150525912743,-144.72790038684414,-86.05034050926828,22.64782668469084,158.8043750306634,1,0,1,1,1,2,2,1,0,1,1
3336000.0,101,-61.223807,-144.328242,151.87171,3.862584,102,-61.224571,-144.330867,148.68056,4.052675,168.892024,3,-1,1,7,-121.15857408593625,58.84372675269318,86.96971591406373,-89.83683324730683,3.1911499999999933,0.0002590269999999997,-0.28561181500011124,0.055738974413277464,-144.5274207430479,-87.38615693677447,401.7397750514513,113.74779518856826,1,0,1,1,0,2,2,1,0,1,1
3337000.0,101,-61.22385,-144.328096,126.972274,7.687962,102,-61.224611,-144.330814,148.45696,4.481748,167.893067,3,-1,1,7,-120.18462183617,59.81776051889517,112.84310416382999,-88.63919948110484,21.48468600000001,0.0004290729999999998,3.797540884004307,-0.8042011312292474,-145.12840930541967,-84.41461223713031,-29.07822082110411,113.24740929800788,1,1,1,1,0,2,2,0,1,1,1
3338000.0,101,-61.223921,-144.328086,163.990001,7.669614,102,-61.224628,-144.33077,143.043711,3.916022,167.471531,3,-1,1,7,-118.6886903301519,61.31366222461257,77.32130866984812,-81.73004877538743,20.946289999999976,-0.0005657259999999997,-0.239015524901681,-4.242865855823036,-146.91288301000944,-80.3947666280041,29.430030507455363,146.7783215271445,1,0,1,1,1,2,2,1,0,0,1
3339000.0,101,-61.223953,-144.327962,127.933929,6.810092,102,-61.224653,-144.33073,142.557757,3.767681,167.527359,3,-1,1,7,-117.71604751774183,62.286378664497285,114.35002348225817,-80.27137833550273,14.623828000000003,-0.00014834099999999983,3.080652471414731,-1.195107303386346,-148.30583894031722,-77.91530112708008,-29.389442720637188,126.94418500686137,1,1,1,1,0,2,2,1,1,1,1
3340000.0,101,-61.223971,-144.327962,146.039311,2.77147,102,-61.224604,-144.33076,78.032894,1.075753,167.430375,3,-1,1,7,-115.17313291920743,64.82931955812553,98.78755608079257,-13.203574441874466,68.006417,-0.0026919279999999997,0.4958361087291876,-2.5217730239088367,-151.5289445278341,-71.2173394821879,-999,2613.184598723061,1,1,1,0,1,2,2,0,1,0,0
3341000.0,101,-61.223981,-144.327953,150.714367,1.535868,102,-61.224593,-144.330766,46.31288,0.840833,167.290616,3,-1,1,7,-114.32188646388013,65.68057916111091,94.96374653611986,19.367699161110913,104.40148700000003,-0.0002349199999999999,0.14326576347792164,-1.9203517806568824,-152.4429072475608,-68.90072736605202,-999,1987.354012064394,1,1,1,0,1,2,2,0,1,1,0
3342000.0,101,-61.224017,-144.32789,143.457393,4.487199,102,-61.224552,-144.330797,-2.59337,2.097851,166.998029,3,-1,1,7,-110.92376353635456,69.07878448045834,105.61884346364545,71.67215448045835,146.05076300000002,0.001257018,2.7666920924521667,-5.700782290187722,-155.98558381906307,-59.639243208737064,-999,6318.082067361203,1,1,1,1,0,2,2,0,1,0,0
3343000.0,101,-61.224034,-144.327846,130.791256,3.24163,102,-61.224569,-144.330787,9.251534,0.580598,166.684245,3,-1,1,7,-110.70252127294403,69.30005654570346,118.50622272705596,60.048522545703456,121.53972199999998,-0.0015172529999999999,2.360878953094078,-2.6908189321460307,-155.92118917944887,-58.92554875507345,-999,3521.0420132936956,1,1,1,1,0,2,2,1,1,1,0
3344000.0,101,-61.224065,-144.3278,143.022026,4.038784,102,-61.224622,-144.33075,159.403729,1.966571,166.322934,3,-1,1,7,-111.41803525343684,68.58455045483113,105.55993874656315,-90.81917854516887,16.381703000000016,0.0013859730000000002,1.737558960148057,-1.3855779022442762,-154.83682449841476,-60.73611902003178,-32.39703475511452,144.45661860900668,1,1,1,1,1,2,2,1,1,1,1
3345000.0,101,-61.224152,-144.327762,166.00407,8.902174,102,-61.224653,-144.330728,160.903167,2.576508,165.893996,3,-1,1,7,-109.33705757367622,70.6655421601951,84.6588724263238,-90.2376248398049,5.100903000000017,0.000609937,1.310072264598288,-6.203179319011836,-156.53541554730205,-54.9316082804926,3.4972069832232866,164.50970332621702,1,0,1,1,1,2,2,1,0,0,1
3346000.0,101,-61.224196,-144.327791,-174.908553,5.551984,102,-61.224689,-144.3307,160.942723,3.238784,165.851944,3,-1,1,7,-109.39634650315145,70.60620327057093,65.51220649684856,-90.33651972942907,24.148723999999987,0.0006622759999999998,-1.5502199292818162,-2.4688028664672075,-156.43882394406958,-55.079594148609516,48.51868104294689,103.84559993688917,1,0,1,1,1,2,2,0,0,1,1
3347000.0,101,-61.224251,-144.327747,165.385321,6.203969,102,-61.224695,-144.330688,156.63284,2.346017,165.668065,3,-1,1,7,-107.41363482935104,72.5889429935605,87.20104417064897,-84.0438970064395,8.752480999999989,-0.000892767,0.6348870619535586,-3.8496352212959417,-158.0753547690231,-49.57912842610001,6.447503091639578,164.04787332965626,1,0,1,1,0,2,2,1,0,0,1
3348000.0,101,-61.2243,-144.327752,177.478722,5.569519,102,-61.224685,-144.330683,141.551685,1.1521,165.934102,3,-1,1,7,-105.26407986877342,74.73848918937561,77.25719813122657,-66.81319581062438,35.92703700000004,-0.0011939169999999999,-0.4713800931132724,-4.66183799094783,-160.08038783305835,-43.68518785313883,17.0708235903809,156.21375344246192,1,0,1,1,1,2,2,0,0,1,1
3349000.0,101,-61.2243,-144.327635,101.796925,4.670772,102,-61.224613,-144.330703,3.344931,2.475644,166.48605,3,-1,1,7,-101.96723026488444,78.03545887470737,156.23584473511556,74.69052787470737,98.45199400000001,0.001323544,4.427671486961651,-3.4263354684005223,-162.86770107693144,-34.5212512884137,-49.838880462082244,213.26851456071444,1,1,1,1,0,2,2,0,1,0,0
3350000.0,101,-61.224383,-144.327597,160.885995,8.375225,102,-61.224673,-144.330678,152.734965,1.133108,167.007373,3,-1,1,7,-101.06496528316413,78.9377352528494,98.04903971683586,-73.7972297471506,8.151029999999992,-0.0013425359999999999,2.223373012809853,-6.906273384396519,-163.90273969883827,-32.05237207409134,-2.8956936032203098,165.84440691866706,1,1,1,1,1,2,2,1,1,1,1
3351000.0,101,-61.224405,-144.327564,147.985102,3.885342,102,-61.224771,-144.330627,165.399529,4.865091,165.905136,3,-1,1,7,-103.94191215443875,76.06077260597807,108.07298584556122,-89.33875639402193,17.414427000000046,0.0037319829999999995,0.8333951880338308,1.413561678003147,-161.0176526244667,-39.972861975158395,-93.71890601991579,124.22409806596941,1,1,1,1,0,0,2,0,1,1,1
3352000.0,101,-61.224465,-144.327562,173.706314,6.212657,102,-61.224873,-144.33056,164.724446,7.465317,165.482241,3,-1,1,7,-105.78753296487923,74.21509482408943,80.50615303512075,-90.50935117591057,8.981868000000077,0.002600226,-1.28576237045006,1.0263531420143064,-159.23979023809,-45.02289741133035,54.79135326202517,134.67398696928515,1,0,1,1,1,2,2,1,0,0,1
3353000.0,101,-61.22449,-144.327535,159.425931,3.484342,102,-61.224789,-144.330575,131.244102,1.474911,165.380476,3,-1,1,7,-101.54910472058239,78.4535598812837,99.02496427941765,-52.7905421187163,28.181828999999993,-0.005990406,0.1154634873809004,-2.289743815816011,-162.03209666196048,-33.11044387071352,18.743564506715536,164.4889368598234,1,1,1,1,0,2,2,0,0,0,1
3354000.0,101,-61.224532,-144.327535,175.604733,4.516335,102,-61.224755,-144.330581,39.37343,1.028933,165.256268,3,-1,1,7,-98.64896620068254,81.35370366027729,85.74630079931745,41.98027366027729,136.23130300000003,-0.000445978,-0.3066095382393644,-5.2984466994726125,-163.37701071648456,-24.851287343586744,-999,5338.70006220363,1,0,1,1,1,2,2,0,1,0,0
3355000.0,101,-61.224581,-144.327526,175.238207,5.344001,102,-61.224758,-144.330581,48.302103,0.596213,165.092837,3,-1,1,7,-96.86436913823914,83.13830861206307,87.8974238617609,34.83620561206307,126.936104,-0.0004327200000000001,-0.0015466532726007842,-5.722158491279321,-163.90942845771187,-19.73180405778458,-999,5738.553833270442,1,0,1,1,0,2,2,1,1,0,0
3356000.0,101,-61.2246,-144.327519,171.865439,2.63664,102,-61.224748,-144.330584,21.889798,0.687146,164.89055,3,-1,1,7,-95.72955238021747,84.27313413525286,92.4050086197825,62.38333613525286,149.97564100000005,9.093300000000005e-05,0.11689678362371275,-3.247716004769355,-164.06679141177,-16.461513756312048,-999,3261.2726393714693,1,1,1,1,0,2,2,0,1,1,0
3357000.0,101,-61.224659,-144.327518,178.455563,5.946495,102,-61.224801,-144.330574,169.378513,1.854641,164.656269,3,-1,1,7,-95.51487635359479,84.48780227476041,86.02956064640523,-84.89071072523959,9.077049999999986,0.001167495,-0.18157595003221816,-4.121470642631132,-163.8941211184977,-15.82415823339633,5.718648605685869,163.0398181688797,1,0,1,1,1,2,2,1,0,1,1
3358000.0,101,-61.224735,-144.327531,-176.73919,8.060876,102,-61.224761,-144.330573,23.337839,0.617493,164.253238,3,-1,1,7,-91.01853586169143,88.98413049604552,85.72065413830857,65.64629149604552,159.92297100000002,-0.001237148,-0.703132992436134,-8.614797875097798,-164.22728545864794,-2.919743887469062,-999,8652.614979950129,1,0,1,1,2,2,2,0,1,0,0
3359000.0,101,-61.224764,-144.327582,-152.473147,4.494054,102,-61.224799,-144.330569,168.958733,1.293865,163.801886,3,-1,1,7,-91.39570633648206,88.60691181367015,61.07744066351795,-80.35182118632984,38.56812000000005,0.0006763720000000001,-2.324787029539907,-2.715386678932098,-163.753288910267,-3.989765435162876,28.09949629109133,122.13506695699202,1,0,1,1,1,2,2,1,0,1,1
3360000.0,101,-61.224784,-144.327505,136.960869,3.437522,102,-61.224809,-144.330564,168.106494,1.225831,163.740127,3,-1,1,7,-90.97399483608848,89.02868642349391,132.06513616391152,-79.07780757650609,31.145624999999995,-6.803400000000016e-05,2.0934652942864127,-1.3129274313628656,-163.7164687447803,-2.7833526035182343,-46.93772107250882,91.83008789365707,1,1,1,1,0,2,2,1,1,1,1
3361000.0,101,-61.224826,-144.327562,-160.963051,4.64231,102,-61.224854,-144.330554,172.854529,2.689953,163.53899,3,-1,1,7,-91.1150466006878,88.88757593356871,69.8480043993122,-83.9669530664313,26.182420000000036,0.0014641220000000002,-1.848819107564095,-1.7193531907043678,-163.50802162767138,-3.182469736705512,45.60308954860406,109.22858801519477,1,0,1,1,1,2,2,1,0,0,1
3362000.0,101,-61.224874,-144.327434,138.923246,6.849983,102,-61.224875,-144.330546,171.633983,2.565145,163.791508,3,-1,1,7,-90.03961118460751,89.96311653245127,131.03714281539249,-81.67086646754873,32.71073699999994,-0.00012480800000000026,4.127695627822467,-2.6258741724989454,-163.79146885721116,-0.11323652804509987,-23.98984288050937,90.42978871750006,1,1,1,1,0,2,2,0,1,1,1
3363000.0,101,-61.224921,-144.32745,172.870229,5.213466,102,-61.224877,-144.330539,167.510797,1.677601,164.333636,3,-1,1,7,-88.30643405221934,91.69627350558567,98.82333694778066,-75.81452349441433,5.35943199999997,-0.0008875439999999999,0.28428949697741074,-3.5352497407502925,-164.2618526355976,4.856715937927906,-5.198748426421829,163.34456787723704,1,1,1,1,1,2,2,1,1,0,1
3364000.0,101,-61.224998,-144.327423,171.423225,8.182106,102,-61.224881,-144.33054,169.02327,1.201227,165.143915,3,-1,1,7,-85.54261969591698,94.46011240541814,103.03415530408301,-74.56315759458185,2.399954999999977,-0.00047637399999999984,0.9915085849218894,-6.911354739689726,-164.64442402334345,12.834574381283732,-5.211221475686709,161.15354293302053,1,1,1,1,0,2,2,1,1,1,1
3365000.0,101,-61.225063,-144.327495,-161.859671,7.793457,102,-61.224932,-144.330545,178.387044,2.886642,163.716463,3,-1,1,7,-84.90256771351142,95.10010566263664,76.95710328648858,-83.28693833736337,19.75328499999995,0.001685415,-2.5077092140605313,-4.520599155162643,-163.06897228215487,14.546151933490162,12.057393851899553,149.70895412087336,1,0,1,1,1,0,2,0,0,1,1
3366000.0,101,-61.225053,-144.327499,-106.858299,0.863693,102,-61.224951,-144.33053,173.218925,2.630871,162.221643,3,-1,1,7,-86.00233468537687,94.0003220369785,20.855964314623137,-79.21860296302151,79.922776,-0.0002557710000000002,-1.137218391428401,2.361990990210339,-161.8269402007,11.309415674495195,38.753305133022856,142.48721267986525,1,0,0,1,1,0,2,0,0,1,1
3367000.0,101,-61.225131,-144.327541,-165.649905,7.504836,102,-61.225031,-144.330505,172.736323,5.049316,161.29593,3,-1,1,7,-85.99211704502873,94.01048095265877,79.65778795497125,-78.72584204734123,21.61377200000004,0.002418445,-2.4984588487163832,-2.2618864333333253,-160.90147168628164,11.27357280340195,32.03808491190716,116.40461805651088,1,0,1,1,0,2,2,1,0,1,1
3368000.0,101,-61.225154,-144.327554,-163.050151,3.543116,102,-61.225073,-144.330481,170.252889,4.956714,162.578363,3,-1,1,7,-86.711035253525,93.29153031410601,76.339115746475,-76.961358685894,26.69696000000002,-9.260200000000029e-05,-1.8721114257274056,1.4959577220717648,-162.31057774213625,9.327404181963615,56.865144539135834,94.10705888962896,1,0,1,1,1,1,2,0,0,1,1
3369000.0,101,-61.225217,-144.327498,163.547027,6.641239,102,-61.225098,-144.330459,166.724662,4.157403,162.756803,3,-1,1,7,-85.22878430770021,94.77381106253806,111.22418869229978,-71.95085093746194,3.1776349999998956,-0.0007993109999999995,0.9263187608558017,-2.3229889703892237,-162.19281351221787,13.537657396009127,-28.06542265905557,145.66298742907225,1,1,1,1,0,2,2,1,1,0,1
3370000.0,101,-61.225245,-144.327415,134.46436,5.199214,102,-61.225101,-144.330452,163.722671,2.736474,165.012991,3,-1,1,7,-84.37579564080858,95.62686634502774,141.15984435919142,-68.09580465497226,29.258310999999992,-0.0014209290000000005,2.9436099746309523,-1.0150839145486859,-164.21863293236083,16.171821066058584,-45.17242889247545,43.09868350865399,1,1,1,1,0,1,2,0,1,1,1
3371000.0,101,-61.225298,-144.327351,147.494041,6.601877,102,-61.225206,-144.330462,176.650962,6.088187,164.940146,3,-1,1,7,-86.48585384235186,93.51687300807716,126.02010515764812,-83.13408899192284,29.156920999999898,0.0033517129999999997,3.192102483379851,0.5101918571924138,-164.63000826773902,10.110001991369634,-52.413761526626,36.948406044361754,1,1,1,1,1,2,2,1,1,1,1
3372000.0,101,-61.225342,-144.327405,-167.465912,5.110098,102,-61.225369,-144.330444,177.038755,10.648601,162.351572,3,-1,1,7,-91.05871196864744,88.94395177484728,76.40720003135256,-88.09480322515273,15.49533299999996,0.004560414,-1.6591073396489784,5.6460726302464215,-162.32385638460119,-2.9997632077475385,7.42682181586299,156.58699059050676,1,0,1,1,1,0,2,1,0,0,1
3373000.0,101,-61.225374,-144.327487,-137.664113,5.149868,102,-61.225425,-144.330421,175.160639,9.019572,161.776091,3,-1,1,7,-92.06937561815862,87.93319609205332,45.59473738184137,-87.22744290794668,47.17524800000007,-0.001629028999999999,-4.229223361559595,5.180587590109276,-161.67058661221498,-5.841664463368394,17.259369101616727,130.1428631031551,1,0,1,1,1,2,2,0,0,1,1
3374000.0,101,-61.225398,-144.32748,-166.271679,2.974642,102,-61.225459,-144.330407,173.804005,7.070162,161.73567,3,-1,1,7,-92.48032753486385,87.52223804034404,73.79135146513616,-86.28176695965595,19.924316000000033,-0.0019494100000000004,-1.469018749486953,4.139199495195607,-161.5841462197531,-6.999331452528228,10.96190144760869,154.62085108409684,1,0,1,1,0,2,2,1,0,0,1
3375000.0,101,-61.22545,-144.327397,150.309921,6.061484,102,-61.225415,-144.330394,163.106015,2.567475,160.50663,3,-1,1,7,-88.61153827894786,91.39108865297679,121.07854072105215,-71.71492634702322,12.79609400000004,-0.004502687,2.256190342749539,-2.809042668390134,-160.45950359788503,3.8892131694233565,-25.753433137004087,123.13556796377479,1,1,1,1,0,0,2,1,1,1,1
3376000.0,101,-61.225526,-144.327325,155.722311,8.78829,102,-61.225408,-144.330388,153.210074,1.347059,160.309437,3,-1,1,7,-85.42562427969072,94.57706050344694,118.85206472030927,-58.63301349655305,2.5122370000000274,-0.001220416,3.006241042867367,-6.808611434288023,-159.79879469027765,12.785179184957196,-10.457105299797359,141.02822007590828,1,1,1,1,1,2,2,1,1,0,1
3377000.0,101,-61.225539,-144.32734,169.561563,2.505029,102,-61.225398,-144.330384,125.063215,0.5801,160.077751,3,-1,1,7,-84.50480847112053,95.4978596580217,105.93362852887947,-29.565355341978304,44.498347999999964,-0.0007669590000000001,-0.020964217537427277,-2.1303153703304907,-159.34207184894996,15.32939999158703,-12.441991273229588,159.9937204657432,1,1,1,1,1,2,2,0,1,0,1
3378000.0,101,-61.225558,-144.327444,-119.928704,4.469958,102,-61.225493,-144.330392,177.451694,4.206391,159.818444,3,-1,1,7,-87.37869146827482,92.62389251637647,32.55001253172517,-84.82780148362353,62.61960200000004,0.0036262910000000002,-4.060898440514856,1.972070991004116,-159.65121477915582,7.30921761346499,41.49491075833369,75.0459910758566,1,0,1,1,1,2,2,0,0,1,1
3379000.0,101,-61.225641,-144.327475,-164.149481,8.420472,102,-61.225486,-144.330394,177.39145,2.334535,159.514709,3,-1,1,7,-83.70628348509403,96.29627508125348,80.44319751490598,-81.09517491874651,18.459069000000028,-0.001871856,-2.4061208098932516,-5.768189042271645,-158.55331125928313,17.486848660395086,6.86846691911779,153.0773941434916,1,0,1,1,0,2,2,1,0,0,1
3380000.0,101,-61.225666,-144.327499,-156.297643,3.937065,102,-61.225416,-144.33037,16.842024,1.612659,159.145369,3,-1,1,7,-79.74744727121703,100.2550692215432,76.55019572878297,83.4130452215432,173.13966699999997,-0.0007218759999999998,-2.049884759535127,-5.14844566209155,-156.6042580761573,28.325868504998816,-999,5569.783099954282,1,0,1,1,1,2,2,0,1,0,0
3381000.0,101,-61.225693,-144.32753,-152.459652,3.489062,102,-61.225532,-144.330393,-178.994873,3.993306,159.163209,3,-1,1,7,-83.33792503485408,96.66458444747457,69.12172696514592,-84.34054255252545,26.535221000000007,0.0023806469999999996,-1.5431984628017843,0.8989910474394831,-158.08848462270734,18.465051553507855,91.91857508016386,66.1920282696376,1,0,1,1,1,2,2,1,0,1,1
3382000.0,101,-61.225747,-144.327509,176.646388,5.606245,102,-61.225523,-144.330393,-178.59761,2.082207,159.378383,3,-1,1,7,-80.8353272502502,99.16720063957061,102.5182847497498,-82.23518936042939,4.756001999999995,-0.001911099,0.3789146766874816,-3.515061082313452,-157.3438631889086,25.38459541699862,-11.882127686443852,153.71695829570362,1,1,1,1,0,2,2,1,1,0,1
3383000.0,101,-61.225841,-144.327423,160.469895,10.24244,102,-61.225544,-144.330406,-173.459255,2.198827,159.674779,3,-1,1,7,-78.31509610889529,101.68751855805313,121.2150088911047,-84.85322644194684,26.070850000000036,0.00011662000000000017,3.674537098084458,-7.4686360744120535,-156.36571183382495,32.33881895493488,-11.151015949845993,126.13625513708239,1,1,1,1,0,2,2,0,1,1,1
3384000.0,101,-61.225879,-144.327507,-156.025482,5.635376,102,-61.225566,-144.330414,-172.185153,2.310387,159.098367,3,-1,1,7,-77.39284190828897,102.60970614357568,78.63264009171104,-85.2051408564243,16.159671000000003,0.00011155999999999989,-1.975675434398618,-2.8602614407502913,-155.26242601220622,34.72563103632352,15.566155719042863,147.5900371468569,1,0,1,1,1,2,2,1,0,0,1
3385000.0,101,-61.22589,-144.327574,-119.841794,3.716874,102,-61.225548,-144.330391,163.845988,0.685844,158.348265,3,-1,1,7,-75.84566788181374,104.15680128308057,43.996126118186254,-59.68918671691944,76.31221799999997,-0.001624543,-3.4148422595651367,-1.190776798160099,-153.54090120245462,38.72163073074647,31.611022529277008,88.93924479966913,1,0,1,1,1,2,2,0,0,1,1
3386000.0,101,-61.225966,-144.327572,-173.722271,7.471395,102,-61.225548,-144.330368,128.211546,0.65,159.348485,3,-1,1,7,-72.74762889056679,107.25482186812431,100.97464210943322,-20.95672413187569,58.066182999999995,-3.5843999999999984e-05,-1.3277076792128644,-7.02452465201285,-152.17902564267737,47.25974847838883,-4.137478080763247,158.7188507163122,1,1,1,0,0,1,2,1,1,0,1
3387000.0,101,-61.226036,-144.327506,163.3683,7.993535,102,-61.225615,-144.330387,179.399327,3.082801,160.707303,3,-1,1,7,-73.11413513595679,106.8883901289714,123.51756486404321,-72.5109368710286,16.031026999999995,0.002432801,2.2555792352921613,-4.576488800115767,-153.77845142809326,46.6800290693072,-20.33684932660076,117.45677082171996,1,1,1,1,0,1,2,1,1,1,1
3388000.0,101,-61.226038,-144.327495,143.277366,1.789313,102,-61.225646,-144.330394,-178.244943,3.242713,160.837761,3,-1,1,7,-74.31061441629669,105.69192662627829,142.4120195837033,-76.06313037372172,38.477690999999965,0.00015991200000000028,1.1692187992916527,1.806986773742316,-154.8452452479246,43.49408451276112,-25.664273677032853,153.82133343307106,1,1,1,1,0,2,2,0,1,0,1
3389000.0,101,-61.226053,-144.32751,-171.694322,1.68891,102,-61.225662,-144.330379,176.208529,2.683553,159.022778,3,-1,1,7,-74.19312533374864,105.8093894136812,97.50119666625136,-70.3991395863188,12.097149000000002,-0.0005591600000000003,-0.42142117694601516,1.0064837372769104,-153.00938204502023,43.317120507235,91.86542305872472,124.41283155118894,1,1,1,1,1,0,2,1,0,1,1
3390000.0,101,-61.226066,-144.327458,128.359822,2.459659,102,-61.225751,-144.330374,177.823836,5.446675,156.784411,3,-1,1,7,-77.35270199226684,102.64985395288097,154.28747600773315,-75.17398204711903,49.46401400000002,0.0027631220000000002,1.7218678872135307,3.91628722512906,-152.9802490652876,34.3277574062083,-8.801068368962188,154.0415126415116,1,1,1,1,0,0,2,0,1,0,1
3391000.0,101,-61.226142,-144.327506,-169.707377,7.402746,102,-61.225839,-144.330379,179.484249,7.087482,158.088238,3,-1,1,7,-77.64308701911236,102.35943123745997,92.06428998088765,-77.12481776254003,10.808374000000015,0.0016408069999999998,-1.38648708983716,-0.19642652972432373,-154.42588451735472,33.83100922197367,104.55440604697755,55.185582035015365,1,1,1,1,1,1,2,1,0,1,1
3392000.0,101,-61.226227,-144.327562,-164.443894,9.439461,102,-61.225935,-144.330398,-178.094818,8.482017,158.34753,3,-1,1,7,-77.92760097310688,102.07488485432097,86.51629302689312,-79.83029714567903,13.650924000000003,0.0013945350000000012,-2.2495027805589065,-0.6163492644538806,-154.84553224176028,33.117992117078515,58.03715553988188,73.04626941196621,1,0,1,1,1,2,2,0,0,0,1
3393000.0,101,-61.226248,-144.327534,174.154875,3.520195,102,-61.226025,-144.330439,-174.369766,9.112277,160.573278,3,-1,1,7,-80.94029448232357,99.06225182680464,104.90483051767643,-86.56798217319533,11.475359000000054,0.0006302599999999998,1.2524837358860637,5.5664244284819,-158.5700927332669,25.284447754072282,-1.777843543742824,160.25270783389442,1,1,1,1,0,1,2,1,1,0,1
3394000.0,101,-61.226305,-144.327579,-164.744739,6.101619,102,-61.226125,-144.33048,-172.340277,9.956857,159.538872,3,-1,1,7,-82.65620430155239,97.34633850326486,82.08853469844762,-90.31338449673513,7.595537999999976,0.0008445799999999987,-0.2783120459481667,3.981396110095563,-158.23017898743075,20.392698120602155,8.190385878627895,156.42845572307067,1,0,1,1,1,0,2,1,0,1,1
3395000.0,101,-61.22631,-144.327565,177.705773,1.392921,102,-61.226213,-144.330502,-172.622457,9.926035,158.349144,3,-1,1,7,-86.07621594946924,93.92635841149445,96.21801105053078,-93.45118458850555,9.67176999999998,-3.08219999999988e-05,1.3303315908875317,8.45205850750607,-157.97796712223632,10.835742220002839,-1.6178264579922286,157.74150109184697,1,1,1,1,0,0,2,0,1,0,1
3396000.0,101,-61.226382,-144.327531,169.046205,7.06575,102,-61.226253,-144.330496,-174.369437,7.844496,157.487788,3,-1,1,7,-84.83657511363698,95.16602379149761,106.11721988636305,-90.4645392085024,16.58435800000001,-0.0020815390000000003,2.112267918865683,0.869630665687172,-156.84871067745684,14.173402130483034,-62.11134614706364,72.85316786437997,1,1,1,1,0,2,2,0,1,1,1
3397000.0,101,-61.226427,-144.327571,-167.73237,5.482706,102,-61.226334,-144.330498,-176.184691,8.262497,158.793933,3,-1,1,7,-86.22475939506081,93.77780620357751,81.50761060493919,-90.03750279642247,8.452320999999984,0.0004180009999999994,-0.6151656593788434,2.886672387170943,-158.44935243043344,10.455423089707622,15.2241055864986,152.79962945942697,1,0,1,1,1,1,2,1,0,0,1
3398000.0,101,-61.226474,-144.327522,163.392746,5.48854,102,-61.226422,-144.330502,-177.129272,8.879839,159.231069,3,-1,1,7,-87.92515283631352,92.07745922014433,108.6821011636865,-90.79326877985568,19.477982000000026,0.0006173420000000008,2.01340420982047,3.609102242142783,-159.12667457359302,5.764960887341801,-18.404000583864942,141.81859753547303,1,1,1,1,0,2,2,0,1,1,1
3399000.0,101,-61.22653,-144.327543,-176.279968,6.046823,102,-61.226457,-144.33052,-174.91818,6.96974,160.235105,3,-1,1,7,-87.08500713414878,92.91760229358715,89.19496086585121,-92.16421770641284,1.36178799999999,-0.0019100990000000006,0.22504222434478788,0.9082611808982177,-160.02777424831967,8.148640591526021,-32.30798771612893,157.29094203919766,1,0,1,1,1,1,2,1,1,0,1
3400000.0,101,-61.226585,-144.327571,-169.285906,6.205041,102,-61.226476,-144.330532,-173.175144,5.152924,158.099368,3,-1,1,7,-85.62801917266313,94.37457623168494,83.65788682733688,-92.45027976831506,3.8892379999999775,-0.0018168160000000002,-0.5412224405502598,-0.98045847969634,-157.63932265937132,12.052141448474972,55.80248503006542,143.86742955476498,1,0,1,1,1,0,2,0,0,1,1
3401000.0,101,-61.226606,-144.327606,-150.130233,3.416684,102,-61.2265,-144.330514,-178.502143,4.189959,154.412717,3,-1,1,7,-85.67068267196875,94.33186627689007,64.45955032803126,-87.16599072310993,28.371909999999986,-0.0009629649999999997,-1.592088269752323,1.2257167591713114,-153.9721215557665,11.656455504926987,74.49943746498263,87.15514473827689,1,0,1,1,1,0,2,0,0,1,1
3402000.0,101,-61.226629,-144.327588,175.513893,2.702799,102,-61.226508,-144.33044,157.859709,3.157031,148.365121,3,-1,1,7,-84.96416720177072,95.03833266179406,99.52193979822925,-62.82137633820595,17.654183999999987,-0.001032928,-0.9784025062151201,0.22972513402371053,-147.7924310466359,13.02330429153867,140.0404824358269,21.97179223705516,1,1,1,1,0,0,2,1,0,1,1
3403000.0,101,-61.226665,-144.327559,162.537729,3.902744,102,-61.226679,-144.33034,164.435459,9.485579,143.995474,3,-1,1,7,-90.60042565173133,89.40201198065448,106.86184534826867,-75.03344701934553,1.8977300000000241,0.006328548,-1.3740790587841782,5.414846438818857,-143.98756743067617,-1.5089592046059528,6.116778162358003,139.93538692391627,1,1,1,1,0,0,2,1,0,0,1
3404000.0,101,-61.226723,-144.327581,-175.311916,6.06751,102,-61.226786,-144.330272,164.142317,10.607895,146.505305,3,-1,1,7,-92.78570635769735,87.21665238869393,82.52620964230265,-76.92566461130606,20.545766999999955,0.0011223159999999997,-3.3944999676376497,4.156983853113298,-146.3321786361082,-7.120244992494089,15.739459575732505,117.87539215073187,1,0,1,1,1,1,2,0,0,1,1
3405000.0,101,-61.226771,-144.327567,175.68751,5.475102,102,-61.226964,-144.33021,167.751797,14.311501,148.114199,3,-1,1,7,-98.62755433803875,81.37476233731932,85.68493566196128,-86.37703466268069,7.935712999999964,0.0037036060000000008,-2.624435991876953,8.526138488379472,-146.43819102063156,-22.21873434776666,2.4204462068403965,146.49462179230505,1,0,1,1,0,1,2,1,0,0,1
3406000.0,101,-61.226818,-144.327497,152.229465,5.978748,102,-61.227129,-144.330202,172.092008,15.859909,153.245687,3,-1,1,7,-103.43504662642628,76.56732439625917,104.3354883735737,-95.52468360374083,19.86254299999996,0.0015484080000000002,0.6036388351721196,10.418965729217256,-149.05195647341827,-35.6055452921058,-4.504209862563835,146.7705150132632,1,1,1,1,0,1,2,0,1,0,1
3407000.0,101,-61.226818,-144.32747,115.876222,2.040963,102,-61.227299,-144.330194,174.532478,17.037489,154.670633,3,-1,1,7,-110.14665788886381,69.85572979005228,133.97712011113617,-104.67674820994772,58.656255999999985,0.0011775800000000008,0.21297647271280162,16.069240423570545,-145.2069691135496,-53.27232708899943,-3.6967657291975304,144.5497628360264,1,1,1,1,0,1,2,0,1,1,1
3408000.0,101,-61.226901,-144.327526,-168.359339,8.052766,102,-61.227474,-144.33013,172.979067,18.078158,151.954636,3,-1,1,7,-114.56889787196664,65.43338462550636,53.790441128033365,-107.54568237449362,18.661594000000008,0.0010406689999999975,-3.8345598258950604,10.055460865857256,-138.19695906144563,-63.1807874916229,-0.9183459919101,151.63878720142685,1,0,1,1,1,0,2,1,1,0,1
3409000.0,101,-61.22695,-144.327594,-152.064111,6.624409,102,-61.227603,-144.33002,168.413715,16.907486,147.059094,3,-1,1,7,-119.21534793605942,60.786778540136886,32.84876306394058,-107.62693645986312,39.52217399999998,-0.0011706719999999998,-6.499182491198798,10.710485927017665,-128.35190694699872,-71.77858393121035,0.4356099553787462,146.9666057438709,1,0,1,1,1,0,2,0,0,1,1
3410000.0,101,-61.226996,-144.327539,166.265304,5.338063,102,-61.227742,-144.329894,164.457779,16.76313,148.917981,3,-1,1,7,-123.35046532739953,56.651598916503836,70.3842306726005,-107.80618008349614,1.8075250000000551,-0.00014435599999999837,-3.224256576051875,10.964733188376808,-124.39468397154293,-81.86896643256418,-3.7882312796466726,142.43829262175757,1,0,1,1,0,1,2,1,1,1,1
3411000.0,101,-61.227052,-144.327558,-176.378472,6.085923,102,-61.227785,-144.329835,160.914639,12.423417,146.228141,3,-1,1,7,-123.77547543373538,56.22652044131367,52.60299656626461,-104.68811855868633,22.706889000000047,-0.004339712999999999,-4.446585268914291,5.66676283077547,-121.54812192955873,-81.2940543687729,1.4857245182527252,145.80835357990125,1,0,1,1,1,0,2,0,0,0,1
3412000.0,101,-61.227067,-144.327523,152.881393,2.701891,102,-61.227837,-144.32977,157.704152,10.189084,146.659716,3,-1,1,7,-125.44944103737618,54.552528542176034,81.66916596262382,-103.15162345782396,4.822759000000019,-0.002234333000000001,-2.6340137973281683,7.022461568920141,-119.47305619301677,-85.06033823763525,-5.084753803858218,141.7362886484738,1,0,1,1,0,2,2,1,1,1,1
3413000.0,101,-61.227168,-144.327423,156.771907,10.711242,102,-61.227829,-144.329755,151.947988,6.107285,146.328751,3,-1,1,7,-120.49402713087312,59.50801695535506,82.73406586912688,-92.43997104464495,4.823919000000046,-0.004081799,1.3523432354040024,-4.45320334550729,-126.08886028981445,-74.25431085153008,8.038819197661965,142.25652702814025,1,0,1,1,0,2,2,0,0,0,1
3414000.0,101,-61.227177,-144.327443,170.065073,2.406406,102,-61.227882,-144.329675,149.213861,6.510037,145.945937,3,-1,1,7,-123.27467769054847,56.72727874234252,66.6602493094515,-92.48658225765749,20.851211999999975,0.00040275199999999955,-2.9168888930910253,3.2223466218798613,-122.01808962166061,-80.07373059804549,4.926867400727516,144.2020601057258,1,0,1,1,1,2,2,0,0,0,1
3415000.0,101,-61.22716,-144.327388,63.21743,2.487495,102,-61.227955,-144.329556,146.60687,7.886988,145.337951,3,-1,1,7,-127.30250077346837,52.69939956140108,169.48006922653164,-93.9074704385989,83.38943999999998,0.001376951,-2.120201612020777,7.705835747887109,-115.60864156873167,-88.0781584475455,-11.051688588978166,139.07101670491056,1,1,2,1,0,2,2,0,1,1,1
3416000.0,101,-61.227231,-144.327323,154.141962,7.169991,102,-61.227919,-144.329571,132.578061,3.597134,146.192159,3,-1,1,7,-122.45079790123046,57.55117255706978,83.40724009876953,-75.02688844293021,21.563901000000044,-0.004289854,0.4783683893873065,-4.018313641503424,-123.36462392684305,-78.44308074310867,25.76741484450219,137.99262577110292,1,0,1,1,1,2,2,1,0,1,1
3417000.0,101,-61.227262,-144.32726,139.891089,5.152889,102,-61.227934,-144.32955,135.063349,3.048514,147.40618,3,-1,1,7,-121.37009955017005,58.631907723275816,98.73881144982994,-76.43144127672417,4.827739999999949,-0.0005486200000000001,1.166470300619721,-1.7830318504474332,-125.85872429610261,-76.73436922755039,-2.4872334085362997,147.33285051760365,1,1,1,1,0,1,2,1,1,0,1
3418000.0,101,-61.227303,-144.327135,127.400408,7.255554,102,-61.227945,-144.329559,144.000408,2.20544,148.902658,3,-1,1,7,-118.82276393409309,61.17936079618152,113.7768280659069,-82.82104720381847,16.600000000000023,-0.0008430740000000001,4.467574395299503,-2.6226415767440345,-130.4558831039415,-71.78623909243137,-12.86256952121595,128.3052835887346,1,1,1,1,0,1,2,0,1,1,1
3419000.0,101,-61.227346,-144.327213,-163.943377,4.959956,102,-61.228033,-144.32949,157.016571,5.298477,148.002093,3,-1,1,7,-122.08177073049427,57.920225149765436,41.86160626950573,-99.09634585023457,39.040052,0.0030930370000000003,-3.4407295324688323,0.11141006116635133,-125.40083378558336,-78.60820833895878,35.60182639850388,82.62567876245039,1,0,1,1,1,2,2,0,0,1,1
3420000.0,101,-61.227367,-144.327234,-155.954395,3.004758,102,-61.228119,-144.329427,159.584254,7.165888,149.242486,3,-1,1,7,-125.46784297174464,54.53407928012723,30.48655202825536,-105.05017471987276,44.46135100000001,0.0018674109999999998,-3.724003654914399,3.971761678200541,-121.5492454085578,-86.5973473500799,3.7028803543891,147.90103602336566,1,0,1,1,1,1,2,0,0,0,1
3421000.0,101,-61.227452,-144.327103,150.641214,9.608662,102,-61.228157,-144.329406,160.352925,6.122947,149.180405,3,-1,1,7,-122.45716711951927,57.5448515527586,86.90161888048073,-102.8080734472414,9.711711000000037,-0.001042941,2.6522147574925383,-2.6081115032714095,-125.87736383504945,-80.06049281576158,-8.017842478680114,145.392802089618,1,0,1,1,0,2,2,1,1,1,1
3422000.0,101,-61.227488,-144.326987,129.116731,7.503487,102,-61.228157,-144.329415,160.788102,3.70824,149.213939,3,-1,1,7,-119.78996810008698,60.21216014034599,111.09330089991303,-100.57594185965402,31.671371000000022,-0.002414707,4.601428358937053,-1.232247004802109,-129.49568329343458,-74.13277008356165,-19.71581175721453,105.78970123676297,1,1,1,1,0,2,2,0,1,1,1
3423000.0,101,-61.227501,-144.326922,115.203777,4.591335,102,-61.228127,-144.329447,161.935017,0.885713,149.129618,3,-1,1,7,-117.25303244491161,62.74918081980638,127.54319055508839,-99.1858361801936,46.731240000000014,-0.002822527,3.879579663471462,-1.113117063091265,-132.57517258654175,-68.2895788424163,-23.102877651775202,103.35096782720818,1,1,1,1,0,2,2,0,1,1,1
3424000.0,101,-61.227548,-144.326904,158.372747,5.043729,102,-61.228053,-144.329505,-17.180415,2.795459,149.019725,3,-1,1,7,-111.96908089138769,68.03319898992306,89.65817210861229,85.21361398992306,175.553162,0.0019097460000000001,2.6846777373257518,-7.359380840461347,-138.19878766622244,-55.74920202713203,-999,7832.365892464252,1,0,1,1,1,2,2,0,1,0,0
3425000.0,101,-61.22761,-144.326902,174.592172,6.540818,102,-61.228104,-144.32947,174.764096,0.591429,148.845096,3,-1,1,7,-111.78576286556783,68.21648809106279,73.62206513443215,-106.54760790893721,0.17192399999998997,-0.0022040300000000005,0.5624631978611154,-5.922744250350925,-138.21429308964545,-55.24193867867787,7.0452210817211975,142.8178679407441,1,0,1,1,1,2,2,1,0,1,1
3426000.0,101,-61.227641,-144.326862,156.936519,4.361293,102,-61.228122,-144.329457,166.562899,1.129197,148.554798,3,-1,1,7,-111.06255855596439,68.93971606794646,92.00092244403561,-97.62318293205352,9.62638000000004,0.000537768,1.4461395946288065,-2.914414935818467,-138.62964174855873,-53.38867330705148,-3.988318226430758,147.91518657385586,1,1,1,1,0,2,2,0,1,0,1
3427000.0,101,-61.227655,-144.326801,124.873801,3.446466,102,-61.228143,-144.329437,161.762121,1.685647,148.086072,3,-1,1,7,-111.0390028837137,68.96330767871247,124.0871961162863,-92.79881332128754,36.888319999999965,0.0005564499999999999,2.299981964075973,-0.36961947266870054,-138.21410042784817,-53.163400599565556,-50.48017946545922,75.14823898900866,1,1,1,1,0,2,2,0,1,1,1
3428000.0,101,-61.227683,-144.3268,163.929917,3.011847,102,-61.22823,-144.32936,160.287224,5.022829,148.037806,3,-1,1,7,-113.93867517545773,66.06356877099425,82.1314078245423,-94.22365522900576,3.6426929999998947,0.0033371819999999997,-0.8605080145168348,1.8343123548537354,-135.30363429669106,-60.06761649508758,1.4827902916295859,148.00571498923094,1,0,1,1,1,2,2,1,0,0,1
3429000.0,101,-61.227727,-144.326709,140.697818,5.882808,102,-61.228181,-144.329381,135.935387,1.112407,148.199121,3,-1,1,7,-109.44442244969865,70.55791966942124,109.85775955030135,-65.37746733057875,4.762430999999992,-0.003910421999999999,2.952586695471527,-3.7528847822781968,-139.74656101053722,-49.33435061801093,-10.539740629969177,140.3604450754611,1,1,1,1,0,2,2,0,1,1,1
3430000.0,101,-61.22779,-144.326801,-159.402514,7.075479,102,-61.228123,-144.329407,2.056838,2.004924,148.572347,3,-1,1,7,-104.86901957573416,75.13326469172753,54.53349442426584,73.07642669172753,161.45935200000002,0.000892517,-2.561116085291918,-8.626811069238528,-143.59739786355914,-38.12518353927118,-999,9068.258959992032,1,0,1,1,1,2,2,0,1,0,0
3431000.0,101,-61.227857,-144.326731,164.682047,7.650274,102,-61.228173,-144.329387,157.181533,1.013223,149.130198,3,-1,1,7,-103.88545645746164,76.11687163825933,91.43249654253833,-81.06466136174068,7.5005140000000665,-0.000991701,1.628072463566653,-6.444569292141157,-144.77223005732202,-35.78850876676809,-0.12021457429315885,149.12826137636438,1,1,1,1,0,2,2,1,1,1,1
3432000.0,101,-61.227874,-144.326655,128.476372,4.435379,102,-61.228165,-144.32939,135.504024,0.322596,148.306106,3,-1,1,7,-102.46617273292595,77.5362246099381,129.05745526707403,-57.967799390061884,7.027651999999989,-0.000690627,3.246207759559576,-2.5295490295418124,-144.80958522952628,-32.01382673995409,-21.666498391607085,114.38698960392902,1,1,1,1,0,2,2,1,1,1,1
3433000.0,101,-61.227885,-144.326616,119.954291,2.894553,102,-61.228207,-144.329361,161.440434,2.054906,147.768946,3,-1,1,7,-103.6978190373701,76.30458707166889,136.3478899626299,-85.13584692833112,41.48614299999997,0.00173231,1.8538534110949183,0.5027608312910135,-143.5661215176355,-34.99185840069695,-93.4415058100557,31.991313481993995,1,1,1,1,0,2,2,0,1,1,1
3434000.0,101,-61.227956,-144.326622,176.106146,6.94397,102,-61.228215,-144.329347,155.78672,1.657946,149.11501,3,-1,1,7,-101.17153968437664,78.83084889475353,82.72231431562335,-76.95587110524647,20.319425999999908,-0.00039695999999999997,-0.2084277491677301,-5.415851991084984,-146.28950656221568,-28.890594958975107,7.148572311456618,145.13248897046668,1,0,1,1,1,1,2,1,0,0,1
3435000.0,101,-61.228018,-144.326583,166.680441,7.094362,102,-61.228285,-144.329319,166.435253,4.081906,150.275165,3,-1,1,7,-101.46249381218308,78.53990441017845,91.85706518781694,-87.89534858982154,0.24518799999998464,0.00242396,0.6770261357125807,-2.9354824258211054,-147.2779271642549,-29.863646561959825,-1.3304460806427063,150.22195003912717,1,1,1,1,0,1,2,1,1,0,1
3436000.0,101,-61.228039,-144.326548,149.650342,3.589207,102,-61.228335,-144.32929,165.948421,4.741376,148.497341,3,-1,1,7,-102.64224468855788,77.36015879380578,107.70741331144211,-88.58826220619422,16.29807900000003,0.0006594699999999998,0.662355491111875,1.5021676797896175,-144.89712063896678,-32.50053406648866,-68.37427046289612,121.8658192909042,1,1,1,1,0,0,2,0,1,1,1
3437000.0,101,-61.228067,-144.326573,-171.615937,3.098794,102,-61.228439,-144.329227,165.507258,7.502739,148.063203,3,-1,1,7,-106.23726797284456,73.76505837529116,65.37866902715544,-91.74219962470885,22.87680500000002,0.002761363,-2.329444164527029,4.1983200004869206,-142.1572598996194,-41.4007915437769,6.744659125095829,144.39197746404417,1,0,1,1,1,2,2,0,0,0,1
3438000.0,101,-61.228099,-144.326548,166.931642,3.59527,102,-61.228432,-144.329219,161.281895,4.380926,147.967033,3,-1,1,7,-104.52284243633765,75.47949881326238,88.54551556366232,-85.80239618673761,5.649747000000048,-0.003121813,-0.5929542947763776,0.6470580286088987,-143.23915233579106,-37.105095242393986,73.13309326672606,130.7775033324957,1,0,1,1,0,2,2,1,0,1,1
3439000.0,101,-61.228197,-144.326505,168.951125,9.872976,102,-61.228455,-144.329201,160.475045,3.760292,147.868344,3,-1,1,7,-101.24622926181561,78.7561339026622,89.80264573818442,-81.7189110973378,8.476080000000024,-0.0006206339999999995,0.6353641662536775,-6.145910896804093,-145.02899343656426,-28.83813829080064,2.376071039310188,147.2284473797046,1,0,1,1,0,2,2,0,0,0,1
3440000.0,101,-61.228205,-144.326484,149.492471,2.683529,102,-61.228463,-144.329192,158.41483,2.72835,147.74643,3,-1,1,7,-101.19766857499182,78.80470510845916,109.3098604250082,-79.61012489154083,8.922358999999915,-0.0010319420000000003,0.35858174603429616,0.22498770902645004,-144.9337898013799,-28.691534492848685,-423.50508521367544,66.9512557326422,1,1,1,1,0,2,2,0,1,1,1
3441000.0,101,-61.228247,-144.326462,164.365273,4.535322,102,-61.228494,-144.329178,162.339939,3.027823,147.474648,3,-1,1,7,-100.70076052386344,79.30162017264553,94.93396647613656,-83.03831882735446,2.0253340000000435,0.0002994730000000003,0.3037379664250952,-1.4823810191216897,-144.91011283053695,-27.383042237212457,-1.5405803411749166,147.45731785717365,1,1,1,1,1,2,2,1,1,0,1
3442000.0,101,-61.228284,-144.326444,165.785709,4.205151,102,-61.228478,-144.329179,150.947423,1.234041,147.196831,3,-1,1,7,-98.38457032294016,81.61782702822866,95.82972067705987,-69.32959597177133,14.83828600000004,-0.0017937820000000003,0.4333062663788395,-2.9976395386500716,-145.62353784599415,-21.463743421380983,0.1556387407190366,147.19627367877385,1,1,1,1,0,2,2,0,0,1,1
3443000.0,101,-61.22836,-144.326421,171.424842,7.926248,102,-61.228423,-144.329182,11.91859,1.743854,146.885069,3,-1,1,7,-92.71538850072227,87.28703164073117,95.85976949927772,75.36844164073118,159.50625200000002,0.000509813,0.8217125051255556,-9.543901493843999,-146.72014454733082,-6.958640610428697,-999,9565.10436535224,1,1,1,1,2,2,2,0,1,0,0
3444000.0,101,-61.228392,-144.326454,-167.402977,4.315971,102,-61.228475,-144.329173,161.462146,1.258349,146.517135,3,-1,1,7,-93.63011232552535,86.37227100221428,73.77286467447465,-75.08987499778571,31.134877000000046,-0.00048550500000000006,-1.3413493622522974,-3.01901928843276,-146.2231616224498,-9.2767372358577,21.243213072453162,129.88188590779734,1,0,1,1,1,2,2,1,0,1,1
3445000.0,101,-61.228444,-144.326475,-169.228363,5.640457,102,-61.228451,-144.329169,47.362255,0.469966,146.544323,3,-1,1,7,-90.3104852395522,89.69187617484032,78.91787776044781,42.32962117484032,143.409382,-0.0007883829999999999,-1.3999043594017042,-5.859408043137961,-146.54217133530955,-0.7941182916335512,-999,6054.79133842029,1,0,1,1,0,2,2,0,1,0,0
3446000.0,101,-61.228469,-144.326494,-162.552016,3.432465,102,-61.228551,-144.329152,172.865466,4.175515,146.774405,3,-1,1,7,-93.66854670215159,86.33378315797371,68.88346929784842,-86.53168284202629,24.58251800000002,0.003705549,-1.5477869122666754,0.8686493160696518,-146.47364865564657,-9.391283863574207,71.98462017107147,80.0097644471549,1,0,1,1,1,2,2,1,0,1,1
3447000.0,101,-61.228471,-144.326423,105.05053,2.527615,102,-61.228491,-144.329151,80.01728,0.385003,147.088595,3,-1,1,7,-90.87385057126795,89.12854064631456,164.07561942873207,9.111260646314562,25.033249999999953,-0.003790512,2.0617366287130876,-0.7230885472836128,-147.07148816487853,-2.2432449803838073,-75.73746262564609,57.72659495584132,1,1,2,0,0,2,2,0,1,1,1
3448000.0,101,-61.228542,-144.326407,169.03712,6.907202,102,-61.228525,-144.329155,172.548971,1.430931,147.577278,3,-1,1,7,-89.26482855213739,90.73758019769598,101.69805144786261,-81.81139080230402,3.5118509999999787,0.001045928,1.1280019269837696,-5.362301375697435,-147.56512969909852,1.893536051286057,-5.811397425582244,144.0154554421706,1,1,1,1,1,2,2,1,1,0,1
3449000.0,101,-61.228632,-144.326414,179.537163,9.487042,102,-61.228522,-144.329151,165.698657,0.750504,146.095957,3,-1,1,7,-85.22806775621459,94.77433135259017,95.23476924378542,-70.92432564740983,13.838505999999938,-0.000680427,-0.1087550214319366,-8.759486628135159,-145.58954916339928,12.153675417090735,-1.2219094684148302,145.7296555717945,1,1,1,1,1,0,2,0,1,0,1
3450000.0,101,-61.228664,-144.32641,177.747016,4.476149,102,-61.228681,-144.329134,176.619381,7.330065,144.756348,3,-1,1,7,-90.74406013153673,89.2583275841166,91.50892386846328,-87.3610534158834,1.1276350000000548,0.006579561,-0.25627870263079583,2.844620561872909,-144.74414202929395,-1.8797963987322277,3.8859337438213553,144.32894898735077,1,1,1,1,1,0,2,1,0,1,1
3451000.0,101,-61.228696,-144.326487,-142.612496,4.761558,102,-61.228707,-144.329124,175.310036,5.618038,145.563427,3,-1,1,7,-90.497708308348,89.50460314850518,52.114787691652,-85.80543285149481,42.07746800000004,-0.0017120269999999999,-3.350583132039355,1.815945309641862,-145.5579350817821,-1.2644424510575214,37.99217501508357,72.59082364937858,1,0,1,1,1,2,2,0,0,1,1
3452000.0,101,-61.228743,-144.3264,153.031273,5.542968,102,-61.228738,-144.329127,176.918832,4.770258,147.428278,3,-1,1,7,-89.78293380962134,90.21945653727617,117.18579319037866,-86.69937546272384,23.88755900000001,-0.0008477800000000002,2.2573544659052747,-0.1768313667050423,-147.42721999095284,0.5585336019302704,-63.62547177376036,11.348278351516415,1,1,1,1,0,1,2,1,1,1,1
3453000.0,101,-61.228751,-144.326316,111.878293,4.272272,102,-61.228782,-144.32915,-177.205613,4.857469,149.371938,3,-1,1,7,-91.30315383402393,88.69933030427431,156.81855316597608,-94.0950566957257,70.91609400000002,8.721099999999992e-05,4.201383222685001,3.259689709944493,-149.33330429089028,-3.3970710090041405,-32.64727026860703,103.7391793767571,1,1,1,1,0,1,2,0,1,0,1
3454000.0,101,-61.228834,-144.326441,-155.061742,8.800099,102,-61.228857,-144.329171,-175.234218,6.190369,148.129172,3,-1,1,7,-91.00400125235089,88.99839172658938,64.05774074764912,-95.76739027341063,20.17247599999999,0.0013328999999999995,-3.1961732617784078,-1.8106345458014363,-148.10643031022394,-2.5955535379501713,32.03289135006045,71.83522339407041,1,0,1,1,1,0,2,1,0,1,1
3455000.0,101,-61.228888,-144.326497,-153.341068,7.14955,102,-61.228932,-144.329173,-176.877345,7.048463,146.646282,3,-1,1,7,-91.95773722144718,88.04460842536943,61.38333077855283,-95.07804657463055,23.536276999999984,0.0008580940000000003,-2.8238942572170656,0.6484931606965478,-146.56068425225683,-5.009776036292072,51.91896888322942,38.67890857080901,1,0,1,1,1,0,2,0,0,1,1
3456000.0,101,-61.228974,-144.326416,166.243533,9.263587,102,-61.229008,-144.329158,179.990434,7.609209,145.913479,3,-1,1,7,-91.47695235657302,88.52545114440159,102.27951464342698,-91.46498285559841,13.74690099999998,0.000560746,2.201569129264288,-1.3886542983692953,-145.86500274343572,-3.760894646347621,-44.218582700649605,81.24152549554285,1,1,1,1,0,2,2,1,1,0,1
3457000.0,101,-61.228972,-144.326403,138.606633,1.722017,102,-61.229043,-144.329146,178.086386,6.159967,147.248362,3,-1,1,7,-93.07951091163791,86.922893466386,128.31385608836212,-91.163492533614,39.47975299999996,-0.0014492419999999999,0.9329430705303544,4.864695806242654,-147.0357272922744,-7.910436859930752,-7.825232101815421,142.95235461910903,1,1,1,1,0,1,2,0,1,0,1
3458000.0,101,-61.228981,-144.326376,127.057712,1.7102,102,-61.22899,-144.329152,178.332401,1.464584,148.931748,3,-1,1,7,-90.38715146844231,89.61528183506113,142.5551365315577,-88.71711916493888,51.27468900000002,-0.004695383,1.3221682200626739,0.43336443588501417,-148.92834805262015,-1.0063342651123914,-120.20497926947994,52.05631456759069,1,1,1,1,0,1,2,0,1,1,1
3459000.0,101,-61.229033,-144.326377,175.924421,5.034472,102,-61.22906,-144.329157,-179.180566,3.926721,147.796848,3,-1,1,7,-91.15721979355206,88.84521701766596,92.91835920644792,-91.97421698233404,4.895013000000063,0.002462137,0.413968860974001,-1.0954212413640798,-147.7667035853632,-2.984893674910425,-41.814901491303814,139.28166072059747,1,1,1,1,1,0,2,1,1,0,1
3460000.0,101,-61.229099,-144.326417,-168.18103,7.167418,102,-61.229151,-144.329145,178.475206,6.32917,146.548628,3,-1,1,7,-92.26913520150076,87.7332560308874,75.91189479849923,-90.74194996911258,13.34376400000005,0.002402449,-1.6364477740893677,-0.688537213353424,-146.43371465220008,-5.802377257679241,74.84857931912954,51.62431833156689,1,0,1,1,1,0,2,0,0,1,1
3461000.0,101,-61.22915,-144.326374,168.028638,6.029909,102,-61.229257,-144.329111,175.283791,8.449616,145.745957,3,-1,1,7,-94.64482430163773,85.35757482160358,97.32653769836224,-89.92621617839643,7.255153000000064,0.0021204460000000002,0.5560090990362513,2.522240094971319,-145.26730268554243,-11.802319785230605,-17.29439372304776,139.33313695924178,1,1,1,1,0,2,2,1,1,0,1
3462000.0,101,-61.229184,-144.326305,143.938443,5.148757,102,-61.229266,-144.329093,171.836721,5.599928,147.067206,3,-1,1,7,-93.4981134404428,86.50433038736804,122.56344355955719,-85.33239061263197,27.898278000000005,-0.0028496880000000004,2.2356776277162127,1.3810083186852653,-146.79319155923977,-8.97340473280782,-60.65429557517596,75.62312077996313,1,1,1,1,0,1,2,0,1,1,1
3463000.0,101,-61.229215,-144.326336,-174.694485,3.578313,102,-61.229278,-144.329092,171.972268,3.948236,148.785133,3,-1,1,7,-92.7203768485103,87.28203892996564,81.97410815148969,-84.69022907003438,13.333247000000028,-0.0016516920000000002,-0.8822544195292019,0.3465628200859139,-148.61746088990796,-7.061594753621235,142.12807934078535,60.91860055924964,1,0,1,1,1,1,2,1,0,1,1
3464000.0,101,-61.22926,-144.326355,-170.047405,4.793967,102,-61.229335,-144.329085,174.294613,4.897523,147.569712,3,-1,1,7,-93.26804819424446,86.73434479508333,76.77935680575554,-87.56026820491667,15.657981999999976,0.0009492869999999995,-1.3154361562161057,0.15143877341496914,-147.32972864080878,-8.412547675264118,110.26999061036804,25.21468533001882,1,0,1,1,1,0,2,0,0,1,1
3465000.0,101,-61.2293,-144.326344,177.745189,4.555533,102,-61.2294,-144.329071,174.253168,5.830917,147.036514,3,-1,1,7,-94.35811076550294,85.64427959535445,87.89670023449708,-88.60888840464554,3.4920210000000225,0.0009333940000000007,-0.4046358809167374,1.2496053241037215,-146.6113690095868,-11.17331313474081,25.929332351912198,142.92395819473762,1,0,1,1,0,2,2,1,0,0,1
3466000.0,101,-61.229355,-144.326364,-173.079784,5.906021,102,-61.229466,-144.329057,174.380277,6.418801,147.003882,3,-1,1,7,-94.89594297991847,85.10641757954022,78.18384102008152,-89.27385942045979,12.539939000000032,0.0005878839999999999,-1.3401635958198161,0.5249556406712665,-146.4675150989204,-12.546248196869675,91.9140066577379,65.10449748140441,1,0,1,1,1,2,2,0,0,1,1
3467000.0,101,-61.229403,-144.326327,167.411199,5.538774,102,-61.229514,-144.329049,174.56917,5.996621,146.847319,3,-1,1,7,-94.84406392699888,85.1583220536678,97.74473707300109,-89.41084794633221,7.157970999999975,-0.00042217999999999997,0.6396453799706312,0.5640848139390817,-146.32281139551463,-12.400401719315807,-150.97841613853052,88.14597039581169,1,1,1,1,0,2,2,1,1,0,1
3468000.0,101,-61.229458,-144.326274,158.347715,6.448495,102,-61.229557,-144.329045,175.289857,5.54402,146.667933,3,-1,1,7,-94.24650660361038,85.75592232933596,107.40577839638962,-89.53393467066405,16.94214199999999,-0.0004526010000000005,1.924072785101334,-0.46819317890400924,-146.2652857779369,-10.860421114806636,-67.00628403221756,45.65363432677516,1,1,1,1,0,2,2,0,1,1,1
3469000.0,101,-61.229498,-144.326309,-172.165829,4.786578,102,-61.229522,-144.329046,171.068785,1.88845,145.296564,3,-1,1,7,-91.0449414730286,88.95745765726312,81.1208875269714,-82.11132734273687,16.765386000000063,-0.00365557,-0.9456205779999177,-2.8763501863795997,-145.272400937417,-2.649723775124473,15.882526843737043,137.17839818089115,1,0,1,1,1,0,2,1,0,0,1
3470000.0,101,-61.229513,-144.326353,-139.218632,2.889287,102,-61.22949,-144.329045,40.494166,0.319979,144.902417,3,-1,1,7,-88.98420133942686,91.01815834578656,50.23443066057315,50.52399234578656,179.71279800000002,-0.0015684709999999999,-2.0949932707749737,-2.4311248887310866,-144.87964483797188,2.5688448892491644,-999,3300.565429148051,1,0,1,1,1,2,2,0,1,0,0
3471000.0,101,-61.229569,-144.326375,-166.105999,5.760301,102,-61.229501,-144.329047,161.797931,0.337896,144.520671,3,-1,1,7,-86.9744438907148,93.02789826390853,79.1315551092852,-68.77003273609148,32.09606999999994,1.791699999999996e-05,-1.4887486811790958,-5.270776029373042,-144.3192224195729,7.6280001638757025,5.947234250428016,140.96048479550427,1,0,1,1,0,2,2,1,0,1,1
3472000.0,101,-61.229622,-144.326358,177.40934,5.785192,102,-61.229486,-144.329044,15.660037,0.461825,144.128018,3,-1,1,7,-83.99575227580634,96.00660215104189,98.59490772419366,80.34656515104189,161.74930299999994,0.000123929,0.13683157575200977,-6.223961424580093,-143.33735233703402,15.0761068455118,-999,6202.664913188895,1,1,1,1,0,2,2,0,1,0,0
3473000.0,101,-61.229694,-144.32629,160.724035,8.145347,102,-61.229499,-144.329045,167.294394,0.319855,144.133855,3,-1,1,7,-81.63522251050907,98.36719239967715,117.64074248949095,-68.92720160032286,6.570359000000053,-0.00014197,2.618579878371006,-7.376692184855958,-142.6005519000088,20.967850509146682,-8.359776990302077,127.38649601222242,1,1,1,1,0,2,2,1,1,1,1
3474000.0,101,-61.229706,-144.326335,-157.981966,2.57462,102,-61.229537,-144.329049,-178.951626,1.816321,144.346334,3,-1,1,7,-82.62932490356253,97.37305406842574,75.35264109643747,-83.67531993157422,20.969660000000005,0.0014964660000000001,-0.9319885194890364,-0.5708254528970655,-143.1535933360161,18.517906313244143,94.39702356618974,91.0303864713966,1,0,1,1,1,2,2,0,0,1,1
3475000.0,101,-61.229768,-144.326342,-174.829271,6.238843,102,-61.229517,-144.32904,152.916976,0.301434,144.646556,3,-1,1,7,-79.06123538107278,100.94112956640289,95.76803561892723,-51.97584643359711,32.25375300000002,-0.0015148870000000001,-0.6995054232195226,-5.945073388954094,-142.01840786650462,27.44809628597732,-2.0001285869200287,144.25882225000026,1,1,1,1,0,2,2,0,1,0,1
3476000.0,101,-61.229804,-144.326359,-169.377272,4.362301,102,-61.229509,-144.329039,32.835471,0.213765,145.124751,3,-1,1,7,-77.11902418748916,102.88332498233997,92.25824781251085,70.04785398233997,157.787257,-8.766899999999996e-05,-0.9200614720781899,-4.467153200633596,-141.47272542493997,32.352145425791235,-999,4555.519819825502,1,1,1,1,1,2,2,0,1,0,0
3477000.0,101,-61.229836,-144.326455,-133.712559,5.420045,102,-61.22956,-144.329056,-173.808418,2.081229,144.330937,3,-1,1,7,-77.56792964220772,102.43435028052858,56.14462935779228,-83.7572317194714,40.09585899999999,0.001867464,-3.693226167023306,-1.6763837720006665,-140.9466552048523,31.071848381814203,24.3933344860063,88.12076648258575,1,0,1,1,1,2,2,1,0,1,1
3478000.0,101,-61.229908,-144.326469,-167.332615,7.528589,102,-61.22959,-144.329054,-177.582023,2.585093,143.346659,3,-1,1,7,-75.66358854664846,104.3386773524603,91.66902645335155,-78.0792996475397,10.249407999999988,0.0005038640000000001,-1.5418878930060536,-4.762548270412841,-138.882638756889,35.49475029332856,1.741151867887432,143.06361053041505,1,1,1,1,0,2,2,1,0,0,1
3479000.0,101,-61.229941,-144.326429,165.780282,4.350642,102,-61.229613,-144.329047,178.910259,2.583355,144.494339,3,-1,1,7,-75.41032362216842,104.59197120380269,118.80939437783158,-74.31828779619731,13.129977000000054,-1.7380000000000173e-06,1.0195647172987383,-1.6344543628280035,-139.83505733005077,36.39740024436272,-51.4471640812273,99.54846344826508,1,1,1,1,0,1,2,0,1,1,1
3480000.0,101,-61.229994,-144.326484,-162.336197,5.952348,102,-61.229737,-144.329089,-174.210366,6.999388,146.096908,3,-1,1,7,-78.41709175786833,101.58519167472996,83.91910524213166,-84.20444232527007,11.874168999999995,0.004416033,-1.1000554283162278,1.2919691240251572,-143.12167208899214,29.33416959130554,76.42538914700039,91.12578453629371,1,0,1,1,1,1,2,1,0,1,1
3481000.0,101,-61.229998,-144.326458,157.886858,1.318427,102,-61.229787,-144.329132,-169.091016,6.54891,148.216181,3,-1,1,7,-80.69042600980958,99.31191790599208,121.42271599019043,-91.59706609400791,33.02212600000004,-0.0004504779999999995,1.735681772072238,5.209118419951239,-146.26398106855933,23.976741901285994,-4.332734237127673,146.34342198717155,1,1,1,1,0,1,2,0,1,0,1
3482000.0,101,-61.230052,-144.326543,-149.49188,6.17402,102,-61.229882,-144.329188,-167.332398,8.242145,147.205613,3,-1,1,7,-82.39487721665245,97.60744128057212,67.09700278334756,-95.06016071942787,17.840518000000003,0.0016932350000000004,-1.3268483950564705,2.7222489528421328,-145.91074993278687,19.481928876718133,34.00265136037649,124.50080725761578,1,0,1,1,1,0,2,1,0,1,1
3483000.0,101,-61.230117,-144.326516,178.736373,6.939327,102,-61.229951,-144.32921,-168.491704,8.067875,144.550202,3,-1,1,7,-82.70549145363837,97.29686999663478,98.55813554636165,-94.2114260033652,12.771923000000044,-0.00017426999999999992,1.7626509191804358,0.9680376200885474,-143.3803017668818,18.353472790693434,-56.24542847470595,85.18873315762913,1,1,1,1,0,0,2,1,1,1,1
3484000.0,101,-61.230135,-144.326507,172.022351,2.806804,102,-61.230049,-144.329183,-176.169475,9.067972,139.630676,3,-1,1,7,-86.18101872669793,93.82132694670068,101.79663027330207,-90.00919805329931,11.808174000000037,0.0010000969999999984,0.9953375474650161,6.26807376845851,-139.32062021128266,9.300024954832944,-2.0020132708277556,139.05514426721606,1,1,1,1,0,0,2,1,1,0,1
3485000.0,101,-61.230161,-144.326519,-172.76586,2.925612,102,-61.2302,-144.329109,175.739028,12.163696,135.364582,3,-1,1,7,-91.79313173409399,88.20913855713995,80.97272826590601,-87.52988944286004,11.495112000000034,0.0030957240000000007,-1.2721618843713884,9.227751568694432,-135.29829647021862,-4.235685575152818,1.535683078030553,134.60906561346155,1,0,1,1,1,0,2,1,0,1,1
3486000.0,101,-61.230239,-144.326447,160.80487,8.144599,102,-61.230314,-144.329056,172.890861,12.419374,138.070536,3,-1,1,7,-93.41925981067092,86.58302713720028,105.77587018932908,-86.30783386279973,12.085991000000035,0.00025567799999999963,1.1408144711339734,4.632101984700055,-137.8247477830351,-8.234792642808808,-9.325675989829076,131.90389743736358,1,1,1,1,0,1,2,0,1,1,1
3487000.0,101,-61.230271,-144.326399,148.380891,4.978151,102,-61.230448,-144.329046,174.845134,13.430717,143.059049,3,-1,1,7,-97.91094132255475,82.09137893658468,113.70816767744526,-92.75375506341533,26.46424300000001,0.001011343,1.4031710984540255,9.137241167853928,-141.69758442483794,-19.68974527388115,-4.800831213259026,137.10956563415576,1,1,1,1,0,1,2,0,1,0,1
3488000.0,101,-61.230319,-144.326457,-163.817601,5.380016,102,-61.230661,-144.329071,178.792788,17.435503,151.839367,3,-1,1,7,-105.20902901975863,74.793262315742,58.608571980241365,-103.999525684258,17.38961100000003,0.0040047860000000015,-1.8667252527310572,12.264776763474988,-146.5212182416318,-39.83372912430868,-1.421170851821717,150.8470743794218,1,0,1,1,1,1,2,1,1,0,1
3489000.0,101,-61.230369,-144.326516,-153.825254,6.147245,102,-61.230806,-144.329157,-175.744982,16.983842,157.811161,3,-1,1,7,-108.97429471466285,71.02802029005427,44.850959285337154,-113.22699770994575,21.919727999999992,-0.0004516610000000014,-1.4514830183088596,11.420166532184421,-149.23641959593203,-51.31133990020952,-2.9426839665421016,154.52536218761048,1,0,1,1,1,1,2,0,1,0,1
3490000.0,101,-61.230427,-144.326478,173.707102,6.320154,102,-61.230892,-144.329238,-170.922573,14.288152,157.657341,3,-1,1,7,-109.29429123883482,70.70812807867885,76.9986067611652,-118.36929892132116,15.370325000000037,-0.002695689999999999,2.9469870977350414,7.827135531594947,-148.8023395913535,-52.09319440512156,-12.042919876848565,120.90402475052566,1,0,1,1,0,2,2,1,1,1,1
3491000.0,101,-61.230477,-144.326535,-160.881141,6.023011,102,-61.231025,-144.329225,-174.791138,14.459779,154.894448,3,-1,1,7,-112.94313584955934,67.0592221105851,47.938005150440674,-118.14963988941491,13.909996999999976,0.0001716269999999991,-0.6599558750213796,8.709276760821634,-142.64108707503027,-60.38054570205822,-5.8651349628553495,146.8066504572135,1,0,1,1,1,0,2,1,1,0,1
3492000.0,101,-61.230483,-144.326592,-119.298868,3.180434,102,-61.231166,-144.329111,175.89372,14.914071,149.593472,3,-1,1,7,-119.39665639412435,60.60555167482306,-0.09778839412435048,-115.28816832517694,64.80741199999997,0.00045429200000000056,-3.841537967755243,13.319391899314304,-130.33218413733707,-73.42839125982572,-2.797364758921078,145.64105269888702,0,0,0,1,1,0,2,0,1,1,1
3493000.0,101,-61.230518,-144.326589,-168.982575,3.546513,102,-61.231314,-144.328857,161.6863,16.317453,141.090297,3,-1,1,7,-126.10208600005613,53.89990205275519,42.880488999943864,-107.78639794724481,29.331125000000043,0.0014033820000000005,-5.805026652215727,12.009832467464395,-113.99650605942928,-83.13403944107799,-1.877638274856276,138.81456514558494,1,0,1,1,0,0,2,1,1,1,1
3494000.0,101,-61.230539,-144.326574,170.559286,2.523149,102,-61.231455,-144.328629,154.503304,17.285991,143.149655,3,-1,1,7,-132.80553850182608,47.19626284372186,56.63517549817391,-107.30704115627816,16.055981999999858,0.0009685379999999988,-7.027046736058967,13.113535111090162,-105.02377465631396,-97.27194088512272,-2.3986070516850253,138.51512038556083,1,0,1,1,0,1,2,1,1,1,1
3495000.0,101,-61.230587,-144.326551,168.623518,5.058142,102,-61.231652,-144.328351,151.282586,20.582284,148.754023,3,-1,1,7,-140.8749512893207,39.12662653346775,50.501530710679276,-112.15595946653227,17.340931999999952,0.0032962930000000022,-8.891839459394642,13.091905769694371,-93.86602295300516,-115.3989995349632,-2.6278010595851713,142.49108042387275,1,0,1,1,1,1,2,0,1,0,1
3496000.0,101,-61.230621,-144.326514,156.841789,4.297208,102,-61.231754,-144.328324,155.213966,17.063705,154.732151,3,-1,1,7,-142.44579532191665,37.55579126758743,60.712415678083346,-117.65817473241256,1.6278230000000349,-0.0035185790000000026,-5.463661515388942,11.54084190399167,-94.31105771305654,-122.6681007684203,-5.503218318997442,137.7299968860226,1,0,1,1,0,1,2,1,1,1,1
3497000.0,101,-61.230693,-144.32659,-161.498257,7.745511,102,-61.231895,-144.328149,153.169932,17.440792,154.530035,3,-1,1,7,-148.027611380467,31.973755191699382,13.470645619533002,-121.1961768083006,45.33181099999999,0.00037708699999999953,-10.329740026608919,8.2180981880121,-81.82527923197112,-131.08834958039247,-1.3051694096645592,153.52713683886398,1,0,0,1,1,2,2,0,1,0,1
3498000.0,101,-61.230747,-144.32665,-154.327029,6.90551,102,-61.231995,-144.328011,150.863304,15.8771,153.656396,3,-1,1,7,-152.3078311826306,27.69336182959668,2.0191978173694167,-123.16994217040332,54.80966700000002,-0.0015636919999999978,-10.722180476925667,7.644212303524383,-71.40735797784447,-136.0561547976893,-1.5691835257019844,152.23694890987065,1,0,0,1,1,2,2,0,1,1,1
3499000.0,101,-61.230799,-144.326724,-148.051657,6.966405,102,-61.232095,-144.327871,149.155848,14.949937,156.711563,3,-1,1,7,-156.9293527069191,23.07165271996511,-8.877695706919098,-126.08419528003489,62.792495,-0.0009271630000000002,-11.351206136779355,6.924321184954658,-61.4099081656226,-144.17814382559087,-1.7086730079443002,155.06506481959678,0,0,0,1,1,1,2,0,1,0,1
3500000.0,101,-61.230845,-144.326744,-160.823221,5.532111,102,-61.232142,-144.327837,149.802817,11.480168,154.649663,3,-1,1,7,-157.92425576478365,22.076702327665924,2.8989652352163375,-127.72611467233408,49.373962000000006,-0.0034697689999999993,-7.591474949048988,4.697172014804862,-58.12229060839442,-143.31195902801315,-2.836049442812214,152.45326354137367,1,0,0,1,0,0,2,1,1,1,1
3501000.0,101,-61.230828,-144.326786,-71.00582,2.268735,102,-61.232178,-144.327846,153.742165,8.516098,155.314936,3,-1,1,7,-159.29951396825652,20.701415197492306,-88.29369396825652,-133.0407498025077,135.25201500000003,-0.0029640700000000014,-5.912824348439052,8.375750987663434,-54.90115519777581,-145.28796406665566,-10.896229699213533,130.98817990737962,0,0,1,1,1,2,2,0,1,1,1
3502000.0,101,-61.230891,-144.326925,-134.070007,8.283093,102,-61.232182,-144.327915,164.362691,5.068218,153.102403,3,-1,1,7,-159.74326553688607,20.257602269147444,-25.673258536886067,-144.10508873085257,61.567301999999955,-0.0034478799999999995,-7.317446235873019,-0.8805665032710106,-53.00823595312869,-143.63311848425434,9.140801668470324,136.29255143860112,0,0,1,1,0,0,2,1,0,0,1
3503000.0,101,-61.230876,-144.327026,-84.911565,5.603214,102,-61.232189,-144.327946,173.275929,3.325907,152.146542,3,-1,1,7,-161.36527728176355,18.635529164214372,-76.45371228176356,-154.64039983578562,101.81250599999998,-0.0017423109999999999,-5.970555386018961,3.7999971453367225,-48.615935755787135,-144.1702501667627,-9.52129463069987,150.9444273531361,0,0,1,1,1,2,2,0,1,0,1
3504000.0,101,-61.230898,-144.327079,-119.030046,4.133616,102,-61.232204,-144.327918,164.358942,2.782941,152.516267,3,-1,1,7,-162.81991183595787,17.180823607813302,-43.78986583595787,-147.17811839218672,76.61101199999993,-0.0005429659999999999,-4.3645991957907295,0.6739751970301366,-45.04965206141195,-145.71115451042522,5.41558093733645,150.88821424812838,0,0,1,1,0,2,2,1,0,1,1
3505000.0,101,-61.230894,-144.327116,-88.838143,2.436787,102,-61.232217,-144.3279,159.504188,2.345926,152.817327,3,-1,1,7,-164.0823202393639,15.918366992984916,-75.24417723936389,-143.58582100701508,111.657669,-0.0004370150000000002,-3.2576859896415082,2.246834028822418,-41.91106427880737,-146.95781068879126,-18.582794865150547,146.84602213982294,0,0,1,1,1,2,2,0,1,1,1
3506000.0,101,-61.230896,-144.327259,-91.792516,6.226295,102,-61.232231,-144.32789,159.23255,2.078827,153.062086,3,-1,1,7,-167.18487719564132,12.815675921250488,-75.39236119564131,-146.41687407874952,108.97493400000008,-0.00026709899999999997,-6.960349993226186,1.7490001505733408,-33.950069681943475,-149.24943865644042,-0.5936301906879471,153.0254492391157,0,0,1,1,2,2,2,1,1,0,1
3507000.0,101,-61.230898,-144.327348,-92.311406,5.158291,102,-61.232253,-144.327821,141.900907,2.74696,153.063031,3,-1,1,7,-170.46352929101766,9.536885327551675,-78.15212329101766,-132.3640216724483,125.787687,0.0006681330000000001,-6.849032790892668,1.9536683538166735,-25.358775312679608,-150.94775246272465,-2.8058600159332494,152.14271083302089,0,0,1,1,1,2,2,0,1,1,1
3508000.0,101,-61.230917,-144.327443,-109.256135,5.431219,102,-61.232266,-144.327877,175.01604,1.884712,152.691109,3,-1,1,7,-171.19873300948998,8.801647422823333,-61.942598009489984,-166.21439257717668,75.72782500000002,-0.0008622480000000001,-5.291100312212597,0.08641488980323575,-23.36291373344063,-150.89317091748617,3.9932966880166023,151.254749669629,0,0,1,2,0,2,2,1,0,1,1
3509000.0,101,-61.23092,-144.327534,-96.305629,4.985104,102,-61.232263,-144.327992,-118.971552,2.13668,151.160026,3,-1,1,7,-170.67954530218705,9.320856167867277,-74.37391630218706,128.29240816786728,22.665922999999992,0.0002519680000000002,-3.085648434483911,0.48743126790512825,-24.481291323476675,-149.16440539034684,0.3201892279596982,151.15733387646793,0,0,1,1,1,0,2,1,0,1,1
3510000.0,101,-61.230903,-144.327655,-76.011665,6.251613,102,-61.232266,-144.327992,-121.132773,1.480439,151.201925,3,-1,1,7,-173.214229390768,6.786066014027134,-97.202564390768,127.91883901402713,45.12110799999999,-0.0006562410000000001,-4.799007589041551,2.2765881128404697,-17.865620580099602,-150.1427378363454,-14.704693388178914,146.3950060375951,0,1,1,1,1,2,2,0,1,1,1
3511000.0,101,-61.230893,-144.327729,-75.549955,4.732081,102,-61.232267,-144.32796,-149.549447,0.615635,151.634395,3,-1,1,7,-175.3742448586368,4.625957629525367,-99.82428985863682,154.17540462952536,73.99949199999998,-0.000864804,-4.270383852027913,1.7115421498229575,-12.228856065532707,-151.14048043573405,-16.97522714457018,148.60202793757526,0,1,1,1,1,2,2,0,1,0,1
3512000.0,101,-61.230903,-144.327795,-102.06048,3.914683,102,-61.23226,-144.328076,-90.105426,2.216091,152.076435,3,-1,1,7,-174.3088847099897,5.691361606768848,-72.24840470998971,95.79678760676885,11.955054000000018,0.0016004559999999999,-1.6121892610537003,-0.813872176538413,-15.080727780838759,-151.32684405586954,56.6836346171735,129.95383465006825,0,0,1,1,0,2,2,1,0,1,1
3513000.0,101,-61.230884,-144.327879,-68.942741,4.632091,102,-61.232255,-144.328175,-86.479845,3.220966,152.625456,3,-1,1,7,-174.06799968958018,5.932259775724433,-105.12525868958018,92.41210477572443,17.537104,0.0010048750000000001,-1.1078795252117968,1.4665475902284575,-15.7735467638983,-151.8081850286573,-151.46874612366543,196.592511444968,0,1,1,1,1,2,2,0,1,0,1
3514000.0,101,-61.230879,-144.327974,-81.194966,4.944737,102,-61.232258,-144.328183,-89.347683,2.317004,153.297034,3,-1,1,7,-175.82827016845266,4.171913035085097,-94.63330416845267,93.5195960350851,8.152716999999996,-0.0009039620000000003,-2.569609122999907,0.7305253474209065,-11.151762249619166,-152.89087229761338,-12.534064222344266,150.13201507842578,0,1,1,1,0,2,2,1,1,1,1
3515000.0,101,-61.230855,-144.328086,-67.154598,6.176008,102,-61.232261,-144.328214,-93.628168,2.119839,154.044412,3,-1,1,7,-177.49129533839763,2.5088168628045118,-110.33669733839764,96.13698486280451,26.473570000000052,-0.00019716500000000004,-3.575945638706896,2.5319560533353593,-6.742703724298801,-153.89677324399,-30.117298965320842,138.29235018372424,0,1,1,1,1,2,2,0,1,1,1
3516000.0,101,-61.230889,-144.328158,-123.160306,5.213206,102,-61.232265,-144.328139,-153.263017,0.303771,154.289764,3,-1,1,7,179.61925756412225,-0.3807590907470436,-57.22043643587773,152.88225790925296,30.102711,-0.001816068,-4.227536083556018,-2.580244924761107,1.0252801991272873,-154.28635738680518,13.491841259493903,132.8356807378312,0,0,1,1,0,2,2,0,0,1,1
3517000.0,101,-61.230843,-144.328304,-60.706773,7.89531,102,-61.23227,-144.328117,141.203392,0.456337,154.263336,3,-1,1,7,176.39134600168262,-3.608817917256063,-122.90188099831738,-144.81220991725607,158.089835,0.00015256599999999998,-7.1716353950289,4.2186699004682,9.709528976000232,-153.9574677659811,-26.660511911558956,186.1710273248349,0,1,1,1,1,2,2,0,1,0,1
3518000.0,101,-61.230879,-144.3284,-116.401362,6.275484,102,-61.232268,-144.328054,97.033306,1.284896,154.143813,3,-1,1,7,173.1638982863409,-6.836405007565372,-70.4347397136591,-103.86971100756537,146.565332,0.0008285590000000001,-6.896185828346594,-2.6331038243246456,18.347677350352978,-153.04795922202396,5.622988442423036,149.57978496044993,0,0,1,1,0,2,2,1,0,1,1
3519000.0,101,-61.230908,-144.328459,-128.499529,4.96573,102,-61.232271,-144.328131,-113.046844,0.491993,153.780064,3,-1,1,7,173.3938291843037,-6.606458331361174,-58.10664181569632,106.44038566863883,15.452685000000002,-0.0007929030000000001,-3.4335215906145153,-2.898600475855255,17.691494768734444,-152.75902296326703,22.652132354014157,129.23035423001346,0,0,1,1,0,2,2,1,0,1,1
3520000.0,101,-61.230887,-144.328531,-69.263807,4.148848,102,-61.232269,-144.328294,-91.129238,3.119178,153.3873,3,-1,1,7,175.28198267349353,-4.71822507409157,-115.45421032650648,86.41101292590844,21.865431,0.0026271849999999998,-0.7615157342849614,1.5304363461045851,12.616398215367663,-152.8675580277296,-443.76722013437615,618.7194408391894,0,1,1,1,1,2,2,0,1,0,0
3521000.0,101,-61.230868,-144.328607,-64.085716,4.4546,102,-61.232267,-144.32844,-89.263196,4.644068,154.487261,3,-1,1,7,176.71205822960798,-3.288088157903073,-119.20222577039203,85.97510784209692,25.177480000000003,0.00152489,0.636999138960066,1.8870567151142192,8.860449831064873,-154.23296093920163,-711.4242913074373,1274.9321793955285,0,1,1,1,1,1,2,0,1,0,0
3522000.0,101,-61.230885,-144.328743,-101.212434,6.482025,102,-61.232269,-144.328565,-90.336904,5.310827,155.3366,3,-1,1,7,176.4581298493198,-3.5420261805011415,-82.32943615068018,86.79487781949886,10.875530000000026,0.0006667589999999998,-1.0475672749601053,-1.229183863055997,9.596373930511582,-155.0398945657078,163.2388610569749,186.2705471563612,0,0,1,1,0,2,2,1,0,1,1
3523000.0,101,-61.230885,-144.328816,-92.049062,4.645475,102,-61.232274,-144.328562,-93.944623,3.5588,156.849077,3,-1,1,7,174.9705983305181,-5.029624318791945,-92.9803396694819,88.91499868120806,1.8955609999999865,-0.0017520269999999995,-1.092135354156921,0.07871783675474112,13.75047775577251,-156.24518334092713,-23.015619698288464,154.85258318297988,0,1,1,1,1,1,2,1,1,1,1
3524000.0,101,-61.230877,-144.328909,-81.951688,4.945305,102,-61.232278,-144.328574,-97.200099,2.633232,155.407944,3,-1,1,7,173.4354837556221,-6.564809896029109,-104.61282824437791,90.63528910397089,15.248411000000033,-0.0009255680000000002,-2.2841279442343483,1.0224184993516534,17.766535229115874,-154.3890516981684,-40.32368599428198,135.39432127935584,0,1,1,1,1,0,2,0,1,1,1
3525000.0,101,-61.230889,-144.328942,-110.26494,2.818006,102,-61.232286,-144.328717,-97.408089,4.273447,154.971495,3,-1,1,7,175.56778539665635,-4.432411832075475,-74.16727460334369,92.97567716792453,12.856850999999978,0.001640215,1.5942020095184728,-0.42504984530728807,11.976136659648608,-154.5080464352729,34.433705259729535,146.30839035394771,0,0,1,1,0,2,2,1,0,0,1
3526000.0,101,-61.230926,-144.329099,-118.43425,7.708945,102,-61.232294,-144.328867,-96.852953,5.510849,155.355819,3,-1,1,7,175.33402533328328,-4.666178031501387,-66.23172466671673,92.18677496849861,21.581297000000006,0.0012374020000000003,-1.307491885380263,-3.01305039125934,12.637673417639295,-154.8409497121154,180.02244368256768,460.1376693123917,0,0,1,1,0,2,2,0,0,0,0
3527000.0,101,-61.230943,-144.329166,-114.994816,4.976367,102,-61.23229,-144.328841,-94.565906,3.267131,155.575991,3,-1,1,7,173.37665718341327,-6.623627702596955,-71.62852681658671,87.94227829740305,20.42891000000003,-0.0022437180000000004,-1.253547915837577,-1.8426130035106776,17.944422610376797,-154.5376545467553,143.9324082905782,227.15554699331673,0,0,1,1,1,2,2,1,0,1,0
3528000.0,101,-61.230918,-144.3293,-72.809002,6.731624,102,-61.232293,-144.328885,-95.274542,2.98421,155.758494,3,-1,1,7,171.7354238621261,-8.264939915373374,-115.4555741378739,87.00960208462662,22.465539999999976,-0.000282921,-3.459313633132235,2.2639179559434037,22.389409121606786,-154.1409186826566,-38.11713519317921,128.78980588508855,0,1,1,1,1,2,2,0,1,1,1
3529000.0,101,-61.230905,-144.32935,-68.270684,4.046902,102,-61.232295,-144.328927,-95.685807,2.756742,155.914934,3,-1,1,7,171.66796924235143,-8.332401547691502,-120.06134675764855,87.3534054523085,27.415122999999994,-0.000227468,-1.0161631352552045,1.771372003813764,22.59353409112094,-154.26924146276764,-367.44965312019633,608.0209853545371,0,1,1,1,1,2,2,0,1,0,0
3530000.0,101,-61.230889,-144.329418,-64.735239,4.060715,102,-61.232299,-144.32898,-96.365461,2.78703,156.040609,3,-1,1,7,171.4973890644046,-8.502994874212995,-123.7673719355954,87.862466125787,31.630222000000003,3.0288000000000094e-05,-0.9024404207610646,2.042117819360486,23.071303080429736,-154.3255864439265,-638.6992416898656,1276.165533478302,0,1,1,1,1,2,2,0,1,0,0
3531000.0,101,-61.230936,-144.329502,-133.466452,5.905155,102,-61.232292,-144.328935,-85.574648,1.1193,156.060183,3,-1,1,7,168.62207107753935,-11.378425938983195,-57.91147692246068,74.1962220610168,47.89180399999998,-0.00166773,-3.169864377067082,-4.148697113500486,30.787508042790076,-152.99316999954158,63.07290454686541,255.03427617893482,0,0,1,1,0,2,2,0,0,1,0
3532000.0,101,-61.230929,-144.329607,-91.032964,5.254945,102,-61.232299,-144.329006,-97.357876,1.98604,155.95364,3,-1,1,7,168.07868019014015,-11.921846629861054,-100.88835580985983,85.43602937013895,6.32491200000004,0.0008667400000000001,-3.2844048896348204,0.15961086794894824,32.215074420542386,-152.59006130586786,-12.141450802097445,150.84688693593762,0,1,1,1,1,2,2,1,1,1,1
3533000.0,101,-61.230944,-144.329741,-101.394199,6.778333,102,-61.232265,-144.328834,51.025093,2.080531,156.218072,3,-1,1,7,161.71474269315212,-18.286052357930615,-96.89105830684787,-69.31114535793061,152.41929199999998,9.449100000000011e-05,-8.262189600034766,-2.6477268600058115,49.0131311327982,-148.33003403207428,-0.2021562583322071,156.2121065228453,0,1,1,1,0,2,2,0,1,0,1
3534000.0,101,-61.230974,-144.329864,-114.436746,7.256627,102,-61.232292,-144.328995,-100.924653,1.699506,156.65522,3,-1,1,7,162.39527712304954,-17.60548461845041,-83.16797687695043,83.31916838154959,13.512092999999965,-0.00038102500000000017,-4.937861420626436,-2.679895549806894,47.38013019573403,-149.31838873991273,6.1092427947752155,153.90971869326555,0,0,1,1,0,2,2,1,0,1,1
3535000.0,101,-61.23094,-144.329994,-68.711173,7.393172,102,-61.232303,-144.329056,-107.219153,2.292961,157.262512,3,-1,1,7,161.67532723980327,-18.32549498512448,-129.61349976019673,88.89365801487553,38.507979999999975,0.0005934550000000001,-4.698487821893349,3.3630147531686982,49.44353338561546,-149.28775799406884,-43.202362339502365,153.5942709262227,0,1,1,1,1,2,2,0,1,1,1
3536000.0,101,-61.230978,-144.330041,-130.404376,4.917001,102,-61.23232,-144.329148,-110.902551,3.282278,158.010417,3,-1,1,7,162.24279677781092,-17.757986001547625,-67.35282722218903,93.14456499845238,19.501824999999997,0.0009893169999999998,-0.6779745569689157,-2.016042371089404,48.1906540375257,-150.4824001135993,165.52159305020118,243.51499002488978,0,0,1,1,0,2,2,1,0,0,0
3537000.0,101,-61.230992,-144.330092,-120.908673,3.52604,102,-61.232313,-144.32909,-109.908446,1.17019,158.741559,3,-1,1,7,159.94579145936567,-20.055086866464162,-79.14553554063434,89.85335913353583,11.000226999999995,-0.002112088,-1.9250400088616113,-1.4127540240070393,54.433917154789185,-149.1168374696031,21.879658628520883,152.62774406793943,0,0,1,1,1,2,2,1,0,1,1
3538000.0,101,-61.231031,-144.330152,-141.065617,5.04967,102,-61.232305,-144.329044,33.098451,0.0848,157.794069,3,-1,1,7,157.28821588371002,-22.712755358935283,-61.64616711628997,-55.81120635893528,174.16406800000001,-0.00108539,-3.219671470056402,-3.999007261543493,60.92362321457366,-145.55851176068484,-999,5205.9246258106605,0,0,1,1,0,2,2,0,1,0,0
3539000.0,101,-61.231047,-144.330236,-117.500404,4.6572,102,-61.232324,-144.329139,-114.977555,1.773355,157.138655,3,-1,1,7,157.53873603089667,-22.46222556967777,-84.96085996910335,92.51532943032223,2.522849000000008,0.001688555,-2.5234727769086924,-1.4016622248669697,60.03619599075689,-145.21780905305124,6.445578556815756,156.10187883428014,0,0,1,1,1,2,2,1,0,1,1
3540000.0,101,-61.231008,-144.33028,-40.532129,4.425231,102,-61.232317,-144.329121,-102.229447,0.797985,157.454866,3,-1,1,7,156.92068106935716,-23.08033487842354,-162.54718993064284,79.14911212157645,61.697317999999996,-0.0009753699999999999,-2.0959676650544985,3.532394786448958,61.72310717750922,-144.8526591658975,-381.80971061695675,1412.3358985005611,0,1,2,1,1,2,2,0,1,0,0
3541000.0,101,-61.231062,-144.330432,-124.363304,8.057679,102,-61.232333,-144.329199,-112.998263,2.021829,157.691375,3,-1,1,7,154.97361213935096,-25.02746867520013,-80.66308386064907,87.97079432479987,11.36504099999999,0.0012238439999999998,-4.790286595777371,-3.758128583123652,66.70906883366614,-142.88621306737684,6.835383894914577,153.7080519961029,0,0,1,1,0,2,2,1,0,1,1
3542000.0,101,-61.231077,-144.33056,-107.312343,7.150859,102,-61.232352,-144.329285,-115.301723,3.048868,157.914254,3,-1,1,7,154.30051016431423,-25.700607466540163,-98.38714683568577,89.60111553345983,7.989379999999983,0.0010270390000000002,-4.070512426046967,-0.8249159310540761,68.4796838475296,-142.293515370585,-8.957253594342225,153.06884312082352,0,1,1,1,1,2,2,1,1,1,1
3543000.0,101,-61.231088,-144.330702,-100.303015,7.500871,102,-61.232341,-144.329263,-102.042231,1.524683,157.995486,3,-1,1,7,151.07076975994536,-28.93049162889912,-108.62621524005465,73.11173937110088,1.739215999999999,-0.0015241850000000002,-5.888793200933232,-1.023462121252664,76.42699066887668,-138.28047112183134,-8.581471009738877,149.32524722859947,0,1,1,1,1,2,2,1,1,1,1
3544000.0,101,-61.231124,-144.330743,-134.262532,5.14139,102,-61.232319,-144.329209,-7.480295,0.728869,158.053004,3,-1,1,7,148.29308103356954,-31.708263629824017,-77.44438696643044,-24.22796862982402,126.78223699999998,-0.000795814,-3.5871148978374165,-4.311084423983793,83.06861118432474,-134.4632214002457,-999,5654.891387421493,0,0,1,1,0,2,2,0,1,0,0
3545000.0,101,-61.231127,-144.330766,-113.535193,2.107966,102,-61.232323,-144.329227,-54.402516,0.452903,158.057347,3,-1,1,7,148.23111394540163,-31.770235100939257,-98.23369305459835,22.632280899060742,59.132677,-0.000275966,-1.5643474473452148,-1.1053657839950557,83.21627510701126,-134.37699393122554,13.279884513442697,158.56112217572294,0,1,1,1,1,2,2,1,0,1,1
3546000.0,101,-61.231164,-144.330887,-124.838112,6.338005,102,-61.232336,-144.329272,-111.021783,1.086972,157.984024,3,-1,1,7,146.4491368538143,-33.5522788123504,-88.71275114618572,77.46950418764959,13.816328999999996,0.000634069,-4.1874129487529625,-3.2307248377457523,87.3141415933797,-131.663178288555,2.5295110693667584,157.59335840661035,0,0,1,1,0,2,2,1,0,1,1
3547000.0,101,-61.231139,-144.330957,-67.377902,4.527995,102,-61.232329,-144.329265,-81.96197,0.584306,158.277991,3,-1,1,7,145.61727007476765,-34.38421308739713,-147.00482792523235,47.577756912602865,14.584068000000002,-0.000502666,-3.6010543434109024,1.6599957187560443,89.38247362511562,-130.62425442333284,-38.80336582315548,83.18084439540863,0,1,1,1,1,2,2,0,1,1,1
3548000.0,101,-61.231188,-144.331091,-124.141647,7.649582,102,-61.232288,-144.329191,26.363304,1.980339,158.740299,3,-1,1,7,140.26471520253867,-39.736950286867376,-95.59363779746133,-66.10025428686737,150.50495099999998,0.001396033,-7.210588571130528,-6.067633614106576,101.47339005278731,-122.07224761510817,0.4254251229135257,158.76678580197597,0,1,1,1,0,2,2,0,0,0,1
3549000.0,101,-61.231223,-144.331091,-155.951324,4.38463,102,-61.232296,-144.329215,13.009427,0.801439,159.250189,3,-1,1,7,139.92243069946664,-40.079213752677234,-64.12624530053336,-53.088640752677236,168.96075100000002,-0.0011789,-1.9672050202275329,-4.784910781556395,102.52911305814085,-121.8540260805801,-999,5243.957533984889,0,0,1,1,0,2,2,0,1,0,0
3550000.0,101,-61.231235,-144.331157,-119.716072,3.51983,102,-61.232323,-144.32928,-124.322455,1.189497,160.014462,3,-1,1,7,140.29882121693487,-39.702824111953625,-99.98510678306513,84.61963088804637,4.606382999999994,0.000388058,-2.074567291598736,-1.0740902515929052,102.21462156657441,-123.11295296251905,-13.965835882990383,156.33192295936632,0,1,1,1,1,2,2,1,1,1,1
3551000.0,101,-61.231294,-144.331197,-157.490003,6.228361,102,-61.23236,-144.32936,-134.3212,2.862573,160.632316,3,-1,1,7,140.33018845701505,-39.67142180979617,-62.179808542984915,94.64977819020383,23.168802999999997,0.0016730759999999997,-0.3365117268898907,-3.7538166391568772,102.54162136223749,-123.64447756340506,48.053272161432936,131.57448386240964,0,0,1,1,0,2,2,0,0,1,1
3552000.0,101,-61.231259,-144.331281,-59.05776,4.568151,102,-61.232417,-144.329503,-133.639081,5.331763,159.643409,3,-1,1,7,143.53861474222748,-36.462943806742295,-157.40362525777252,97.17613719325772,74.58132099999997,0.0024691899999999996,-0.05943564391621958,6.0283438533933165,94.87302699833344,-128.39441882463106,-245.1448642828713,1351.8103675004525,0,1,1,1,1,2,2,0,1,0,0
3553000.0,101,-61.231308,-144.331334,-143.341846,5.307267,102,-61.232444,-144.329591,-129.604426,5.362131,158.989734,3,-1,1,7,143.5578085586275,-36.44371931084808,-73.1003454413725,93.16070668915191,13.737420000000014,3.0368000000000174e-05,0.9626813412878485,-0.8392826928749773,94.44171972640399,-127.90034047065753,220.92877559846133,131.49123831630888,0,0,1,1,0,2,2,1,0,1,1
3554000.0,101,-61.231353,-144.331492,-124.663633,8.495993,102,-61.232416,-144.329558,-112.299726,2.415992,159.338994,3,-1,1,7,138.79528894972867,-41.20640634569988,-96.54107805027132,71.09331965430013,12.363906999999983,-0.0029461389999999995,-4.75269485058562,-3.915408014084381,104.96477325559361,-119.88040450521454,-0.9324385304197469,159.26988840339442,0,1,1,1,1,2,2,1,1,0,1
3555000.0,101,-61.231386,-144.331542,-135.354102,5.542908,102,-61.232396,-144.329532,-74.974095,1.112883,159.65123,3,-1,1,7,136.23668484819459,-43.765077066924356,-88.40921315180537,31.20901793307565,60.38000699999998,-0.001303109,-2.8202980164657716,-4.232097161599511,110.42770798656247,-115.30063551146364,57.06343343987496,299.27240896652296,0,0,1,1,0,2,2,0,0,0,0
3556000.0,101,-61.231392,-144.331704,-98.791698,7.414152,102,-61.232387,-144.329523,-45.921411,0.795282,159.804731,3,-1,1,7,133.47015134333014,-46.531760466039636,-127.73815065666986,-0.6103494660396365,52.87028700000002,-0.00031760100000000004,-6.755720007626408,-1.6864320496439067,115.97554701586999,-109.94191441098383,-15.791214314774844,136.888630712022,0,1,1,0,1,2,2,1,1,1,1
3557000.0,101,-61.231405,-144.331754,-109.774592,4.265148,102,-61.232479,-144.329708,-134.88258,5.041177,159.919957,3,-1,1,7,137.4855705392157,-42.51622293346078,-112.73983746078432,92.36635706653921,25.107988000000006,0.004245895,-0.44168779895191657,2.1143500443370122,108.07004699952525,-117.87814720465475,-219.50110497240917,346.4025241991399,0,1,1,1,0,2,2,1,1,0,0
3558000.0,101,-61.231433,-144.331831,-124.755694,4.98374,102,-61.23251,-144.329768,-135.309479,4.9205,159.999171,3,-1,1,7,137.32902061728592,-42.67278775766893,-97.91528538271405,92.63669124233108,10.553785000000005,-0.00012067700000000059,-0.6341174185542302,0.6569387628657073,108.44541327265223,-117.6406692466976,-392.0064038622412,198.0014381350109,0,1,1,1,0,2,2,1,1,1,1
3559000.0,101,-61.231437,-144.331811,-154.455909,0.905013,102,-61.232455,-144.329682,-82.317888,0.908457,160.022859,3,-1,1,7,134.81543217791298,-45.18643405049129,-70.72865882208703,37.1314539495087,72.13802100000001,-0.004012042999999999,0.5100569644831214,-0.9379909651931868,113.51716341711625,-112.78815989396054,628.1688905736167,519.408795847312,0,0,1,1,0,2,2,0,0,0,0
3560000.0,101,-61.231493,-144.331825,-173.186728,5.387213,102,-61.232451,-144.329675,-59.718005,0.561072,159.966512,3,-1,1,7,132.7961660103596,-47.20571862668712,-54.01710598964041,12.512286373312875,113.46872299999998,-0.00034738499999999997,-0.15459049623064375,-5.632092874091799,117.37947984055064,-108.68000125969776,-999,5735.2604974434735,0,0,1,0,0,2,2,0,1,0,0
3561000.0,101,-61.231557,-144.331936,-146.893308,8.186575,102,-61.232483,-144.329728,-134.032509,1.728396,160.275061,3,-1,1,7,131.07058718231752,-48.93134829697411,-82.03610481768249,85.1011607030259,12.860798999999986,0.001167324,-3.2288830325699953,-5.656174896202185,120.83148980205817,-105.2988425898824,5.736008994256391,157.24800842330802,0,0,1,1,1,2,2,1,0,1,1
3562000.0,101,-61.231547,-144.33206,-91.279551,6.026575,102,-61.232482,-144.329733,-127.593433,1.162041,160.749333,3,-1,1,7,129.8593585335692,-50.14268125811702,-138.8610904664308,77.45075174188298,36.313882000000035,-0.0005663549999999999,-5.104317922649508,0.5743316047637167,123.39439601773506,-103.02509932712157,-28.2966934012625,89.28799375236134,0,1,1,1,1,2,2,0,1,1,1
3563000.0,101,-61.231609,-144.332079,-157.501253,6.354239,102,-61.232487,-144.329744,-128.094968,1.046303,161.268693,3,-1,1,7,128.00197854773543,-52.00006825730165,-74.49676845226458,76.09489974269835,29.406284999999997,-0.00011573800000000012,-1.6081044355859282,-5.225070361221287,127.07803563524337,-99.2913097960545,15.964192002942061,153.5730718166647,0,0,1,1,0,2,2,1,0,0,1
3564000.0,101,-61.231644,-144.332138,-144.281656,5.124926,102,-61.232468,-144.32972,-21.519201,0.425601,161.921099,3,-1,1,7,125.30296902757347,-54.699150533407334,-90.41537497242655,-33.17994953340734,122.76245499999999,-0.000620702,-2.835821866670787,-4.55684463791342,132.1450467487906,-93.5741893960495,-999,5373.879014158149,0,1,1,1,1,2,2,0,1,0,0
3565000.0,101,-61.231663,-144.332165,-143.338614,3.147955,102,-61.232481,-144.329727,-141.140241,0.351278,162.551911,3,-1,1,7,124.88401956011481,-55.118117532633825,-91.77736643988521,86.02212346736619,2.1983730000000037,-7.432300000000003e-05,-1.6591980978463585,-2.2516864012042848,133.34318924757358,-92.96621779462525,-1.5558023464104649,162.4961358003982,0,1,1,1,1,2,2,1,1,1,1
3566000.0,101,-61.2317,-144.332222,-145.131673,4.716051,102,-61.232513,-144.329765,-152.393373,1.722146,161.812949,3,-1,1,7,124.51148581780753,-55.49066793062721,-90.35684118219245,96.90270506937279,7.2616999999999905,0.001370868,-1.8980906207192771,-2.3432894257412036,133.3359132278675,-91.67859459965116,-3.8956911129226786,161.31766228466134,0,1,1,1,0,2,2,0,1,1,1
3567000.0,101,-61.231699,-144.332324,-95.552349,4.721755,102,-61.232514,-144.329781,-141.209489,1.315265,160.926392,3,-1,1,7,123.66198798256012,-56.34024115151128,-140.78566301743987,84.86924784848871,45.65714,-0.00040688100000000005,-3.8756212376845425,0.5683182248788624,133.94258322491362,-89.20026928868963,-42.17195583152303,71.59339537196773,0,1,1,1,1,2,2,0,1,1,1
3568000.0,101,-61.231759,-144.332415,-139.815483,7.527923,102,-61.232563,-144.329853,-146.418605,3.23094,161.291117,3,-1,1,7,123.1083714388994,-56.89387435123077,-97.07614556110059,89.52473064876924,6.603122000000013,0.001915675,-3.070300889722199,-3.0594115135596343,135.1037165936084,-88.1011361203795,-7.128524777811594,157.79210122182914,0,1,1,1,0,2,2,1,1,0,1
3569000.0,101,-61.231825,-144.332523,-142.118355,8.994991,102,-61.232599,-144.329906,-146.337916,3.826566,161.603142,3,-1,1,7,121.57391650502808,-58.428377498015436,-96.30772849497191,87.90953850198457,4.219560999999999,0.0005956260000000002,-3.402174115822899,-3.914642323351032,137.6802833696402,-84.61509957169429,-4.8275780125312675,159.43034432217166,0,1,1,1,0,2,2,1,1,0,1
3570000.0,101,-61.231878,-144.332475,177.18262,6.035136,102,-61.23258,-144.329899,-131.792948,1.785509,161.7517,3,-1,1,7,119.52198816961786,-60.480269894123545,-57.66063183038213,71.31267810587644,51.02443199999996,-0.002041057,1.627844067386053,-4.837905282058998,140.7509359648629,-79.70436925228799,37.59444351810624,129.4921255308442,0,0,1,1,0,2,2,0,0,1,1
3571000.0,101,-61.231908,-144.332464,172.627996,3.867975,102,-61.232587,-144.329913,-132.063172,1.554509,161.875912,3,-1,1,7,118.94673262646006,-61.05550352316741,-53.681263373539934,71.0076684768326,55.30883200000005,-0.00023100000000000009,1.650381619328855,-2.7945596056053255,141.65276277386403,-78.34733999545324,64.1705730213004,107.12156018921166,0,0,1,1,0,2,2,0,0,1,1
3572000.0,101,-61.231901,-144.332577,-89.483514,4.206942,102,-61.232604,-144.329936,-139.384251,1.799433,161.962223,3,-1,1,7,118.94831854269816,-61.053996498973085,-151.56816745730185,78.33025450102693,49.90073699999999,0.00024492400000000015,-3.0353709713120645,1.4038583784490926,141.72612112250025,-78.39303713131744,-81.26543249308033,110.84809174726377,0,1,1,1,1,2,2,1,1,0,1
3573000.0,101,-61.231925,-144.332634,-122.729465,4.011646,102,-61.232584,-144.329923,-89.500795,0.577984,161.991212,3,-1,1,7,116.79944963553629,-63.202926766638186,-120.4710853644637,26.29786823336181,33.22867000000002,-0.001221449,-2.7967663197054318,-2.174024477958356,144.59176011938524,-73.03681038221136,-31.662999713835784,152.53905185710525,0,1,1,1,0,2,2,1,1,0,1
3574000.0,101,-61.232008,-144.332694,-158.055796,8.795436,102,-61.232559,-144.329909,-8.218094,1.06193,162.057954,3,-1,1,7,112.34875194370653,-67.65368932588166,-89.59545205629348,-59.43559532588166,149.83770199999998,0.00048394599999999996,-3.135091371174717,-9.209216157154849,149.88521567232246,-61.62144575979616,-999,9729.877090997648,0,0,1,1,0,2,2,0,1,0,0
3575000.0,101,-61.232059,-144.332767,-148.251487,7.096496,102,-61.232495,-144.329875,7.821292,3.417861,162.504473,3,-1,1,7,107.39508770137759,-72.60744736205666,-104.35342529862243,-80.42873936205666,156.07277899999997,0.002355931,-4.199233697627618,-9.420683871580778,155.07248750140025,-48.582171268231626,-999,10286.397182043653,0,1,1,1,1,2,2,0,1,0,0
3576000.0,101,-61.232062,-144.332819,-112.394952,3.306528,102,-61.232557,-144.32992,-140.13906,0.685432,163.042731,3,-1,1,7,109.53571073505469,-70.46683046512653,-138.06933726494532,69.67222953487347,27.74410800000001,-0.0027324289999999998,-2.6178368251883395,-0.7336113700978802,153.65689188331265,-54.52056225588954,-43.49248449912507,95.15116393451106,0,1,1,1,1,2,2,1,1,1,1
3577000.0,101,-61.23209,-144.332869,-135.552734,3.994966,102,-61.232607,-144.329955,-159.702001,2.59279,163.800226,3,-1,1,7,110.2380296722393,-69.76452467764452,-114.20923632776072,89.93747632235548,24.14926700000001,0.0019073579999999998,-1.8980385866865979,-0.42020679148983087,153.68779411531816,-56.66194470381916,-64.47291574260286,89.41694411076864,0,1,1,1,0,2,2,1,1,1,1
3578000.0,101,-61.232149,-144.332918,-155.882841,6.539864,102,-61.232642,-144.329978,-161.444419,3.147909,164.889276,3,-1,1,7,109.21140287105108,-70.7911742710647,-94.9057561289489,90.6532447289353,5.561577999999997,0.000555119,-1.6704717975470762,-2.984745151568942,155.7067408293576,-54.25757274430391,-7.923500473200209,162.3805675244831,0,1,1,1,0,1,2,1,1,0,1
3579000.0,101,-61.232168,-144.332891,173.921684,2.795199,102,-61.232671,-144.329996,-162.140166,3.234531,165.992219,3,-1,1,7,109.85230367833616,-70.15023401821006,-64.06938032166384,91.98993198178994,23.93814999999998,8.66220000000002e-05,1.2879738552370712,0.2991731325831859,156.12749278138685,-56.37040683143914,103.26557417336166,90.27653087469923,0,0,1,1,0,1,2,0,0,1,1
3580000.0,101,-61.232236,-144.33294,-164.862541,7.011372,102,-61.232654,-144.329989,-155.113765,1.318457,167.071545,3,-1,1,7,106.40185797037341,-73.60072881538666,-88.7356010296266,81.51303618461334,9.748775999999992,-0.001916074,-1.2760889803515105,-5.572060334334325,160.2725381279285,-47.176420706945656,1.919072099445631,166.7611917544695,0,0,1,1,1,1,2,1,0,0,1
3581000.0,101,-61.232282,-144.332957,-167.801259,5.557167,102,-61.232708,-144.33002,-163.241236,3.143287,168.091791,3,-1,1,7,106.77357285017145,-73.22900166456898,-85.42516814982855,90.012234335431,4.560023000000001,0.00182483,-0.26790385908665626,-2.4219061466452256,160.9399406445752,-48.50964550384072,13.117079838823583,165.30398749783578,0,0,1,1,0,1,2,1,0,1,1
3582000.0,101,-61.232307,-144.332983,-157.583716,3.476077,102,-61.232799,-144.330078,-164.248058,5.959225,169.030989,3,-1,1,7,109.38922676840652,-70.61331969733644,-93.02705723159346,93.63473830266355,6.6643419999999765,0.002815938,0.29222580682229027,2.522015875828459,159.4444128527156,-56.1155455499713,-15.529917323007485,164.85622441298514,0,1,1,1,1,2,2,0,1,1,1
3583000.0,101,-61.232353,-144.333029,-155.903856,5.24699,102,-61.232904,-144.330152,-163.487815,8.310724,169.89404,3,-1,1,7,111.70172276300828,-68.30079916027314,-92.39442123699172,95.18701583972687,7.583959000000021,0.0023514990000000004,0.21988423742873087,3.1782080461673416,157.85219740455003,-62.82251668053874,-17.578264481151834,161.8668746826955,0,1,1,1,0,2,2,0,1,1,1
3584000.0,101,-61.232424,-144.333109,-153.246797,8.227441,102,-61.233005,-144.330229,-162.438638,9.668162,170.730112,3,-1,1,7,112.7441618383007,-67.2583627167125,-94.00904116169932,95.1802752832875,9.19184100000001,0.001357438,-0.7864232894807013,1.8708465538164543,157.45420180649074,-66.00716231602016,-77.57171313380147,124.74854183858129,0,1,1,1,1,2,2,0,1,1,1
3585000.0,101,-61.232445,-144.333252,-115.795312,7.254746,102,-61.233036,-144.330258,-160.574349,7.487469,171.657828,3,-1,1,7,112.30320904253037,-67.69941544344161,-131.90147895746964,92.8749335565584,44.77903700000002,-0.0021806930000000005,-4.041634629465945,3.904279621387929,158.815842258353,-65.14551528269243,-52.13107505246083,147.79335568873537,0,1,1,1,1,2,2,0,1,0,1
3586000.0,101,-61.232458,-144.333287,-118.199852,3.649992,102,-61.233113,-144.330353,-156.523751,8.296326,169.33062,3,-1,1,7,114.88707190895869,-65.11549998340321,-126.91307609104132,91.4082510165968,38.32389899999998,0.0008088570000000006,0.08824311565472787,5.884801821523283,153.60640807299148,-71.25959772899378,-16.17530232467661,156.86956001391732,0,1,1,1,0,0,2,1,1,0,1
3587000.0,101,-61.232502,-144.333355,-141.31816,5.646989,102,-61.233192,-144.330482,-151.151929,9.203621,167.387543,3,-1,1,7,116.52262056880735,-63.47989785326372,-102.15921943119264,87.67203114673627,9.83376899999999,0.0009072949999999995,0.9113019534902325,3.6532709351997754,149.77136520174577,-74.74709169714995,-11.185025137962176,163.51385810223394,0,1,1,1,0,0,2,1,1,0,1
3588000.0,101,-61.232541,-144.333356,-167.071484,4.5232,102,-61.233255,-144.33059,-147.489838,9.079151,168.702466,3,-1,1,7,118.20955888736277,-61.79286574162376,-74.71895711263721,85.69697225837623,19.581646000000006,-0.00012447000000000052,3.8675831270254375,3.2478762550671334,148.66476349759617,-79.74528279895277,11.516391230069098,156.73465517053202,0,0,1,1,0,1,2,0,0,1,1
3589000.0,101,-61.232557,-144.333434,-123.785777,3.969818,102,-61.233304,-144.330684,-144.225668,8.424847,168.374708,3,-1,1,7,119.44329427516394,-60.559116329297076,-116.77092872483607,83.66655167070294,20.439891000000017,-0.0006543039999999998,1.6257120463626529,4.627722299395812,146.62787219092937,-82.76659586358345,-7.467630203121494,165.9257761998644,0,1,1,1,1,2,2,0,1,0,1
3590000.0,101,-61.232563,-144.333542,-99.995568,5.169392,102,-61.233325,-144.330731,-140.908265,6.627914,169.954313,3,-1,1,7,119.39288331264947,-60.60958076367357,-140.61154868735053,80.29868423632644,40.91269700000001,-0.0017969330000000001,-0.9116037383499602,4.246910068308299,148.07690656225282,-83.4128182610792,-86.76548778398444,293.2996372964218,0,1,1,1,1,1,2,0,1,0,0
3591000.0,101,-61.232629,-144.333583,-154.378479,7.014483,102,-61.23336,-144.330788,-140.827902,6.057005,169.511991,3,-1,1,7,118.52343487987328,-61.47901517224232,-87.09808612012671,79.34888682775767,13.550577000000004,-0.0005709089999999994,0.7926843693621146,-1.6290436994565187,148.93694314338936,-80.94505580878234,136.00761877096664,146.50787875124732,0,0,1,1,0,2,2,1,0,1,1
3592000.0,101,-61.232682,-144.333558,178.835415,5.907209,102,-61.233428,-144.330904,-141.515185,7.355834,166.456957,3,-1,1,7,120.2893142294531,-59.71301222570487,-58.546100770546914,81.80217277429513,39.649399999999986,0.0012988289999999996,4.697649204679423,-0.14803970889644624,143.73385636739724,-83.95532780864042,31.399028643165668,79.39647493337692,0,0,1,1,0,0,2,0,0,1,1
3593000.0,101,-61.232654,-144.333615,-52.797068,2.695734,102,-61.233506,-144.331042,-141.460339,8.77187,165.866759,3,-1,1,7,124.5317327717002,-55.4705226806948,177.3288007717002,85.9898163193052,88.66327099999998,0.001416036,3.3182187942396513,8.49110371556424,136.64308668299338,-94.02365980383894,-6.7156531708308815,163.17734840583714,1,1,2,1,0,2,2,0,1,0,1
3594000.0,101,-61.232702,-144.333695,-138.330933,5.600486,102,-61.233513,-144.331084,-135.749253,6.388496,166.197486,3,-1,1,7,122.8403508431361,-57.16193792016761,-98.82871615686395,78.5873150798324,2.5816799999999773,-0.0023833739999999997,0.7345360165980743,0.392486508898811,139.63661721187364,-90.12890483271651,88.28729569591503,145.47568848295094,0,1,1,1,1,2,2,1,0,1,1
3595000.0,101,-61.232785,-144.333757,-157.957624,9.150382,102,-61.233527,-144.331121,-133.116858,5.039761,166.499743,3,-1,1,7,120.32505537602226,-59.67725530289429,-81.71732062397774,73.43960269710573,24.840766000000002,-0.0013487349999999996,0.24476269474720347,-5.036929855459721,143.718388812975,-84.06657561759364,32.27070005931345,156.86268045827597,0,0,1,1,0,2,2,0,0,0,1
3596000.0,101,-61.232838,-144.333816,-152.726736,7.064905,102,-61.233572,-144.331178,-139.184027,5.329369,166.760402,3,-1,1,7,120.03630135524705,-59.96601107789793,-87.23696264475296,79.21801592210205,13.542709000000002,0.0002896079999999994,0.24605839625965098,-2.2461726590005755,144.3658876191302,-83.47168482271259,74.07047945865921,150.94479144075137,0,0,1,1,1,2,2,1,0,1,1
3597000.0,101,-61.232846,-144.333862,-123.647913,3.246312,102,-61.233613,-144.331227,-142.927089,5.32114,166.95081,3,-1,1,7,121.16883027113984,-58.833479532837494,-115.18325672886016,84.09360946716251,19.27917599999998,-8.229000000000043e-06,0.5053282521755817,2.4468306940353264,142.85078404569964,-86.40732872381245,-32.336156692794624,159.35781679326132,0,1,1,1,1,2,2,0,1,0,1
3598000.0,101,-61.232881,-144.333924,-138.533715,4.716343,102,-61.23357,-144.331191,-117.606041,1.777093,166.978268,3,-1,1,7,117.64931974900576,-62.353075960258046,-103.81696525099426,55.25296503974196,20.927673999999996,-0.003544047,-1.5482849661312232,-2.7106842288713677,147.9100927533291,-77.48771803312707,-3.114084330943746,166.90759200332897,0,1,1,1,0,2,2,0,1,0,1
3599000.0,101,-61.232896,-144.333975,-124.591218,3.451074,102,-61.233572,-144.33119,-119.159888,1.217442,167.078826,3,-1,1,7,116.76653257681977,-63.23590871512046,-118.64224942318023,55.923979284879536,5.431330000000003,-0.0005596510000000001,-1.7778573056375877,-1.366038663781335,149.17616794126843,-75.24496671470295,-34.94933174875347,150.67184888522837,0,1,1,1,1,2,2,1,1,1,1
3600000.0,101,-61.232942,-144.333905,158.428416,5.052255,102,-61.233559,-144.331176,-72.895296,0.527537,167.195068,3,-1,1,7,115.16545311994254,-64.83693908342566,-43.26296288005746,8.05835691657434,128.676288,-0.0006899049999999999,2.3617326039000126,-4.853548271040521,151.32551647083585,-71.0969677859711,-999,5523.399915813128,0,0,1,0,0,2,2,0,1,0,0
3601000.0,101,-61.233002,-144.33401,-150.904295,7.222914,102,-61.233497,-144.331134,8.025274,2.735461,167.565995,3,-1,1,7,109.68050766908904,-70.32201339249544,-99.41519733091098,-78.34728739249543,158.92956900000001,0.0022079239999999996,-3.8941829813261695,-9.020116412481483,157.77765621313048,-56.43202885092142,-999,9805.69780022628,0,1,1,1,1,2,2,0,1,0,0
3602000.0,101,-61.233055,-144.334067,-152.186041,6.781183,102,-61.23342,-144.331093,10.915922,5.054201,168.02241,3,-1,1,7,104.30828534074446,-75.6943216259539,-103.50567365925554,-86.6102436259539,163.101963,0.00231874,-4.121220001389848,-10.96048570240767,162.81035544982566,-41.524913251077656,-999,11680.735418402624,0,1,1,1,1,2,2,0,1,0,0
3603000.0,101,-61.233041,-144.334105,-81.86214,2.409414,102,-61.23342,-144.331087,13.932353,3.142282,168.809924,3,-1,1,7,104.62638673092263,-75.37625880543087,-173.51147326907738,-89.30861180543087,95.79449299999999,-0.0019119190000000002,-3.1417385274846317,-2.708772654556708,163.33929758859182,-42.6270372434118,-33.711332555120826,145.73503215410125,0,1,2,1,1,2,2,1,1,1,1
3604000.0,101,-61.233102,-144.334186,-146.109949,6.802216,102,-61.233527,-144.331147,-168.851161,2.619935,169.714265,3,-1,1,7,106.20509865641127,-73.79756529031138,-107.68495234358875,95.05359570968861,22.74121199999999,-0.0005223469999999999,-3.28633596003723,-3.0760894299933197,162.97132291493992,-47.36327323828672,-16.645891498340468,146.41506683340927,0,1,1,1,0,2,2,1,1,0,1
3605000.0,101,-61.233173,-144.334176,-174.932621,7.530567,102,-61.233542,-144.33116,-165.78649,2.322252,170.58833,3,-1,1,7,104.26555025780814,-75.73709352856933,-80.80182874219184,90.04939647143065,9.146131000000025,-0.0002976829999999997,-0.09495744824235564,-5.249971878426131,165.3280797230592,-42.035751299039354,7.730859580543762,166.06850364780897,0,0,1,1,0,2,2,1,0,0,1
3606000.0,101,-61.233193,-144.334284,-125.175091,5.327098,102,-61.233601,-144.331198,-165.118669,4.001484,171.38699,3,-1,1,7,105.36301526950102,-74.6396898790146,-129.46189373049899,90.47897912098541,39.943578,0.0016792319999999995,-3.326692798588999,0.7984547676211982,165.26275377361154,-45.40619513263302,-58.346929413993294,28.863735113536933,0,1,1,1,1,2,2,0,1,1,1
3607000.0,101,-61.233241,-144.334324,-150.792654,5.715019,102,-61.233662,-144.331241,-163.853982,5.147877,172.068925,3,-1,1,7,105.84296086318152,-74.15974165705795,-103.3643851368185,89.69424034294205,13.061328000000003,0.0011463930000000008,-1.3572131175311672,-0.043584014988037545,165.53263996770434,-46.975100382841106,-119.31567835141306,52.2991193448455,0,1,1,1,0,2,2,1,1,0,1
3608000.0,101,-61.233217,-144.334358,-56.386533,2.520097,102,-61.233712,-144.331281,-162.296146,5.468016,172.608085,3,-1,1,7,108.48525796108635,-71.51743929987936,164.87179096108633,90.77870670012064,105.90961300000001,0.00032013900000000015,-0.4359064376764281,6.604150095877761,163.70241666260702,-54.727230755716285,-23.098532191088395,182.13136492153876,1,1,2,1,0,2,2,0,1,0,1
3609000.0,101,-61.23331,-144.334404,-164.284671,8.760914,102,-61.233766,-144.331329,-160.523062,5.848883,173.004624,3,-1,1,7,107.12785305986527,-72.87484244997225,-88.58747594013471,87.64821955002776,3.761608999999993,0.0003808669999999994,-0.4227856922557094,-2.9192398335987866,165.33186213506764,-50.95071430639968,9.622290294104094,170.93563814745548,0,0,1,1,1,2,2,1,0,1,1
3610000.0,101,-61.233323,-144.33443,-147.517379,3.049855,102,-61.233857,-144.331404,-160.285943,7.679093,173.303021,3,-1,1,7,110.13930636179123,-69.86334619642584,-102.34331463820877,90.42259680357417,12.768563999999998,0.00183021,0.9524538745559197,4.656286019625392,162.70697480071036,-59.668898422272314,-5.795816872640887,171.37241987039786,0,1,1,1,1,2,2,0,1,0,1
3611000.0,101,-61.233361,-144.334479,-149.594984,4.668365,102,-61.233949,-144.331483,-159.540079,8.930839,173.619043,3,-1,1,7,112.18822174502672,-67.81440451712247,-98.21679425497325,91.72567448287752,9.94509499999998,0.0012517460000000006,0.7590905711435578,4.341132495948787,160.76224690110035,-65.56730941212625,-9.077441806450315,169.68167723639488,0,1,1,1,0,2,2,1,1,1,1
3612000.0,101,-61.233438,-144.334546,-157.209061,8.418345,102,-61.233973,-144.331519,-156.240256,6.806445,174.177942,3,-1,1,7,110.16792157773848,-69.83473185992976,-92.62301742226151,86.40552414007023,0.9688050000000032,-0.0021243940000000004,-0.5186799093593506,-1.531526904302524,163.49843035591798,-60.05180056006983,2.8347677747305484,174.12159328039232,0,1,1,1,0,2,2,1,0,0,1
3613000.0,101,-61.233486,-144.334648,-139.880687,7.502714,102,-61.234134,-144.3317,-155.101058,11.71359,170.995401,3,-1,1,7,114.55036214968078,-65.45222204009741,-105.56895085031923,89.64883595990258,15.220371,0.004907145,0.09703512865480857,4.88747556147369,155.53680289691533,-71.04737931660046,-17.783852808282045,158.06126338280905,0,1,1,1,1,0,2,0,1,1,1
3614000.0,101,-61.233482,-144.33468,-103.485466,2.699025,102,-61.234315,-144.331958,-151.425848,16.142244,168.560081,3,-1,1,7,122.45411480348149,-57.54827127872589,-134.06041919651852,93.87757672127411,47.94038200000003,0.0044286540000000015,5.096155786625992,13.546690831220657,142.23461541628086,-90.45338625009701,-2.6922685103996025,165.0332484699572,0,1,1,1,1,0,2,0,1,0,1
3615000.0,101,-61.233536,-144.334717,-156.987886,5.553411,102,-61.234373,-144.332072,-147.385806,13.40911,169.978444,3,-1,1,7,123.32895417377267,-56.673364412080346,-79.68315982622732,90.71244158791966,9.60208,-0.0027331340000000016,5.056263701108644,6.1832639039357975,142.02205674021653,-93.39382647659242,2.1152417638168046,169.06573178913328,0,0,1,1,0,1,2,1,0,0,1
3616000.0,101,-61.233555,-144.334768,-135.517041,3.631953,102,-61.234419,-144.332173,-143.409639,11.156364,169.365765,3,-1,1,7,124.67907414803439,-55.32320060901809,-99.80388485196562,88.08643839098191,7.8925979999999925,-0.0022527460000000003,4.1052959359204095,6.366393752076764,139.27825886564287,-96.3656005086369,-0.7542654953474872,169.27630970768269,0,1,1,1,1,2,2,1,1,0,1
3617000.0,101,-61.233577,-144.334891,-114.585055,6.020391,102,-61.234465,-144.332296,-138.603079,10.028758,167.193206,3,-1,1,7,125.41710264485512,-54.585172112915465,-119.99784235514488,84.01790688708454,24.018023999999997,-0.0011276060000000002,1.1571219808068038,5.018293555886839,136.2549133570682,-96.89255244143521,-20.000406381275223,159.43570539916038,0,1,1,1,1,0,2,0,1,1,1
3618000.0,101,-61.233619,-144.334966,-134.0324,6.196058,102,-61.234505,-144.332398,-135.540456,8.955994,168.456244,3,-1,1,7,125.63942965213532,-54.3628214385272,-100.32817034786467,81.17763456147281,1.5080560000000105,-0.0010727639999999995,1.8181907134965174,2.0856342397326664,136.9043835615561,-98.15648681680628,5.961427382309124,167.69791740150657,0,1,1,1,0,1,2,1,0,0,1
3619000.0,101,-61.233661,-144.335005,-149.254428,5.330434,102,-61.234521,-144.332461,-130.869848,7.102675,168.137506,3,-1,1,7,125.0879367872627,-54.914293265792296,-85.65763521273732,75.9555547342077,18.38458,-0.0018533190000000008,2.6459680754112473,0.0663655695555434,137.58200523866057,-96.65098425990918,50.52526609842231,100.07989748431625,0,0,1,1,0,2,2,0,0,1,1
3620000.0,101,-61.233658,-144.335068,-99.495664,3.255808,102,-61.234526,-144.332487,-127.154978,5.157161,169.804738,3,-1,1,7,124.94847845045997,-55.05378403641271,-135.55585754954,72.10119396358729,27.659313999999966,-0.0019455139999999993,0.8990846317106564,2.5776658499299643,139.18342250826987,-97.27087922977294,-33.327739563170866,169.52912948839978,0,1,1,1,1,1,2,0,1,0,1
3621000.0,101,-61.233715,-144.335061,-173.181052,5.413948,102,-61.234603,-144.332597,-137.783824,6.968996,169.205596,3,-1,1,7,126.83028484498308,-53.17187508213516,-59.98866315501692,84.61194891786485,35.397227999999984,0.0018118349999999995,4.039864742699636,-0.2143088997330418,135.43463503208315,-101.42974589064914,35.3916821454138,94.1476459954104,0,0,1,1,0,2,2,0,0,1,1
3622000.0,101,-61.233763,-144.33518,-138.482124,7.206874,102,-61.234629,-144.332671,-134.180814,6.207658,166.235316,3,-1,1,7,125.65067338300204,-54.35152599159685,-95.86720261699793,79.82928800840315,4.301310000000001,-0.0007613379999999994,-0.32531818964189174,-1.0698672904341437,135.0804245653622,-96.88890124705384,70.1805499264592,159.40978693789188,0,1,1,1,1,0,2,1,0,0,1
3623000.0,101,-61.23381,-144.335263,-138.882693,6.878536,102,-61.234665,-144.332765,-132.057692,6.253312,165.657201,3,-1,1,7,125.42335752590294,-54.57883220696301,-95.69394947409705,77.478859793037,6.825000999999986,4.565399999999986e-05,0.11955607104184907,-0.9930872371856436,134.99265741944276,-96.01713745988971,259.15094526663177,191.9618484481437,0,1,1,1,2,2,2,0,0,0,1
3624000.0,101,-61.233827,-144.335297,-133.280114,3.553634,102,-61.234719,-144.332869,-134.594932,6.931708,165.941674,3,-1,1,7,127.35993317521896,-52.64219519674379,-99.35995282478103,81.95273680325622,1.3148180000000025,0.0006783960000000003,2.348903396750343,2.430433701011276,131.8969412652307,-100.69675295062177,5.7683467914126885,164.82112963205515,0,1,1,1,1,2,2,1,0,1,1
3625000.0,101,-61.233868,-144.335377,-137.784095,5.713268,102,-61.234785,-144.33298,-137.787365,7.848335,166.207203,3,-1,1,7,128.4846419853219,-51.51745921324269,-93.73126301467812,86.2699057867573,0.0032699999999863394,0.0009166269999999992,1.434275722663326,1.5815702298416046,130.10284208019903,-103.43154650172258,5.050079229998957,165.85715215878204,0,1,1,1,0,2,2,1,0,0,1
3626000.0,101,-61.233873,-144.335386,-129.865888,1.836457,102,-61.234814,-144.333035,-136.919555,6.648576,166.433622,3,-1,1,7,129.7525674136178,-50.2494934619116,-100.38154458638218,86.6700615380884,7.05366699999999,-0.0011997589999999995,3.131573596191009,3.678933893067146,127.95636188157354,-106.42988295620117,0.40269806280016274,166.42283880334412,0,1,1,1,1,2,2,0,0,0,1
3627000.0,101,-61.233927,-144.335492,-139.303702,6.902684,102,-61.23489,-144.333151,-140.732866,8.019187,166.590244,3,-1,1,7,130.52550469122804,-49.476547419586,-90.17079330877198,91.256318580414,1.4291640000000143,0.0013706110000000003,0.5747481026074297,0.975029283657439,126.62804225169798,-108.24808687215555,-27.929758954515293,164.0771501823847,0,1,1,1,0,2,2,1,1,1,1
3628000.0,101,-61.233979,-144.335469,-176.289534,5.682477,102,-61.234883,-144.333144,-136.734213,4.882539,166.694293,3,-1,1,7,128.93820742338602,-51.0638306622557,-54.77225857661398,85.67038233774431,39.55532099999999,-0.003136648,2.9786732469378387,-2.1151877221621636,129.65885864533857,-104.76434361727256,60.15162259288523,54.372313104318934,0,0,1,1,0,2,2,0,0,1,1
3629000.0,101,-61.234013,-144.335597,-129.403129,6.547471,102,-61.234747,-144.333002,2.155928,3.526367,166.739971,3,-1,1,7,120.4469071063785,-59.555367659143265,-110.14996389362148,-61.71129565914327,131.55905700000002,-0.0013561720000000003,-5.191882673353563,-7.680026781966558,143.74637872296532,-84.49376623819454,-25.836147848780616,283.07917780019744,0,1,1,1,1,2,2,0,1,0,0
3630000.0,101,-61.234048,-144.335657,-136.046668,5.391039,102,-61.234729,-144.332965,13.766297,3.025629,166.700238,3,-1,1,7,117.7311892844793,-62.271170511052446,-106.2221427155207,-76.03746751105244,149.81296500000002,-0.0005007380000000001,-4.461755698557408,-6.81975397963317,147.55312453957725,-77.56961252877737,-30.511004937008842,285.87537000846515,0,1,1,1,0,2,2,0,1,0,0
3631000.0,101,-61.234039,-144.335751,-87.835431,4.669494,102,-61.23483,-144.333068,-152.960907,2.740414,167.020459,3,-1,1,7,121.49450966200942,-58.50784224512508,-150.67005933799058,94.4530647548749,65.12547600000002,-0.000285215,-3.4203745218173216,2.6172434996217473,142.4167133639246,-87.25430349953187,-99.34592274114199,262.3083108314891,0,1,1,1,1,2,2,1,1,1,0
3632000.0,101,-61.234053,-144.335808,-110.109298,3.753409,102,-61.23484,-144.33307,-155.021335,2.108181,167.502077,3,-1,1,7,120.85101494327034,-59.15138517700568,-129.03968705672966,95.86994982299431,44.912037,-0.0006322329999999998,-2.634351183333723,0.6205251045025963,143.801143555045,-85.89631488937853,-71.84825877021781,61.436762300364514,0,1,1,1,0,2,2,1,1,1,1
3633000.0,101,-61.234119,-144.335882,-148.805208,7.377708,102,-61.234734,-144.332982,15.319964,3.330824,168.025455,3,-1,1,7,113.78358128738387,-66.21896084092933,-97.41121071261614,-81.53892484092933,164.12517200000002,0.0012226429999999996,-4.701312464342696,-9.52343966983666,153.7559386784992,-67.76182442238856,-999,10604.059969176598,0,1,1,1,0,2,2,0,1,0,0
3634000.0,101,-61.234151,-144.335901,-155.648736,4.423659,102,-61.234752,-144.332984,23.865009,1.384778,168.587195,3,-1,1,7,113.17910412093492,-66.82345291013611,-91.17215987906508,-90.68846191013611,179.513745,-0.0019460459999999997,-2.384263636959335,-5.296488089834226,154.9786595162247,-66.35704493512443,-999,5801.931944679105,0,1,1,1,0,2,2,0,1,1,0
3635000.0,101,-61.234197,-144.335918,-166.760201,5.150702,102,-61.234756,-144.332977,38.313243,0.807123,169.289115,3,-1,1,7,111.55397213786026,-68.4486059321409,-81.68582686213972,-106.7618489321409,154.926556,-0.000577655,-1.680034569998387,-5.647092018561665,157.4510512390812,-62.19301344356496,-999,5902.9342837841705,0,0,1,1,0,2,2,1,1,0,0
3636000.0,101,-61.234262,-144.335934,-172.020121,6.938256,102,-61.234738,-144.332971,21.272358,1.227202,168.986566,3,-1,1,7,108.46189132721072,-71.54070602859905,-79.51798767278927,-92.81306402859904,166.707521,0.00042007899999999985,-1.4084366661238565,-8.014660319522031,160.28958648091339,-53.51362400594963,-999,8156.011581317377,0,0,1,1,0,2,2,0,1,0,0
3637000.0,101,-61.23427,-144.336004,-122.049797,3.485489,102,-61.234734,-144.332994,-5.652949,0.89267,167.793989,3,-1,1,7,107.76332759042374,-72.23931096537417,-130.18687540957626,-66.58636196537418,116.39684800000003,-0.00033453199999999996,-2.8663256029821973,-2.737924835322996,159.79438696438612,-51.19156804795249,-276.066853115013,1024.7500837813634,0,1,1,1,1,0,2,1,1,1,0
3638000.0,101,-61.234316,-144.336061,-146.32538,5.492221,102,-61.234865,-144.333122,-155.930116,5.435762,169.059173,3,-1,1,7,111.21614105498946,-68.78643526466725,-102.45847894501054,87.14368073533275,9.604736000000003,0.004543092,-0.8283251129297309,0.3924900035974641,157.60066166029807,-61.18035158186148,-232.106399913262,45.78636461082526,0,1,1,1,0,1,2,1,1,1,1
3639000.0,101,-61.234346,-144.33604,-179.338144,3.549998,102,-61.234958,-144.333229,-154.492812,7.740706,168.883122,3,-1,1,7,114.34427133677325,-65.65819277986441,-66.31758466322674,88.83461922013558,24.845332000000013,0.0023049439999999997,3.2923291830991963,3.4364680506949616,153.866885192477,-69.61674035483117,11.215538118505096,159.29100958517046,0,0,1,1,0,2,2,0,0,0,1
3640000.0,101,-61.234382,-144.336163,-129.756023,6.197758,102,-61.235043,-144.333328,-153.421266,8.848512,170.109942,3,-1,1,7,115.85187235990301,-64.1506127964489,-114.39210464009699,89.2706532035511,23.665243000000004,0.0011078059999999992,-0.8056142028224369,3.9498154122413323,153.08608218947978,-74.17576293587548,-41.57875525103077,149.7035820246549,0,1,1,1,1,1,2,1,1,1,1
3641000.0,101,-61.234411,-144.336287,-118.751762,6.949476,102,-61.23512,-144.333428,-151.648734,9.280373,169.275001,3,-1,1,7,117.26473245234034,-62.73777374367944,-123.98350554765966,88.91096025632055,32.896972000000005,0.0004318610000000014,-1.6856638675857623,4.824411022610711,150.46844328092251,-77.54529992311468,-49.28227732954832,173.8108026298502,0,1,1,1,1,2,2,0,1,0,1
3642000.0,101,-61.234456,-144.336386,-130.570018,7.291089,102,-61.235124,-144.333499,-141.453312,6.763855,166.290708,3,-1,1,7,115.680553965307,-64.32197677604388,-113.74942803469298,77.13133522395613,10.883294000000006,-0.0025165180000000006,-1.3234860725861575,0.5480600636031054,149.86520232900858,-72.06261650832964,-155.8964322803912,58.0248034507117,0,1,1,1,0,0,2,1,1,1,1
3643000.0,101,-61.234454,-144.336453,-97.687707,4.211949,102,-61.235187,-144.333604,-141.763444,7.55244,167.718886,3,-1,1,7,118.13229185807536,-61.87020557337083,-144.18000114192463,79.89323842662915,44.075737000000004,0.0007885849999999994,0.5001864192477878,5.368708519605745,147.90478880293492,-79.0809595935723,-24.453406684506817,168.4298963472904,0,1,1,1,1,1,2,0,1,0,1
3644000.0,101,-61.2345,-144.336485,-151.431242,5.002547,102,-61.235196,-144.333654,-135.038016,5.731352,167.263085,3,-1,1,7,117.06315539819282,-62.93932625513788,-91.5056026018072,72.09868974486213,16.393226,-0.0018210879999999996,1.657704774792217,-0.33809026515921836,148.94870768704862,-76.10007938284535,105.93633348338193,48.30828351105089,0,1,1,1,0,2,2,1,0,1,1
3645000.0,101,-61.234528,-144.336455,172.007363,3.349817,102,-61.23529,-144.333809,-140.327149,8.421716,165.098288,3,-1,1,7,120.89921597682888,-59.1031035068861,-51.108147023171114,81.22404549311389,47.66548800000007,0.0026903639999999998,5.842228349472061,3.164936149787361,141.66620709137715,-84.78284301009249,12.031603876215755,142.0896273852738,0,0,1,1,0,0,2,0,0,0,1
3646000.0,101,-61.234559,-144.336586,-125.203638,6.000028,102,-61.23536,-144.333925,-140.951634,8.964906,166.416266,3,-1,1,7,122.0281926919563,-57.974139941911616,-112.7681693080437,82.9774940580884,15.747996,0.0005431899999999992,0.7450046823413761,3.503354170296173,141.08558749569283,-88.25661782766184,-23.67094893382104,158.80998661148732,0,1,1,1,1,1,2,1,1,0,1
3647000.0,101,-61.234555,-144.336606,-94.909786,2.174525,102,-61.235354,-144.333953,-133.293907,5.973533,166.234153,3,-1,1,7,122.0413479432696,-57.96097767770291,-143.0488660567304,75.33292932229708,38.38412099999999,-0.0029913729999999994,2.1812642216349203,3.910184948533863,140.91094894241243,-88.1923924824372,-2.508255053730279,166.04781670705722,0,1,1,1,1,2,2,0,1,0,1
3648000.0,101,-61.234633,-144.336652,-161.865937,7.642717,102,-61.235428,-144.334047,-140.984783,7.26161,167.959686,3,-1,1,7,122.38350303023967,-57.61878051540259,-75.75055996976033,83.3660024845974,20.88115400000001,0.0012880770000000003,2.1926474248773893,-1.6209928551234922,141.83895997189398,-89.9564647777471,86.39328391845217,69.09094568300117,0,0,1,1,0,1,2,1,0,1,1
3649000.0,101,-61.234706,-144.336634,179.769563,7.975375,102,-61.235482,-144.334114,-143.677058,7.199201,167.74369,3,-1,1,7,122.61677701636458,-57.38543201957376,-57.152785983635425,86.29162598042623,36.55337899999995,-6.240899999999972e-05,4.2964206913217735,-2.174977837443773,141.28960446748533,-90.41677501568856,40.55094429306861,33.00900613925063,0,0,1,1,0,2,2,0,0,1,1
3650000.0,101,-61.234747,-144.336737,-142.269316,6.500129,102,-61.235594,-144.334286,-144.954579,10.156546,164.758898,3,-1,1,7,125.68416500004457,-54.317983552085416,-92.04651899995542,90.63659544791457,2.685262999999992,0.002957345,1.8543907085002007,3.17420908591971,133.82455335057364,-96.1066251134326,-4.396924440072891,164.03170812628227,0,1,1,1,1,0,2,1,1,0,1
3651000.0,101,-61.234761,-144.336796,-122.145468,4.01987,102,-61.235633,-144.334373,-141.21039,8.732731,164.204865,3,-1,1,7,126.79261995229648,-53.20950405539217,-111.06191204770352,88.00088594460782,19.064921999999996,-0.0014238150000000012,2.067104538915206,4.667886095871144,131.49665528171792,-98.34565236648376,-8.74171949665271,160.25319041778792,0,1,1,1,1,2,2,0,1,1,1
3652000.0,101,-61.234764,-144.336874,-99.812341,4.001293,102,-61.235695,-144.334485,-140.549236,8.882788,164.560045,3,-1,1,7,129.00268438397075,-50.99940981989373,-131.18497461602925,89.54982618010628,40.736895000000004,0.00015005700000000034,1.7014969530925734,6.177123073438863,127.88232227746605,-103.56698344223578,-16.1258073877351,155.3707029038141,0,1,1,1,1,2,2,0,1,1,1
3653000.0,101,-61.234794,-144.336946,-126.618752,4.843522,102,-61.23564,-144.334441,-122.237577,3.649815,164.9133,3,-1,1,7,125.06290562978243,-54.93929025976236,-108.31834237021758,67.29828674023764,4.381175000000013,-0.005232972999999999,-0.8003464556396542,-0.9421758342678945,134.9851336665003,-94.73864156682342,-15.134618001990042,164.25031237808707,0,1,1,1,0,2,2,1,1,0,1
3654000.0,101,-61.234833,-144.336977,-150.832884,4.720012,102,-61.23561,-144.334412,-88.43204,1.616108,165.112506,3,-1,1,7,122.19147120950629,-57.810777276359076,-86.97564479049367,30.621262723640925,62.40084399999998,-0.0020337069999999996,-0.6848354567042385,-4.165744596891489,139.73016965155168,-87.96373870378989,2350.2220756498255,9858.884974180148,0,0,1,1,0,2,2,0,0,0,0
3655000.0,101,-61.234904,-144.337062,-151.586305,8.284368,102,-61.235628,-144.334426,-117.306825,1.516138,165.247121,3,-1,1,7,119.7172187579028,-60.28509196770939,-88.69647624209722,57.02173303229061,34.27948000000001,-9.997000000000012e-05,-2.594804191966091,-6.59085397340469,143.5142456507288,-81.916251709236,6.158931756758373,164.76178784208403,0,0,1,1,1,2,2,1,0,1,1
3656000.0,101,-61.234924,-144.337062,-160.11363,3.280389,102,-61.235651,-144.334446,-138.569036,1.917169,165.313551,3,-1,1,7,120.00795386017036,-59.994339333910354,-79.87841613982965,78.57469666608966,21.54459399999999,0.00040103099999999994,0.15278006869100458,-1.6473720572994281,143.15425887614043,-82.67664912085252,92.59656332520836,146.71033539877138,0,0,1,1,0,2,2,1,0,1,1
3657000.0,101,-61.234936,-144.33713,-118.776607,3.315242,102,-61.23566,-144.334453,-141.907819,1.5768,165.320993,3,-1,1,7,119.33805474637106,-60.664291920698965,-121.88533825362896,81.24352707930103,23.131211999999977,-0.0003403689999999999,-1.9330477275239006,-0.35497183865732596,144.11759062645373,-81.00093084978676,-59.1693338115928,106.25152787292402,0,1,1,1,1,2,2,0,1,1,1
3658000.0,101,-61.234973,-144.337202,-135.649159,5.151958,102,-61.235635,-144.334431,-45.150426,0.409713,165.245544,3,-1,1,7,116.4037367169474,-63.59869235082991,-107.9471042830526,-18.448266350829904,90.49873300000002,-0.001167087,-3.3110061708761496,-3.972973839015049,148.00758494599847,-73.48363498296052,-999,5130.819285037306,0,1,1,0,0,2,2,0,1,0,0
3659000.0,101,-61.235049,-144.337266,-155.661117,8.471739,102,-61.23564,-144.334437,-97.851588,0.313536,165.533455,3,-1,1,7,113.46822459659361,-66.53425531514127,-90.87065840340642,31.31733268485874,57.809529,-9.617700000000001e-05,-3.180884628664558,-7.675971624590875,151.8407053459542,-65.92211255929332,1.2332720445471406,165.67899326477283,0,1,1,1,0,2,2,1,0,1,1
3660000.0,101,-61.235119,-144.337234,178.07164,7.742323,102,-61.235691,-144.334483,-155.669794,2.410992,165.986925,3,-1,1,7,113.3696411108044,-66.63277042746837,-64.70199888919561,89.03702357253162,26.258566000000002,0.0020974559999999997,1.2538443585354866,-5.541075743495393,152.37017609573678,-65.84063112933985,19.51144673561705,134.71072925513795,0,0,1,1,0,2,2,1,0,1,1
3661000.0,101,-61.235118,-144.337332,-107.867198,3.904634,102,-61.235741,-144.33453,-156.863578,3.745551,166.604698,3,-1,1,7,114.8002626129556,-65.20219363269571,-137.3325393870444,91.66138436730428,48.99637999999999,0.0013345590000000001,-2.2446058593854,2.2463157881341003,151.23967235603388,-69.88338072325013,-105.41208681394608,187.4707506071381,0,1,1,1,1,2,2,0,1,0,1
3662000.0,101,-61.23516,-144.337418,-133.443155,5.989723,102,-61.235645,-144.334477,-3.17632,1.891913,167.37886,3,-1,1,7,108.91771675983593,-71.0848613331322,-117.6391282401641,-67.90854133313219,130.26683500000001,-0.001853638,-4.2440513044583605,-6.007747145046874,158.33791652263142,-54.26589136991858,-999,7302.985143730519,0,1,1,1,0,2,2,0,1,0,0
3663000.0,101,-61.235219,-144.337489,-147.200862,7.328979,102,-61.235685,-144.334497,-139.018374,0.636339,168.313477,3,-1,1,7,107.93598180489018,-72.06664099611696,-104.86315619510981,66.95173300388304,8.182488000000006,-0.001255574,-3.5527534990213137,-5.6801697206668855,160.13364331934199,-51.83283531800369,-6.643082047769575,163.28896849930564,0,1,1,1,0,2,2,1,1,1,1
3664000.0,101,-61.235215,-144.337551,-100.064336,3.558415,102,-61.235767,-144.33455,-162.630855,3.929445,169.225161,3,-1,1,7,110.9202422008581,-69.08238849051735,-149.0154217991419,93.54846650948265,62.56651899999997,0.003293106,-2.330613715852465,3.128420299058811,158.0695647438701,-60.4248940186028,-85.24009568347813,210.19863696782792,0,1,1,1,1,2,2,0,1,0,0
3665000.0,101,-61.235242,-144.337552,-158.16911,2.82749,102,-61.235814,-144.334579,-163.239329,4.501115,170.080135,3,-1,1,7,111.79390221850937,-68.20870392877318,-90.03698778149067,95.03062507122682,5.070219000000009,0.0005716700000000006,0.24655319676534493,1.6851792448839493,157.9237160201931,-63.14548471578656,-24.435628388168904,165.4135106774318,0,1,1,1,0,2,2,1,1,1,1
3666000.0,101,-61.235322,-144.337601,-164.737654,8.202779,102,-61.235833,-144.334592,-162.349586,3.667329,170.858531,3,-1,1,7,109.43979034638592,-70.56284735997185,-85.82255565361407,91.78673864002813,2.388068000000004,-0.0008337860000000003,-1.0473269142865256,-4.418785378336881,161.1181857860219,-56.8644689107257,4.0866562870466145,169.88972601100414,0,0,1,1,0,2,2,1,0,0,1
3667000.0,101,-61.235362,-144.337588,-178.366819,5.051105,102,-61.235926,-144.33466,-162.525815,6.369497,171.567727,3,-1,1,7,111.81701842186138,-68.18554828110126,-69.81616257813863,94.34026671889873,15.841003999999998,0.002702168,1.7686483487059852,1.0265064839822546,159.27927081462707,-63.76204856109327,48.9379469991863,135.21951282506538,0,0,1,1,0,2,2,0,0,1,1
3668000.0,101,-61.23539,-144.337656,-142.247602,4.335479,102,-61.236016,-144.334732,-161.564015,7.95633,172.259948,3,-1,1,7,113.9856682783696,-66.01689491957744,-103.76672972163038,95.54712008042257,19.31641300000001,0.0015868330000000004,-0.13824966633991131,4.120084931255407,157.38481372398573,-70.02506761174185,-21.893484307525817,155.67130811875234,0,1,1,1,1,2,2,0,1,0,1
3669000.0,101,-61.235427,-144.337655,-169.964691,4.06563,102,-61.236007,-144.33473,-158.681979,4.649688,173.057719,3,-1,1,7,112.3963210636153,-67.60624301127515,-77.6389879363847,91.07573598872486,11.282711999999975,-0.0033066420000000003,0.9819108318079042,0.32811395786185926,160.00406179591909,-65.93689645631395,118.55953803764582,113.53857609891215,0,0,1,1,0,2,2,1,0,1,1
3670000.0,101,-61.235461,-144.337825,-119.086389,7.730601,102,-61.236196,-144.334937,-156.258207,11.56868,170.598631,3,-1,1,7,117.87486079395786,-62.12767084930554,-123.03875020604215,94.13053615069447,37.171818,0.0069189920000000005,-2.0979465879201307,6.831552852956331,150.80421767219534,-79.76202624903213,-30.324121573755548,154.37560220664673,0,1,1,1,1,0,2,0,1,0,1
3671000.0,101,-61.235517,-144.337858,-151.685383,6.718159,102,-61.236243,-144.335034,-150.697906,9.872044,168.860405,3,-1,1,7,118.11445853243632,-61.88801700905958,-90.20015846756371,88.80988899094041,0.9874770000000126,-0.0016966359999999998,1.6450108156296972,2.6945555320198675,148.93622447230953,-79.57284346243917,3.0234418677908885,168.58226559349734,0,1,1,1,0,0,2,1,0,0,1
3672000.0,101,-61.23549,-144.337852,-22.024945,1.694935,102,-61.236387,-144.335245,-148.876624,13.294448,170.184784,3,-1,1,7,125.56692266838205,-54.435362650503606,147.59186766838204,94.44126134949639,126.85167899999999,0.0034224039999999982,6.236051321558461,12.95203540280903,138.43454738182803,-98.9885690184229,-2.5004101701582675,167.81052008825557,1,1,1,1,0,1,2,0,1,1,1
3673000.0,101,-61.235545,-144.337941,-143.046959,6.040724,102,-61.236528,-144.335471,-146.840056,15.576862,169.745186,3,-1,1,7,129.593337377908,-50.40882784757902,-87.35970362209201,96.43122815242099,3.7930970000000173,0.002282414000000001,4.8887591244693365,8.212807369064485,130.80349478956518,-108.18444398808356,-2.7835905595712678,167.7344382353036,0,0,1,1,1,2,2,1,1,1,1
3674000.0,101,-61.235597,-144.337996,-150.781902,6.451188,102,-61.236535,-144.335497,-143.166433,10.49569,171.363206,3,-1,1,7,127.95625922868328,-52.0459314191281,-81.26183877131672,91.12050158087192,7.61546899999999,-0.005081172,3.1430355645021075,2.770153414805578,135.11655191908008,-105.3986042037416,7.041573797470365,168.42430877611585,0,0,1,1,0,1,2,0,0,0,1
3675000.0,101,-61.23564,-144.338073,-142.231083,6.297455,102,-61.236528,-144.335506,-138.064467,6.662735,170.619102,3,-1,1,7,125.71294935877172,-54.28930089888874,-92.05596764122828,83.77516610111127,4.166616000000005,-0.0038329550000000003,0.5956114344080503,-0.021668677634863798,138.53445637725855,-99.59459003150648,242.70363992475475,94.52757645202514,0,1,1,1,1,2,2,1,0,1,1
3676000.0,101,-61.235684,-144.338068,-169.640967,5.005922,102,-61.23653,-144.33555,-130.283516,4.976464,167.708133,3,-1,1,7,124.92434201320262,-55.07786529089833,-65.43469098679736,75.20565070910166,39.357451,-0.0016862709999999996,2.896173304529236,-1.706692948447265,137.50536178115507,-96.01194381835703,66.75539922780638,58.63499707342667,0,0,1,1,0,0,2,0,0,1,1
3677000.0,101,-61.235704,-144.338155,-126.036196,4.421023,102,-61.236586,-144.335668,-133.297003,6.325242,167.101854,3,-1,1,7,126.39124214799335,-53.61093798210871,-107.57256185200663,79.68606501789128,7.260806999999971,0.0013487780000000003,1.0285253348644137,1.736855123074632,134.51440139186604,-99.14083633107633,-10.174981298284735,166.30149532243638,0,1,1,1,1,2,2,1,1,0,1
3678000.0,101,-61.235715,-144.338279,-104.03927,5.992971,102,-61.236604,-144.33572,-130.714574,5.324958,167.415536,3,-1,1,7,125.82841314586594,-54.17383010059143,-130.13231685413405,76.54074389940857,26.67530400000001,-0.0010002840000000006,-1.7778089681589258,2.019607297253521,135.7361030194675,-97.99832667579486,-192.59592472669064,356.8933791197538,0,1,1,1,1,2,2,0,1,0,0
3679000.0,101,-61.235782,-144.338322,-153.049915,7.27407,102,-61.236641,-144.335779,-134.419325,5.259205,167.687618,3,-1,1,7,125.0689959017967,-54.93323331994051,-81.88108909820329,79.48609168005947,18.630590000000012,-6.575299999999995e-05,0.4596058924621871,-2.8031782229901907,137.2457330131185,-96.34700825768134,80.00278265824973,162.6581786458822,0,0,1,1,0,2,2,1,0,1,1
3680000.0,101,-61.235832,-144.338394,-147.551143,6.865945,102,-61.236646,-144.33579,-132.522198,3.736988,167.914542,3,-1,1,7,123.00964208105624,-56.992640614548094,-89.43921491894378,75.52955738545191,15.028944999999993,-0.0015222169999999995,-0.9296810262935811,-3.2682301371877522,140.809592077541,-91.47651170670134,21.612669719156305,162.2466319364986,0,0,1,1,1,2,2,1,0,1,1
3681000.0,101,-61.235861,-144.338437,-143.000752,4.507273,102,-61.236599,-144.335742,-70.921859,1.140876,168.086953,3,-1,1,7,119.64447103199078,-60.35789143504084,-97.35477696800922,10.563967564959157,72.07889300000002,-0.0025961120000000002,-1.6342854787765086,-3.972607597388037,146.08626801427621,-83.13859552870296,-999,4315.8712288221295,0,1,1,0,1,2,2,0,1,0,0
3682000.0,101,-61.235856,-144.338459,-94.760237,1.623205,102,-61.236584,-144.33572,-22.714117,0.956352,168.215686,3,-1,1,7,118.91525031864411,-61.08715071888441,-146.32451268135588,-38.37303371888441,72.04612000000003,-0.000184524,-1.2483266795523305,-1.0168839029049754,147.24522243156613,-81.33487251806088,-108.38555086556163,191.92245371469858,0,1,1,1,1,2,2,1,1,1,1
3683000.0,101,-61.235909,-144.338462,-173.311929,5.008808,102,-61.236538,-144.335673,12.422887,2.551399,168.281407,3,-1,1,7,115.11279379462768,-64.88965107371124,-71.57527720537234,-77.31253807371124,174.265184,0.001595047,-1.1322164408523503,-7.466384280016983,152.3744480309039,-71.41890176400793,-999,7593.671385448554,0,0,1,1,0,2,2,0,1,0,0
3684000.0,101,-61.235958,-144.338534,-151.52974,6.139832,102,-61.236595,-144.335718,-155.675554,0.939064,168.379243,3,-1,1,7,115.17904725841831,-64.82342127965462,-93.29121274158172,90.85213272034538,4.145814000000001,-0.001612335,-2.5400700363780895,-4.541608333459981,152.38030145436346,-71.63667497818676,-2.2059296250713825,167.96152930015666,0,1,1,1,1,2,2,1,1,1,1
3685000.0,101,-61.235939,-144.338645,-79.460311,5.174781,102,-61.236572,-144.335699,7.481502,0.439441,168.85082,3,-1,1,7,114.0632674271013,-65.93931507002634,-166.4764215728987,-73.42081707002635,86.94181299999997,-0.000499623,-5.144692250704861,0.5108532572116545,154.1769698493744,-68.8481036974694,-28.69656031924983,54.581841710128565,0,1,2,1,1,2,2,0,1,1,1
3686000.0,101,-61.235981,-144.338637,-163.227112,3.965587,102,-61.236551,-144.335684,13.869569,1.192287,169.290521,3,-1,1,7,111.85857036706204,-68.14401826663443,-84.91431763293792,-82.01358726663443,177.09668100000002,0.0007528460000000002,-1.4301902338347094,-4.954400297233361,157.1194996339085,-63.02970200819346,-999,5171.264961600096,0,0,1,1,0,2,2,0,1,0,0
3687000.0,101,-61.236046,-144.338685,-162.148626,7.042478,102,-61.236565,-144.335695,5.109714,0.140766,170.063279,3,-1,1,7,109.83677671991575,-70.16584434927631,-88.01459728008422,-75.27555834927631,167.25834,-0.0010515210000000001,-2.1714009810992194,-6.843623854054176,159.9722593483442,-57.70957548984343,-999,7181.3024349229145,0,0,1,1,1,2,2,1,1,0,0
3688000.0,101,-61.236107,-144.338713,-165.978506,6.969252,102,-61.236653,-144.33576,-163.050894,3.747674,170.904187,3,-1,1,7,111.02022399711186,-68.98236463931481,-83.00127000288813,94.06852936068519,2.9276120000000105,0.003606908,-0.5960214036364799,-3.176712118412567,159.5311753172692,-61.30289745209182,9.823576735467267,168.1023202764071,0,0,1,1,0,2,2,1,0,1,1
3689000.0,101,-61.236161,-144.338803,-146.907479,7.285881,102,-61.236633,-144.335755,-155.023756,1.578401,171.708606,3,-1,1,7,107.84021030195456,-72.16246161302345,-105.25231069804545,82.86129438697654,8.116276999999997,-0.002169273,-3.3115692482002084,-4.67324462704569,163.45193254443595,-52.605238540970355,-8.406558765393259,163.8135420527808,0,1,1,1,1,2,2,0,1,1,1
3690000.0,101,-61.236181,-144.338831,-143.013766,3.603045,102,-61.236764,-144.335856,-161.262216,6.712963,172.430557,3,-1,1,7,112.15985491145594,-67.84275301274458,-104.82637908854406,93.41946298725541,18.24844999999999,0.0051345620000000005,-0.011219310329195764,3.47912626969338,159.6939906237508,-65.03942147645252,-22.258617245585352,159.92579890396559,0,1,1,1,2,2,2,0,1,1,1
3691000.0,101,-61.236239,-144.338871,-159.667414,6.27166,102,-61.236749,-144.335855,-156.402299,3.638,173.028231,3,-1,1,7,109.36344069258456,-70.6392031732407,-90.96914530741543,85.7630958267593,3.2651150000000086,-0.0030749630000000004,-0.7228714394043172,-2.5470960311636133,163.24078726709428,-57.36910401434412,4.216407113226072,172.70276627191464,0,1,1,1,0,2,2,1,0,0,1
3692000.0,101,-61.23625,-144.338919,-128.893465,3.15318,102,-61.236862,-144.335947,-159.417654,7.28067,173.475447,3,-1,1,7,113.16927911132227,-66.8333261851655,-117.93725588867773,92.5843278148345,30.524189000000007,0.0036426699999999998,0.10537637102248087,4.836128899592531,159.48403309262102,-68.25374641997008,-16.754611266799948,161.75472981558482,0,1,1,1,1,2,2,0,1,1,1
3693000.0,101,-61.236316,-144.33898,-154.860448,7.153931,102,-61.236869,-144.335964,-155.95719,4.998145,173.772223,3,-1,1,7,110.86029987874018,-69.14234398958885,-94.27925212125984,86.81484601041115,1.096742000000006,-0.0022825249999999997,-1.0028250037275823,-1.9117678407476824,162.38170280271035,-61.87865610413639,-9.33917919185595,172.54358950086876,0,1,1,1,0,2,2,1,1,0,1
3694000.0,101,-61.236328,-144.339013,-135.436223,3.026406,102,-61.236898,-144.335996,-154.491271,4.513242,174.047802,3,-1,1,7,111.43761399830748,-68.56503074723587,-113.1261630016925,85.92624025276415,19.055048,-0.00048490300000000007,-0.18001609900255788,1.9170668361740812,162.0064924379167,-63.61237135176175,-58.01069163068391,158.86190521286886,0,1,1,1,1,2,2,0,1,1,1
3695000.0,101,-61.236377,-144.338993,177.975662,4.962447,102,-61.236995,-144.336084,-156.880639,7.161584,174.231151,3,-1,1,7,113.82249999861139,-66.18005007428744,-64.15316200138861,90.70058892571257,25.14369899999994,0.0026483420000000006,2.9872745610768985,1.6270790907223995,159.38685302276906,-70.37275795563946,29.606363301964386,138.15194234294464,0,0,1,1,0,2,2,0,0,1,1
3696000.0,101,-61.236455,-144.33909,-155.243085,8.888189,102,-61.237153,-144.336273,-154.42116,11.830404,171.008001,3,-1,1,7,117.24670259854427,-62.7557668285344,-87.5102124014557,91.66539317146558,0.8219250000000216,0.004668819999999999,1.3857073981153536,2.599631220412716,152.03355017946893,-78.29135345517348,0.8102033980953091,170.99080289154264,0,0,1,1,1,0,2,1,0,0,1
3697000.0,101,-61.236469,-144.339171,-122.056594,4.898527,102,-61.237215,-144.336399,-148.814214,10.859366,169.252491,3,-1,1,7,119.21860647011825,-60.78382351025032,-118.72479952988175,88.03039048974966,26.757619999999974,-0.000971038,1.4715199243233226,6.690182983911811,147.71741363609297,-82.6194372915266,-9.243515436351343,162.6521137572238,0,1,1,1,1,0,2,0,1,1,1
3698000.0,101,-61.23646,-144.339297,-85.990988,6.061256,102,-61.237258,-144.336495,-144.125067,9.350344,170.546668,3,-1,1,7,120.62078168700953,-59.38167459218333,-153.38823031299046,84.74339240781667,58.134078999999986,-0.0015090219999999998,-0.5669554948405011,8.000328881199597,146.7651863726699,-86.86855607697012,-35.954821314464716,237.245343941184,0,1,1,1,1,1,2,0,1,0,0
3699000.0,101,-61.236512,-144.339341,-144.690453,5.888764,102,-61.237199,-144.336497,-121.098611,4.430376,170.107498,3,-1,1,7,116.65826437676718,-63.344228720202466,-98.65128262323282,57.75438227979754,23.591841999999986,-0.004919968,0.3899726751464767,-2.517129688379889,152.0248066236011,-76.32181239250473,122.74237401465967,254.8898533495572,0,1,1,1,0,2,2,1,0,0,0
3700000.0,101,-61.236541,-144.339371,-148.425555,4.053477,102,-61.237254,-144.336574,-133.773372,5.391669,171.664586,3,-1,1,7,117.91418754870288,-62.088264348246945,-93.66025745129713,71.68510765175304,14.652183000000008,0.0009612930000000004,1.7708014237211214,0.2765954118239211,151.69136583820915,-80.3645420362114,72.64186871951856,103.06903454474977,0,1,1,1,0,1,2,1,0,1,1
3701000.0,101,-61.236584,-144.33944,-145.034201,5.656145,102,-61.237381,-144.336733,-144.914404,9.317825,170.64589,3,-1,1,7,121.46217433311236,-58.54019867029093,-93.50362466688762,86.37420532970907,0.11979700000000548,0.003926155999999999,2.114416408540018,2.989544124645753,145.5583713236433,-89.06615693685494,3.0907429770492842,170.26904694461638,0,1,1,1,2,0,2,1,0,0,1
3702000.0,101,-61.236627,-144.339568,-129.059043,7.512393,102,-61.237433,-144.33684,-141.625446,8.839051,167.870626,3,-1,1,7,121.55160425284629,-58.450787160719926,-109.38935274715371,83.17465883928008,12.566403000000008,-0.0004787739999999996,-0.3460709847094634,2.195828262114965,143.05418090255736,-87.84104052167336,-100.84671149330885,171.89104959060614,0,1,1,1,1,0,2,0,1,0,1
3703000.0,101,-61.236647,-144.339542,-166.268222,2.745967,102,-61.237509,-144.336967,-141.816495,9.527287,169.307013,3,-1,1,7,124.82713082427394,-55.1751264677126,-68.90464717572604,86.6413685322874,24.451727000000005,0.0006882359999999998,5.237769249177787,4.821299333059139,138.9805497739316,-96.69163063842646,4.926627350205422,165.2744913006302,0,0,1,1,0,1,2,0,0,1,1
3704000.0,101,-61.236669,-144.339604,-133.414285,3.53459,102,-61.237468,-144.336959,-127.067851,4.907862,168.737149,3,-1,1,7,122.12094390880063,-57.88137474624732,-104.46477109119937,69.18647625375269,6.346433999999988,-0.004619425,1.3485543782134335,0.5290518248076101,142.9081515466615,-89.71892595302641,64.37045439729314,135.89478750364927,0,1,1,1,1,2,2,1,0,1,1
3705000.0,101,-61.236693,-144.33963,-146.57472,3.182021,102,-61.23762,-144.337222,-139.088539,10.891316,166.595162,3,-1,1,7,128.66221044707441,-51.33990045124976,-84.76306955292557,87.74863854875024,7.486181000000016,0.005983454,5.379822465451603,5.575082074043198,130.0846023891857,-104.0766266894431,1.947080731113073,165.87880842052053,0,0,1,1,0,0,2,0,0,0,1
3706000.0,101,-61.236698,-144.339737,-101.697965,4.699429,102,-61.237667,-144.33732,-137.43796,9.670828,167.897627,3,-1,1,7,129.80120597036492,-50.20091281808367,-128.5008290296351,87.23704718191632,35.73999499999999,-0.0012204879999999996,1.9394114156054112,6.170182575154579,128.99071833988532,-107.47561460346016,-15.670156537011358,159.74627558363431,0,1,1,1,1,1,2,0,1,1,1
3707000.0,101,-61.236732,-144.339874,-116.908781,7.365337,102,-61.237657,-144.337339,-129.889217,6.247667,167.614875,3,-1,1,7,127.1748457057918,-52.82737652406262,-115.9163732942082,77.06184047593737,12.980435999999997,-0.0034231610000000005,-1.774132022887712,0.6733208692165134,133.5547405091151,-101.28118092127757,-114.50150433176864,73.66904658306117,0,1,1,1,0,2,2,1,1,1,1
3708000.0,101,-61.236789,-144.339884,-158.871639,6.240937,102,-61.237657,-144.337348,-125.790279,4.23863,169.356234,3,-1,1,7,125.42574330750482,-54.57647979953179,-75.70261769249521,71.2137992004682,33.08135999999999,-0.002009037,1.188620830262697,-3.3425555671949847,138.00288072181044,-98.16689313177082,92.39142659978114,212.53367469510584,0,0,1,1,0,1,2,0,0,0,0
3709000.0,101,-61.236823,-144.339918,-154.65777,4.600732,102,-61.237744,-144.337472,-139.542881,6.85739,168.820081,3,-1,1,7,128.04478022283823,-51.95736398952852,-77.29744977716177,87.58551701047148,15.114889000000005,0.00261876,2.480390581609172,1.0597406575399129,132.9507661525164,-104.03996120868874,27.53571904487278,148.07956411731345,0,0,1,1,1,2,2,1,0,1,1
3710000.0,101,-61.236863,-144.339982,-145.527514,5.314787,102,-61.237796,-144.337579,-138.224809,7.288095,165.729483,3,-1,1,7,128.90099745153069,-51.101109067176935,-85.57148854846935,87.12369993282306,7.302705000000003,0.0004307050000000006,1.847174171160269,1.0537025588838445,128.97602286406723,-104.07423822260189,25.908828898117953,154.39999052838974,0,0,1,1,1,0,2,1,0,0,1
3711000.0,101,-61.236888,-144.340104,-118.461223,6.288393,102,-61.23783,-144.337671,-134.500375,6.855016,165.160925,3,-1,1,7,128.82246082304627,-51.179671994904055,-112.71631617695374,83.32070300509594,16.039151999999973,-0.0004330790000000002,-0.6390650590644649,1.8079552572233855,128.67559943918567,-103.5409158536946,-239.18650606297302,329.7852342170022,0,1,1,1,1,2,2,0,1,0,0
3712000.0,101,-61.236932,-144.340165,-139.91266,6.092267,102,-61.237878,-144.337773,-134.602779,7.109841,165.445084,3,-1,1,7,129.4179679529066,-50.58412892453467,-90.66937204709342,84.01865007546533,5.30988099999999,0.0002548250000000003,1.1390064869138685,0.3314697234956281,127.81203260717358,-105.0531300846855,72.19282847544773,136.8008585171181,0,1,1,1,0,2,2,1,0,1,1
3713000.0,101,-61.236966,-144.340183,-154.660174,4.264826,102,-61.237865,-144.337779,-125.831637,4.39919,165.717384,3,-1,1,7,127.85436155902389,-52.147745838016014,-77.4854644409761,73.68389116198398,28.82853700000001,-0.0027106510000000006,1.7413157756002478,-1.2791772310277731,130.84599487944865,-101.69354445494935,122.09464957639533,98.25192150067501,0,0,1,1,0,2,2,0,0,1,1
3714000.0,101,-61.236982,-144.340264,-121.405921,4.229087,102,-61.237854,-144.337776,-115.24791,2.648504,165.952533,3,-1,1,7,126.06989700656639,-53.93228402676963,-112.52418199343361,61.315625973230375,6.158011000000016,-0.001750686,-1.214018580416512,-1.0740864498313751,134.13932189621906,-97.70816511601582,-26.342845427035115,162.21298709764577,0,1,1,1,1,2,2,1,1,0,1
3715000.0,101,-61.237055,-144.340315,-157.034841,7.714027,102,-61.237896,-144.337834,-133.434647,3.59506,166.119951,3,-1,1,7,125.1645594385443,-54.83761545959056,-77.80059956145567,78.59703154040946,23.600193999999988,0.0009465560000000002,-0.3992066250583104,-4.630930920731595,135.80327536415578,-95.6729246997795,29.294105126176525,152.82162439440035,0,0,1,1,0,2,2,0,0,1,1
3716000.0,101,-61.237049,-144.340351,-104.441073,2.306466,102,-61.237874,-144.337811,-114.348365,1.537889,166.227833,3,-1,1,7,124.02097308562567,-55.98125353289684,-131.53795391437433,58.367111467103165,9.907291999999984,-0.0020571710000000004,-0.8324900123552046,0.05885025369235097,137.77508438434322,-93.00386328945159,-178.18975642058197,83.19108031433079,0,1,1,1,1,2,2,1,1,1,1
3717000.0,101,-61.237048,-144.340411,-91.694661,2.9455,102,-61.237911,-144.337858,-137.92468,2.608382,166.274768,3,-1,1,7,125.08951854592489,-54.912719469168195,-143.21582045407513,83.0119605308318,46.230019,0.001070493,-1.1963167841910325,1.849001937098526,136.05514246994332,-95.58397711403961,-350.5432722018543,620.9646046559054,0,1,1,1,1,2,2,0,1,0,0
3718000.0,101,-61.237133,-144.340542,-143.191435,9.827143,102,-61.237901,-144.337848,-126.913524,1.301581,166.236534,3,-1,1,7,120.64606589851306,-59.35629572108571,-96.1624991014869,67.5572282789143,16.277911000000017,-0.001306801,-4.847196933680136,-7.086280395567858,143.01868935245466,-84.73629524730964,-1.5519124921129839,165.90405754012878,0,1,1,1,0,2,2,1,1,1,1
3719000.0,101,-61.237164,-144.340554,-153.468011,4.706598,102,-61.237885,-144.337835,-68.849329,0.529057,166.558388,3,-1,1,7,118.85970354980563,-61.14267998556277,-87.67228545019441,7.706649014437225,84.61868199999998,-0.0007725240000000001,-1.6090081089433974,-4.401818392697447,145.87253670888674,-80.39216160343639,-999,4710.289903288368,0,0,1,0,0,2,2,0,1,0,0
3720000.0,101,-61.23718,-144.340631,-121.602319,4.193271,102,-61.237928,-144.337884,-145.491343,2.03711,167.041663,3,-1,1,7,119.50652167829604,-60.495886403032316,-118.89115932170398,84.99545659696768,23.889024000000006,0.0015080530000000003,-2.4173474627419678,-0.5186981116960216,145.3762992254768,-82.2717983352145,-45.63827148058433,111.59249869664,0,1,1,1,1,2,2,1,1,1,1
3721000.0,101,-61.237249,-144.340618,-175.910158,6.791538,102,-61.237892,-144.337858,-37.939907,0.567282,167.566618,3,-1,1,7,115.83594808418631,-64.1664713936258,-68.2538939158137,-26.2265643936258,137.970251,-0.001469828,-0.13559197579943438,-7.221633336757588,150.8175846393435,-73.02484256410546,-999,7287.45273591859,0,0,1,1,0,2,2,0,1,0,0
3722000.0,101,-61.237289,-144.340692,-147.826405,5.673897,102,-61.237913,-144.337876,-137.501602,0.811822,168.148596,3,-1,1,7,114.72811194291978,-65.27435662637753,-97.4454830570802,72.22724537362247,10.324803000000003,0.00024454000000000007,-2.4728298660248864,-4.20405244568224,152.72988148820673,-70.33870653750711,-3.8690274907814595,167.31941812300357,0,1,1,1,1,2,2,1,1,1,1
3723000.0,101,-61.237326,-144.340748,-145.084929,5.218452,102,-61.237918,-144.337879,-145.049393,0.742632,168.75887,3,-1,1,7,113.21236725353049,-66.79014777730983,-101.70270374646952,78.25924522269018,0.03553599999997914,-6.919000000000009e-05,-2.561409823346159,-3.670442191347498,155.09788769826017,-66.51467082692945,-7.646546870130784,165.25444194755752,0,1,1,1,1,2,2,1,1,1,1
3724000.0,101,-61.237339,-144.340734,-170.262208,1.937773,102,-61.237953,-144.337913,-154.592471,2.031002,168.371197,3,-1,1,7,114.34011667086736,-65.66235628280903,-75.39767532913265,88.93011471719096,15.669736999999998,0.00128837,0.5436552219943139,-0.07529250499370788,153.40551037124638,-69.39459177018215,306.42573546439274,48.16277235123595,0,0,1,1,0,2,2,0,0,1,1
3725000.0,101,-61.237366,-144.340807,-134.822084,4.057447,102,-61.238002,-144.33798,-151.660889,3.641088,167.287528,3,-1,1,7,115.05958735411289,-64.94289086013418,-110.11832864588712,86.71799813986581,16.838805000000008,0.001610086,-1.1495585863027926,0.3445910061818811,151.54038092336958,-70.85640390219382,-166.18139141258413,41.76818288989223,0,1,1,1,1,0,2,0,1,1,1
3726000.0,101,-61.237424,-144.340929,-136.237836,8.017933,102,-61.238086,-144.33808,-152.353863,6.21592,168.580365,3,-1,1,7,115.77736556906497,-64.22513193268315,-107.98479843093503,88.12873106731683,16.116027000000003,0.002574832,-2.661488956840501,-0.28443879005064776,151.80504029234243,-73.31145343923774,-50.835346584671235,89.30979739564225,0,1,1,1,0,1,2,1,1,0,1
3727000.0,101,-61.23744,-144.340945,-139.399301,3.299616,102,-61.238075,-144.338105,-141.320859,3.847439,168.297898,3,-1,1,7,114.92446276092531,-65.07802685107474,-105.67623623907468,76.24283214892527,1.9215580000000045,-0.0023684809999999995,0.2571540947126052,0.4982564022207163,152.62333324155358,-70.92461224043521,14.000287913618683,168.15572751210877,0,1,1,1,0,2,2,1,0,0,1
3728000.0,101,-61.237483,-144.341039,-136.120659,6.144721,102,-61.23814,-144.338183,-147.192221,5.457682,169.693819,3,-1,1,7,115.55295175372976,-64.44955188549879,-108.32638924627025,82.7426691145012,11.071562,0.0016102430000000001,-1.3020700865137838,0.15802222997801074,153.09556225945678,-73.19659160962041,-131.47750344453624,55.45623793175125,0,1,1,1,1,1,2,0,1,1,1
3729000.0,101,-61.237497,-144.34113,-112.913093,5.093148,102,-61.238245,-144.338305,-150.616751,8.349213,169.122535,3,-1,1,7,118.82417726678707,-61.178299198645185,-128.26272973321292,89.4384518013548,37.70365799999999,0.0028915310000000006,-0.5947473818902855,5.29220969870153,148.1688135601595,-81.537933092524,-33.81137025093055,160.89067643353573,0,1,1,1,1,2,2,0,1,0,1
3730000.0,101,-61.23752,-144.341154,-137.981588,3.37134,102,-61.238311,-144.338422,-146.845868,8.729294,166.105993,3,-1,1,7,121.03733130155828,-58.96506363883144,-100.9810806984417,87.88080436116856,8.864280000000008,0.0003800809999999988,2.5173195707225093,4.8035170259795255,142.32485438331068,-85.64366138416467,-1.904807528792296,165.8178786354992,0,1,1,1,0,0,2,1,1,0,1
3731000.0,101,-61.237586,-144.341185,-164.464173,6.78329,102,-61.238366,-144.338539,-142.496539,8.63964,165.385113,3,-1,1,7,121.49436739398725,-58.507952157901975,-74.04145960601278,83.98858684209804,21.967633999999975,-8.965399999999945e-05,3.4430512518567618,0.3185195123199538,141.02248434397765,-86.39962101465113,37.16647826225929,99.1017076489187,0,0,1,1,0,2,2,0,0,1,1
3732000.0,101,-61.237638,-144.341266,-148.254856,6.957168,102,-61.238388,-144.338603,-138.021476,6.99195,165.802782,3,-1,1,7,120.3422420755708,-59.66009237959981,-91.40290192442922,78.3613836204002,10.233379999999983,-0.0016476899999999998,1.016122547997433,-0.7185688095951308,143.09167174523134,-83.75760261668482,202.76079968900814,88.30499508516709,0,1,1,1,1,2,2,1,0,1,1
3733000.0,101,-61.237674,-144.341351,-135.378231,6.094602,102,-61.238455,-144.338696,-141.605518,7.69051,166.043878,3,-1,1,7,121.44050557468003,-58.56182186874351,-103.18126342531997,83.04369613125648,6.22728699999999,0.0006985599999999997,0.49537089863097616,1.6895732429599235,141.6656899803606,-86.61063274025449,-32.288001729203145,160.8864270629454,0,1,1,1,1,2,2,1,1,0,1
3734000.0,101,-61.237724,-144.341372,-158.913628,5.691534,102,-61.238464,-144.338716,-138.951677,5.501596,166.237577,3,-1,1,7,120.0734753714221,-59.92885294923082,-81.01289662857789,79.02282405076917,19.961951,-0.0021889139999999997,1.565201285413624,-1.161362356115883,143.85925593124614,-83.303340207576,123.04586226879572,76.98504253508403,0,0,1,1,0,2,2,0,0,1,1
3735000.0,101,-61.23774,-144.34136,-177.833062,2.368031,102,-61.238445,-144.338702,-128.732907,2.859798,166.519,3,-1,1,7,118.86614223516607,-61.136187838832335,-63.300795764833936,67.59671916116767,49.100155,-0.002641798,2.1413079355781686,-0.5769883770896125,145.82900757803674,-80.38953855947241,81.3693283897788,43.87779801868138,0,0,1,1,0,2,2,0,0,1,1
3736000.0,101,-61.237781,-144.341464,-136.267946,5.825095,102,-61.238436,-144.338689,-119.489934,1.495498,166.92534,3,-1,1,7,116.13125924687814,-63.87117339275716,-107.60079475312187,55.61876060724285,16.77801199999999,-0.0013643000000000001,-2.7250665203448756,-3.472910410988853,149.86347058598503,-73.5187684747181,-10.322678568648625,163.64752215097445,0,1,1,1,1,2,2,1,1,0,1
3737000.0,101,-61.237806,-144.341438,-177.419202,3.081067,102,-61.238455,-144.338697,-140.588197,1.616588,167.470445,3,-1,1,7,116.2021330878765,-63.80026974699193,-66.3786649121235,76.78792725300808,36.831005000000005,0.00012108999999999993,0.8876201662540407,-1.828961506519551,150.26150563333695,-73.94477583508302,94.01195381417594,118.60896512437492,0,0,1,1,0,2,2,0,0,1,1
3738000.0,101,-61.237882,-144.341435,179.468369,7.56458,102,-61.238439,-144.338673,-113.146988,0.324686,168.182691,3,-1,1,7,112.74049201838736,-67.26192922635255,-66.72787698161264,45.885058773647444,67.38464300000007,-0.001291902,0.3687371404925427,-7.436623117794238,155.1090317066375,-65.01235140364338,25.383243669021073,191.2007461589463,0,0,1,1,2,2,2,0,0,0,1
3739000.0,101,-61.237894,-144.341596,-110.548011,6.607282,102,-61.238398,-144.338634,15.293282,1.740589,169.114365,3,-1,1,7,109.47632544252008,-70.52627112743258,-139.97566355747992,-85.81955312743258,125.84129299999998,0.0014159029999999998,-6.646013847104814,-3.998055940363,159.43752929590212,-56.38566042329888,-32.840607923072604,196.68593811237847,0,1,1,1,1,2,2,0,1,0,1
3740000.0,101,-61.237925,-144.341625,-139.03731,4.406263,102,-61.238392,-144.338619,23.867729,1.429977,170.104818,3,-1,1,7,107.89509508436996,-72.10754005741893,-113.06759491563005,-95.97526905741893,162.905039,-0.0003106119999999999,-3.467209245513136,-4.635018838592261,161.87526806199892,-52.2689840791756,-999,5729.708669402333,0,1,1,1,0,2,2,0,1,0,0
3741000.0,101,-61.237984,-144.341645,-165.568025,6.260999,102,-61.238431,-144.338633,169.117117,0.830641,171.126274,3,-1,1,7,107.14258236497074,-72.86005803793242,-87.28939263502923,118.02282496206757,25.314857999999987,-0.0005993360000000001,-1.7172579347136385,-5.24772626402018,163.52385568881283,-50.43957051549298,-0.5211044217012438,171.1013751796079,0,0,1,1,0,1,2,1,1,1,1
3742000.0,101,-61.238022,-144.341719,-143.761116,5.608315,102,-61.238481,-144.338659,-172.910194,2.654643,172.107106,3,-1,1,7,107.31574324071126,-72.68693924135376,-108.92314075928874,100.22325475864623,29.149078000000003,0.0018240020000000001,-2.9877241365371785,-1.8890933048879215,164.30704903188902,-51.22547778330279,-27.250102872082643,131.98091706063383,0,1,1,1,1,2,2,0,1,1,1
3743000.0,101,-61.238031,-144.341787,-113.328877,3.859482,102,-61.238555,-144.338707,-167.577736,4.836794,173.005891,3,-1,1,7,109.47376973540172,-70.52893028030414,-137.1973532645983,97.04880571969585,54.24885899999998,0.0021821510000000002,-2.5034913202925204,3.195171576615784,163.10895243121203,-57.67588714095769,-63.60668639584944,145.60983097898193,0,1,1,1,1,2,2,0,1,0,1
3744000.0,101,-61.238082,-144.34178,-171.726779,5.052822,102,-61.238548,-144.338711,-163.806915,2.789044,173.7661,3,-1,1,7,107.51536381650399,-72.48732655683082,-80.75785718349601,91.31958844316918,7.91986399999999,-0.00204775,0.05072597389483369,-2.321842808066892,165.70965761922815,-52.29691081630141,25.708165547725603,164.57174471612112,0,0,1,1,0,2,2,1,0,0,1
3745000.0,101,-61.238133,-144.341871,-146.360309,6.725175,102,-61.238571,-144.338733,-160.96061,2.776669,174.379462,3,-1,1,7,106.17802914289858,-73.82472171865682,-107.46166185710143,87.13588828134318,14.600301000000002,-1.2375000000000025e-05,-2.8197348165146474,-2.974191612704044,167.47413959416767,-48.58610227835402,-17.201708134271,155.25254554187265,0,1,1,1,1,2,2,0,1,1,1
3746000.0,101,-61.238143,-144.341899,-130.212394,2.776783,102,-61.238549,-144.338739,-136.151376,1.038151,174.718882,3,-1,1,7,104.95167631879704,-75.05109382862301,-124.83592968120297,61.10028217137699,5.93898200000001,-0.001738518,-1.4013233171030737,-1.0440686395978518,168.8035597995237,-45.078220088403555,-57.89619262207495,137.19375470914244,0,1,1,1,1,2,2,1,1,1,1
3747000.0,101,-61.238188,-144.341967,-144.367877,5.539081,102,-61.238611,-144.338789,-155.956409,3.291609,174.879268,3,-1,1,7,105.46416351951441,-74.5386224086229,-110.16795948048559,81.41778659137711,11.588532000000015,0.002253458,-1.8858454805629423,-1.4960074887220762,168.54818605889886,-46.62903979786233,-37.437935865760174,141.87201636538094,0,1,1,1,0,2,2,0,1,0,1
3748000.0,101,-61.238238,-144.341974,-167.760219,5.568938,102,-61.238672,-144.338846,-157.133061,4.83636,174.762079,3,-1,1,7,106.08659030410813,-73.9161517939823,-86.15319069589185,83.2169092060177,10.627158000000009,0.0015447510000000002,0.698738800619483,-0.9860806706968868,167.9191005383047,-48.42478632693144,143.07152148842866,114.90052888737222,0,0,1,1,0,2,2,1,0,1,1
3749000.0,101,-61.238289,-144.342014,-161.435198,5.919585,102,-61.238751,-144.338918,-157.560832,6.54139,174.620796,3,-1,1,7,107.23172780136976,-72.7709862461513,-91.33307419863024,84.78984575384871,3.874366000000009,0.0017050299999999997,0.6122039143372049,0.4345562010379638,166.7828483193168,-51.72913977797605,127.49444132887916,139.10593154971463,0,1,1,1,1,2,2,1,0,0,1
3750000.0,101,-61.238349,-144.342086,-153.333573,7.311669,102,-61.238936,-144.339078,-159.034417,12.307113,174.471777,3,-1,1,7,112.07743777129134,-67.92519913602325,-94.58898922870867,91.10921786397674,5.700843999999989,0.0057657229999999995,1.122128598181888,4.958367258541517,161.67893239755279,-65.57685405938051,-5.893313621745266,172.1741150412346,0,1,1,1,1,2,2,0,1,0,1
3751000.0,101,-61.238363,-144.342129,-132.240413,3.51051,102,-61.239074,-144.339208,-158.061957,13.935004,174.937366,3,-1,1,7,116.83520402008702,-63.16735662201008,-110.92438297991299,94.89460037798992,25.821544000000017,0.001627891,2.6072318559816594,10.566032421510588,156.098119479949,-78.97125500991818,-3.922539343337437,170.50573061963792,0,1,1,1,1,2,2,0,1,1,1
3752000.0,101,-61.238408,-144.342126,-172.501841,4.660348,102,-61.239183,-144.339363,-153.961128,14.0701,171.236497,3,-1,1,7,120.24124720719021,-59.7611749289904,-67.25691179280977,94.1999530710096,18.54071300000001,0.00013509600000000078,5.568355127231059,8.02143698610102,147.93334236893642,-86.24189307051446,1.3353066135887746,170.70305539359012,0,0,1,1,0,0,2,1,0,0,1
3753000.0,101,-61.238431,-144.342198,-134.069743,4.125607,102,-61.239304,-144.339583,-148.485566,15.22405,168.086775,3,-1,1,7,124.7552670274743,-55.24702536858689,-101.17498997252574,93.23854063141312,14.415823000000017,0.00115395,4.993591483546161,10.109134421057036,138.09917598018095,-95.82161302908462,-2.3142654284521473,166.26004498804627,0,1,1,1,1,0,2,1,1,1,1
3754000.0,101,-61.238443,-144.342302,-108.012099,5.085209,102,-61.239339,-144.339686,-143.072457,11.955946,170.300916,3,-1,1,7,125.44589745108279,-54.556395822171055,-126.5420035489172,88.51606117782896,35.06035800000001,-0.003268103999999999,2.3471978647228413,7.985097385927564,138.73793931425246,-98.76328358896264,-9.378512843252196,162.51446070912564,0,1,1,1,1,1,2,0,1,1,1
3755000.0,101,-61.238475,-144.342409,-120.718708,6.395251,102,-61.239382,-144.339808,-138.089065,10.455691,168.985033,3,-1,1,7,125.9332878969595,-54.068992227434315,-113.3480041030405,84.0200727725657,17.370357000000013,-0.001500255000000001,1.4862312616258073,4.514113306877292,136.82732167138442,-99.16766318839315,-15.413794479912687,162.45298883931605,0,1,1,1,0,0,2,1,1,1,1
3756000.0,101,-61.238466,-144.342534,-87.400958,6.345607,102,-61.239423,-144.339965,-131.376307,9.909727,165.523334,3,-1,1,7,127.74861084111488,-52.25364123134059,-144.8504311588851,79.1226657686594,43.975348999999994,-0.0005459639999999997,1.0970258073846066,6.838095326753042,130.88003130408748,-101.33307211526073,-31.729809330904946,202.05172545090483,0,1,1,1,1,0,2,0,1,0,0
3757000.0,101,-61.238508,-144.342632,-124.595667,6.779933,102,-61.239526,-144.340202,-132.666258,12.383048,167.370051,3,-1,1,7,131.04626035821997,-48.95586986367906,-104.35807264178004,83.71038813632094,8.070591000000007,0.002473321,3.524326035852833,4.542802446040442,126.22708399614822,-109.90658414113297,-1.8340249276536584,167.10571328664776,0,1,1,1,0,1,2,1,1,1,1
3758000.0,101,-61.238548,-144.342573,170.902857,4.432021,102,-61.239602,-144.340409,-130.911699,12.872105,166.491766,3,-1,1,7,135.35038588112786,-44.65151115695335,-35.55247111887215,86.26018784304665,58.18544399999996,0.000489056999999999,10.428445816194959,4.053605264872333,117.00531086985863,-118.44519987760798,5.642446535154225,152.8188427584759,0,0,1,1,0,2,2,0,0,1,1
3759000.0,101,-61.238562,-144.342646,-127.457021,3.307948,102,-61.239641,-144.340531,-128.331007,11.138454,168.556944,3,-1,1,7,136.67714887895582,-43.324705204582635,-95.86583012104416,85.00630179541736,0.8739860000000022,-0.0017336510000000001,6.111576870057242,4.896327756235888,115.64836111776741,-122.62503798732783,1.7402376283346628,168.00864495511007,0,1,1,1,1,1,2,1,0,0,1
3760000.0,101,-61.238589,-144.342784,-114.696767,6.674003,102,-61.239698,-144.340705,-126.768554,11.142834,166.886092,3,-1,1,7,137.95036586691498,-42.05145665851143,-107.35286713308503,84.71709734148857,12.071787,4.380000000001161e-06,2.862535126958927,3.881418605586468,111.77598641020916,-123.92375303006764,-8.668735569320706,163.7280399212052,0,1,1,1,1,0,2,0,1,1,1
3761000.0,101,-61.238597,-144.342895,-101.605938,6.097221,102,-61.239808,-144.340973,-129.553148,13.825712,170.25881,3,-1,1,7,142.63374520807656,-37.367939686508144,-115.76031679192346,92.18520831349184,27.947210000000013,0.002682877999999999,4.68753738555972,7.5774909442710285,103.33140866286682,-135.3169699866344,-9.128333527876919,160.39554743557136,0,1,1,1,1,1,2,0,1,1,1
3762000.0,101,-61.238602,-144.342958,-98.913606,4.180782,102,-61.239866,-144.34115,-127.557738,12.991578,168.75103,3,-1,1,7,145.46379115009825,-34.537793808382304,-115.62260284990174,93.0199441916177,28.644131999999985,-0.0008341339999999989,6.1686456475622755,7.271362798916568,95.66950532613477,-139.01171129337834,-5.455618870858829,163.0746164266533,0,1,1,1,2,0,2,0,1,0,1
3763000.0,101,-61.238648,-144.343063,-130.622264,6.861835,102,-61.23992,-144.341432,-121.409574,13.838563,163.122498,3,-1,1,7,148.3282135034703,-31.673216291142687,-81.04952249652968,89.73635770885733,9.21268999999998,0.0008469850000000001,6.602452706130027,2.7444687945606283,85.64789695034992,-138.82862493643827,3.4435612553765975,161.0735390863961,0,0,1,1,0,0,2,1,0,1,1
3764000.0,101,-61.238648,-144.343179,-96.767065,5.997411,102,-61.239976,-144.34182,-114.906119,16.17214,159.090011,3,-1,1,7,153.7856974859291,-26.21549386378156,-109.4472375140709,88.69062513621844,18.139053999999987,0.002333576999999998,8.712486047945205,6.103922724889997,70.27480160738013,-142.72730593346,-2.536965430204213,157.23931255660727,0,1,1,1,1,0,2,0,1,1,1
3765000.0,101,-61.238669,-144.343263,-112.839624,5.333336,102,-61.240013,-144.342114,-111.202377,16.103844,161.230583,3,-1,1,7,157.6410856181278,-22.35992163814123,-89.51929038187222,88.84245536185877,1.6372470000000021,-6.829600000000013e-05,10.098579984471685,3.7540180291649654,61.33329165936389,-149.10911517659574,0.5113090015452892,161.13558751340344,0,0,1,1,0,1,2,1,0,0,1
3766000.0,101,-61.238682,-144.34333,-110.622252,4.21555,102,-61.240014,-144.342251,-106.106021,13.087365,160.71757,3,-1,1,7,158.70653537541702,-21.294410516258083,-90.67121262458295,84.81161048374192,4.516231000000005,-0.0030164789999999986,8.628256569325018,2.1459009675534944,58.363774862085435,-149.74580825703504,2.2857384442324378,159.4053144577865,0,1,1,1,1,2,2,0,0,1,1
3767000.0,101,-61.238657,-144.343455,-70.788542,6.273887,102,-61.240034,-144.342569,-102.383036,14.358102,156.635529,3,-1,1,7,162.79857394211976,-17.202202758515877,-126.41288405788023,85.18083324148412,31.594493999999997,0.0012707370000000005,8.0995745413497,5.143496652050761,46.32211104881182,-149.62937870983555,-5.292924094133293,151.45412859199152,0,1,1,1,1,0,2,0,1,1,1
3768000.0,101,-61.238639,-144.343547,-69.507577,5.57858,102,-61.240037,-144.342868,-97.970515,14.819377,154.374181,3,-1,1,7,166.84675948948518,-13.153835747221443,-123.64566351051482,84.81667925277856,28.46293800000001,0.0004612749999999988,9.450656206240371,4.007875255133365,35.12880965571699,-150.32416469614313,-2.863832105780103,152.1393169140272,0,1,1,1,0,0,2,1,1,0,1
3769000.0,101,-61.238643,-144.343652,-90.296335,5.533237,102,-61.240038,-144.34308,-95.405316,13.680299,155.670634,3,-1,1,7,168.83972223493643,-11.160779201593094,-100.8639427650636,84.2445367984069,5.108980999999972,-0.0011390779999999995,8.086302846583152,1.2600756145601417,30.130708808902924,-152.72683679247422,0.7715832076152637,155.54488677399712,0,1,1,1,0,1,2,1,0,0,1
3770000.0,101,-61.238628,-144.343697,-67.178765,3.591861,102,-61.240039,-144.343229,-94.177779,11.842776,156.184934,3,-1,1,7,170.93292822214877,-9.067482044083746,-121.88830677785123,85.11029695591625,26.99901399999999,-0.0018375229999999991,8.500619242147327,2.255892080419673,24.61327256097805,-154.23333110071687,-1.8841652055436326,155.3886797755156,0,1,1,1,1,2,2,0,1,1,1
3771000.0,101,-61.238657,-144.343741,-132.778497,3.569565,102,-61.240043,-144.343251,-94.635485,8.443388,158.094158,3,-1,1,7,170.34637009508728,-9.654059457203275,-56.87513290491273,84.98142554279673,38.14301199999997,-0.003399388,5.79576335354836,-1.7419638811530382,26.511059772495273,-155.85546671024454,12.920521757399225,141.85119213211863,0,0,1,1,0,1,2,0,0,1,1
3772000.0,101,-61.23866,-144.343838,-99.003365,4.540005,102,-61.240062,-144.343396,-98.535282,8.311312,156.800701,3,-1,1,7,171.37476821530348,-8.625619258439869,-89.62186678469652,89.90966274156013,0.46808300000003555,-0.00013207600000000142,3.7351930806212046,0.5230750753520786,23.51551954636334,-155.02735298829043,0.4734519115094697,156.79050528421303,0,0,1,1,1,0,2,1,0,0,1
3773000.0,101,-61.238681,-144.343942,-111.25005,5.649457,102,-61.240078,-144.343547,-100.065148,8.298365,156.363755,3,-1,1,7,172.25293563216718,-7.74741063968355,-76.49701436783283,92.31773736031644,11.184901999999965,-1.2946999999998709e-05,2.9053138321941754,-0.5972953975564599,21.077859450007264,-154.93659257485226,18.835670701874488,147.57281700637608,0,0,1,1,0,2,2,0,0,1,1
3774000.0,101,-61.238709,-144.343994,-130.618806,4.610788,102,-61.240077,-144.343533,-99.113286,5.400903,156.758286,3,-1,1,7,170.79028539544817,-9.210118734503236,-58.59090860455183,89.90316726549676,31.50551999999999,-0.002897462000000001,1.8328739997196366,-2.1462978790279377,25.088937340104714,-154.73753731012425,122.32882526247417,226.43968703190296,0,0,1,1,0,2,2,0,0,0,0
3775000.0,101,-61.23872,-144.344203,-99.371435,9.166665,102,-61.240095,-144.343693,-101.454774,6.494649,156.986763,3,-1,1,7,169.88156016988214,-10.118886915417454,-90.74700483011787,91.33588708458255,2.0833389999999667,0.0010937460000000003,-2.6790347105716883,-0.20284472495065597,27.579994232327376,-154.5450991631988,-5.839380402505382,156.18634525756292,0,1,1,1,1,2,2,1,1,1,1
3776000.0,101,-61.238697,-144.344319,-74.890671,7.270744,102,-61.240095,-144.343696,-100.548558,4.461984,157.176184,3,-1,1,7,167.89824124861386,-12.102304896643416,-117.21108775138615,88.44625310335658,25.657887000000017,-0.002032665,-2.6328188875654446,2.7120544313362815,32.95176328900215,-153.6832265178846,-90.9399427109928,226.4342314566763,0,1,1,1,1,2,2,0,1,0,0
3777000.0,101,-61.238706,-144.344339,-101.325724,2.784631,102,-61.24008,-144.343602,-83.980031,1.363831,157.33817,3,-1,1,7,165.52894633569167,-14.471699746310268,-93.14532966430835,69.50833125368973,17.345692999999983,-0.0030981529999999998,-1.374094704595104,-0.6898955033112576,39.317369880892876,-152.3464609519957,28.609354341896942,154.1678231997157,0,1,1,1,0,2,2,1,0,1,1
3778000.0,101,-61.238714,-144.34445,-99.025279,5.138971,102,-61.240065,-144.343514,38.399087,0.950708,157.468038,3,-1,1,7,161.56454100195606,-18.436279530914888,-99.41017999804393,-56.83536653091489,137.42436600000002,-0.000413123,-5.665864849202768,-1.5512245589214735,49.797096053520114,-149.38685422822832,-1.8663605734764033,157.25207618848188,0,1,1,1,1,2,2,0,1,0,1
3779000.0,101,-61.238749,-144.344527,-127.336009,5.529674,102,-61.240051,-144.343445,56.754262,1.892207,157.423432,3,-1,1,7,158.2064498839946,-21.794498638092275,-74.45754111600542,-78.54876063809228,175.90972900000003,0.0009414989999999999,-5.979105873738841,-4.391048694439954,58.4455447441504,-146.17200567214687,10.832220666653768,157.81225905199943,0,0,1,1,0,2,2,0,0,0,1
3780000.0,101,-61.238764,-144.344614,-113.821544,5.006187,102,-61.240072,-144.343551,-110.109816,0.784277,157.319429,3,-1,1,7,158.64363099777583,-21.357300868286817,-87.53482500222418,88.75251513171318,3.711728000000022,-0.00110793,-3.843235402636714,-1.752294818868769,57.29065074727473,-146.5168388883675,2.1115355887673957,157.081367504977,0,0,1,1,1,2,2,1,0,1,1
3781000.0,101,-61.23875,-144.344693,-77.16725,4.465506,102,-61.240092,-144.34366,-112.591172,2.578604,157.585359,3,-1,1,7,159.6776323705122,-20.32327319649358,-123.15511762948779,92.26789880350643,35.42392200000003,0.001794327,-1.9732228740206712,1.982393663826661,54.72967354644809,-147.77620987377537,-163.20766190924726,319.92356541133233,0,1,1,1,1,2,2,0,1,0,0
3782000.0,101,-61.238754,-144.344853,-91.416248,7.371152,102,-61.240091,-144.343678,-107.143441,2.020535,158.023104,3,-1,1,7,157.07938794324602,-22.921642106357652,-111.50436405675399,84.22179889364234,15.727193,-0.0005580689999999997,-5.438138038336244,0.41339983429699834,61.5429385035006,-145.5464466009018,-13.652474169760808,140.47786996915235,0,1,1,1,0,2,2,1,1,1,1
3783000.0,101,-61.238781,-144.344956,-113.07972,6.607922,102,-61.240113,-144.343786,-111.885518,3.408821,158.630325,3,-1,1,7,157.09003941277498,-22.910986253899445,-89.83024058722503,88.97453174610055,1.1942020000000184,0.0013882859999999999,-2.9158769863719955,-1.3197324249041724,61.75226136112712,-146.11720715368423,1.2677161737518647,158.58012672687914,0,0,1,1,0,2,2,1,0,0,1
3784000.0,101,-61.238778,-144.344964,-93.459163,1.9982,102,-61.240109,-144.34378,-106.796139,2.153107,159.377725,3,-1,1,7,156.82908674949607,-23.17195119002136,-109.71175025050394,83.62418780997864,13.336975999999993,-0.0012557140000000002,0.06669385005940143,0.5016118646612353,62.71119035099815,-146.52155415138245,-2576.579635018395,1169.6798588393897,0,1,1,1,1,2,2,0,1,0,0
3785000.0,101,-61.238831,-144.344949,179.806144,4.928036,102,-61.240112,-144.343783,-110.451772,1.543817,160.032813,3,-1,1,7,156.34924108604199,-23.65178107428659,-23.456902913958004,86.79999092571342,69.74208399999998,-0.0006092899999999999,1.46317863804953,-4.388569070422473,64.19887375148433,-146.59128843738958,100.57549748145402,306.2423939062847,0,0,1,1,0,2,2,0,0,1,0
3786000.0,101,-61.238872,-144.345013,-152.168873,5.277976,102,-61.240139,-144.343889,-117.854478,3.167019,159.104063,3,-1,1,7,156.88555096125256,-23.115434380592358,-50.94557603874745,94.73904361940764,34.31439499999999,0.0016232019999999998,0.33596553282020647,-3.1877407782028735,62.45933368650936,-146.3315909110034,149.66578291443597,330.9881913640768,0,0,1,1,1,2,2,1,0,0,0
3787000.0,101,-61.238881,-144.34518,-102.317839,7.326585,102,-61.240151,-144.34395,-115.356382,3.268363,158.450041,3,-1,1,7,155.0152610048721,-24.985817260767814,-102.66689999512789,90.37056473923218,13.038543000000004,0.0001013440000000001,-4.2044271143049,-0.16334622595525294,66.92562877832324,-143.62233707027522,-14.360139321341768,146.1148725239143,0,1,1,1,1,2,2,1,1,1,1
3788000.0,101,-61.238862,-144.345301,-77.631856,6.828909,102,-61.240156,-144.343981,-112.875766,2.76238,158.764647,3,-1,1,7,153.85799402045396,-26.143163142590975,-128.51014997954604,86.73260285740902,35.24391000000003,-0.0005059830000000001,-4.1253018323968185,2.5365313558894123,69.95129605892264,-142.52378509116141,-49.974465908571815,137.1174120320691,0,1,1,1,1,2,2,0,1,1,1
3789000.0,101,-61.238868,-144.345368,-94.03104,4.475741,102,-61.240155,-144.343987,-108.83211,1.942857,159.044855,3,-1,1,7,152.6936844538347,-27.307526184157062,-113.27527554616529,81.52458381584293,14.801069999999982,-0.0008195229999999997,-2.6258155623537056,0.3125161091815938,72.96142983793509,-141.32195745168232,-35.50756251968108,131.79412842148733,0,1,1,1,0,2,2,1,1,1,1
3790000.0,101,-61.238921,-144.34543,-143.840386,6.191309,102,-61.240164,-144.344023,-113.139729,2.025094,159.286975,3,-1,1,7,151.42653569603937,-28.574697734972144,-64.73307830396061,84.56503126502786,30.700657000000007,8.223700000000011e-05,-1.7909260280708459,-4.202905873610842,76.18459978647499,-139.88655103341873,44.752894779600766,163.5971217093454,0,0,1,1,0,2,2,0,0,0,1
3791000.0,101,-61.238903,-144.345597,-83.301479,7.527558,102,-61.240106,-144.343875,32.59172,2.361427,159.48189,3,-1,1,7,145.44450100127582,-34.557008570544724,-131.25401999872417,-67.14872857054473,115.89319899999998,0.00033633299999999975,-8.7481527083612,-1.111520920178068,90.45880626626271,-131.34564175051585,-9.001739523619651,141.83549917145618,0,1,1,1,1,2,2,0,1,1,1
3792000.0,101,-61.238934,-144.345729,-110.92691,7.708708,102,-61.240074,-144.343794,41.006322,3.433052,159.519732,3,-1,1,7,140.76275659452122,-39.23893970116738,-108.31033340547879,-80.24526170116738,151.93323200000003,0.001071625,-9.452787761818467,-5.344079786697769,100.9014784595464,-123.5533752757468,-4.0703424893293905,158.1475586240131,0,1,1,1,0,2,2,0,1,0,1
3793000.0,101,-61.23898,-144.345682,-177.234422,4.741335,102,-61.240094,-144.343833,49.010596,1.149172,159.516216,3,-1,1,7,141.38982578974392,-38.611795115580954,-41.37575221025611,-87.62239111558095,133.75498199999998,-0.00228388,-1.0961985262317873,-5.489577051456672,99.54104816736748,-124.64751460298146,-999,5696.406800627963,0,0,1,1,0,2,2,1,1,0,0
3794000.0,101,-61.239022,-144.345741,-153.782703,5.261269,102,-61.240086,-144.343818,45.950137,1.196192,159.434321,3,-1,1,7,138.9907940044682,-41.01089177244447,-67.2265029955318,-86.96102877244446,160.26716000000002,4.701999999999984e-05,-3.1840511257460125,-5.551709490297153,104.61765794266972,-120.30980159289433,-999,6447.6480468459595,0,0,1,1,1,2,2,0,1,0,0
3795000.0,101,-61.239043,-144.345788,-137.29327,3.618075,102,-61.240115,-144.343892,-136.345019,0.995324,159.719465,3,-1,1,7,139.6035118966487,-40.39815021142416,-83.10321810335131,95.94686878857584,0.9482509999999991,-0.00020086799999999993,-1.766858623584993,-1.9385612623260333,103.50990829789649,-121.6388358380961,7.781475706731795,158.4403522978499,0,0,1,1,1,2,2,1,0,1,1
3796000.0,101,-61.239047,-144.345942,-97.258351,6.709269,102,-61.24016,-144.344009,-133.616602,3.438362,160.173167,3,-1,1,7,140.11762588819764,-39.88406865581334,-122.62402311180236,93.73253334418666,36.358250999999996,0.0024430380000000002,-4.166226738470591,1.524210128731776,102.70521277468373,-122.91087297597733,-44.20343492843152,98.58665889682231,0,1,1,1,1,2,2,0,1,1,1
3797000.0,101,-61.239096,-144.346005,-137.703516,6.34785,102,-61.24016,-144.344032,-125.606074,2.566537,160.793106,3,-1,1,7,138.26142735380887,-41.74030225621395,-84.03505664619115,83.86577174378606,12.097442000000001,-0.0008718250000000003,-2.1851995682984975,-3.201068040135386,107.0452535832922,-119.98223461169535,12.701089995690337,156.40791353849568,0,0,1,1,0,2,2,1,0,0,1
3798000.0,101,-61.239089,-144.346019,-93.976954,1.786793,102,-61.240199,-144.344129,-129.767969,3.997102,161.550158,3,-1,1,7,140.6747565602336,-39.32690028888859,-125.3482894397664,90.4410687111114,35.791015000000016,0.0014305650000000002,1.289847044052518,2.4329431599845233,102.37784892838287,-124.96891452926276,-33.699700496061396,152.0463341766766,0,1,1,1,1,2,2,0,1,1,1
3799000.0,101,-61.23912,-144.346153,-117.280866,6.352311,102,-61.240237,-144.344211,-132.407876,4.754974,162.081623,3,-1,1,7,140.08787483288725,-39.91382760228069,-102.63125916711272,92.4940483977193,15.127009999999984,0.0007578719999999999,-2.1348505008127465,0.2951735981427057,103.99350908216275,-124.3213681677139,-61.02139834622843,109.50907686364216,0,1,1,1,0,2,2,1,1,1,1
3800000.0,101,-61.239168,-144.346247,-133.136036,7.170734,102,-61.24024,-144.344226,-128.732597,3.381853,161.104116,3,-1,1,7,137.79013924272712,-42.21163244733537,-89.07382475727286,86.52096455266462,4.403438999999992,-0.0013731209999999997,-2.5946193476794384,-2.786886575543552,108.23749002094804,-119.32804341858049,3.8773116531113843,160.53487413750196,0,0,1,1,0,2,2,1,0,0,1
3801000.0,101,-61.239219,-144.346276,-155.261606,6.127173,102,-61.240294,-144.344358,-131.527279,5.430418,160.452364,3,-1,1,7,139.35629773854427,-40.645383658439684,-65.38209626145573,90.88189534156031,23.734327000000008,0.0020485650000000005,1.5013555275153716,-1.9646300054269172,104.51115445620805,-121.74719589140078,125.2838127683151,149.8633007944359,0,0,1,1,0,2,2,0,0,1,1
3802000.0,101,-61.239224,-144.346351,-110.40397,3.880823,102,-61.240277,-144.344341,-121.246398,2.896328,160.785756,3,-1,1,7,137.43570418307652,-42.56605786469866,-112.16032581692349,78.68034013530135,10.842427999999984,-0.0025340900000000006,-1.1611321190208046,0.14938339477289353,108.75824047103583,-118.42172293179945,-113.19149715425408,104.013790516513,0,1,1,1,1,2,2,1,1,1,1
3803000.0,101,-61.239259,-144.346478,-120.882565,6.886857,102,-61.240258,-144.344313,-95.048328,1.213335,161.122871,3,-1,1,7,133.80280681641815,-46.19909111079044,-105.31462818358185,48.84923688920956,25.83423700000003,-0.001682993,-4.701817969104853,-3.4281181842831248,116.28661681788913,-111.5257921215181,-6.903643053488613,159.07203879133186,0,1,1,1,0,2,2,0,1,0,1
3804000.0,101,-61.239258,-144.346541,-97.14062,4.117436,102,-61.240287,-144.344364,-127.800016,2.134559,161.429238,3,-1,1,7,134.49178578834528,-45.51012265875962,-128.3675942116547,82.28989334124037,30.659395999999987,0.0009212239999999998,-2.398869289445594,0.7964690127370339,115.15569668646674,-113.13074030481333,-76.53613780516123,86.06145756230903,0,1,1,1,1,2,2,0,1,1,1
3805000.0,101,-61.239287,-144.346593,-131.160715,4.195444,102,-61.240238,-144.344288,6.973286,1.25378,161.554745,3,-1,1,7,130.61404096601672,-49.38797969113428,-98.22524403398324,-56.36126569113428,138.13400099999998,-0.0008807789999999999,-3.310825784828322,-4.0058353044124475,122.63811409947002,-105.16571971008612,-999,5197.196359426474,0,1,1,1,0,2,2,0,1,0,0
3806000.0,101,-61.239345,-144.346628,-158.805452,6.230406,102,-61.240263,-144.344319,-121.713344,0.504412,161.613527,3,-1,1,7,129.5682726878152,-50.43375147665404,-71.62627531218482,71.27959252334597,37.092107999999996,-0.0007493679999999999,-1.8234175553620415,-5.543816021124342,124.58238856236898,-102.94736795797475,17.16778747546919,156.08007251162337,0,0,1,1,0,2,2,1,0,1,1
3807000.0,101,-61.239394,-144.346651,-164.473774,5.768472,102,-61.240208,-144.344246,23.68786,2.344711,161.616248,3,-1,1,7,125.12554105582439,-54.87656726613672,-70.40068494417562,-78.56442726613672,171.838366,0.0018402990000000003,-2.4860977479228987,-7.705132884478954,132.18484849186845,-92.98912542216587,-999,8137.5551071178215,0,0,1,1,0,2,2,0,1,0,0
3808000.0,101,-61.239403,-144.346658,-158.520109,1.874765,102,-61.240202,-144.344236,27.459761,1.783415,161.538739,3,-1,1,7,124.43719867849306,-55.564924546222606,-77.04269232150693,-83.0246855462226,174.02013,-0.0005612960000000002,-1.508869652050366,-3.3270417099738077,133.2285137333581,-91.35057375906584,51.271796666278625,225.00310906147038,0,0,1,1,1,2,2,0,0,1,0
3809000.0,101,-61.239417,-144.34679,-106.753634,5.530158,102,-61.240153,-144.344185,24.953126,3.391601,161.826761,3,-1,1,7,120.42305854101171,-59.57922510865876,-132.82330745898827,-84.53235110865876,131.70676,0.0016081860000000002,-6.726257144045496,-4.669112766211372,139.54482575950436,-81.94597109986975,-15.363575224061357,157.88746295155497,0,1,1,1,1,2,2,1,1,1,1
3810000.0,101,-61.239497,-144.346892,-145.078543,9.441073,102,-61.240202,-144.344248,-151.45343,0.216926,162.281988,3,-1,1,7,118.99559579531956,-61.00672204478851,-95.92586120468047,90.44670795521148,6.374887000000001,-0.003174675,-5.300907280894989,-7.550536201293699,141.9410720459029,-78.66495849927053,-1.7748008997471247,161.3725063092852,0,1,1,1,0,2,2,1,1,0,1
3811000.0,101,-61.239484,-144.346937,-89.771451,3.279967,102,-61.240238,-144.344298,-150.292857,1.854642,162.902464,3,-1,1,7,120.70396875965487,-59.298344697575544,-149.52458024034513,90.99451230242445,60.521405999999985,0.001637716,-2.3608416150956963,1.6239694510904725,140.06629246002055,-83.17840160627811,-130.71550434354842,212.296590033663,0,1,1,1,1,2,2,0,1,0,0
3812000.0,101,-61.239511,-144.346982,-133.890376,3.671527,102,-61.240311,-144.344392,-151.456434,4.682155,163.659435,3,-1,1,7,122.70045237190163,-57.3018181310196,-103.40917162809836,94.1546158689804,17.566057999999998,0.002827513,-0.4086910825971386,1.5676588533970741,137.72048104197856,-88.41651297175912,-125.02853567790915,138.1235046961585,0,1,1,1,0,2,2,1,1,1,1
3813000.0,101,-61.23958,-144.347005,-166.433964,7.043022,102,-61.24034,-144.344428,-150.245638,4.321999,164.06987,3,-1,1,7,121.50737388153644,-58.49488522609873,-72.05866211846353,91.75075277390128,16.18832599999999,-0.00036015599999999993,0.49288003859307183,-3.094332100504888,139.88152692029664,-85.74427484248281,44.25824350216681,128.69318443515607,0,0,1,1,0,2,2,1,0,1,1
3814000.0,101,-61.239609,-144.347117,-128.496499,6.099095,102,-61.240347,-144.344447,-145.643049,3.178057,163.535006,3,-1,1,7,119.8774946779221,-60.12484595794745,-111.6260063220779,85.51820304205253,17.14654999999999,-0.001143942,-2.9799068771512083,-1.172878209188355,141.79997457951563,-81.46450390611093,-27.929487467476157,128.36477769786876,0,1,1,1,1,2,2,0,1,1,1
3815000.0,101,-61.239627,-144.347205,-116.197651,5.292254,102,-61.240356,-144.344484,-137.870272,2.75139,162.546426,3,-1,1,7,119.1117430693701,-60.89064227555502,-124.69060593062989,76.97962972444498,21.672620999999992,-0.00042666700000000015,-2.902950921891051,-0.2958588764589982,142.01234687312984,-79.0811857584301,-43.28034203926569,93.33315806471683,0,1,1,1,1,2,2,0,1,1,1
3816000.0,101,-61.239699,-144.347238,-159.676646,7.525264,102,-61.240393,-144.344545,-140.650807,3.634921,163.868545,3,-1,1,7,118.1752377128456,-61.82712308716758,-82.14811628715438,78.82368391283241,19.02583900000002,0.0008835310000000001,-0.30895532563338657,-4.245926790302518,144.45136755105457,-77.37378401659808,22.060597114491294,152.14213278982666,0,0,1,1,0,1,2,1,0,0,1
3817000.0,101,-61.239732,-144.347195,167.742422,4.374136,102,-61.240399,-144.344576,-133.812123,2.903928,163.848022,3,-1,1,7,117.89430483132188,-62.10799109768849,-49.84811716867813,71.70413190231153,58.44545499999995,-0.0007309929999999998,3.0241737557732513,-2.264041605346997,144.8108705795229,-76.65498075998158,53.40460227024128,47.29920999443109,0,0,1,1,0,2,2,0,0,1,1
3818000.0,101,-61.239743,-144.347243,-138.190435,2.342441,102,-61.240452,-144.344631,-145.779083,4.213942,165.832203,3,-1,1,7,119.43104395727897,-60.57124583589436,-102.37852104272099,85.20783716410565,7.588648000000006,0.0013100140000000002,0.8082544828274685,1.738431760798413,144.4311761437926,-81.48591847401583,-7.453447205172322,165.32699473714487,0,1,1,1,1,1,2,1,1,0,1
3819000.0,101,-61.239766,-144.347394,-110.779698,6.703602,102,-61.240546,-144.344724,-152.52711,6.930905,166.885924,3,-1,1,7,121.26616242156409,-58.73617821821728,-127.9541395784359,93.79093178178272,41.747412,0.0027169629999999998,-3.070115843212776,3.7710263252003435,142.64832980757535,-86.61619728689887,-75.06089994688408,215.1678747975739,0,1,1,1,1,1,2,0,1,0,0
3820000.0,101,-61.239824,-144.347446,-147.140897,6.96274,102,-61.240641,-144.344842,-151.73545,8.883515,165.414019,3,-1,1,7,123.1093320425194,-56.8929507403745,-89.74977095748062,94.84249925962548,4.594552999999991,0.0019526099999999992,0.42892078670744205,1.9755852017187276,138.55570490732322,-90.35548859569698,-33.76886773564272,154.85527872167265,0,0,1,1,0,0,2,1,1,1,1
3821000.0,101,-61.239859,-144.347514,-138.405839,5.583918,102,-61.240748,-144.345006,-148.901404,10.951537,164.51502,3,-1,1,7,126.38109867502051,-53.62109995144904,-95.21306232497949,95.28030404855097,10.495565000000028,0.002068022000000001,1.9497201009589396,5.2015582662187585,132.44931794523072,-97.58263155625383,-8.998705378248996,158.3553526692126,0,1,1,1,1,2,2,0,1,0,1
3822000.0,101,-61.239891,-144.347567,-140.134966,4.768271,102,-61.240746,-144.345031,-143.191178,7.153633,164.864999,3,-1,1,7,125.02103719462357,-54.98118597832175,-94.84399680537643,88.20999202167826,3.0562120000000164,-0.003797904,1.2297042085877377,2.067561242177818,135.0147714411072,-94.6122581274519,-5.418298025605142,164.40719037160102,0,1,1,1,2,2,2,1,1,0,1
3823000.0,101,-61.239906,-144.347675,-111.45458,5.413548,102,-61.240771,-144.345081,-140.895916,5.989195,165.207494,3,-1,1,7,124.72584520735128,-55.27642881134474,-123.81957479264872,85.61948718865526,29.44133599999998,-0.0011644380000000005,-1.2608597307970935,2.667545513214674,135.7819188030509,-94.11050207028826,-151.8123679968452,315.7947588344104,0,1,1,1,1,2,2,0,1,0,0
3824000.0,101,-61.239953,-144.347686,-158.363587,5.063765,102,-61.240762,-144.345083,-133.66289,3.633956,165.394421,3,-1,1,7,122.86201973255429,-57.14026217647446,-78.7743932674457,76.52262782352554,24.70069699999999,-0.0023552389999999994,0.7617683481732946,-2.1980498723529194,138.9279627338542,-89.74595070835262,110.2123506397969,162.1112430913462,0,0,1,1,0,2,2,1,0,1,1
3825000.0,101,-61.240008,-144.347675,-179.225932,5.944576,102,-61.240818,-144.345153,-142.479682,4.909407,165.51514,3,-1,1,7,123.72551314126628,-56.27669776054696,-57.04855485873372,86.20298423945303,36.74625,0.001275451,2.909729636690765,-2.050199131496961,137.66009622674517,-91.89646062859475,58.02670645659705,41.29272591521687,0,0,1,1,0,2,2,0,0,1,1
3826000.0,101,-61.24004,-144.347705,-163.219603,4.128421,102,-61.240821,-144.34516,-139.839936,3.335628,165.576223,3,-1,1,7,122.53154052734905,-57.47069053781259,-74.24885647265091,82.36924546218741,23.379667000000012,-0.001573779,0.9593377305315018,-1.403386461390546,139.59657548909092,-89.04089922425685,146.20773911468697,116.14697201969298,0,0,1,1,1,2,2,1,0,0,1
3827000.0,101,-61.240075,-144.34781,-132.006626,5.88212,102,-61.240741,-144.345089,-8.478161,1.780596,165.578317,3,-1,1,7,116.96451365722504,-63.03787169717592,-111.02886034277495,-54.55971069717592,123.52846500000001,-0.0015550319999999998,-4.108294255998702,-5.697549893405981,147.57788982464666,-75.07959440125487,-999,6993.729435093818,0,1,1,1,1,2,2,0,1,0,0
3828000.0,101,-61.240135,-144.347841,-158.624387,6.680463,102,-61.240758,-144.345097,-37.891,0.512946,165.617116,3,-1,1,7,115.26316845922864,-64.73923705877947,-86.11244454077132,-26.848237058779468,120.733387,-0.0012676500000000002,-2.1198666927871272,-6.625727881418127,149.77701175606194,-70.68151004033476,-999,6973.242477901434,0,0,1,1,0,2,2,1,1,1,0
3829000.0,101,-61.240176,-144.347868,-160.124089,5.123435,102,-61.240757,-144.345094,-32.622727,0.318156,165.873485,3,-1,1,7,113.52540260701394,-66.47702921095457,-86.35050839298606,-33.85430221095457,127.501362,-0.00019479000000000002,-1.5703674497814561,-5.086201142290242,152.08661092878114,-66.2093331958778,-999,5338.727914497221,0,0,1,1,2,2,2,0,1,1,0
3830000.0,101,-61.240179,-144.347933,-108.910744,3.142336,102,-61.240719,-144.345068,10.349787,1.801981,166.28679,3,-1,1,7,111.3937161038234,-68.60879548855957,-139.69553989617663,-78.95858248855956,119.26053099999999,0.001483825,-3.2964658285470563,-2.7910763245554917,154.828936421628,-60.65720876409971,-47.462367346678505,193.13516974562745,0,1,1,1,1,2,2,1,1,1,1
3831000.0,101,-61.240214,-144.348066,-120.006325,6.901232,102,-61.240733,-144.34508,2.867781,0.5469,166.85343,3,-1,1,7,109.86369620260326,-70.13892146456777,-130.12997879739675,-73.00670246456777,122.87410599999998,-0.0012550810000000001,-6.003623403765744,-3.9974908421974824,156.92625322353848,-56.69407510478307,-67.03179186231182,407.03006840287844,0,1,1,1,0,2,2,0,1,0,0
3832000.0,101,-61.240236,-144.348026,-177.150362,2.658323,102,-61.240781,-144.345116,-160.914269,1.803384,167.733245,3,-1,1,7,111.27014541707881,-68.73240562587087,-71.5794925829212,92.18186337412912,16.23609300000001,0.001256484,0.4575164159959535,-0.9507831734490724,156.30731959665093,-60.84787028927512,132.34401136667978,115.72504397295494,0,0,1,1,0,2,2,1,0,1,1
3833000.0,101,-61.240323,-144.348063,-170.192813,8.649852,102,-61.240801,-144.345131,-160.784587,1.998017,168.679179,3,-1,1,7,108.71987959211376,-71.28269073853646,-81.08730740788621,89.50189626146353,9.408226000000013,0.00019463299999999983,-0.8157674302884922,-6.636744521428959,159.7558782870779,-54.13616887847155,5.406156252609318,165.17809851505854,0,0,1,1,1,2,2,1,0,0,1
3834000.0,101,-61.240359,-144.348158,-139.554108,6.289509,102,-61.240709,-144.345097,2.546931,2.685189,169.580972,3,-1,1,7,103.36973099709668,-76.63295242013807,-117.07616100290329,-79.17988342013807,142.101039,0.0006871719999999999,-4.199514639496847,-7.468971935417445,164.98501790683744,-39.21287965382438,-999,8514.945621110033,0,1,1,1,1,2,2,0,1,0,0
3835000.0,101,-61.240368,-144.348257,-107.598119,5.220831,102,-61.240851,-144.345187,-161.466578,4.522822,170.401537,3,-1,1,7,108.10894815520507,-71.89374315397068,-144.29293284479493,89.57283484602932,53.868459,0.0018376329999999998,-3.538885039661814,2.70980250249156,161.9610717849167,-52.96503599775445,-66.79068112306452,148.07482513758285,0,1,1,1,1,2,2,1,1,1,1
3836000.0,101,-61.240424,-144.348308,-148.544542,6.418846,102,-61.240891,-144.345212,-161.952727,4.560592,171.118204,3,-1,1,7,107.40810716770125,-72.59460693547399,-104.04735083229875,89.35812006452602,13.408185000000003,3.777000000000008e-05,-1.9367035076057444,-1.139355050344542,163.28064898854672,-51.194427490349085,-44.74384282700661,127.71389567917393,0,1,1,1,0,2,2,1,1,1,1
3837000.0,101,-61.240451,-144.34827,171.761579,3.427712,102,-61.240945,-144.34525,-162.096638,5.234182,171.735114,3,-1,1,7,108.7784586945326,-71.22418878442531,-62.98312030546741,90.8724492155747,26.141783000000004,0.00067359,2.1002185668271323,1.5883846284980163,162.59371474121969,-55.28320999402876,35.52152244118835,142.19842121832167,0,0,1,1,0,2,2,0,0,0,1
3838000.0,101,-61.240543,-144.34831,-171.274492,9.263885,102,-61.24107,-144.345344,-162.085548,8.723957,172.301016,3,-1,1,7,110.27041228036794,-69.73218786217649,-78.45509571963203,92.3533601378235,9.18894400000002,0.003489775000000001,1.27812028431504,-0.8556768803695185,161.63006399867248,-59.69390694549399,124.28220204376365,46.73440421946228,0,0,1,1,1,2,2,1,0,1,1
3839000.0,101,-61.240519,-144.348356,-70.067898,2.293891,102,-61.241161,-144.34542,-160.859407,9.512564,172.935332,3,-1,1,7,114.4422692730873,-65.5603045708203,-175.4898327269127,95.2991024291797,90.79150899999999,0.0007886069999999989,0.9625682184009308,9.768681425339167,157.43663411457135,-71.55651817007876,-8.105246398988191,165.41414062059985,0,1,2,1,1,2,2,0,1,0,1
3840000.0,101,-61.240538,-144.348491,-106.499994,6.055774,102,-61.241225,-144.34551,-156.233367,9.066823,170.261443,3,-1,1,7,115.59564280131161,-64.40697049294222,-137.90436319868837,91.82639650705777,49.73337299999997,-0.00044574099999999993,-2.1523538090617045,6.57797461805948,153.5529014710977,-73.55586599483152,-35.78057484452503,178.99781872307418,0,1,1,1,0,0,2,1,1,0,1
3841000.0,101,-61.240587,-144.348538,-144.404294,5.938307,102,-61.241353,-144.345696,-151.838484,11.959308,168.550333,3,-1,1,7,119.25890268539476,-60.74358875656622,-96.33680331460528,91.09489524343377,7.434190000000001,0.0028924850000000006,2.1878365543797083,5.714871926354828,147.0466939884608,-82.38012224726823,-4.244503434682792,166.78824906554928,0,1,1,1,0,0,2,1,1,1,1
3842000.0,101,-61.240622,-144.34857,-151.477795,4.651721,102,-61.241446,-144.345846,-148.649826,12.282596,169.849399,3,-1,1,7,122.15983080119895,-57.84255719743255,-86.36237419880104,90.80726880256745,2.827968999999996,0.0003232879999999998,4.1690378116661,6.4022291958597135,143.7888196599644,-90.40792930631386,0.3493694186626985,169.82789751657182,0,0,1,1,0,1,2,1,0,0,1
3843000.0,101,-61.240658,-144.348564,-174.446894,3.956782,102,-61.241533,-144.345995,-145.907819,12.308959,169.443224,3,-1,1,7,125.29668014226898,-54.7055719765957,-60.25642585773102,91.20224702340428,28.539074999999997,2.6362999999999913e-05,6.516600241144151,6.2552897980152,138.2946576389047,-97.90604592185463,3.368394666260345,166.40713504163048,0,0,1,1,0,2,2,0,0,1,1
3844000.0,101,-61.240681,-144.348626,-138.651156,3.748945,102,-61.241504,-144.345994,-137.27367,6.952495,171.029579,3,-1,1,7,123.02156176711516,-56.98074558081489,-98.32728223288484,80.29292441918511,1.3774859999999762,-0.005356464,2.2405392140970255,2.292985225606493,143.40240966628934,-93.20335720787622,10.328620477782426,167.7055492802746,0,1,1,1,1,1,2,1,0,0,1
3845000.0,101,-61.240754,-144.348734,-146.216666,8.766459,102,-61.241527,-144.346043,-135.773757,5.824036,170.280743,3,-1,1,7,120.84036380507727,-59.16199526637652,-92.94297019492274,76.61176173362347,10.442909000000014,-0.0011284589999999994,-0.812396887609907,-3.1127564844482905,146.20286870999368,-87.29405831785117,21.17464284704079,164.79816305336215,0,1,1,1,0,2,2,0,0,1,1
3846000.0,101,-61.240774,-144.348815,-123.921571,5.435128,102,-61.241623,-144.346205,-140.173418,8.617234,167.258846,3,-1,1,7,124.0637531698242,-55.93853489409455,-112.0146758301758,84.23488310590545,16.251846999999998,0.0027931979999999993,1.00896459123015,3.584804836913803,138.55971081652788,-93.68419345701749,-20.047610815162344,160.2788945135701,0,1,1,1,1,0,2,0,1,1,1
3847000.0,101,-61.240785,-144.348829,-130.860232,2.389199,102,-61.241663,-144.346308,-136.434434,8.004311,166.646257,3,-1,1,7,125.9010649832706,-54.101145059203134,-103.2387030167294,82.33328894079688,5.574202000000014,-0.0006129230000000004,3.7094750106097654,4.236760865447266,134.9885910643288,-97.71926757081972,2.79771462683324,165.9334880510261,0,1,1,1,0,2,2,1,0,0,1
3848000.0,101,-61.24084,-144.348857,-163.674467,5.589439,102,-61.241699,-144.346389,-135.018362,7.280953,166.950821,3,-1,1,7,125.88393403844987,-54.11822954226998,-70.44159896155014,80.90013245773002,28.656104999999997,-0.0007233579999999992,3.5756010029878773,-0.2140125756398641,135.26456183916414,-97.85742150206585,40.27458646786648,89.66525633248165,0,0,1,1,0,2,2,0,0,1,1
3849000.0,101,-61.240864,-144.348897,-146.871732,3.683554,102,-61.241667,-144.346373,-119.196479,3.736068,167.209211,3,-1,1,7,123.47607568549776,-56.52613698777146,-89.65219231450226,62.67034201222854,27.675252999999998,-0.0035448850000000002,1.2482899929266744,-1.262312852490273,139.47191420933964,-92.23071825604055,190.3971418715404,177.70654074743206,0,0,1,1,1,2,2,1,0,0,1
3850000.0,101,-61.240938,-144.348985,-152.143114,8.405846,102,-61.241632,-144.346348,-79.999147,1.815097,167.421751,3,-1,1,7,118.68018688780117,-61.322124847756776,-89.17669911219883,18.677022152243218,72.143967,-0.001920971,-2.1402379078976725,-7.746970350554782,146.88114042580386,-80.34907152619307,-999,8069.1174607555495,0,0,1,0,2,2,2,0,1,0,0
3851000.0,101,-61.240911,-144.3491,-76.588605,5.711179,102,-61.241617,-144.346331,-48.38228,1.260909,167.587032,3,-1,1,7,117.92208845959873,-62.080338993694866,-165.4893065404013,-13.698058993694865,28.20632500000005,-0.000554188,-4.612787438843729,0.4872165407171737,148.07741613048535,-78.47606085098884,-31.749660778960212,63.028000397904236,0,1,2,0,1,2,2,1,1,1,1
3852000.0,101,-61.240948,-144.349201,-120.596896,6.353369,102,-61.241639,-144.346347,-113.814372,0.996514,167.70917,3,-1,1,7,116.7142875515952,-63.2882144179806,-122.6888164484048,50.52615758201941,6.7825240000000235,-0.00026439500000000006,-4.557117694436868,-2.831464451604804,149.8077785151373,-75.39227545610008,-17.448564964638898,143.23201268309342,0,1,1,1,0,2,2,1,1,0,1
3853000.0,101,-61.241038,-144.349134,173.426129,8.963097,102,-61.24168,-144.34638,-148.909995,2.300904,167.768851,3,-1,1,7,115.85258656054914,-64.14982774505036,-57.57354243945086,84.76016725494965,37.663876000000045,0.00130439,2.2142821996868047,-6.9337696779021165,150.97836544965568,-73.15682150018836,18.927777496749396,123.56920483605468,0,0,1,1,0,2,2,0,0,1,1
3854000.0,101,-61.241079,-144.349217,-151.527383,6.061878,102,-61.24167,-144.346374,-138.903671,1.085654,167.861236,3,-1,1,7,113.36908679696955,-66.63340553119912,-95.10353020303046,72.27026546880089,12.623711999999983,-0.0012152500000000002,-2.1763021811864434,-4.510509060362505,154.0913720302663,-66.58260746830027,-1.6178291298571044,167.71911747090144,0,1,1,1,1,2,2,1,1,0,1
3855000.0,101,-61.241081,-144.349289,-105.97985,3.755267,102,-61.241777,-144.346476,-156.11568,5.476567,168.328096,3,-1,1,7,117.2163633333879,-62.78610269658742,-136.8037866666121,93.32957730341258,50.13583,0.004390913000000001,-1.3927434119805535,3.9737577670523074,149.69178426405438,-76.98517796841816,-62.77784737293215,183.371295534611,0,1,1,1,1,2,2,0,1,0,1
3856000.0,101,-61.241137,-144.349341,-150.823329,6.180126,102,-61.241733,-144.346447,-140.974135,1.615184,168.763758,3,-1,1,7,113.17461355104217,-66.82792348816659,-96.00205744895783,74.1462115118334,9.849194000000011,-0.003861383,-1.9958025652828142,-4.141220872427935,155.1461758843348,-66.41438189691758,-1.8535457057035507,168.5987215839026,0,1,1,1,0,2,2,1,1,1,1
3857000.0,101,-61.241204,-144.349339,-173.904725,7.156451,102,-61.241681,-144.346413,-5.134004,1.397644,169.533224,3,-1,1,7,108.7195677034276,-71.28299738876389,-77.37570729657239,-66.14899338876388,168.770721,-0.00021753999999999985,-0.6348180378041121,-8.508030302223323,160.56503961405818,-54.409393431374525,-999,8567.033390625396,0,0,1,1,0,2,2,0,1,0,0
3858000.0,101,-61.241212,-144.349364,-148.523523,2.267599,102,-61.241665,-144.346398,6.05654,1.538107,170.393279,3,-1,1,7,107.61328462468326,-72.38931553347973,-103.86319237531671,-78.44585553347973,154.580063,0.00014046299999999977,-1.3463087252588393,-3.4634539412614087,162.4053331652404,-51.5594539135076,-999,3705.323770630945,0,1,1,1,1,2,2,1,1,1,0
3859000.0,101,-61.241263,-144.349453,-143.122156,6.299774,102,-61.241717,-144.346426,-163.341225,1.267872,171.221425,3,-1,1,7,107.3156125440134,-72.68704109154376,-109.56223145598659,90.65418390845625,20.21906900000002,-0.0002702349999999998,-3.417100846306409,-3.8246367697810655,163.46162418129458,-50.96149329683973,-12.075952181378636,156.10809649552564,0,1,1,1,1,2,2,1,1,1,1
3860000.0,101,-61.241279,-144.349501,-128.723139,3.713021,102,-61.24169,-144.346415,-8.854101,0.358675,171.972511,3,-1,1,7,105.47436531579434,-74.52834004229308,-125.80249568420567,-65.67423904229308,119.86903799999999,-0.000909197,-2.8416098385561837,-2.677110031058817,165.73849402512454,-45.88350616429475,-999,3813.8182214942035,0,1,1,1,1,2,2,0,1,0,0
3861000.0,101,-61.241311,-144.349564,-136.313524,4.710451,102,-61.241827,-144.346508,-163.645533,5.712482,172.605382,3,-1,1,7,109.339850055302,-70.66282900530962,-114.34662594469802,92.98270399469038,27.332009,0.0053538069999999995,-1.6450488543513635,2.0750744546624067,162.86540626867395,-57.16185210702758,-82.21835418458039,116.75930639922899,0,1,1,1,0,2,2,1,1,1,1
3862000.0,101,-61.241315,-144.349634,-103.185934,3.726979,102,-61.241884,-144.346552,-162.49059,6.116649,173.094342,3,-1,1,7,110.9947851915517,-69.00791666293242,-145.8192808084483,93.48267333706758,59.30465600000002,0.00040416700000000014,-1.7884470705511648,4.983081593774585,161.6031347888252,-62.016756274717885,-41.08992626481146,167.7452712645368,0,1,1,1,1,2,2,0,1,0,1
3863000.0,101,-61.241371,-144.349701,-146.356281,6.478685,102,-61.242006,-144.346653,-161.237655,9.201985,173.439982,3,-1,1,7,113.41496344160957,-66.58770860883786,-100.22875555839045,94.64994639116213,14.881373999999994,0.0030853360000000006,-0.6296075129609964,3.3195022505572487,159.1573511934738,-68.922891097498,-36.73462727091282,145.9957602482349,0,1,1,1,0,2,2,1,1,1,1
3864000.0,101,-61.24146,-144.34977,-158.274545,9.887874,102,-61.241963,-144.346649,-151.772494,4.172608,173.687402,3,-1,1,7,108.52142186850331,-71.48131417854056,-93.20403313149671,80.29117982145944,6.5020509999999945,-0.005029377,-1.686556339626014,-5.509133798626932,164.69125509044804,-55.1734003868039,0.856483354694909,173.6283111679473,0,1,1,1,0,2,2,1,0,0,1
3865000.0,101,-61.241475,-144.349722,164.366262,2.996905,102,-61.242068,-144.346738,-156.92446,7.267896,173.953343,3,-1,1,7,112.44459674792566,-67.55801919849411,-51.92166525207435,89.3664408015059,38.70927799999998,0.003095288,3.656237855941039,3.8003520335568615,160.7762282950575,-66.4136277889651,11.852760031068572,161.91058495780646,0,0,1,1,0,2,2,0,0,1,1
3866000.0,101,-61.24151,-144.349828,-134.18255,5.396328,102,-61.242194,-144.346886,-154.746676,10.41226,170.829523,3,-1,1,7,115.79313943317676,-64.2094396957174,-110.02431056682326,90.5372363042826,20.564126000000016,0.0031443639999999993,0.5722605688504547,5.656211297653204,153.80992783275514,-74.33190451273386,-12.791574091089835,161.14220688897,0,1,1,1,1,0,2,1,1,1,1
3867000.0,101,-61.241546,-144.349842,-157.748372,4.293679,102,-61.242277,-144.347026,-150.01663,10.784693,169.078665,3,-1,1,7,118.35066535046697,-61.6518033207674,-83.90096264953303,88.36482667923259,7.731741999999997,0.0003724330000000009,3.7637268746136607,5.367455206888582,148.7989952306251,-80.28981240816692,2.911083497569868,167.92920976054802,0,0,1,1,0,0,2,1,0,0,1
3868000.0,101,-61.241589,-144.3499,-150.020988,5.375141,102,-61.242316,-144.347115,-145.065911,9.096869,170.373394,3,-1,1,7,118.48455592246714,-61.51788557322919,-91.49445607753285,83.5480254267708,4.955076999999989,-0.001687824000000001,2.5233089187408257,2.8017233915720494,149.74896185978773,-81.25479558152288,10.070715496451761,165.66083629395902,0,1,1,1,1,1,2,1,0,1,1
3869000.0,101,-61.241634,-144.349964,-146.976364,5.904418,102,-61.242345,-144.347191,-140.345489,7.614645,169.943694,3,-1,1,7,118.05592512431728,-61.94650585259104,-94.96771087568271,78.39898314740896,6.630875000000003,-0.0014822239999999994,1.6415181976245958,0.9120297247845945,149.97342896260696,-79.93015535805945,44.4838893091827,142.97586480783457,0,1,1,1,1,2,2,0,0,1,1
3870000.0,101,-61.241666,-144.350044,-133.38565,5.508718,102,-61.242455,-144.347336,-145.15518,10.10022,171.412454,3,-1,1,7,121.20015974180353,-58.802214253791234,-105.41419025819647,86.35296574620877,11.769530000000003,0.002485575,1.7673758893428024,4.505307165126409,146.61983933159223,-88.79668969438106,-7.010874033593907,168.98948522269333,0,1,1,1,1,1,2,0,1,0,1
3871000.0,101,-61.241701,-144.350118,-134.388499,5.562896,102,-61.242493,-144.347403,-143.106802,8.46594,170.581567,3,-1,1,7,121.23100785144419,-58.77137228165288,-104.38049314855581,84.33542971834711,8.718302999999992,-0.0016342800000000003,1.1069994357618724,2.879329234647486,145.86153184907468,-88.44481062683589,-11.78099094822585,167.99701516852681,0,1,1,1,0,2,2,1,1,1,1
3872000.0,101,-61.241701,-144.350177,-100.32153,3.475399,102,-61.242569,-144.347543,-141.617445,9.417226,167.600709,3,-1,1,7,124.4104403849211,-55.59186873942861,-135.2680296150789,86.0255762605714,41.29591500000001,0.0009512859999999996,2.428082351197893,6.759305170937806,138.27235090115826,-94.71406777015564,-8.14547817284181,162.94938156339452,0,1,1,1,1,0,2,0,1,1,1
3873000.0,101,-61.241734,-144.350232,-135.853771,4.385305,102,-61.242557,-144.347591,-130.449311,6.340056,166.881143,3,-1,1,7,122.93313658698966,-57.069178674151594,-101.21309241301037,73.3801323258484,5.40446,-0.0030771699999999997,1.7703274594361034,0.9665307919113051,140.06427505731276,-90.72659335418635,36.76070163586888,146.8457874485371,0,1,1,1,0,2,2,1,0,1,1
3874000.0,101,-61.241765,-144.350252,-154.441721,3.831447,102,-61.242606,-144.347686,-133.24184,6.749644,167.27149,3,-1,1,7,124.26515515636966,-55.73709435624732,-81.29312384363033,77.50474564375267,21.199881000000005,0.0004095880000000003,3.2639061987256985,1.1675129416055787,138.23999307183786,-94.17778762701066,26.2758210541367,135.43547291160988,0,0,1,1,0,2,2,0,0,1,1
3875000.0,101,-61.241802,-144.350293,-153.187741,4.494128,102,-61.24267,-144.347787,-137.790856,7.551107,167.485593,3,-1,1,7,125.75273201517686,-54.249464898823994,-81.05952698482315,83.541391101176,15.396884999999997,0.0008014630000000001,3.0459671139056415,1.5821239288170634,135.92228356777042,-97.85988295662455,20.154123878228457,149.63060515935157,0,0,1,1,2,2,2,1,0,0,1
3876000.0,101,-61.241862,-144.350352,-155.488256,6.894605,102,-61.242623,-144.347749,-117.927981,3.193298,167.651588,3,-1,1,7,121.28697051110566,-58.715311439118686,-83.22477348889436,59.21266956088132,37.56027500000002,-0.004357809,-0.039035044089146265,-4.777619975470484,143.2711828313539,-87.06562541569724,49.53954892901025,208.4928837049473,0,0,1,1,1,2,2,0,0,0,0
3877000.0,101,-61.241913,-144.350474,-135.94922,7.928589,102,-61.242643,-144.347765,-128.490169,2.828251,167.785389,3,-1,1,7,119.25475074522568,-60.74762413183555,-104.79602925477434,67.74254486816446,7.459050999999988,-0.0003650470000000001,-3.298998941446803,-3.9382182362736837,146.38528368814883,-81.99564306365008,-6.8424359796511185,164.9179662640073,0,1,1,1,1,2,2,1,1,1,1
3878000.0,101,-61.241913,-144.350562,-100.850663,5.049523,102,-61.242576,-144.347704,-15.648294,1.74759,167.876714,3,-1,1,7,115.7436899051059,-64.25881559388542,-143.4056470948941,-48.610521593885416,85.20236899999998,-0.001080661,-4.487863289423546,-2.633388317841387,151.2142920849263,-72.91658914603993,-41.35063294687231,185.0275350900524,0,1,1,1,1,2,2,0,1,0,1
3879000.0,101,-61.24197,-144.350572,-162.150002,5.762362,102,-61.242606,-144.347719,-107.444255,0.603337,168.025956,3,-1,1,7,114.8621353461267,-65.14036577053874,-82.98786265387332,42.30388922946126,54.705747,-0.001144253,-1.1907250650402093,-5.30410797156216,152.45365705906292,-70.64420952230677,20.07848264112318,179.96928397557542,0,0,1,1,0,2,2,1,0,1,1
3880000.0,101,-61.241998,-144.350531,163.056772,3.714576,102,-61.242683,-144.347784,-155.935096,3.656449,168.303631,3,-1,1,7,117.39944814530553,-62.60296004639999,-45.65732385469447,93.33213595359999,41.00813199999999,0.0030531119999999998,2.573511318781647,-0.21469552409345338,149.42329897464828,-77.45185557052224,60.46874057806213,64.76632320641981,0,0,1,1,0,2,2,1,0,1,1
3881000.0,101,-61.242067,-144.350568,-170.922125,7.044748,102,-61.242653,-144.347756,-146.200461,0.982026,168.751176,3,-1,1,7,113.42124988249988,-66.58121529277301,-75.65662511750014,79.61924570722698,24.721664000000004,-0.002674423,-0.565207333432849,-6.1404584183702315,154.8473056137379,-67.07660803550397,10.377727261733906,160.74783844195144,0,0,1,1,1,2,2,1,0,0,1
3882000.0,101,-61.242103,-144.350649,-142.585536,5.645825,102,-61.24258,-144.347705,10.572247,2.606156,169.446722,3,-1,1,7,108.6135292310612,-71.38905166305085,-108.80093476893882,-81.96129866305085,153.157783,0.00162413,-3.90843486488258,-7.046174887888441,160.58348380845996,-54.084529437569856,-999,8020.647286046771,0,1,1,1,1,2,2,0,1,0,0
3883000.0,101,-61.242113,-144.350726,-112.541289,4.285129,102,-61.242627,-144.347729,-169.240377,0.385664,170.318895,3,-1,1,7,109.62148429124152,-70.38114306699717,-137.83722670875846,98.85923393300283,56.69908799999999,-0.002220492,-3.885760985996951,-1.263816713865905,160.42874957452312,-57.19390093336845,-27.63719589955,106.29889459012709,0,1,1,1,1,2,2,1,1,1,1
3884000.0,101,-61.242189,-144.350712,-175.54227,7.385939,102,-61.242634,-144.347729,-174.693591,0.525567,171.187432,3,-1,1,7,107.22867307797912,-72.77394200785841,-77.22905692202085,101.91964899214159,0.8486790000000042,0.000139903,-0.5254562838999861,-6.840281524511079,163.506296175582,-50.703333082722246,5.551048722923194,166.90948773775727,0,0,1,1,0,2,2,1,0,0,1
3885000.0,101,-61.242198,-144.350697,168.871224,2.105743,102,-61.242693,-144.347766,-166.72175,2.89787,172.008798,3,-1,1,7,109.34412965209512,-70.65843984808137,-59.52709434790489,96.06331015191861,24.40702600000003,0.002372303,1.0720231583416222,0.7542524346692709,162.29823171035872,-56.97640365182346,75.69826681589578,139.9907500675007,0,0,1,1,0,2,2,0,0,1,1
3886000.0,101,-61.24222,-144.350811,-119.769515,4.896744,102,-61.242735,-144.347796,-164.627885,3.620222,172.734549,3,-1,1,7,109.54837623112839,-70.45426690953619,-130.68210876887161,94.1736180904638,44.85836999999998,0.0007223519999999999,-3.290846143770214,1.0594138053036017,162.77801106776585,-57.79743533285623,-62.663084408508375,44.277538499274975,0,1,1,1,1,2,2,0,1,1,1
3887000.0,101,-61.242235,-144.350965,-103.735812,7.372929,102,-61.24272,-144.347797,-156.862855,1.720102,173.320541,3,-1,1,7,107.6531273716343,-72.34964989867773,-148.6110606283657,84.51320510132227,53.127042999999986,-0.00190012,-6.486184395390558,-0.16891878663901205,165.15885702112558,-52.56007876714109,-24.73587237719894,56.93420610498327,0,1,1,1,1,2,2,0,1,0,1
3888000.0,101,-61.242293,-144.350958,-162.735901,5.927867,102,-61.242776,-144.347843,-159.699864,3.543215,173.73839,3,-1,1,7,107.8651386723358,-72.13759213633722,-89.39896032766421,87.56227186366277,3.0360370000000216,0.001823113,-0.5299765521824213,-2.3376592547511312,165.3609398019316,-53.29904077574057,6.708415836568789,173.05415220745328,0,0,1,1,0,2,2,1,0,0,1
3889000.0,101,-61.242343,-144.350934,175.487381,5.674967,102,-61.242827,-144.347889,-158.803102,4.484981,174.053539,3,-1,1,7,108.28412971162113,-71.71853973166496,-67.20325128837887,87.08456226833503,25.709516999999977,0.0009417660000000003,2.0681517268238303,-1.4758324326974064,165.26599591299592,-54.60572344828098,71.41317557477815,53.74232197485853,0,0,1,1,0,2,2,0,0,1,1
3890000.0,101,-61.242406,-144.351023,-154.057351,7.517001,102,-61.2429,-144.347955,-158.515566,6.077661,174.160793,3,-1,1,7,108.50592263827005,-71.49676697021373,-97.43672636172994,87.01879902978628,4.458214999999996,0.0015926799999999997,-1.0625380962332511,-1.1041632593814619,165.15508651840506,-55.27910288243639,-43.88574431389394,157.5097312232164,0,1,1,1,1,2,2,1,1,0,1
3891000.0,101,-61.242458,-144.351059,-158.432401,6.365155,102,-61.243045,-144.348082,-159.105389,10.25719,174.347411,3,-1,1,7,112.28754182916582,-67.71506800514713,-89.2800571708342,91.39032099485287,0.6729880000000037,0.0041795289999999995,1.3184054387715483,3.6631613380127703,161.3223001826189,-66.1221232734697,-1.9609686163316877,174.18236993096937,0,0,1,1,0,2,2,1,1,0,1
3892000.0,101,-61.24249,-144.351133,-138.72858,5.307713,102,-61.243157,-144.34819,-157.888595,11.501983,174.615785,3,-1,1,7,115.22582440817348,-64.77675562129662,-106.04559559182653,93.1118393787034,19.160015000000016,0.0012447929999999997,0.828336328576214,6.666813664769638,157.96355990382918,-74.41899027584019,-9.379649462629148,166.15878015031333,0,1,1,1,1,2,2,0,1,1,1
3893000.0,101,-61.242525,-144.351224,-131.206267,5.981459,102,-61.243382,-144.348487,-153.593994,17.935731,171.076639,3,-1,1,7,123.05885845308799,-56.94354098614399,-105.73487454691201,96.65045301385602,22.387727000000012,0.006433748000000001,3.4764330004799255,12.123992892895114,143.38115005194325,-93.32235649252786,-4.460858857772368,163.66250930282533,0,1,1,1,2,0,2,0,1,1,1
3894000.0,101,-61.242574,-144.3512,-176.382456,5.238965,102,-61.243423,-144.348609,-147.396627,13.978078,168.574423,3,-1,1,7,124.25977433389194,-55.74249711287642,-59.357769666108084,91.65412988712357,28.985828999999995,-0.003957653,7.201114961299831,6.546895820519689,139.3257029368639,-94.89828550048563,3.818036441673444,163.95429717351234,0,0,1,1,0,0,2,0,0,0,1
3895000.0,101,-61.2426,-144.351352,-118.813484,6.791341,102,-61.243444,-144.348694,-141.282975,10.547136,169.984561,3,-1,1,7,123.42671639792117,-56.575613786126794,-117.75979960207883,84.7073612138732,22.469490999999977,-0.0034309419999999998,0.6464375624944108,4.9561918029709275,141.867599936112,-93.63938843633062,-24.922617697273264,160.77978302332778,0,1,1,1,1,1,2,1,1,1,1
3896000.0,101,-61.242548,-144.35139,-35.817471,5.410396,102,-61.243473,-144.348779,-136.779866,8.690701,169.372517,3,-1,1,7,126.3684198697317,-53.633869110603285,162.18589086973168,83.14599688939671,100.96239499999999,-0.0018564349999999994,2.7852294971132423,10.720368604673977,136.38226585718493,-100.43369491647418,-20.87317573077617,230.3236158898596,1,1,2,1,0,2,2,0,1,0,0
3897000.0,101,-61.24264,-144.351375,-177.641617,7.917107,102,-61.243526,-144.348913,-134.194771,8.83263,167.191218,3,-1,1,7,126.79842750332814,-53.20373085500764,-55.559955496671876,80.99104014499235,43.446845999999994,0.0001419289999999993,6.006979726327064,-1.753177597350474,133.87800183129224,-100.14781076980184,28.02179043858006,61.5612894721801,0,0,1,1,1,0,2,1,0,1,1
3898000.0,101,-61.242658,-144.351437,-140.171897,3.838067,102,-61.243553,-144.348996,-130.911117,7.609469,168.46524,3,-1,1,7,127.31292949853864,-52.68921045027417,-92.51517350146139,78.22190654972582,9.260780000000011,-0.0012231610000000002,3.292446803054693,2.035827556327478,133.9865900432175,-102.11821961260571,14.698954951794232,157.35666413720915,0,1,1,1,1,1,2,1,0,0,1
3899000.0,101,-61.242691,-144.351583,-119.576255,7.273846,102,-61.243653,-144.349177,-136.216118,10.112766,168.151491,3,-1,1,7,129.73082441416184,-50.27128485247255,-110.69292058583815,85.94483314752745,16.63986299999999,0.0025032970000000007,0.6713677296138947,3.710725365996712,129.3178785254302,-107.47934787299913,-38.72905802104876,159.4896886493996,0,1,1,1,1,2,2,0,1,0,1
3900000.0,101,-61.24272,-144.351695,-118.312926,6.948015,102,-61.243691,-144.349246,-135.889298,8.552729,169.768089,3,-1,1,7,129.49441565510512,-50.507731308937565,-112.19265834489488,85.38156669106243,17.576371999999992,-0.0015600370000000013,-0.16372590335984327,2.8454757335394745,131.00775518149993,-107.97301572622719,-99.44140825488967,209.2414446726545,0,1,1,1,1,1,2,0,1,0,0
3901000.0,101,-61.242739,-144.351697,-141.579849,2.861081,102,-61.243737,-144.349324,-136.831033,7.900121,169.136109,3,-1,1,7,131.16057952555894,-48.84150081240917,-87.25957147444103,87.98953218759081,4.748816000000005,-0.000652607999999999,3.6269423796887317,3.520283349513824,127.33715064215237,-111.32058854496628,2.6814178524463044,168.5689740629989,0,0,1,1,0,2,2,1,0,1,1
3902000.0,101,-61.242779,-144.351705,-169.031956,4.226102,102,-61.243746,-144.349376,-131.060632,6.070686,166.097255,3,-1,1,7,130.7964003634117,-49.20564140147032,-60.17164363658833,81.85499059852968,37.97132400000001,-0.0018294350000000001,3.7733232811535893,-0.16133119104526195,125.74161908280959,-108.52346911598724,35.034514533870244,103.07362597943313,0,0,1,1,0,0,2,0,0,1,1
3903000.0,101,-61.242805,-144.351818,-123.841754,5.528004,102,-61.243741,-144.349413,-121.228989,4.408422,165.514735,3,-1,1,7,128.97290546837198,-51.029202923695124,-107.18534053162801,70.19978607630487,2.6127649999999676,-0.0016622640000000003,-0.8217925081824182,-0.7929619699561128,128.67835042887808,-104.10095884776028,-20.42823971560412,164.29101355041914,0,1,1,1,1,2,2,1,1,0,1
3904000.0,101,-61.242835,-144.351943,-118.28143,6.965944,102,-61.243746,-144.349447,-116.981096,3.541442,165.854747,3,-1,1,7,127.18716568223533,-52.815022487242224,-114.53140431776467,64.16607351275778,1.3003340000000208,-0.0008669799999999998,-2.978447750247106,-1.6937440375981894,132.13072656965298,-100.24603831877651,-19.45225324062471,152.46328777339005,0,1,1,1,1,2,2,1,1,1,1
3905000.0,101,-61.242884,-144.351976,-149.786808,5.936365,102,-61.243769,-144.349493,-124.170167,3.557196,166.172697,3,-1,1,7,126.53456248007505,-53.46761429330249,-83.67862951992493,70.70255270669752,25.616641000000016,1.5753999999999822e-05,-0.04416283842818158,-3.132054441118302,133.51941307412918,-98.92386749715094,72.58731689372043,187.58026840570102,0,0,1,1,0,2,2,0,0,0,1
3906000.0,101,-61.242915,-144.352005,-152.359279,4.207143,102,-61.243825,-144.349577,-136.302497,4.960249,166.450734,3,-1,1,7,127.92149240960393,-52.08063614775042,-79.71922859039609,84.22186085224956,16.056782,0.0014030530000000002,1.474990500354652,-0.14075254181656227,131.30526119932827,-102.29748398917215,99.13139362657117,89.59427628431698,0,0,1,1,0,2,2,1,0,1,1
3907000.0,101,-61.242964,-144.352068,-150.115073,6.010054,102,-61.243818,-144.349571,-130.695088,2.97286,166.538494,3,-1,1,7,125.4104008465059,-54.59178820149504,-84.47452615349414,76.10329979850496,19.419984999999997,-0.0019873890000000004,-0.7405740609756113,-3.2724802133339397,135.73264070284762,-96.49725504707219,30.62481708771829,158.45630169852538,0,0,1,1,1,2,2,0,0,0,1
3908000.0,101,-61.24298,-144.352154,-119.37066,4.759273,102,-61.24382,-144.349574,-129.149787,2.040032,166.588098,3,-1,1,7,124.08962660003081,-55.91263521196083,-116.53971339996917,73.23715178803917,9.779127000000017,-0.0009328279999999998,-2.565499299353734,-1.0462473908743695,137.96190321822164,-93.3708072989821,-30.58640778033068,138.77115831913,0,1,1,1,1,2,2,1,1,1,1
3909000.0,101,-61.243027,-144.352192,-150.957493,5.407307,102,-61.243822,-144.349575,-129.034766,1.414142,166.578436,3,-1,1,7,122.27143026228575,-57.73086398718463,-86.77107673771422,71.30390201281537,21.92272700000001,-0.00062589,-1.5265678277831833,-3.8367760137759612,140.84676105894172,-88.9413584302122,10.537773854648135,164.25996303149734,0,0,1,1,0,2,2,0,0,0,1
3910000.0,101,-61.243075,-144.352255,-149.060704,6.169124,102,-61.243753,-144.34951,8.47994,2.385302,166.485863,3,-1,1,7,117.17746561017867,-62.824940853053924,-93.76183038982134,-71.30488085305393,157.540644,0.0009711599999999998,-3.523473552176702,-7.650559546353039,148.10517123187185,-76.04209908486673,-999,8423.273944607057,0,1,1,1,1,2,2,0,1,0,0
3911000.0,101,-61.243068,-144.352382,-91.206976,5.819188,102,-61.243757,-144.349512,9.086648,1.283967,166.75718,3,-1,1,7,116.5210256780515,-63.481490368980644,-152.2719983219485,-72.56813836898064,100.29362400000002,-0.0011013349999999997,-6.020671163420297,-1.3904302640006756,149.2094155555026,-74.46144902657844,-26.47442233865113,111.73738575552863,0,1,1,1,1,2,2,1,1,1,1
3912000.0,101,-61.243123,-144.3524,-156.020802,5.722207,102,-61.243749,-144.349506,11.386039,1.176661,167.195276,3,-1,1,7,114.21113092136476,-65.79140616647338,-89.76806707863523,-77.17744516647338,167.406841,-0.00010730600000000013,-2.5578278220861304,-6.3818443700889205,152.48885688594544,-68.56682027288292,-999,6877.41749540788,0,0,1,1,0,2,2,0,1,0,0
3913000.0,101,-61.243169,-144.352414,-166.838231,5.241327,102,-61.243779,-144.349535,-148.860141,0.627127,167.79943,3,-1,1,7,113.77072211075541,-66.23180182793323,-79.39104688924459,82.62833917206677,17.97809000000001,-0.000549534,-0.8691509208501359,-4.566880140270735,153.56429258855727,-67.63620886848169,9.33483753656312,163.59989892834975,0,0,1,1,0,2,2,1,0,1,1
3914000.0,101,-61.243235,-144.352423,-174.580207,7.067802,102,-61.243788,-144.349547,-148.821955,0.827349,168.396374,3,-1,1,7,111.78682912068021,-68.21569218877785,-73.63296387931979,80.60626281122215,25.758252,0.000200222,-0.23925172192115207,-6.328355707325984,156.36801813121434,-62.5010534476348,10.581120613258781,158.96215003806415,0,0,1,1,0,2,2,0,0,1,1
3915000.0,101,-61.243243,-144.352492,-123.534688,3.425836,102,-61.243873,-144.34962,-159.146818,4.277043,169.120937,3,-1,1,7,114.51261830884086,-65.48989949506779,-121.95269369115914,93.65691850493221,35.61212999999998,0.003449694,-1.3330924808204638,2.1043033503020756,153.87805350100857,-70.1672001899656,-102.22733627539894,146.01466896735755,0,1,1,1,1,2,2,0,1,1,1
3916000.0,101,-61.243248,-144.352534,-105.922381,2.535876,102,-61.243961,-144.3497,-158.895057,6.657255,169.962044,3,-1,1,7,117.60889743659423,-62.39358705486153,-136.46872156340578,96.50146994513848,52.97267600000001,0.002380212,-0.04145877625587735,5.515023577551523,150.60874198430176,-78.7661300215007,-20.77850688250111,153.9736473743638,0,1,1,1,1,2,2,0,1,0,1
3917000.0,101,-61.24333,-144.352576,-163.592381,8.17574,102,-61.243958,-144.349698,-156.766362,4.066486,170.786217,3,-1,1,7,114.3989689034049,-65.60355416265152,-82.00865009659509,91.16280783734847,6.826019000000002,-0.0025907689999999997,-0.7052399353441621,-4.106084763540738,155.5334869533243,-70.54974382172611,11.24828416211337,165.2718343008898,0,0,1,1,0,2,2,1,0,0,1
3918000.0,101,-61.243359,-144.352697,-126.978533,6.626633,102,-61.244002,-144.349732,-158.23205,4.524869,171.579014,3,-1,1,7,114.26616929258566,-65.73643004487683,-118.75529770741434,92.49561995512316,31.253516999999988,0.00045838299999999954,-3.615717798358239,0.21619189070446598,156.41933884771026,-70.51488126386795,-45.90887085603721,61.341531324152214,0,1,1,1,1,2,2,0,1,1,1
3919000.0,101,-61.243427,-144.352717,-161.752252,7.304172,102,-61.244013,-144.349759,-152.210426,3.465668,170.376467,3,-1,1,7,112.38276181839413,-67.61983138347398,-85.8649861816059,84.59059461652603,9.541825999999986,-0.0010592009999999998,-0.6713462812039166,-3.8708976157090826,157.54041331580729,-64.87802925248805,10.692678837703438,166.38507215352655,0,0,1,1,0,0,2,1,0,0,1
3920000.0,101,-61.243438,-144.352709,-171.733805,2.169443,102,-61.24414,-144.34991,-153.147634,8.07328,169.2949,3,-1,1,7,117.53565068423278,-62.46680312797702,-70.73054431576725,90.680830872023,18.58617099999998,0.0046076120000000005,3.334739274612878,5.055861163316607,150.11774110741322,-78.26510698144901,2.778897202169392,168.40720619457312,0,0,1,1,0,0,2,0,0,0,1
3921000.0,101,-61.24348,-144.352764,-152.429607,4.838072,102,-61.244141,-144.349944,-145.956326,5.485123,170.584932,3,-1,1,7,115.9778594063596,-64.0246128165146,-91.59253359364038,81.93171318348539,6.473281000000014,-0.0025881570000000007,0.831463476883652,0.25635931398953105,153.34960658895443,-74.72025953151879,130.7336437062169,117.08283560552404,0,1,1,1,1,1,2,1,0,1,1
3922000.0,101,-61.243532,-144.352788,-164.600859,5.777105,102,-61.244163,-144.349998,-141.20989,4.811241,170.314032,3,-1,1,7,115.18020087992502,-64.82224504344758,-80.21894012007499,76.38764495655242,23.390969000000013,-0.0006738819999999999,1.4800326049306236,-1.8196002824284854,154.12979304858905,-72.46293115032078,101.10506810388969,111.59828042825272,0,0,1,1,0,2,2,0,0,1,1
3923000.0,101,-61.243547,-144.352887,-117.96646,4.800866,102,-61.244174,-144.350035,-136.186825,3.892455,171.524948,3,-1,1,7,114.56075655947588,-65.44174371828328,-127.47278344052413,70.74508128171672,18.220365000000015,-0.0009187859999999999,-1.5454496256760524,0.5574113372842953,156.0055452845857,-71.29570552888708,-138.82164351781617,58.85174299467469,0,1,1,1,1,1,2,1,1,1,1
3924000.0,101,-61.243587,-144.352944,-140.431434,5.352781,102,-61.244263,-144.350147,-145.857178,6.650949,170.418535,3,-1,1,7,116.67542477564555,-63.327027286431715,-102.89314122435445,82.53015071356829,5.425744000000009,0.002758494,0.32316869856786967,1.3783387466440278,152.27987248012238,-76.50697686475327,-35.475121396836286,166.05579859450137,0,1,1,1,0,0,2,1,1,0,1
3925000.0,101,-61.243595,-144.352975,-123.507957,2.587353,102,-61.244305,-144.350247,-140.650074,6.707001,167.404979,3,-1,1,7,118.41448467080534,-61.58790690115187,-118.07755832919466,79.06216709884812,17.142116999999985,5.6052000000000215e-05,2.095248447082048,3.7580879890661594,147.23741734252343,-79.65908566067039,0.5581869705150638,167.39175384781439,0,1,1,1,1,0,2,0,0,0,1
3926000.0,101,-61.243649,-144.353106,-133.08444,7.717791,102,-61.244425,-144.350421,-144.591109,10.128206,168.791838,3,-1,1,7,120.9968891626074,-59.00546471433746,-105.9186708373926,85.58564428566254,11.506668999999988,0.0034212050000000005,0.23168834035790464,2.983038088719093,144.6875639833336,-86.92636771421544,-38.17697179333885,155.88129003897302,0,1,1,1,0,1,2,1,1,1,1
3927000.0,101,-61.243678,-144.353221,-120.71499,7.035869,102,-61.244482,-144.350526,-142.480267,9.501384,168.262289,3,-1,1,7,121.80534525636283,-58.19701738836157,-117.47966474363716,84.28324961163842,21.765276999999998,-0.0006268220000000006,-0.2621960754056589,3.942266470815316,142.99661737338855,-88.6801292245802,-49.768564895849046,168.66261355022186,0,1,1,1,1,2,2,0,1,0,1
3928000.0,101,-61.24369,-144.353162,160.54793,1.771261,102,-61.244532,-144.350604,-142.25358,8.636689,170.26395,3,-1,1,7,124.38180477388404,-55.620437766734376,-36.166125226115966,86.63314223326563,57.19849000000005,-0.0008646949999999993,5.876965676482992,5.1591121746967366,140.5176241781435,-96.14889476708777,5.272515292088191,164.96184500919793,0,0,1,1,0,1,2,0,0,1,1
3929000.0,101,-61.24373,-144.353299,-127.983114,6.492093,102,-61.24458,-144.350679,-141.940483,7.931692,169.45489,3,-1,1,7,123.99592026428594,-56.00637663122051,-108.02096573571407,85.93410636877948,13.957369,-0.0007049970000000005,-0.227289707126765,2.249759010823265,140.49121753145275,-94.74796853464525,-94.2025594586436,167.06998038878515,0,1,1,1,1,2,2,1,1,0,1
3930000.0,101,-61.243773,-144.353383,-135.086572,6.620957,102,-61.244608,-144.350764,-136.731306,6.978355,166.291258,3,-1,1,7,123.53472731258881,-56.46756870706421,-101.3787006874112,80.26373729293579,1.6447339999999997,-0.0009533370000000003,0.10846395279556287,0.3924787034819266,138.61226711746255,-91.86632621249083,-184.55388306763925,159.81558463099935,0,1,1,1,0,0,2,1,1,1,1
3931000.0,101,-61.243811,-144.353445,-139.130544,5.664702,102,-61.244692,-144.350934,-137.495643,9.10171,165.328732,3,-1,1,7,126.10491415170948,-53.89728718795646,-94.76454184829055,83.59835581204354,1.634900999999985,0.002123355000000001,2.4429078904825587,2.4263556471248773,133.57558771588714,-97.42254354656913,7.422616832812882,163.25346940359762,0,1,1,1,0,2,2,1,0,0,1
3932000.0,101,-61.243836,-144.353483,-140.203482,3.964313,102,-61.244702,-144.350994,-131.109301,6.946912,166.628042,3,-1,1,7,125.87682735143055,-54.12535470179106,-93.91969064856943,76.98394629820893,9.09418100000002,-0.0021547980000000003,2.6967870697547327,1.5217071567002929,135.01515759554394,-97.65148027656417,21.011429833934308,151.46476262733867,0,1,1,1,0,1,2,0,0,1,1
3933000.0,101,-61.243856,-144.353552,-124.93511,4.086866,102,-61.244715,-144.35105,-126.75306,5.65606,166.42697,3,-1,1,7,125.51506733609654,-54.48712611412829,-109.54982266390346,72.26593388587172,1.8179499999999962,-0.001290852,1.181341573452161,1.0440648308020308,135.46535917917322,-96.68026068354642,24.870772137538847,162.16101238589948,0,1,1,1,1,2,2,1,0,0,1
3934000.0,101,-61.24387,-144.353595,-122.260775,3.118745,102,-61.244729,-144.351082,-126.71176,4.546214,168.225142,3,-1,1,7,125.39632231181834,-54.60588078231667,-112.34290268818165,72.10587921768334,4.450985000000003,-0.001109846,1.0071895306691871,1.0529762997377574,137.1312439780663,-97.44085552758771,18.56504293246463,166.471715025535,0,1,1,1,1,1,2,0,0,0,1
3935000.0,101,-61.243883,-144.353642,-120.346119,2.943858,102,-61.244861,-144.351281,-140.936157,9.310591,167.959837,3,-1,1,7,130.73124919799898,-49.270820642299974,-108.92263180200104,91.66533635770003,20.59003800000002,0.004764377,3.326886094713806,5.741851710616537,127.27636477658842,-109.5957746189303,-5.217632113533709,165.10987665784495,0,1,1,1,0,2,2,0,1,1,1
3936000.0,101,-61.243933,-144.35374,-137.444378,6.653666,102,-61.244947,-144.351442,-140.326842,10.562518,164.837796,3,-1,1,7,132.52885270686528,-47.473161903845956,-90.02676929313475,92.85368009615405,2.882463999999999,0.0012519270000000003,2.2432768124535505,3.2287255963109356,121.47507634082682,-111.42398672695172,-5.917071336561848,163.3403893596047,0,1,1,1,0,0,2,1,1,1,1
3937000.0,101,-61.243973,-144.35383,-134.244411,6.579165,102,-61.245014,-144.351586,-138.158293,10.576129,164.312117,3,-1,1,7,133.96009116197334,-46.041876108997236,-91.79549783802668,92.11641689100276,3.9138819999999725,1.3610999999999152e-05,2.341954181563904,3.2886980236201424,118.27572045233838,-114.05843127319436,-6.421690057710294,162.51348777974508,0,1,1,1,1,2,2,0,1,1,1
3938000.0,101,-61.243979,-144.35387,-113.407824,3.148668,102,-61.245034,-144.351648,-134.447495,8.223286,164.704189,3,-1,1,7,134.6248290830707,-45.37711890131767,-111.9673469169293,89.07037609868233,21.039671,-0.002352843,2.981007974266014,4.507518636605308,117.22354566322055,-115.69835874501666,-6.909257735381611,161.69070877438574,0,1,1,1,1,2,2,0,1,1,1
3939000.0,101,-61.244031,-144.353968,-137.970388,6.838975,102,-61.24498,-144.351592,-112.914841,3.329684,164.944593,3,-1,1,7,129.70219814983489,-50.299884843414965,-92.3274138501651,62.61495615658503,25.05554700000002,-0.0048936019999999995,-1.511872976280217,-3.7835288764171056,126.90425418706032,-105.3661664347794,27.736864590711022,168.83939993408117,0,1,1,1,0,2,2,0,0,0,1
3940000.0,101,-61.244071,-144.353976,-160.689029,4.822129,102,-61.245008,-144.351637,-124.705182,3.492858,165.143717,3,-1,1,7,129.7858510834884,-50.216199473091365,-69.52511991651158,74.48898252690863,35.983847000000026,0.00016317400000000014,1.2767980817164262,-2.562152429277522,126.90329752553569,-105.67876012577672,121.25432220539622,206.88509416348404,0,0,1,1,0,2,2,0,0,0,0
3941000.0,101,-61.24412,-144.354079,-140.201724,6.961784,102,-61.245015,-144.351646,-125.804643,2.608021,165.284788,3,-1,1,7,127.40492783144691,-52.59720513375063,-92.39334816855308,73.20743786624936,14.397081000000014,-0.0008848370000000001,-2.340996685990632,-3.82300471965329,131.29601742373373,-100.40127963761991,5.025149350889843,164.49304515308972,0,1,1,1,1,2,2,1,0,1,1
3942000.0,101,-61.244161,-144.354092,-159.216458,4.954862,102,-61.244973,-144.351594,-34.576985,0.975237,165.385057,3,-1,1,7,124.04796989337702,-55.95422005617406,-76.73557210662301,-21.377235056174058,124.63947300000001,-0.001632784,-1.2047156862219355,-5.4354128663526025,137.03294907750907,-92.59691110406463,-999,5624.606918059566,0,0,1,0,0,2,2,0,1,0,0
3943000.0,101,-61.244184,-144.354141,-141.180375,3.773969,102,-61.244963,-144.351576,-5.051398,0.945604,165.425216,3,-1,1,7,122.26560398249838,-57.736644704860375,-96.55402101750161,-52.685246704860376,136.128977,-2.963300000000002e-05,-2.2825308166905707,-3.8823185408979533,139.88066196807998,-88.31139505193201,-999,4507.35623461071,0,1,1,1,1,2,2,0,1,1,0
3944000.0,101,-61.2442,-144.354258,-111.080781,5.527529,102,-61.244954,-144.351565,8.163124,0.944728,165.381041,3,-1,1,7,120.20070921209528,-59.801651690301085,-128.71850978790474,-67.96477569030108,119.24390499999998,-8.759999999999879e-07,-5.291738610299135,-2.923318720368279,142.9336367137003,-83.1917316687159,-34.81193860366445,189.5091409595186,0,1,1,1,1,2,2,1,1,1,1
3945000.0,101,-61.244251,-144.354343,-136.572814,6.925775,102,-61.244949,-144.351563,9.166915,0.830349,165.697846,3,-1,1,7,117.56202114502234,-62.440416029349635,-105.86516485497765,-71.60733102934964,145.739729,-0.00011437900000000001,-4.893284474501076,-5.849578367251557,146.89287750716358,-76.66980309551573,-999,7585.046192050585,0,1,1,1,0,2,2,0,1,0,0
3946000.0,101,-61.244294,-144.354364,-156.37207,5.319077,102,-61.244995,-144.351615,-150.751443,1.633926,166.176994,3,-1,1,7,117.92798758303273,-62.07442241520516,-85.69994241696725,88.67702058479483,5.620627000000013,0.000803577,-1.3335280617117062,-3.4475512597681095,146.8235148416171,-77.83089890544424,5.638737165492825,165.01895664894482,0,0,1,1,0,2,2,1,0,1,1
3947000.0,101,-61.244328,-144.354388,-158.668267,4.205489,102,-61.244957,-144.351593,-13.08274,0.732315,166.698673,3,-1,1,7,115.07140135248855,-64.93104897310167,-86.26033164751146,-51.848308973101666,145.58552699999998,-0.000901611,-1.3640536255450715,-4.630677705418426,150.9923942655538,-70.6381232332548,-999,4850.470230550201,0,0,1,1,1,2,2,0,1,0,0
3948000.0,101,-61.244358,-144.354441,-144.617885,4.264723,102,-61.24503,-144.351666,-152.865125,2.968307,167.314259,3,-1,1,7,116.72109666234502,-63.28133613068372,-98.66101833765498,89.5837888693163,8.247240000000005,0.0022359919999999996,-1.1155831991301646,-0.8354639028889728,149.44608090403958,-75.23250738306103,-47.03152817229093,150.0698303001256,0,1,1,1,1,2,2,1,1,1,1
3949000.0,101,-61.244392,-144.354504,-140.15884,4.89759,102,-61.245081,-144.351714,-155.263051,4.147205,167.856016,3,-1,1,7,117.17458769770475,-62.827858246498195,-102.66657230229526,92.4351927535018,15.104210999999992,0.0011788979999999998,-1.4022872971083031,0.0061666838705294325,149.32790473872885,-76.66041334178536,-106.95781635398687,76.00368391499892,0,1,1,1,1,2,2,0,1,1,1
3950000.0,101,-61.244438,-144.354573,-144.097763,6.021315,102,-61.245107,-144.351747,-153.093203,3.8922,167.414566,3,-1,1,7,116.20269485695462,-63.79978264895828,-99.69954214304539,89.2934203510417,8.995440000000002,-0.0002550049999999997,-1.7695449629652167,-1.4065326092605654,150.21064387827923,-73.92157583981242,-27.89346130310309,151.57532782946342,0,1,1,1,0,2,2,1,1,0,1
3951000.0,101,-61.244493,-144.354577,-168.757172,6.066488,102,-61.245084,-144.351759,-130.33412,1.839247,166.322661,3,-1,1,7,113.55616881522911,-66.44630167759374,-77.68665918477086,63.887818322406275,38.423051999999984,-0.0020529529999999997,0.21925846412227257,-4.7596289453373055,152.46278206307252,-66.47050208708352,26.76246150759144,158.74492984811258,0,0,1,1,0,0,2,0,0,0,1
3952000.0,101,-61.244527,-144.35465,-142.926126,5.181258,102,-61.24515,-144.351841,-146.135532,4.22451,167.625674,3,-1,1,7,114.75239465179503,-65.25006795201024,-102.32147934820495,80.88546404798977,3.2094060000000013,0.0023852630000000003,-0.7694666908363028,-0.6260570836512902,152.22517840442083,-70.184482926759,-67.18343018422279,150.68246957075246,0,1,1,1,1,1,2,1,1,1,1
3953000.0,101,-61.24457,-144.354699,-149.161225,5.400506,102,-61.245204,-144.351918,-146.927778,5.326766,167.381606,3,-1,1,7,115.35728742230917,-64.64515063546713,-95.48148757769081,82.28262736453286,2.2334470000000124,0.0011022559999999996,0.13836434275284315,-0.17320423431703968,151.2551920775717,-71.68311444626362,1117.150983446011,121.85736504512786,0,1,1,1,0,2,2,1,0,1,1
3954000.0,101,-61.24456,-144.354687,-65.254139,0.342259,102,-61.245318,-144.352051,-150.743369,8.699642,168.969611,3,-1,1,7,120.86999003685885,-59.13232090286009,-173.87587096314115,91.61104809713991,85.48922999999999,0.0033728760000000008,3.940877779723952,7.733178506102638,145.03232269818508,-86.69691352211348,-1.375058461081015,168.5859231596516,0,1,2,1,1,1,2,0,1,0,1
3955000.0,101,-61.2446,-144.354732,-153.862574,4.13923,102,-61.245395,-144.352147,-150.289473,9.170909,168.556981,3,-1,1,7,122.59178456967254,-57.41048166044104,-83.54564143032746,92.87899133955895,3.5731010000000083,0.0004712669999999992,2.721832825495791,4.249353208240438,142.01425263952717,-90.79321500569803,0.02796935687777965,168.5569195230596,0,0,1,1,0,2,2,1,0,1,1
3956000.0,101,-61.244603,-144.354849,-99.986137,5.103707,102,-61.245432,-144.352231,-145.225078,7.930878,165.509568,3,-1,1,7,123.3554682573082,-56.64682690373154,-136.6583947426918,88.57825109626846,45.23894100000001,-0.0012400310000000002,-0.5029757144953688,5.629381401790311,138.24608033854105,-91.00240859766448,-43.661516752401425,193.59924003455728,0,1,1,1,1,0,2,0,1,0,1
3957000.0,101,-61.244631,-144.354942,-118.709216,5.720622,102,-61.245477,-144.352333,-140.767383,7.63289,164.907956,3,-1,1,7,123.98313904405788,-56.019148227711604,-117.30764495594212,84.74823477228838,22.058166999999997,-0.0002979880000000001,-0.1898030385247722,3.164334599297572,136.74202267873434,-92.17512238031713,-67.24997377675257,172.97743109962235,0,1,1,1,0,2,2,1,1,1,1
3958000.0,101,-61.244699,-144.354971,-159.680637,7.255172,102,-61.245511,-144.352408,-138.308628,6.873682,165.277355,3,-1,1,7,123.36900181143234,-56.633245133940676,-76.95036118856768,81.67538286605932,21.37200899999999,-0.0007592080000000001,2.0524317625972213,-1.6708525599516726,138.03064959457845,-90.9073366032397,92.82184305526572,82.9081182067916,0,0,1,1,0,2,2,1,0,1,1
3959000.0,101,-61.244757,-144.355005,-162.651946,6.807289,102,-61.245492,-144.35241,-127.081093,3.972353,165.610235,3,-1,1,7,120.4895539605339,-59.51272103926117,-76.8585000394661,67.56837196073883,35.570853,-0.002901329,1.1393084554056263,-4.102523178077974,142.70992982832135,-84.02753040016599,61.0450757315687,181.78344250777255,0,0,1,1,2,2,2,0,0,0,1
3960000.0,101,-61.244778,-144.355156,-115.50708,7.071138,102,-61.24555,-144.35248,-139.719182,5.173735,165.780573,3,-1,1,7,120.9520212875475,-59.050324724611194,-123.5408987124525,80.6688572753888,24.212101999999987,0.0012013819999999998,-3.0369311765166325,0.9019719106771626,142.17313526593148,-85.26428321907997,-64.24829385358892,59.57501834372328,0,1,1,1,1,2,2,1,1,1,1
3961000.0,101,-61.244812,-144.355184,-141.586741,4.684978,102,-61.245549,-144.35248,-136.307366,3.313333,166.018523,3,-1,1,7,119.53609803094488,-60.46627252863781,-98.87716096905513,75.8410934713622,5.2793749999999875,-0.0018604019999999997,-0.6220977471058919,-1.275187906286889,144.4436326368555,-81.84245212461961,8.782702522084307,165.7185002642791,0,1,1,1,0,2,2,1,0,0,1
3962000.0,101,-61.244815,-144.355252,-104.580333,3.553023,102,-61.245472,-144.352413,-14.052173,1.800119,166.32204,3,-1,1,7,115.6915237802151,-64.31096513124977,-139.7281432197849,-50.25879213124978,90.52816000000001,-0.0015132140000000001,-3.0015216573786048,-2.640678464148829,149.87963707283825,-72.10489151698297,-57.418217725656184,224.85273200441983,0,1,1,1,1,2,2,0,1,0,0
3963000.0,101,-61.24487,-144.355279,-158.95336,5.562038,102,-61.245503,-144.35243,-110.245764,0.628157,166.747259,3,-1,1,7,114.79154879494259,-65.21094888455139,-86.2550912050574,45.03481511544861,48.707595999999995,-0.0011719620000000001,-1.4081348614331408,-4.973613253442229,151.37972129185582,-69.92015707657653,12.84946224483911,169.5800965718466,0,0,1,1,0,2,2,1,0,1,1
3964000.0,101,-61.244958,-144.355262,179.449861,9.142317,102,-61.245455,-144.352389,8.697902,1.893438,167.317274,3,-1,1,7,109.7798409831905,-70.22267773702198,-69.6700200168095,-78.92057973702198,170.75195900000006,0.0012652809999999998,-0.19855367686662573,-11.013557946832774,157.44553687702472,-56.62131309230231,-999,11059.24136720346,0,0,1,1,0,2,2,0,1,0,0
3965000.0,101,-61.244977,-144.355296,-158.64296,3.471281,102,-61.245456,-144.352381,16.522008,1.180926,168.078101,3,-1,1,7,108.86055992152839,-71.14199561998089,-92.49648007847162,-87.66400361998089,175.16496800000002,-0.000712512,-1.6000022017383522,-4.365071374816862,159.05366945228178,-54.3339513520827,-999,4643.738218559324,0,1,1,1,1,2,2,0,1,1,0
3966000.0,101,-61.244991,-144.35545,-105.65556,6.556633,102,-61.245503,-144.352405,-171.952312,1.28595,169.07676,3,-1,1,7,109.26728898899245,-70.73538052243424,-145.07715101100757,101.21693147756577,66.29675200000003,0.000105024,-6.133361225651869,-0.49604570399046,159.60668500675771,-55.79118992503412,-23.65890288847129,69.06592521128397,0,1,1,1,1,2,2,1,1,1,1
3967000.0,101,-61.245017,-144.355429,-160.06173,2.884912,102,-61.245602,-144.352475,-165.264947,5.127439,170.093461,3,-1,1,7,112.37662394810786,-67.62596578626416,-87.56164605189213,97.63898121373585,5.203216999999995,0.003841489,0.3203856673851677,2.2468174485188297,157.28566648587034,-64.75341375598724,-19.11309921911891,164.85824916644222,0,0,1,1,0,1,2,1,1,0,1
3968000.0,101,-61.245083,-144.35549,-158.548233,7.133426,102,-61.245604,-144.352475,-164.333916,3.312686,171.087536,3,-1,1,7,109.76023165813397,-70.24241155510845,-91.69153534186603,94.09150444489154,5.7856829999999775,-0.0018147530000000001,-1.7142948290200888,-3.4496378518925654,161.01315874325314,-57.84209268405888,-4.893979841866883,169.93431443178721,0,1,1,1,1,2,2,0,1,0,1
3969000.0,101,-61.245113,-144.355498,-164.841189,4.054575,102,-61.245602,-144.352475,-161.891026,1.994217,172.010876,3,-1,1,7,108.58691606075926,-71.41573416655199,-86.57189493924074,90.47529183344803,2.9501630000000034,-0.0013184689999999998,-0.44039951600652516,-2.0180573935186725,163.03899893082158,-54.82724040039712,9.368785865659865,170.98076383230796,0,0,1,1,0,2,2,1,0,0,1
3970000.0,101,-61.245135,-144.355544,-142.537952,3.407939,102,-61.245625,-144.352494,-161.208575,2.287803,172.809282,3,-1,1,7,108.46871451353749,-71.5339593846585,-108.99333348646252,89.6746156153415,18.670623000000006,0.0002935859999999999,-1.335874177963154,-0.5392160633517005,163.90904635464557,-54.74369797945855,-80.39651296414489,113.20734205892714,0,1,1,1,1,2,2,0,1,1,1
3971000.0,101,-61.245205,-144.355604,-157.302231,7.470292,102,-61.245596,-144.352489,-104.042609,0.442334,173.432878,3,-1,1,7,104.62535940192028,-75.3773714816693,-98.07240959807973,28.6652375183307,53.25962200000001,-0.0018454689999999998,-2.453447379195393,-6.784411728358131,167.81322064920352,-43.79139352320971,-6.516772493129125,175.48620363139543,0,1,1,1,0,2,2,0,1,0,1
3972000.0,101,-61.24524,-144.355681,-139.490258,5.823371,102,-61.245629,-144.352519,-151.471919,1.647302,173.847574,3,-1,1,7,104.34645815438782,-75.65631393438437,-116.16328384561217,75.81560506561564,11.981661000000003,0.001204968,-2.995995789341615,-2.9801911566716233,168.42616074935023,-43.07676126311625,-18.896024328317132,149.6021110790089,0,1,1,1,1,2,2,1,1,1,1
3973000.0,101,-61.245293,-144.355747,-147.31922,6.701678,102,-61.245704,-144.352576,-159.619296,4.299428,174.110328,3,-1,1,7,105.08060420435727,-74.92217577648428,-107.60017579564271,84.69712022351571,12.30007599999999,0.002652126,-2.121321479827284,-1.6104675694435437,168.1141009188242,-45.299617973256495,-34.90656957997939,138.39732972592387,0,1,1,1,0,2,2,0,1,1,1
3974000.0,101,-61.245322,-144.35575,-162.565498,3.808235,102,-61.245763,-144.352631,-158.559239,5.352852,174.111687,3,-1,1,7,106.38039714373483,-73.622337250313,-91.05410485626521,84.936901749687,4.006259,0.0010534240000000005,0.815670790291479,1.3491282477644169,167.04458365992411,-49.10179854005939,26.87484811477155,168.365899192791,0,1,1,1,0,2,2,1,0,0,1
3975000.0,101,-61.245335,-144.35585,-113.979279,4.538715,102,-61.245933,-144.352774,-159.875966,10.873344,174.124867,3,-1,1,7,112.00639131057366,-67.9963053882169,-134.01432968942635,91.87966061178311,45.896686999999986,0.005520491999999999,-0.40597680615199794,8.364964431766516,161.43848817537554,-65.2463320303664,-12.246361356888226,160.82674122901074,0,1,1,1,1,2,2,0,1,1,1
3976000.0,101,-61.245373,-144.355881,-147.911298,4.458502,102,-61.246073,-144.352905,-158.660814,13.095741,174.148187,3,-1,1,7,116.05797140088197,-63.944637630983394,-96.03073059911804,94.7161763690166,10.749516,0.002222397000000001,2.3968907845689147,8.420568803451825,156.446031798376,-76.49987039157973,-3.662958200530655,171.4175808156175,0,1,1,1,0,2,2,1,1,0,1
3977000.0,101,-61.245447,-144.355941,-158.307225,8.089086,102,-61.24625,-144.353087,-157.069047,16.269372,174.677223,3,-1,1,7,120.3239071125863,-59.678594966199654,-81.36886788741373,97.39045203380036,1.2381779999999765,0.003173631,3.348932339362833,7.467475385732007,150.77875128551733,-88.19240554476237,-2.2768256845790242,173.66571862170005,0,0,1,1,0,2,2,1,1,0,1
3978000.0,101,-61.245468,-144.355975,-146.558877,3.89756,102,-61.246349,-144.353244,-152.724183,15.243288,171.062133,3,-1,1,7,123.84695346514712,-56.15544078176302,-89.59416953485288,96.56874221823699,6.165306000000015,-0.0010260840000000009,4.837742893786437,10.296069159033355,142.07194425539703,-95.27757344727587,-2.30821074366862,169.1035394161128,0,0,1,1,1,0,2,0,1,1,1
3979000.0,101,-61.245507,-144.355997,-160.527021,4.389163,102,-61.246453,-144.35346,-146.636318,15.308799,167.999326,3,-1,1,7,127.78181053785782,-52.22041363230929,-71.69116846214217,94.4159043676907,13.890703000000002,6.551100000000076e-05,6.955914811555622,8.647759644508827,132.77819165526995,-102.92582453986307,0.2633814467529319,167.9722081913528,0,0,1,1,0,0,2,0,0,1,1
3980000.0,101,-61.245512,-144.356047,-116.082778,2.610727,102,-61.246546,-144.353656,-142.655013,14.963616,170.253389,3,-1,1,7,131.95603055245823,-48.04606562161078,-111.96119144754175,94.60894737838922,26.572234999999978,-0.0003451830000000005,6.732270976939791,10.748179974213922,126.6103126692503,-113.82462471618344,-2.4591869193025957,167.73215783448833,0,1,1,1,1,1,2,0,1,1,1
3981000.0,101,-61.245551,-144.356136,-132.960896,5.570102,102,-61.246524,-144.353697,-133.161879,9.494532,168.964192,3,-1,1,7,129.66996698224276,-50.332171273169656,-97.36913701775723,82.82970772683035,0.2009830000000079,-0.005469084000000001,2.8492323311463856,2.6988287628648138,130.05752991128804,-107.86073007164042,5.1724962269032755,167.7465019131619,0,1,1,1,0,0,2,1,0,0,1
3982000.0,101,-61.245606,-144.356196,-149.142535,6.773503,102,-61.246555,-144.35385,-126.256732,9.08562,165.541981,3,-1,1,7,130.06181754860214,-49.94023917516251,-80.79564745139783,76.3164928248375,22.88580300000001,-0.00040891199999999907,3.852260452877534,-0.44141031954172494,126.69763480672755,-106.5450928376594,37.58710801592066,91.75622423967341,0,0,1,1,0,0,2,0,0,1,1
3983000.0,101,-61.245592,-144.356354,-86.451044,7.098269,102,-61.246682,-144.354153,-130.463125,13.34638,167.397948,3,-1,1,7,135.83319404625317,-44.16873555788909,-137.71576195374683,86.2943894421109,44.01208099999997,0.00426076,3.0695869195630987,9.100639619569536,116.63446118037189,-120.07695640619407,-15.8615039674023,167.09511150165196,0,1,1,1,1,1,2,0,1,0,1
3984000.0,101,-61.245615,-144.356446,-110.904005,5.906614,102,-61.246737,-144.35433,-127.875735,12.600689,166.525073,3,-1,1,7,137.78611802064478,-42.2157370651646,-111.30987697935524,85.6599979348354,16.971730000000036,-0.0007456910000000008,4.428442429412137,5.628705801162921,111.88820593577415,-123.3354341222713,-4.649253888607626,164.290774975912,0,1,1,1,0,2,2,1,1,1,1
3985000.0,101,-61.245671,-144.356479,-153.168392,6.262927,102,-61.246771,-144.354446,-125.395857,10.761475,168.636075,3,-1,1,7,138.36182544226185,-41.63995687878506,-68.46978255773814,83.75590012121495,27.772535000000005,-0.0018392139999999983,5.945531537477757,0.6446443684774623,112.04590641937747,-126.03110983430136,15.79643361635471,137.41513744240896,0,0,1,1,0,1,2,0,0,1,1
3986000.0,101,-61.245689,-144.356577,-119.426294,5.253324,102,-61.246807,-144.354584,-122.899678,9.945144,166.990114,3,-1,1,7,139.3866024863628,-40.61514476727451,-101.18710351363723,82.2845332327255,3.47338400000001,-0.0008163309999999999,3.774586365397586,2.820924639161352,108.70250534340994,-126.7653876489909,2.4589549412890297,166.61551745554843,0,1,1,1,1,0,2,1,0,0,1
3987000.0,101,-61.245679,-144.356676,-84.613515,5.146097,102,-61.246881,-144.35477,-126.120358,10.978625,170.463042,3,-1,1,7,142.66482439587844,-37.33684658586074,-132.72166060412155,88.78351141413926,41.506843,0.0010334809999999984,3.7449464744863334,6.954799321032779,103.38185485763061,-135.53538568982478,-14.64189895256408,161.76506039444422,0,1,1,1,1,1,2,0,1,1,1
3988000.0,101,-61.245664,-144.356759,-72.332149,4.874446,102,-61.246955,-144.354993,-125.982491,12.156612,169.079686,3,-1,1,7,146.65437445129777,-33.34717379340579,-141.01347654870222,92.63531720659421,53.650341999999966,0.0011779870000000016,5.192561056545038,8.621858370754836,92.94111005792249,-141.2440805098031,-11.513924559976365,158.39035580174874,0,1,1,1,1,0,2,0,1,1,1
3989000.0,101,-61.245688,-144.356898,-106.773681,6.941427,102,-61.247016,-144.355301,-120.430381,13.860397,163.363947,3,-1,1,7,149.95195838622038,-30.049441697516368,-103.2743606137796,90.38093930248363,13.6567,0.001703785,5.304976816737457,5.016926454235774,81.80057129650955,-141.40878938377014,-6.02499550886342,159.0705093930348,0,1,1,1,0,0,2,1,1,0,1
3990000.0,101,-61.245728,-144.356922,-145.295317,4.915682,102,-61.247073,-144.355698,-114.355109,16.35348,159.983956,3,-1,1,7,156.3582821440137,-23.642790932532233,-58.3464008559863,90.71231806746776,30.940208000000013,0.0024930830000000005,12.099408104357384,2.702854549412449,64.15614895403546,-146.55666047231546,2.3885828017838997,157.02177215542622,0,0,1,1,0,0,2,0,0,1,1
3991000.0,101,-61.245725,-144.356962,-99.079134,2.365845,102,-61.247095,-144.355902,-110.615488,14.589274,162.484136,3,-1,1,7,159.58548008926388,-20.41544920915523,-101.33538591073614,90.20003879084477,11.536353999999989,-0.0017642060000000015,11.318836851508532,4.763478887355294,56.676020368908254,-152.27909628970613,-0.5643469367064128,162.34056526105397,0,1,1,1,1,1,2,1,1,0,1
3992000.0,101,-61.245692,-144.357088,-61.019686,6.299218,102,-61.247122,-144.35613,-108.092878,13.888514,162.145805,3,-1,1,7,162.1380706104756,-17.86276926481634,-136.84224338952438,90.23010873518366,47.073192000000006,-0.000700759999999999,7.691318127598902,7.365221311767958,49.73405139520213,-154.3301208802657,-9.856226210459274,149.80506925764158,0,1,1,1,1,2,2,0,1,1,1
3993000.0,101,-61.245751,-144.35718,-134.714736,7.181741,102,-61.24714,-144.356446,-103.535129,14.809224,157.953236,3,-1,1,7,165.737743443255,-14.26290005229256,-59.547520556744985,89.27222894770743,31.179607000000004,0.0009207099999999997,9.294443296250694,-1.5869383734435702,38.91345756670536,-153.08483786148096,7.236241069877217,144.41016120303362,0,0,1,1,0,0,2,1,0,1,1
3994000.0,101,-61.245773,-144.357329,-111.308034,7.736392,102,-61.247152,-144.356795,-99.429226,15.992368,156.274165,3,-1,1,7,169.4482495537302,-10.552218602484105,-79.24371644626979,88.8770073975159,11.878808000000049,0.0011831440000000003,8.568756239808547,-0.19124802015840947,28.617478662344578,-153.6315545760619,3.753137125443714,152.9547969010563,0,0,1,1,1,0,2,1,0,0,1
3995000.0,101,-61.245748,-144.357412,-70.393888,5.559155,102,-61.247145,-144.356913,-96.014187,12.815746,157.604227,3,-1,1,7,170.2505364376744,-9.749901034077926,-119.35557556232558,86.26428596592208,25.62029899999999,-0.003176622,7.508363471467559,3.208152035032975,26.68874337315399,-155.32805073594872,-5.0655227310414075,153.39961209787472,0,1,1,1,1,1,2,0,1,0,1
3996000.0,101,-61.245735,-144.357516,-75.033661,5.662519,102,-61.247156,-144.357097,-96.178145,11.89869,158.079512,3,-1,1,7,171.92710529068148,-8.07326204532686,-113.03923370931852,88.10488295467314,21.144483999999977,-0.0009170560000000005,6.359150030804399,2.7428928096967775,22.19955785027262,-156.51297628442998,-6.814815519080823,152.6089864382327,0,1,1,1,0,2,2,1,1,1,1
3997000.0,101,-61.245795,-144.357476,-179.961794,5.297823,102,-61.247152,-144.35716,-94.011968,9.151409,155.989488,3,-1,1,7,173.60857976540535,-6.391697270887932,-6.42962623459465,87.62027072911206,85.94982599999997,-0.002747281000000001,9.125450388407806,-4.657544915417912,17.364768370910983,-155.01995092866838,10.735114992464887,132.38344839170242,0,0,0,1,0,0,2,0,0,1,1
3998000.0,101,-61.245801,-144.357583,-108.748027,4.371465,102,-61.247152,-144.357262,-92.776204,7.969037,155.554583,3,-1,1,7,173.47972350806086,-6.520557911728771,-77.77224949193914,86.25564608827123,15.971822999999972,-0.001182371999999999,3.8201637520719878,-1.0190389753143614,17.66397319400215,-154.54841423743392,15.605493564209857,144.85369903101824,0,0,1,1,1,2,2,1,0,0,1
3999000.0,101,-61.245789,-144.357729,-82.819619,6.824998,102,-61.247132,-144.357165,-80.55059,3.753766,155.930766,3,-1,1,7,168.57926260509856,-11.421231852042668,-108.60111839490145,69.12935814795733,2.269028999999989,-0.004215271,-3.0686424044243625,0.23679958401606704,30.87618196612448,-152.84326996155744,-13.731296697754795,150.01490421064887,0,1,1,1,1,2,2,1,1,0,1
4000000.0,101,-61.245774,-144.357803,-72.010365,5.009816,102,-61.247139,-144.357223,-88.350107,3.51272,156.164383,3,-1,1,7,168.4481658753461,-11.552342608931726,-119.54146912465393,76.79776439106827,16.339742,-0.00024104600000000032,-1.2536344306558749,1.446117786780448,31.272599698467992,-153.0011079236685,-159.40797611573072,185.53797565484075,0,1,1,1,1,2,2,0,1,0,1
4001000.0,101,-61.245815,-144.357897,-125.765982,6.132907,102,-61.247152,-144.357323,-97.149618,4.139297,156.364528,3,-1,1,7,168.33152389943652,-11.668979324769264,-65.9024941005635,85.48063867523074,28.616363999999976,0.0006265770000000001,-0.8691960742453704,-3.0693569243804415,31.624491299870023,-153.13313543021064,291.6981819883514,795.0914741633974,0,0,1,1,0,2,2,0,0,0,0
4002000.0,101,-61.245814,-144.35802,-95.02948,6.163189,102,-61.247158,-144.357355,-99.859464,3.400588,156.514198,3,-1,1,7,166.61209898240378,-13.388484021240668,-98.35842101759624,86.47097997875933,4.829983999999968,-0.000738709,-2.789095258657339,0.04197356387761375,36.239685573885325,-152.26089243495562,-13.850256462256889,151.69837612684398,0,1,1,1,1,2,2,1,1,1,1
4003000.0,101,-61.245811,-144.358101,-86.909723,4.842939,102,-61.247165,-144.357392,-102.444262,2.980136,156.629981,3,-1,1,7,165.86219054537898,-14.138431032974529,-107.228086454621,88.30583096702547,15.534538999999995,-0.00042045200000000003,-1.9257755749837178,0.9032685426481474,38.257652363860736,-151.88582219439158,-63.02082966726687,126.1913992463443,0,1,1,1,1,2,2,0,1,1,1
4004000.0,101,-61.245802,-144.358203,-81.017509,5.395253,102,-61.247165,-144.357391,-101.834601,2.004194,156.691857,3,-1,1,7,164.00918872601727,-15.991523152113347,-114.97330227398271,85.84307784788666,20.817092000000002,-0.0009759419999999998,-3.367493871825923,1.2534094856168088,43.16597282464276,-150.6288048157146,-31.921154980320402,127.96324180508722,0,1,1,1,1,2,2,0,1,0,1
4005000.0,101,-61.2458,-144.358329,-87.033012,6.339352,102,-61.247152,-144.357324,-27.93571,0.357231,156.649768,3,-1,1,7,160.32441601017487,-19.676465070496427,-112.64257198982511,8.259244929503573,59.09730200000001,-0.001646963,-6.163498475831037,0.012524231891771431,52.743041653352,-147.50363172344808,-8.590982681489006,147.39618227399177,0,1,1,0,0,2,2,0,1,0,1
4006000.0,101,-61.24586,-144.358462,-128.545105,8.840159,102,-61.247156,-144.357338,-83.995622,0.36682,156.785643,3,-1,1,7,157.35458647129573,-22.646398936641617,-74.10030852870426,61.34922306335838,44.54948299999998,9.588999999999959e-06,-6.549238575249987,-5.546944030017131,60.3666983497349,-144.69830538494762,10.724602845318312,155.94309002812602,0,0,1,1,0,2,2,1,0,0,1
4007000.0,101,-61.245878,-144.358397,168.6805,2.663486,102,-61.247164,-144.357386,-106.390227,1.119516,157.213796,3,-1,1,7,159.28506215754024,-20.715824183667607,-9.395437842459756,85.67440281633239,84.92927300000008,0.0007526960000000001,1.5968099407868932,-2.2957730541159584,55.60946199853926,-147.0502138351476,120.10996054977288,187.37208466837097,0,0,0,1,0,2,2,0,0,0,1
4008000.0,101,-61.245882,-144.358528,-99.575803,4.938548,102,-61.247128,-144.357263,46.484197,1.939499,157.813087,3,-1,1,7,153.97070927220872,-26.03039975004268,-106.4534877277913,-72.51459675004268,146.06,0.0008199830000000001,-6.276230725383785,-2.156989953396918,69.25320702502401,-141.8060779558434,-3.685929114398614,156.6972920972588,0,1,1,1,1,2,2,0,1,1,1
4009000.0,101,-61.245912,-144.358663,-113.60775,7.207555,102,-61.247161,-144.357386,-117.664164,1.320884,158.554198,3,-1,1,7,153.81141332444713,-26.189706218465897,-92.58083667555286,91.4744577815341,4.0564139999999895,-0.0006186150000000001,-5.434458329520432,-2.27316019306518,69.97426599520544,-142.27802290535053,-1.5904234005159723,158.26045339641013,0,1,1,1,0,2,2,1,1,0,1
4010000.0,101,-61.24591,-144.358742,-93.051742,4.894822,102,-61.247179,-144.357431,-125.311069,1.940779,159.256032,3,-1,1,7,153.57491474927681,-26.426234601427797,-113.37334325072317,98.88483439857221,32.25932700000001,0.0006198950000000001,-3.3041544752958543,0.8612105387401975,70.87328149585477,-142.61648466567374,-37.78993699404175,122.59969996683523,0,1,1,1,1,2,2,0,1,1,1
4011000.0,101,-61.245901,-144.358726,-46.4614,1.047129,102,-61.24718,-144.357427,-126.328487,1.231654,158.274292,3,-1,1,7,153.9621064768177,-26.039032353495084,-159.5764935231823,100.28945464650491,79.86708699999997,-0.000709125,0.23318737046452587,1.4509564232333263,69.4769510920704,-142.2100726919557,-892.724369820136,1186.0501413393492,0,1,2,1,1,2,2,0,1,0,0
4012000.0,101,-61.245935,-144.35889,-114.421765,7.192623,102,-61.247225,-144.35762,-120.670798,4.647239,157.618455,3,-1,1,7,154.6591125679105,-25.34200083858798,-90.91912243208947,95.32879716141203,6.249032999999997,0.003415585,-2.551927314839404,-0.603214404177645,67.46115996112844,-142.45198929213333,-11.819100513597942,154.16184093718596,0,1,1,1,0,2,2,1,1,1,1
4013000.0,101,-61.245966,-144.358949,-130.023032,5.376141,102,-61.247238,-144.357684,-117.901328,4.316578,157.920349,3,-1,1,7,154.43440386815865,-25.566705155121408,-75.54256413184135,92.3346228448786,12.121703999999994,-0.0003306610000000001,-0.3021770032719493,-1.4374280988735118,68.14960370580403,-142.458654152788,229.0747650374454,231.88870970007636,0,0,1,1,0,2,2,0,0,0,0
4014000.0,101,-61.245945,-144.359023,-70.284576,4.265199,102,-61.247226,-144.35766,-108.896693,2.308254,158.142816,3,-1,1,7,152.89570313905506,-27.1054918004278,-136.81972086094493,81.7912011995722,38.612116999999984,-0.002008324,-1.8313235663772458,2.1864169239149307,72.05171200629738,-140.77535668351703,-223.44299361803965,484.36193412219785,0,1,1,1,1,2,2,0,1,0,0
4015000.0,101,-61.246009,-144.359129,-137.840286,7.752226,102,-61.247221,-144.357653,-100.998564,1.396448,158.351435,3,-1,1,7,149.63795035478074,-30.363343652006726,-72.52176364521927,70.63522034799328,36.841722000000004,-0.0009118059999999999,-3.8324925793804585,-5.480124143660042,80.04069000900579,-136.6333228368595,20.719543546789396,161.11102997828846,0,0,1,1,0,2,2,1,0,1,1
4016000.0,101,-61.24603,-144.359265,-113.200731,7.310533,102,-61.247196,-144.357589,10.244348,0.942122,158.537747,3,-1,1,7,145.339036060541,-34.66243328585925,-101.46023293945899,-44.90678128585925,123.44507900000002,-0.0004543259999999999,-6.886885560190394,-3.807113981124486,90.1634698730354,-130.40232330863682,-5.281573013677415,159.8329546598089,0,1,1,1,1,2,2,0,1,1,1
4017000.0,101,-61.246033,-144.359314,-100.530642,3.863396,102,-61.247208,-144.357621,-85.452349,0.437968,158.567929,3,-1,1,7,145.27461480242806,-34.726869447968035,-114.19474319757194,50.72547955203196,15.078292999999974,-0.000504154,-3.3617368444859785,-0.7408051421979988,90.32722539258101,-130.3256707645386,-18.658471716241735,146.7669071407184,0,1,1,1,1,2,2,1,1,1,1
4018000.0,101,-61.24605,-144.359404,-111.543288,4.859742,102,-61.247196,-144.357594,17.332563,0.560484,158.557717,3,-1,1,7,142.7747326121059,-37.22685421191458,-105.6819793878941,-54.55941721191458,128.875851,0.00012251599999999995,-4.687220350120908,-2.3195503781226092,95.9195424377557,-126.25367716935483,-12.589378181475878,159.7771807226339,0,1,1,1,0,2,2,0,1,0,1
4019000.0,101,-61.246079,-144.359471,-127.058296,4.858089,102,-61.247215,-144.357642,-122.013379,0.84342,158.470062,3,-1,1,7,142.24332559871266,-37.75827788294731,-90.69837840128736,84.25510111705269,5.044916999999998,0.00028293599999999996,-3.161709327939107,-2.480505490880979,97.03270597096835,-125.28932325715328,0.2613096002408347,158.46695920601428,0,1,1,1,0,2,2,1,0,1,1
4020000.0,101,-61.246113,-144.359504,-147.792494,4.393784,102,-61.247197,-144.357615,-2.657628,0.470692,158.750433,3,-1,1,7,140.0287402572196,-39.97291582652459,-72.1787657427804,-37.31528782652459,145.13486600000002,-0.00037272799999999996,-2.3200053901782867,-4.1878689778365095,101.98179753678639,-121.66105765138406,-999,4842.036096239668,0,0,1,1,0,2,2,0,1,0,0
4021000.0,101,-61.24615,-144.359654,-122.21416,7.612867,102,-61.247226,-144.35769,-126.327149,1.599196,159.200342,3,-1,1,7,138.716721694205,-41.28500014254497,-99.06911830579497,85.04214885745503,4.112989000000027,0.001128504,-5.152564726644975,-3.1109524463028255,105.03758125082966,-119.63216715370629,-4.492048747606983,156.7069113676882,0,1,1,1,1,2,2,1,1,1,1
4022000.0,101,-61.246158,-144.359703,-109.885971,3.948278,102,-61.247188,-144.357632,5.778347,1.035287,159.81738,3,-1,1,7,135.95564379426028,-44.04617184905166,-114.1583852057397,-49.82451884905166,115.66431799999998,-0.000563909,-3.817080888918102,-2.3730305601954407,111.10744745340017,-114.87702150758578,-19.694141788213077,165.55840086353714,0,1,1,1,1,2,2,0,1,0,1
4023000.0,101,-61.246201,-144.359717,-159.319671,4.523844,102,-61.247253,-144.35777,-132.609918,3.118771,160.572298,3,-1,1,7,138.32257455544826,-41.679132378016,-62.357754444551745,90.930785621984,26.709753000000006,0.0020834840000000005,0.6977407139570406,-2.1209331076763758,106.77032199108504,-119.93148555288066,131.3170174079973,159.30468018885978,0,0,1,1,0,2,2,1,0,1,1
4024000.0,101,-61.246259,-144.359824,-143.309233,7.654461,102,-61.24727,-144.357799,-134.642117,2.887745,161.159016,3,-1,1,7,136.065732908875,-43.93604240789854,-80.62503409112503,90.70607459210147,8.667115999999993,-0.00023102600000000039,-2.51885071907129,-4.108747627961073,111.81738662861808,-116.05645387325256,9.70798284113929,156.11307988065536,0,0,1,1,1,2,2,1,0,1,1
4025000.0,101,-61.246227,-144.359966,-73.874411,7.053453,102,-61.247262,-144.357789,-126.397917,1.527199,160.13538,3,-1,1,7,134.66467709972983,-45.337231474797214,-151.46091190027016,81.06068552520279,52.523506,-0.0013605459999999998,-5.546670396976542,2.8652763256710614,113.89356387996382,-112.56818393518216,-44.655286955483135,134.67585394578302,0,1,1,1,1,0,2,0,1,1,1
4026000.0,101,-61.246243,-144.359931,-154.523266,1.294241,102,-61.247295,-144.357866,-132.314437,2.902802,159.601014,3,-1,1,7,136.6435757050748,-43.35823467961261,-68.83315829492517,88.95620232038739,22.20882900000001,0.001375603,1.58979958064045,0.7857739554046841,109.57163799894897,-116.04542134895058,24.57151022578327,152.61655607400098,0,0,1,1,0,2,2,1,0,0,1
4027000.0,101,-61.246291,-144.360057,-133.13472,6.839662,102,-61.247324,-144.357932,-133.128353,3.562589,159.929969,3,-1,1,7,135.3018774675115,-44.69998551990091,-91.56340253248851,88.4283674800991,0.006366999999983136,0.0006597870000000001,-2.3911671115474564,-2.2408765233463,112.4901679508077,-113.68182395941771,-1.3257502541216721,159.8709603855718,0,1,1,1,1,2,2,1,1,0,1
4028000.0,101,-61.24633,-144.360011,175.578623,4.370412,102,-61.247294,-144.357895,-103.148008,1.169101,160.215246,3,-1,1,7,133.44377811596874,-46.558076981080966,-42.13484488403125,56.58993101891904,81.273369,-0.002393488,1.4753733814602898,-4.091473640655835,116.32419515279693,-110.17080680876641,120.70773730319235,388.6410912550467,0,0,1,1,0,2,2,0,0,0,0
4029000.0,101,-61.246385,-144.360105,-148.76211,6.8039,102,-61.247307,-144.357923,-119.5747,1.442958,160.459536,3,-1,1,7,131.29737751403164,-48.70453544607163,-79.94051248596838,70.87016455392838,29.18741,0.000273857,-2.273492606543803,-5.105297491038257,120.5523414626105,-105.89804370816991,14.272387361039913,156.52588259179652,0,0,1,1,1,2,2,1,0,1,1
4030000.0,101,-61.246375,-144.360145,-90.508954,2.511178,102,-61.247318,-144.357947,-125.904175,1.55127,160.544594,3,-1,1,7,131.73003558810086,-48.27189139909589,-137.76101041189912,77.6322836009041,35.39522099999999,0.00010831199999999996,-1.2545519163699344,0.8874071006632339,119.8127211385444,-106.86196009807337,-228.1740556007225,191.955378928864,0,1,1,1,1,2,2,0,1,0,1
4031000.0,101,-61.246379,-144.360271,-94.200235,5.58236,102,-61.247338,-144.357984,-133.306381,2.044038,160.603608,3,-1,1,7,131.08012638465226,-48.92187862916173,-134.71963861534772,84.38450237083825,39.10614599999997,0.0004927680000000001,-4.079927727392505,0.9931396216495523,121.06161276302203,-105.53485120013089,-42.059101344585905,81.36228084801469,0,1,1,1,0,2,2,0,1,1,1
4032000.0,101,-61.246441,-144.360306,-153.362483,6.552491,102,-61.247389,-144.358071,-140.417087,3.946804,160.607276,3,-1,1,7,131.4057253208985,-48.59623410552824,-75.23179167910149,91.82085289447177,12.945395999999988,0.0019027660000000002,-0.42289264721496567,-2.8152003229062426,120.46268173108326,-106.22353512426481,42.53816890639085,139.1112830149456,0,0,1,1,0,2,2,1,0,0,1
4033000.0,101,-61.246484,-144.36045,-127.801078,8.038775,102,-61.247384,-144.358071,-133.952161,2.384453,160.531336,3,-1,1,7,128.18430136379368,-51.817784307919084,-104.0146206362063,82.1343766920809,6.151082999999971,-0.001562351,-4.635171319931873,-3.2721938790879768,126.18185258041501,-99.2393566954125,-7.578566645330166,153.87076386777045,0,1,1,1,1,2,2,1,1,0,1
4034000.0,101,-61.246528,-144.360547,-131.526484,7.423812,102,-61.247335,-144.35802,-15.763143,1.09207,160.8214,3,-1,1,7,123.58058008444343,-56.421635338964805,-104.89293591555656,-40.658492338964805,115.763341,-0.001292383,-5.261159004960589,-5.972736668767162,133.98171716866497,-88.95179684804499,-999,7931.312490385015,0,1,1,1,1,2,2,0,1,0,0
4035000.0,101,-61.246589,-144.360551,-165.032114,6.679482,102,-61.247363,-144.358057,-123.525024,1.000555,161.278923,3,-1,1,7,122.82960475446359,-57.17258173865069,-72.1382812455364,66.35244226134931,41.507090000000005,-9.151500000000001e-05,-0.8910532764017084,-5.900244467135205,135.52051631601745,-87.4361519137249,20.473546781703888,157.34135001885966,0,0,1,1,0,2,2,1,0,1,1
4036000.0,101,-61.246611,-144.360643,-128.225073,5.091703,102,-61.247319,-144.358017,4.802204,1.509862,161.783631,3,-1,1,7,119.2709967364372,-60.73130548111517,-112.50393026356278,-65.53350948111517,133.02727700000003,0.000509307,-4.126371475530363,-4.655064436992198,141.12659340746598,-79.10264150297351,-519.9796674047632,3204.0971574992964,0,1,1,1,1,2,2,0,1,0,0
4037000.0,101,-61.246641,-144.360707,-132.219351,4.872255,102,-61.24739,-144.358093,-149.558143,2.404487,162.543075,3,-1,1,7,120.7818058137999,-59.22048588448383,-106.9988431862001,90.33765711551618,17.338792000000012,0.000894625,-2.3900169866631487,-1.2009993805532253,139.6444051562078,-83.18468211771024,-28.28555096293542,137.53330110512445,0,1,1,1,0,2,2,1,1,1,1
4038000.0,101,-61.246672,-144.360701,-166.956361,3.519237,102,-61.247394,-144.35809,-151.104589,1.624286,163.018036,3,-1,1,7,119.89357930065059,-60.10870976795161,-73.15005969934941,90.9958792320484,15.851771999999983,-0.0007802010000000001,-0.009392637884353294,-2.0063675864889086,141.32891100426423,-81.24665516589624,48.5721308049214,142.70839814292106,0,0,1,1,0,2,2,1,0,0,1
4039000.0,101,-61.246698,-144.360807,-124.809506,5.228493,102,-61.247471,-144.358176,-154.216728,4.603936,162.564374,3,-1,1,7,121.41682330873863,-58.585483294909075,-113.77367069126137,95.63124470509092,29.40722199999999,0.0029796500000000004,-2.2903118893673287,1.1609106759384882,138.73207596426772,-84.73834310780758,-90.60408128069473,71.75386805058592,0,1,1,1,1,2,2,0,1,1,1
4040000.0,101,-61.246727,-144.360834,-144.674972,3.909493,102,-61.247443,-144.35817,-137.999244,1.894821,161.457264,3,-1,1,7,119.19466012031027,-60.80767541447339,-96.13036787968974,77.19156858552662,6.675727999999992,-0.002709115,-0.9926225754703311,-1.7815873635754944,140.9469507723953,-78.75535008067499,0.11016972381711154,161.45714575358843,0,1,1,1,0,0,2,1,0,0,1
4041000.0,101,-61.246768,-144.360935,-133.838544,6.30446,102,-61.247447,-144.358194,-129.178141,1.638273,162.779025,3,-1,1,7,117.24852045663873,-62.753882584764824,-108.91293554336124,66.42425841523519,4.660403000000002,-0.000256548,-3.277406415041448,-3.3316969379264463,144.715268090657,-74.5285325321779,-10.990102195404447,155.46031656841083,0,1,1,1,1,1,2,1,1,1,1
4042000.0,101,-61.246788,-144.360969,-135.422299,3.659098,102,-61.247553,-144.358328,-148.342355,5.990791,162.830633,3,-1,1,7,121.05624088001238,-58.94607449256147,-103.52146011998764,89.39628050743852,12.920055999999988,0.004352518,0.5759894284742897,2.4929844354915836,139.49070701627394,-84.00093868094993,-24.446158804522177,155.2926698482268,0,1,1,1,0,2,2,0,1,1,1
4043000.0,101,-61.246847,-144.361052,-146.039158,7.070226,102,-61.247602,-144.35838,-149.995154,6.066069,164.795072,3,-1,1,7,120.43133611695399,-59.5710064346283,-93.529505883046,90.42414756537171,3.9559960000000274,7.527799999999995e-05,-0.9161345213349166,-0.611070371492402,142.09237241238475,-83.46959600780002,-57.75964909035459,148.5179262812147,0,1,1,1,0,1,2,1,1,1,1
4044000.0,101,-61.246864,-144.361122,-124.128992,4.568509,102,-61.247659,-144.35845,-150.088789,6.542455,164.116326,3,-1,1,7,121.73903656352965,-58.26330598884211,-114.13197143647034,91.82548301115787,25.95979700000001,0.0004763860000000006,-0.5192612772418181,3.107796534410427,139.57320529261946,-86.333590357882,-60.994270206595495,149.32485330371418,0,1,1,1,1,2,2,0,1,0,1
4045000.0,101,-61.24687,-144.361127,-128.57412,1.647177,102,-61.247638,-144.358452,-139.557532,3.504612,162.877461,3,-1,1,7,120.83200052175799,-59.17034466057802,-110.593879478242,80.38718733942198,10.983412000000015,-0.0030378430000000006,0.9856197697940858,1.6401534208802981,139.8586050528334,-83.4783678235391,0.28269841115669997,162.87674501043136,0,1,1,1,0,0,2,1,0,0,1
4046000.0,101,-61.24695,-144.361211,-154.583441,8.383398,102,-61.2477,-144.358537,-145.005713,5.208708,163.20233,3,-1,1,7,120.2467681729524,-59.755576134353056,-85.16979082704762,85.25013686564694,9.577728000000008,0.0017040959999999998,-0.6109557406267223,-3.3049580338530777,140.98460450068652,-82.20913459715959,20.690256231246277,154.2465801505892,0,0,1,1,0,2,2,1,0,1,1
4047000.0,101,-61.246982,-144.361211,-166.587961,4.405685,102,-61.247705,-144.358557,-140.067557,3.716313,163.434117,3,-1,1,7,119.52512607485833,-60.47720069878268,-73.88691292514164,79.59035630121731,26.520404000000013,-0.0014923949999999997,1.3635328181784292,-1.4358539078718908,142.21050837278187,-80.54118144107784,118.23023804240445,91.22088470368001,0,0,1,1,0,2,2,0,0,1,1
4048000.0,101,-61.247053,-144.36125,-166.284121,7.44807,102,-61.247794,-144.358661,-148.43995,6.494058,163.652865,3,-1,1,7,120.75370277792638,-59.2485670116192,-72.9621762220736,89.19138298838081,17.84417099999999,0.002777745,1.632944923716781,-1.7021413082240988,140.6389136225069,-83.6836674494448,91.87149632350041,73.2975469320459,0,0,1,1,0,2,2,1,0,1,1
4049000.0,101,-61.247072,-144.361264,-160.757292,3.217115,102,-61.247802,-144.358677,-145.482363,4.569582,163.726525,3,-1,1,7,120.39782765332326,-59.604440383118096,-78.84488034667675,85.8779226168819,15.274929000000014,-0.0019244760000000003,1.529132695868237,0.7277373843734116,141.21950699117022,-82.84579551037248,49.426108882987116,135.74120742071128,0,0,1,1,1,2,2,1,0,0,1
4050000.0,101,-61.247098,-144.361371,-123.178355,5.288931,102,-61.247837,-144.358716,-147.449766,4.530158,163.891517,3,-1,1,7,120.05664288639711,-59.94568476659767,-116.76500211360289,87.50408123340233,24.271411,-3.942399999999946e-05,-1.989281477333746,0.9242089680826293,141.85313586544962,-82.08603529041696,-106.3685593438418,71.60530503065225,0,1,1,1,1,2,2,0,1,1,1
4051000.0,101,-61.247131,-144.361461,-127.056078,5.906767,102,-61.247839,-144.35872,-144.861298,3.011289,164.102147,3,-1,1,7,118.23591423142526,-61.76648881865904,-114.70800776857476,83.09480918134096,17.80521999999999,-0.001518869,-2.980701631182892,-1.096881416724818,144.57515235406245,-77.63723315400439,-30.115217709244327,123.4992761845314,0,1,1,1,0,2,2,1,1,0,1
4052000.0,101,-61.24716,-144.361438,-172.163023,3.24147,102,-61.247741,-144.358646,1.681443,2.602306,164.440068,3,-1,1,7,113.39472730000247,-66.6077204613279,-74.44224969999755,-68.2891634613279,173.844466,-0.0004089830000000001,-0.5183486336544255,-5.812380312371776,150.9216423585272,-65.29313770718504,-999,5883.313214057252,0,0,1,1,0,2,2,0,1,0,0
4053000.0,101,-61.24722,-144.361455,-172.93674,6.231937,102,-61.247785,-144.358673,-120.106135,0.471772,164.945186,3,-1,1,7,112.89086323766577,-67.11157575787763,-74.17239676233424,52.994559242122364,52.83060499999999,-0.002130534,-0.3581820913365609,-5.9480003504493215,151.9553313523739,-64.15989135094331,18.89777834584624,165.8941158451877,0,0,1,1,2,2,2,1,0,1,1
4054000.0,101,-61.247273,-144.361488,-165.97515,6.099591,102,-61.247778,-144.358661,-27.150984,0.157061,165.693909,3,-1,1,7,110.37427882576732,-69.62819962207631,-83.65057117423265,-42.47721562207631,138.82416600000002,-0.000314711,-1.406518650590803,-6.057520514655808,155.327828919501,-57.6865412627114,-999,6235.67709635467,0,0,1,1,1,2,2,0,1,0,0
4055000.0,101,-61.247288,-144.361591,-118.820839,5.003756,102,-61.247716,-144.358619,13.670725,2.799066,166.729984,3,-1,1,7,106.66805025788639,-73.33455531179044,-134.5111107421136,-87.00528031179044,132.491564,0.002642005,-5.045483804948559,-5.131940951532861,159.72442127740007,-47.82255547584099,-38.75132785029731,249.27544844361154,0,1,1,1,1,1,2,1,1,1,0
4056000.0,101,-61.247339,-144.361665,-141.130608,6.523422,102,-61.24777,-144.358643,175.053954,0.579993,167.776743,3,-1,1,7,106.51603343710657,-73.48661596917076,-112.35335856289345,111.45943003082925,43.81543800000003,-0.002219073,-4.143760969104434,-4.501162830905871,160.85431141640996,-47.69618423354916,-10.310763278528713,151.03148033203138,0,1,1,1,0,1,2,1,1,1,1
4057000.0,101,-61.247414,-144.361641,-178.278603,7.846159,102,-61.247708,-144.358619,11.271945,2.260173,168.792361,3,-1,1,7,101.4350505697842,-78.56759883666746,-80.28634643021581,-89.83954383666746,170.44945199999998,0.00168018,-0.67748178207483,-10.059193481836346,165.4418452514906,-33.46426409972524,-999,10095.557692885423,0,0,1,1,0,1,2,0,1,0,0
4058000.0,101,-61.247417,-144.361714,-118.883775,3.285979,102,-61.24778,-144.358653,-170.374504,1.632286,169.73058,3,-1,1,7,103.85047750139246,-76.15220609754378,-137.26574749860754,94.22229790245622,51.49072899999999,-0.000627887,-2.604277199416484,0.022065176235018802,164.79545214290746,-40.63162241593475,-63.749103445625494,39.244107376857585,0,1,1,1,1,2,2,1,1,1,1
4059000.0,101,-61.24744,-144.361819,-115.796605,5.398891,102,-61.247824,-144.358679,-167.722304,2.93065,170.548548,3,-1,1,7,104.26572105157305,-75.73703180800442,-139.93767394842695,91.98527219199559,51.92569900000001,0.001298364,-4.237659333058568,0.5141441847032993,165.2893991616842,-42.02644107794215,-43.19049105520266,26.597973478650133,0,1,1,1,1,2,2,0,1,1,1
4060000.0,101,-61.247505,-144.361881,-149.703467,7.497119,102,-61.247903,-144.358729,-165.912179,5.242001,171.218311,3,-1,1,7,104.70971471815179,-75.29304866383485,-105.58681828184822,90.61913033616516,16.20871200000002,0.002311351,-2.506162525909378,-1.3888666472302216,165.60658175910933,-43.476086527609105,-38.05833504176214,119.21395640107532,0,1,1,1,0,2,2,1,1,0,1
4061000.0,101,-61.247511,-144.361889,-139.147311,2.098126,102,-61.248034,-144.358823,-164.166772,8.986334,171.737727,3,-1,1,7,109.5268934282131,-70.4757945586548,-111.3257955717869,93.69097744134521,25.019461000000007,0.0037443329999999994,1.0793966980242995,7.058382215803774,161.8601810328482,-57.403211331249885,-4.807303322598881,168.69004872714294,0,1,1,1,1,2,2,0,1,0,1
4062000.0,101,-61.247568,-144.361857,171.237458,5.643055,102,-61.248153,-144.358919,-162.299371,10.868262,172.148358,3,-1,1,7,112.4880098843125,-67.51456588601651,-58.7494481156875,94.7848051139835,26.46317099999993,0.0018819280000000002,4.16408612570319,4.776547981957452,159.0581271881383,-65.84504034092613,8.459374374862596,163.1683686496801,0,0,1,1,0,2,2,0,0,1,1
4063000.0,101,-61.247606,-144.361878,-172.813067,4.491378,102,-61.248198,-144.358968,-159.794408,8.925265,172.562134,3,-1,1,7,112.92606070694757,-67.07649051663144,-74.26087229305244,92.71791748336857,13.018658999999985,-0.0019429970000000001,2.5207927553692997,3.919907693671325,158.93116098329406,-67.22035524404957,6.050456537551423,170.03929294383366,0,0,1,1,1,2,2,1,0,0,1
4064000.0,101,-61.247638,-144.361948,-142.69883,4.711555,102,-61.248389,-144.359156,-158.136419,14.225686,173.199175,3,-1,1,7,119.21486227926474,-60.787585495244564,-98.08630772073525,97.34883350475542,15.437589000000003,0.0053004210000000005,2.4423920272449413,9.454618453595014,151.16746040549964,-84.53610551256975,-4.807794277829111,167.53186786042485,0,1,1,1,1,2,2,0,1,1,1
4065000.0,101,-61.247662,-144.362004,-134.055947,4.146743,102,-61.248523,-144.359339,-154.173953,15.413234,170.09174,3,-1,1,7,123.88855131930738,-56.113785114805644,-102.0555016806926,98.06016788519437,20.11800600000001,0.0011875479999999996,3.7345234706657955,10.990291764170642,141.19718719753595,-94.8396243335642,-4.106897859015662,164.23610262038468,0,1,1,1,1,0,2,0,1,1,1
4066000.0,101,-61.24768,-144.362098,-115.27297,4.927013,102,-61.248524,-144.359413,-146.129265,10.489406,167.511391,3,-1,1,7,123.16527379281008,-56.83708017574418,-121.56175620718992,89.29218482425583,30.856295000000017,-0.004923827999999998,1.3905478676390386,6.605826844525337,140.22312047142694,-91.63810670245523,-12.648899948894721,158.01881965451878,0,1,1,1,1,0,2,0,1,1,1
4067000.0,101,-61.247748,-144.362118,-163.174589,6.995013,102,-61.248601,-144.359559,-143.163673,10.816508,168.911847,3,-1,1,7,124.72217644083295,-55.28006706381414,-72.10323455916705,87.88360593618586,20.01091600000001,0.000327102,4.460082717540836,1.9614424679339448,138.83263991044484,-96.21179840564339,16.626745596068535,144.1480407446831,0,0,1,1,0,1,2,1,0,1,1
4068000.0,101,-61.247797,-144.362245,-135.882566,7.869016,102,-61.24863,-144.359642,-138.415013,8.802812,168.379827,3,-1,1,7,123.63657996635806,-56.36570211439999,-100.48085403364195,82.0493108856,2.5324469999999906,-0.0020136960000000015,0.3648244323536636,0.9349763905329898,140.18761593492462,-93.26949382853967,-45.871184767636706,164.81180835542276,0,1,1,1,1,2,2,1,1,0,1
4069000.0,101,-61.247799,-144.362334,-103.012882,5.091151,102,-61.248647,-144.359728,-131.493293,7.277548,166.280306,3,-1,1,7,124.07913576786089,-55.92314894315432,-132.9079822321391,75.57014405684568,28.480411000000004,-0.001525263999999999,0.49071814759472154,3.6752360560005166,137.72406389215652,-93.17307759477961,-49.392475103106,184.49501379045114,0,1,1,1,1,0,2,0,1,0,1
4070000.0,101,-61.24783,-144.362424,-122.229453,5.781258,102,-61.248571,-144.359704,-87.194258,3.329153,167.625548,3,-1,1,7,119.52649941817806,-60.47588523746676,-118.24404758182192,26.718372762533242,35.035195000000016,-0.003948395,-1.5653145941661077,-3.246171195395922,145.85565868045208,-82.6102364915618,19.342685058848502,177.24475966162802,0,1,1,1,0,1,2,0,0,1,1
4071000.0,101,-61.247844,-144.362445,-128.936173,2.792488,102,-61.248575,-144.359737,-90.553059,2.842353,167.370165,3,-1,1,7,119.30184221871849,-60.70053191666748,-111.76198478128151,29.852527083332525,38.38311399999998,-0.0004867999999999997,0.6700934642980898,-1.727515042686125,145.95574437216806,-81.9127146229055,533.9419258750929,866.7645551543648,0,1,1,1,0,2,2,0,0,0,0
4072000.0,101,-61.247902,-144.362468,-165.312557,5.893171,102,-61.248619,-144.359794,-122.839531,3.463863,169.042234,3,-1,1,7,119.13825294943875,-60.8640913787794,-75.54919005056126,61.975439621220595,42.473026000000004,0.0006215099999999998,1.4161226006580985,-3.8221904429589597,147.6494881825401,-82.30981420914954,74.38091320816157,206.3733549827921,0,0,1,1,0,1,2,0,0,1,0
4073000.0,101,-61.247947,-144.362565,-140.895241,6.630451,102,-61.24876,-144.359972,-144.861223,8.694459,168.467937,3,-1,1,7,123.09841037563157,-56.90386294100769,-96.00634862436846,87.95736005899231,3.965981999999997,0.0052305960000000006,0.8220802612095008,1.9647937189529863,141.13129640410332,-91.99675522719865,-16.21529074278381,165.75536455140352,0,1,1,1,1,2,2,1,1,1,1
4074000.0,101,-61.247976,-144.362577,-155.419112,3.89098,102,-61.24887,-144.360153,-144.289793,11.098757,165.408784,3,-1,1,7,127.47989210170883,-52.522233051927266,-77.10099589829116,91.76755994807274,11.12931900000001,0.002404298000000001,4.8596276042456825,5.47360419887223,131.26294185072254,-100.648427315346,1.5629540673206632,164.98198063999178,0,0,1,1,0,0,2,0,0,1,1
4075000.0,101,-61.248022,-144.36265,-145.952015,5.862707,102,-61.248931,-144.360286,-140.735113,10.5661,164.821695,3,-1,1,7,128.63963734596766,-51.36243520576699,-85.40834765403235,89.37267779423303,5.216901999999976,-0.0005326570000000004,3.4048999631630394,3.3229157954222686,128.74036086947382,-102.917980090316,4.066908262380504,163.57503889636024,0,0,1,1,1,2,2,1,0,1,1
4076000.0,101,-61.248032,-144.362721,-115.012877,4.046658,102,-61.24899,-144.360407,-138.741018,10.070723,165.102173,3,-1,1,7,130.7192564220145,-49.282772294820425,-114.2678665779855,89.45824570517956,23.728140999999994,-0.0004953770000000013,2.9741427388539012,5.859513625036196,125.1334350707166,-107.70492540605875,-7.3185685383683925,160.5659699411669,0,1,1,1,1,2,2,0,1,1,1
4077000.0,101,-61.248027,-144.362855,-88.564799,6.176318,102,-61.248999,-144.360447,-134.31541,7.286811,165.357998,3,-1,1,7,130.0037042298755,-49.99840689800744,-141.4314967701245,84.31700310199258,45.75061100000002,-0.002783911999999999,-0.9606317076422028,5.245316939026772,126.66470346818768,-106.29826149981989,-136.0635406114318,607.4115833285646,0,1,1,1,1,2,2,0,1,0,0
4078000.0,101,-61.248063,-144.362914,-129.291311,5.188417,102,-61.248972,-144.360428,-122.099146,3.813164,165.573885,3,-1,1,7,127.24188219014329,-52.76029732167208,-103.46680680985673,69.33884867832793,7.192164999999989,-0.0034736470000000003,-0.785259001381867,-1.2593733808236034,131.8113422499827,-100.20220281137114,14.760179970834919,164.99966837650723,0,1,1,1,0,2,2,1,0,1,1
4079000.0,101,-61.24812,-144.36296,-153.700307,6.609779,102,-61.248948,-144.360402,-97.94008,1.786931,165.721227,3,-1,1,7,123.93920271777137,-56.06303991783962,-82.36049028222862,41.87704008216038,55.76022700000004,-0.002026233,-1.1587710765780308,-5.678750868314638,137.48737984806664,-92.52429659769899,71.42106198473596,382.7722386408799,0,0,1,1,0,2,2,0,0,0,0
4080000.0,101,-61.24817,-144.363022,-149.964799,6.413618,102,-61.248937,-144.360386,-74.117061,0.984816,165.827257,3,-1,1,7,121.1715683347157,-58.83074268491199,-88.86363266528429,15.286318315088018,75.84773799999996,-0.0008021150000000001,-2.2630023170924547,-5.821902272063787,141.88531884858463,-85.83260137837793,-999,6270.735122401582,0,0,1,0,1,2,2,0,1,0,0
4081000.0,101,-61.248189,-144.363048,-144.892244,3.318394,102,-61.248892,-144.360336,5.62777,2.079888,165.872656,3,-1,1,7,118.3215461499742,-61.68083149974735,-96.78620985002578,-67.30860149974735,150.520014,0.001095072,-2.112426219580669,-4.78454770657309,146.0175348279894,-78.693186053503,-999,5240.520761029455,0,1,1,1,1,2,2,0,1,1,0
4082000.0,101,-61.248226,-144.363103,-145.546032,4.713096,102,-61.248926,-144.360364,-112.333719,0.365101,165.83319,3,-1,1,7,117.98354236079172,-62.01885896092581,-96.47042563920832,50.31486003907419,33.212312999999995,-0.0017147869999999997,-2.32869211165081,-3.7475907196517313,146.44437265866864,-77.81190540132718,-4.2546564970812355,165.62772388870715,0,1,1,1,2,2,2,1,1,1,1
4083000.0,101,-61.248293,-144.363125,-167.12182,7.061112,102,-61.248949,-144.360386,-150.399772,1.219134,166.154133,3,-1,1,7,116.47074014937688,-63.531661173413156,-76.40743985062312,86.86811082658686,16.722048,0.0008540329999999999,-0.9715871972768477,-5.823469370697872,148.7348842018841,-74.06166440496601,9.395260913995857,159.04452206110125,0,0,1,1,0,2,2,1,0,1,1
4084000.0,101,-61.248278,-144.363203,-86.226398,3.454134,102,-61.248936,-144.360379,-104.550064,0.305887,166.636782,3,-1,1,7,115.84693500915567,-64.15554083411317,-157.92666699084432,40.39452316588684,18.323666000000003,-0.000913247,-3.150568338298671,0.304177701156533,149.9667617563867,-72.64838252582558,-51.06381020414525,58.149174326913105,0,1,2,1,1,2,2,0,1,1,1
4085000.0,101,-61.248313,-144.363278,-129.498062,5.045659,102,-61.24897,-144.360415,-151.512886,1.693519,167.161344,3,-1,1,7,115.50608517410937,-64.4964248619228,-114.99585282589061,87.0164611380772,22.014824000000004,0.001387632,-3.0857203947720717,-1.7208269249997514,150.86972523733968,-71.9808372742077,-23.415717512835027,137.0624105199488,0,1,1,1,0,2,2,0,1,0,1
4086000.0,101,-61.248398,-144.363387,-147.883691,9.932311,102,-61.248928,-144.360392,-11.738491,0.861279,167.759852,3,-1,1,7,110.19970415940432,-69.80292160358005,-101.91660484059571,-58.06443060358005,136.1452,-0.0008322399999999999,-5.105187737162484,-9.255642191985505,157.44174969981412,-57.9263618270903,-999,10535.650755053588,0,1,1,1,0,2,2,0,1,0,0
4087000.0,101,-61.24841,-144.363358,-171.311078,2.562429,102,-61.248902,-144.360375,6.195611,1.581141,168.633177,3,-1,1,7,108.9277792767896,-71.07483596540828,-79.76114272321041,-77.27044696540828,177.506689,0.0007198619999999999,-0.5577471641297624,-4.104926220637323,159.51487750658117,-54.70056891087811,-999,4174.506796727892,0,0,1,1,0,2,2,0,1,1,0
4088000.0,101,-61.248455,-144.36337,-172.873886,4.655322,102,-61.248988,-144.360433,-161.695614,2.748107,169.511733,3,-1,1,7,110.67207526940683,-69.33049964542612,-76.4540387305932,92.36511435457389,11.178271999999993,0.0011669660000000002,0.28557446757027827,-2.010305227219976,158.59792276573245,-59.84084323485132,44.49381730134906,148.86517564024564,0,0,1,1,0,2,2,1,0,1,1
4089000.0,101,-61.24848,-144.3634,-156.974536,3.311391,102,-61.24911,-144.360528,-161.973547,7.073264,170.36656,3,-1,1,7,114.51622138951537,-65.48629654071993,-88.50924261048465,96.48725045928006,4.999010999999996,0.004325157,0.8936462780497085,3.678487800953188,155.0069630871632,-70.69374909232374,-8.706859271297798,167.31678687603195,0,0,1,1,1,2,2,1,1,0,1
4090000.0,101,-61.248533,-144.363501,-142.076402,6.950757,102,-61.2492,-144.360599,-161.321551,8.405496,171.181927,3,-1,1,7,115.54136916379305,-64.46117506964156,-102.38222883620693,96.86037593035844,19.245148999999998,0.0013322319999999994,-1.580089438386445,2.4798125792852437,154.45303760618728,-73.80725781151217,-72.21275824716147,112.73537981177326,0,1,1,1,1,2,2,0,1,1,1
4091000.0,101,-61.248581,-144.363555,-148.331752,6.223603,102,-61.249274,-144.36066,-160.295642,8.569999,171.969895,3,-1,1,7,116.459076770879,-63.54346132698763,-95.20917122912101,96.75218067301236,11.963889999999992,0.00016450299999999984,-0.3778723002534483,2.7712597702037707,153.9565348120603,-76.62264792457832,-43.18251302955948,144.21366722650086,0,1,1,1,0,2,2,1,1,0,1
4092000.0,101,-61.248604,-144.363589,-143.648891,3.77364,102,-61.249324,-144.360728,-156.336399,7.788266,170.359653,3,-1,1,7,117.61969141711894,-62.382816873222545,-98.73141758288108,93.95358212677746,12.687508000000008,-0.0007817329999999991,0.8891884939828252,4.094121960291636,150.94619970977124,-78.97883364204789,-11.936203153134313,164.34169791979144,0,1,1,1,1,0,2,0,1,0,1
4093000.0,101,-61.24859,-144.363665,-77.682034,3.66817,102,-61.249345,-144.360787,-149.540658,6.168166,169.390352,3,-1,1,7,118.60885937861723,-61.39366381613128,-163.70910662138277,88.14699418386873,71.85862400000002,-0.0016201,-0.456915347973442,6.099447307886835,148.709305564339,-81.10877751055038,-42.1381541632076,218.41097195419843,0,1,2,1,1,2,2,0,1,0,0
4094000.0,101,-61.248645,-144.363758,-137.298194,6.732765,102,-61.249386,-144.360862,-145.980746,6.101468,170.68686,3,-1,1,7,118.0120304104013,-61.99050856631967,-104.6897755895987,83.99023743368033,8.682552000000015,-6.669800000000059e-05,-1.1524484026763862,0.10933603869017716,150.69072337815348,-80.16426925026157,-143.53939851723499,66.13180029003763,0,1,1,1,0,1,2,1,1,1,1
4095000.0,101,-61.248731,-144.363811,-159.358971,9.452962,102,-61.249403,-144.360917,-139.902635,5.067066,170.278358,3,-1,1,7,115.7702285982233,-64.23230862636798,-84.8708004017767,75.67032637363202,19.456335999999993,-0.001034402,-0.06864254679719828,-4.970093952075494,153.3432898224044,-74.03076839813467,21.428526099273355,158.18281558625114,0,0,1,1,0,2,2,0,0,0,1
4096000.0,101,-61.24873,-144.363825,-131.934978,1.990288,102,-61.24949,-144.361028,-145.736762,7.299211,171.688669,3,-1,1,7,119.46346206533707,-60.53899011849786,-108.60155993466293,85.19777188150215,13.801783999999998,0.002232145,2.6288431949706736,4.70242044420775,149.48409463737843,-84.44823570350572,-0.15034069976020828,171.68695344192815,0,1,1,1,1,1,2,1,1,0,1
4097000.0,101,-61.248769,-144.363907,-137.083274,5.262457,102,-61.249564,-144.361132,-146.323296,8.267101,170.588197,3,-1,1,7,120.77941844033141,-59.223014457009015,-102.13730755966861,87.10028154299098,9.24002200000001,0.0009678900000000005,1.0007685560862858,3.0257836120066424,146.55978762435814,-87.29582812032805,-13.711085723473474,166.69912947669715,0,1,1,1,0,0,2,1,1,1,1
4098000.0,101,-61.248824,-144.36389,-176.498783,5.832725,102,-61.249563,-144.361193,-135.584529,5.947484,167.664396,3,-1,1,7,119.66971263969928,-60.33265187412847,-63.8315043603007,75.25187712587153,40.914254,-0.002319617,3.8061807683858313,-1.5736471684184625,145.68247025434536,-82.99378016837525,47.71526794978142,36.79015553693813,0,0,1,1,0,0,2,0,0,1,1
4099000.0,101,-61.248861,-144.36398,-140.890032,5.671104,102,-61.249589,-144.361265,-132.78333,5.544023,169.064362,3,-1,1,7,119.13923137596151,-60.86314891953478,-99.97073662403852,71.92018108046523,8.106701999999984,-0.0004034610000000001,0.49151731191657877,-0.6347630324869153,147.6674100342663,-82.32311043831439,421.20495253664893,194.33086459954833,0,1,1,1,1,1,2,1,0,0,1
4100000.0,101,-61.248911,-144.364107,-132.163147,7.951584,102,-61.249632,-144.361349,-134.588264,5.923895,168.513614,3,-1,1,7,118.52509284541013,-61.47732515006992,-109.31176015458988,73.11093884993008,2.425117,0.00037987199999999974,-1.6751848372060234,-1.1788358362867548,148.05741870287997,-80.47259701526403,-34.15491856090201,151.0936593853896,0,1,1,1,1,2,2,1,1,1,1
4101000.0,101,-61.248904,-144.364103,-98.448571,1.512862,102,-61.249661,-144.361437,-130.929947,5.775565,166.355647,3,-1,1,7,120.55556766225867,-59.446769675247,-140.99586133774133,71.483177324753,32.48137599999998,-0.00014832999999999963,2.8670591230980897,3.561507219082679,143.25492376708624,-84.57084666287147,6.028858384757692,164.6616101929201,0,1,1,1,1,0,2,0,0,0,1
4102000.0,101,-61.248944,-144.364201,-131.673973,5.636937,102,-61.249755,-144.361588,-138.611248,8.410058,167.714803,3,-1,1,7,122.83384743071167,-57.168443442105584,-105.49217956928834,81.4428045578944,6.937275,0.002634492999999999,1.349977228483569,2.5616199596336457,140.92176669261067,-90.93575104194286,-5.970663993025076,167.08450665360647,0,1,1,1,0,1,2,1,1,0,1
4103000.0,101,-61.24898,-144.364278,-134.065181,5.769567,102,-61.24978,-144.361658,-135.1485,7.054375,167.465171,3,-1,1,7,122.40902280975878,-57.59327420071648,-103.52579619024124,77.55522579928353,1.0833190000000172,-0.001355682999999999,0.8295341482116942,0.9885112386460371,141.38138782737164,-89.75459138153083,17.97738697365561,166.00002947911779,0,1,1,1,0,2,2,1,0,1,1
4104000.0,101,-61.248977,-144.364352,-94.861866,4.057565,102,-61.249869,-144.361787,-140.615464,8.833234,169.043464,3,-1,1,7,125.86782060630617,-54.134428185440214,-139.2703133936938,86.48103581455979,45.75359799999998,0.001778858999999999,1.561915114619202,6.483355525168659,136.98789403875423,-99.04549261802042,-16.23719968880003,162.46836146253054,0,1,1,1,1,1,2,0,1,1,1
4105000.0,101,-61.249042,-144.36435,-170.082298,6.256362,102,-61.249925,-144.361876,-141.158792,8.519478,168.401885,3,-1,1,7,126.57744848974728,-53.42472052159456,-63.340253510252694,87.73407147840544,28.923506000000003,-0.0003137559999999997,4.265556462679509,0.47284358733199205,135.23548503222952,-100.35217217206036,27.821681087265443,114.70919012929592,0,0,1,1,0,2,2,1,0,1,1
4106000.0,101,-61.249104,-144.36442,-156.038356,7.353022,102,-61.249958,-144.361967,-136.595042,7.557497,165.364634,3,-1,1,7,125.89811529537695,-54.10403530565233,-78.06352870462308,82.49100669434767,19.443313999999987,-0.0009619809999999998,2.2068909621767476,-1.2286839247423984,133.95542892874255,-96.96084384157639,88.47552758410066,62.415920378673725,0,0,1,1,1,0,2,1,0,1,1
4107000.0,101,-61.249106,-144.364592,-99.749807,7.573127,102,-61.250013,-144.362097,-134.916771,8.127374,164.760929,3,-1,1,7,127.08237286250257,-52.91981456162307,-133.16782013749742,81.99695643837694,35.16696399999998,0.000569877,-1.7084822252729133,4.456086956496483,131.44123883559453,-99.34467503750385,-143.102514537731,550.0741340963856,0,1,1,1,1,2,2,0,1,0,0
4108000.0,101,-61.249099,-144.364632,-84.185878,3.65806,102,-61.250034,-144.362164,-131.397484,6.758205,165.147399,3,-1,1,7,128.22632139969653,-51.77584235294831,-147.58780060030347,79.62164164705169,47.21160599999999,-0.0013691689999999995,1.4303585330467183,4.839625533703319,129.73529085216674,-102.18814854947175,-25.818730677911567,168.21287410075035,0,1,1,1,1,2,2,0,1,1,1
4109000.0,101,-61.249125,-144.364692,-125.057351,4.108084,102,-61.249951,-144.362093,-72.62237,2.38636,165.376995,3,-1,1,7,123.45558659831771,-56.5466920045071,-111.4870624016823,16.075677995492903,52.43498099999999,-0.004371845,-1.0853457549923649,-3.072397246970997,137.9762448024378,-91.17075378347917,-999,3299.1190005288668,0,1,1,0,0,2,2,0,1,0,0
4110000.0,101,-61.249191,-144.364772,-148.293338,7.634577,102,-61.249959,-144.362108,-87.273502,1.81135,165.563881,3,-1,1,7,120.9378630194827,-59.0644725710224,-90.76879898051732,28.209029428977594,61.019836,-0.0005750099999999998,-2.2032095005923495,-6.581279460165509,142.00833822296616,-85.11774531162003,81.59050834099632,554.7124471469787,0,1,1,1,0,2,2,0,0,1,0
4111000.0,101,-61.249227,-144.364753,-174.796063,4.45599,102,-61.249952,-144.3621,-72.487453,1.150773,165.698767,3,-1,1,7,119.60407339976338,-60.39825254728792,-65.59986360023663,12.089200452712085,102.30860999999999,-0.000660577,0.6932731141638471,-4.783907607299878,144.06841862010054,-81.85580090392956,-999,4932.453954739765,0,0,1,0,0,2,2,0,1,0,0
4112000.0,101,-61.24927,-144.364826,-148.145695,5.53444,102,-61.249963,-144.362108,-103.992032,0.923218,165.792672,3,-1,1,7,117.9284757828544,-62.07390715177901,-93.92582921714563,41.918124848220984,44.153662999999995,-0.00022755500000000005,-2.0250365436791675,-4.477691761270788,146.48329050811273,-77.65214543601122,5.61616512014348,166.35904474232072,0,1,1,1,1,2,2,1,0,1,1
4113000.0,101,-61.249285,-144.364878,-127.245974,3.549563,102,-61.249977,-144.362121,-130.786536,1.096892,165.826367,3,-1,1,7,117.55812602010018,-62.4442911069611,-115.19589997989982,68.34224489303891,3.5405620000000226,0.000173674,-1.9950999964694942,-1.4317939119538647,147.01202864844797,-76.7192767502836,-29.238916044514365,148.07332956353488,0,1,1,1,1,2,2,1,1,1,1
4114000.0,101,-61.249348,-144.364894,-167.190894,6.471828,102,-61.249923,-144.362084,1.795869,1.800752,165.775729,3,-1,1,7,113.04727679063866,-66.9551868028736,-79.76182920936134,-68.7510558028736,168.98676299999997,0.0007038599999999999,-1.491259974922849,-8.110638449598143,152.54386406676485,-64.89962912884643,-999,8276.173106817563,0,0,1,1,0,2,2,0,1,0,0
4115000.0,101,-61.249363,-144.364987,-121.188573,4.650483,102,-61.249969,-144.362128,-139.528914,1.078094,166.08635,3,-1,1,7,113.78316598581924,-66.21934056789674,-125.02826101418077,73.30957343210325,18.340340999999967,-0.0007226579999999998,-3.2785850816780244,-1.5881400741928375,151.98199713731825,-66.97871454779266,-26.01470524144782,127.18160324007808,0,1,1,1,1,2,2,1,1,1,1
4116000.0,101,-61.249415,-144.365032,-151.362256,5.989838,102,-61.250009,-144.362169,-151.510903,2.467347,166.559827,3,-1,1,7,113.33403332779068,-66.66847673402853,-95.30371067220932,84.84242626597148,0.14864700000001108,0.001389253,-1.6938468534982039,-3.0885150406872492,152.93710991802473,-65.97284577909276,-4.448070058958823,165.81848728085393,0,1,1,1,0,2,2,1,1,0,1
4117000.0,101,-61.249449,-144.365001,174.485277,3.962067,102,-61.250039,-144.362203,-152.03014,2.944023,167.076502,3,-1,1,7,113.67364293144439,-66.32881014400344,-60.811634068555605,85.70132985599655,33.484583000000015,0.0004766759999999999,1.7615281891217627,-1.3435839946630992,153.01657987611074,-67.08564528700477,83.43190419094066,45.416748131709156,0,0,1,1,0,2,2,0,0,1,1
4118000.0,101,-61.249486,-144.365125,-131.515923,6.191737,102,-61.250069,-144.362234,-153.177251,3.27398,167.791878,3,-1,1,7,112.74757635580612,-67.25495825585486,-115.73650064419388,85.92229274414515,21.661328000000026,0.0003299569999999998,-3.1588722512074265,-1.1823358835542033,154.74057754696994,-64.88041293947704,-31.56108155887291,116.07676104798823,0,1,1,1,1,2,2,1,1,0,1
4119000.0,101,-61.249544,-144.365136,-164.133948,6.393471,102,-61.250104,-144.362264,-155.082126,3.601148,168.682451,3,-1,1,7,112.06808777045825,-67.93443018456054,-83.79796422954178,87.14769581543945,9.051822000000016,0.0003271679999999999,-0.23067559314672548,-2.8839753127225847,156.3244430241153,-63.37537209805969,19.943094911591473,161.03148668787514,0,0,1,1,0,2,2,1,0,0,1
4120000.0,101,-61.249578,-144.365255,-128.972693,6.513384,102,-61.250185,-144.362328,-158.60997,5.822989,169.560567,3,-1,1,7,113.32462108776089,-66.67794508868647,-117.70268591223913,91.93202491131353,29.63727700000001,0.002221841,-2.9400729969645703,1.3253049674374937,155.70345400963504,-67.13583462526515,-70.16812897593735,56.82081839867588,0,1,1,1,1,2,2,0,1,1,1
4121000.0,101,-61.249607,-144.365238,-167.015935,3.474758,102,-61.250202,-144.362343,-157.4045,4.436345,170.394481,3,-1,1,7,113.13825191171074,-66.86428620993803,-79.84581308828922,90.54021379006198,9.611435,-0.0013866439999999996,0.923836133491092,0.7098954800533339,156.6878398169194,-66.956702493229,65.5264133535478,148.73298086922287,0,0,1,1,0,2,2,1,0,0,1
4122000.0,101,-61.249666,-144.365303,-155.704433,6.651332,102,-61.250247,-144.362379,-158.357163,4.800196,171.166196,3,-1,1,7,112.44717551188604,-67.55538803608471,-91.84839148811398,90.8017749639153,2.6527300000000196,0.00036385099999999945,-0.9662432504062817,-1.6004705555835361,158.19726866074404,-65.35664343730316,-13.086464802326924,169.2141704021301,0,1,1,1,1,2,2,1,1,0,1
4123000.0,101,-61.249738,-144.365377,-154.753456,8.525835,102,-61.250255,-144.362391,-155.552797,3.426946,171.885248,3,-1,1,7,109.79864039814294,-70.20397750769385,-95.44790360185709,85.34881949230615,0.7993409999999983,-0.0013732499999999997,-2.218132345923598,-4.59175833145294,161.72490589390745,-58.22021378892629,-3.4838230931348257,170.948390595371,0,1,1,1,1,2,2,1,1,0,1
4124000.0,101,-61.249716,-144.365419,-73.279515,2.751367,102,-61.250359,-144.362475,-159.144049,6.718495,172.606253,3,-1,1,7,114.42345606273756,-65.57912502169408,-172.29702893726244,93.56492397830591,85.86453399999999,0.003291549,-0.24312193662638482,7.069865259559713,157.16049019632578,-71.36875293817737,-20.662656805278242,169.49262270490493,0,1,2,1,1,2,2,0,1,1,1
4125000.0,101,-61.249782,-144.365484,-151.6694,6.870039,102,-61.250347,-144.3625,-149.041972,4.01755,170.487306,3,-1,1,7,111.48862703983218,-68.51398911436577,-96.84197296016782,80.52798288563422,2.627428000000009,-0.0027009449999999997,-1.1935665961515318,-2.6019460738166504,158.63678425606366,-62.452319316681454,-3.4465161838156,170.22987982315036,0,1,1,1,0,0,2,1,1,0,1
4126000.0,101,-61.249809,-144.365577,-128.186174,5.708969,102,-61.250413,-144.362598,-148.066996,5.806885,169.244751,3,-1,1,7,112.85840313063593,-67.14420864116387,-118.95542286936407,80.92278735883612,19.880821999999995,0.0017893350000000004,-1.4158645651219501,1.3987209126432005,155.9535659686897,-65.74398073361203,-147.46857061986992,150.13026494858156,0,1,1,1,1,0,2,0,1,1,1
4127000.0,101,-61.249838,-144.365605,-144.195875,3.980879,102,-61.250501,-144.362705,-149.896435,7.777659,169.562792,3,-1,1,7,115.42378571390323,-64.57875679791127,-100.38033928609678,85.31767820208873,5.700559999999996,0.001970774,1.5721199954766618,3.5000307557722024,153.14184751362444,-72.79502023455356,-1.0042552813732626,169.52348947848728,0,1,1,1,0,2,2,1,1,0,1
4128000.0,101,-61.249849,-144.365616,-143.893957,1.882938,102,-61.250536,-144.362759,-147.790679,6.726925,169.902327,3,-1,1,7,116.56335990824189,-63.43914490472273,-99.54268309175814,84.35153409527729,3.896722000000011,-0.0010507340000000002,2.475964061484855,4.1704168985619425,151.9675038879772,-75.9781447659297,2.5580507377431885,169.46032024880213,0,1,1,1,0,2,2,1,0,1,1
4129000.0,101,-61.249878,-144.365628,-165.801094,3.111747,102,-61.250603,-144.362835,-149.349316,7.359286,170.335117,3,-1,1,7,118.35602569781166,-61.646423005663955,-75.84288030218835,87.70289299433603,16.45177800000002,0.0006323610000000004,2.9885064444737104,3.3144471552001598,149.89717754717742,-80.9004836004931,8.545931770495695,165.51443700183103,0,0,1,1,0,2,2,0,0,1,1
4130000.0,101,-61.249958,-144.36565,-172.335961,7.993098,102,-61.250531,-144.362795,-116.674354,2.114263,170.888737,3,-1,1,7,112.65055509132779,-67.35194796947926,-75.01348390867224,49.32240603052074,55.661607000000004,-0.005245023,0.8232541351080844,-6.972563460870744,157.70822093574236,-65.81092221461599,30.855862519654345,199.51286727597153,0,0,1,1,0,2,2,0,0,0,1
4131000.0,101,-61.250012,-144.365755,-145.812651,7.694638,102,-61.250494,-144.362772,-44.642015,1.295922,171.570222,3,-1,1,7,108.57059204516268,-71.43202323705611,-105.61675695483734,-26.790008237056114,101.17063599999997,-0.0008183409999999998,-3.413010830480336,-7.2871031475746975,162.63690299720065,-54.6404507723759,-999,8021.035299401439,0,1,1,1,1,2,2,0,1,0,0
4132000.0,101,-61.250023,-144.365752,-151.45694,2.342746,102,-61.250481,-144.362758,-18.763366,1.210286,172.395762,3,-1,1,7,107.64407621103972,-72.35854871519598,-100.89898378896027,-53.595182715195975,132.69357399999998,-8.563600000000005e-05,-0.7301077362497463,-3.203970071068714,164.2858826671567,-52.25368419388114,-999,3301.736876868172,0,1,1,1,0,2,2,0,1,1,0
4133000.0,101,-61.250053,-144.365795,-147.629963,3.687064,102,-61.2505,-144.362762,-103.679294,0.346123,173.393294,3,-1,1,7,107.03695703394719,-72.96570208522995,-105.33307996605282,30.71359191477005,43.95066899999998,-0.000864163,-1.6376943166693823,-3.0322702346216,165.78409763684024,-50.8022378927253,-23.131554488142818,176.0287964016712,0,1,1,1,1,2,2,1,1,1,1
4134000.0,101,-61.250107,-144.36587,-148.185752,6.542544,102,-61.250448,-144.362737,5.244092,2.125754,174.434352,3,-1,1,7,102.75201707078715,-77.25072972131163,-109.06223092921283,-82.49482172131162,153.42984400000003,0.0017796310000000003,-3.6433057715159993,-7.676459182617577,170.1318502744589,-38.50320350112437,-999,8452.21267191206,0,1,1,1,1,1,2,0,1,0,0
4135000.0,101,-61.250154,-144.365945,-143.810149,6.540695,102,-61.250465,-144.362743,3.17794,0.62163,175.498515,3,-1,1,7,101.41781771283593,-78.58498957442316,-114.77203328716408,-81.76292957442317,146.98808899999997,-0.001504124,-3.896497904761252,-5.8994395041072,172.0253397515233,-34.742067448242146,-999,6999.086748163175,0,1,1,1,1,1,2,1,1,1,0
4136000.0,101,-61.250195,-144.365931,-172.968431,4.679753,102,-61.250514,-144.362766,-167.367634,1.705251,176.52116,3,-1,1,7,101.83645077252216,-78.16632407720141,-85.19511822747785,89.2013099227986,5.600797,0.0010836209999999999,-0.19994857661330823,-2.9805832553655796,172.76780701899366,-36.20780006564013,8.442603715491968,174.80511123883,0,0,1,1,0,1,2,1,0,1,1
4137000.0,101,-61.250225,-144.365962,-159.683591,3.798942,102,-61.250584,-144.362805,-167.242283,4.051567,177.480736,3,-1,1,7,103.30319902978353,-76.69956880735495,-97.01320997021645,90.54271419264504,7.558691999999979,0.002346316,-0.4243060965883565,0.3889362316490881,172.7182226786026,-40.83904021700739,-323.23481343141987,92.02964078093193,0,1,1,1,1,2,2,0,1,1,1
4138000.0,101,-61.250265,-144.366067,-134.634527,6.226484,102,-61.250648,-144.362845,-165.882799,5.274776,178.286153,3,-1,1,7,103.88337378937537,-76.11945103664723,-121.48209921062465,89.76334796335277,31.248272000000014,0.0012232089999999998,-3.144232989254036,0.7408560414763157,173.07772817425518,-42.7791112761596,-62.58028587824704,23.95883352222596,0,1,1,1,1,2,2,0,1,1,1
4139000.0,101,-61.250321,-144.366151,-142.727477,7.413305,102,-61.25065,-144.362864,-159.704413,3.507132,178.906403,3,-1,1,7,101.75680807575897,-78.24607373855831,-115.51571492424102,81.45833926144168,16.976935999999995,-0.0017676440000000003,-3.273052514055972,-2.609847236570341,175.15317355067285,-36.45362573909885,-23.58370862731344,138.56886171789557,0,1,1,1,0,2,2,1,1,0,1
4140000.0,101,-61.250348,-144.366163,-153.614247,3.887938,102,-61.250576,-144.362871,-44.91433,1.349784,179.23433,3,-1,1,7,98.19540819774159,-81.8074779994549,-108.19034480225841,-36.893147999454904,108.699917,-0.002157348,-0.7748347648207287,-4.438768994349813,177.4039277789131,-25.54978393574168,-999,4499.614214833142,0,1,1,1,0,2,2,0,1,0,0
4141000.0,101,-61.250367,-144.366254,-120.64242,4.657765,102,-61.250662,-144.362928,-151.253992,3.33042,179.274901,3,-1,1,7,100.44969219299587,-79.55322381462697,-138.90788780700413,71.70076818537304,30.611571999999995,0.001980636,-2.4056864038239674,0.5460170473279882,176.30154394810668,-32.515469088936825,-85.77046834545528,33.27291071719727,0,1,1,1,1,2,2,1,1,1,1
4142000.0,101,-61.250423,-144.366222,178.968497,5.541214,102,-61.25076,-144.363,-158.713794,6.341301,179.169129,3,-1,1,7,102.26989561964592,-77.73292920993042,-76.69860138035409,80.98086479006959,22.317708999999923,0.0030108809999999995,2.4018167084136777,0.368372871707499,175.07643489841584,-38.076485261633614,67.25994155675463,64.2930706111175,0,0,1,1,0,2,2,1,0,0,1
4143000.0,101,-61.250458,-144.366328,-136.467485,5.844922,102,-61.25081,-144.363062,-155.429346,6.327651,178.804864,3,-1,1,7,102.6315546631632,-77.37130874389379,-120.90096033683679,78.05803725610622,18.961861,-1.3649999999999273e-05,-1.3946517296485066,1.5172044599735086,174.47715606001975,-39.10116882224891,-115.91112470860207,137.35941299334863,0,1,1,1,1,2,2,1,1,0,1
4144000.0,101,-61.250498,-144.366373,-146.648885,5.280764,102,-61.2509,-144.36316,-154.962084,8.129374,178.188389,3,-1,1,7,104.58258868122063,-75.42022826076392,-108.76852631877938,79.54185573923608,8.313198999999997,0.0018017229999999999,0.5373004564738375,2.954326626608662,172.4481793873535,-44.8634305465205,-5.040042203327175,177.70228981889562,0,1,1,1,0,2,2,1,1,0,1
4145000.0,101,-61.250493,-144.366451,-92.906381,3.803359,102,-61.251082,-144.36335,-155.508551,13.368993,176.970801,3,-1,1,7,111.5505282916965,-68.452190458438,-155.5430907083035,87.05636054156201,62.60217,0.005239618999999999,1.7437486124347639,11.973246985173427,164.59947917063374,-65.00519874085232,-4.5801828191008935,172.88528878722894,0,1,1,1,1,0,2,0,1,1,1
4146000.0,101,-61.250483,-144.36658,-81.439328,6.115234,102,-61.251124,-144.363468,-148.25047,10.999653,175.240187,3,-1,1,7,113.18426213920345,-66.81846625554826,-165.37640986079654,81.43200374445175,66.81114200000002,-0.0023693399999999993,-0.25900905568405896,10.263919964149322,161.08840486338784,-68.99020914857563,-17.56121821824251,192.04894437053588,0,1,2,1,1,0,2,0,1,0,1
4147000.0,101,-61.250528,-144.366669,-128.52154,6.547435,102,-61.251353,-144.363842,-146.35597,18.479884,171.49162,3,-1,1,7,121.24831176015657,-58.754166768768734,-110.23014823984346,87.60180323123129,17.834430000000026,0.007480230999999998,5.115893728439698,11.306624339633306,146.61284298745488,-88.9609464954162,-1.847020646291163,170.26414354373793,0,1,1,1,0,0,2,1,1,1,1
4148000.0,101,-61.250487,-144.366663,-21.529505,3.382387,102,-61.251438,-144.364137,-137.704586,17.816876,165.287945,3,-1,1,7,128.0533277758755,-51.94888685624105,149.5828327758755,85.75569914375896,116.17508100000003,-0.0006630079999999978,10.748656276187589,16.325268730810702,130.1539077382995,-101.88260431876118,-0.9118238340709802,164.79014599726162,1,1,1,1,0,0,2,0,1,1,1
4149000.0,101,-61.25047,-144.366766,-64.330923,4.788262,102,-61.251563,-144.364621,-129.424208,21.214669,159.180832,3,-1,1,7,136.65387522217688,-43.34800537504132,-159.0152017778231,86.07620262495868,65.09328500000001,0.003397793,12.071883262109065,15.54666724835949,109.2623612382185,-115.75955119497172,-1.5610891130860647,157.4228572908936,0,1,2,1,1,0,2,1,1,1,1
4150000.0,101,-61.250443,-144.366915,-67.727699,7.510175,102,-61.25159,-144.365017,-117.835046,20.261583,153.697685,3,-1,1,7,141.48486001901492,-38.5168040246462,-150.78744098098508,79.3182419753538,50.107346999999976,-0.000953085999999999,10.967363617900169,12.307115450899973,95.710839616614,-120.25977529599005,-2.223375704882876,151.83100730812944,0,1,1,1,0,0,2,1,1,1,1
4151000.0,101,-61.250392,-144.367082,-58.061628,9.887331,102,-61.25161,-144.365482,-108.381646,21.261124,151.207796,3,-1,1,7,147.71515947149052,-32.286243304749945,-154.22321252850946,76.09540269525006,50.320018000000005,0.000999540999999997,11.78575628084173,11.93505563275004,80.76442184997656,-127.83155218652648,-3.157796831599375,148.4769168433016,0,1,1,1,1,0,2,0,1,1,1
4152000.0,101,-61.250366,-144.367198,-64.559178,7.593757,102,-61.251631,-144.366128,-101.456692,25.365539,148.33711,3,-1,1,7,157.86243704272528,-22.13850106387913,-137.57838495727472,79.31819093612087,36.897514,0.004104414999999999,18.002747430767826,8.30040133575001,55.89811226517208,-137.40196231619956,-0.37966105661362004,148.1845671257211,0,1,1,1,0,0,2,1,1,1,1
4153000.0,101,-61.250251,-144.367359,-35.701678,13.900471,102,-61.251593,-144.366591,-93.294073,24.904118,146.443664,3,-1,1,7,164.61064878602065,-15.390024546097946,-159.68767321397934,77.90404845390205,57.59239500000001,-0.0004614209999999979,16.751142290270316,12.719115313005364,38.86276991492206,-141.192888773779,-3.966331096692736,139.00859405891478,0,1,2,1,1,0,2,0,1,1,1
4154000.0,101,-61.250156,-144.367351,-10.467685,10.928137,102,-61.251536,-144.367172,-86.571152,26.963159,146.145336,3,-1,1,7,176.43016804039607,-3.5699888949542573,-173.10214695960394,83.00116310504573,76.10346699999997,0.0020590410000000006,24.92945648312076,9.133627003953947,9.099742006737234,-145.86176308396836,-1.804084045728537,140.22931858691246,0,1,2,1,1,2,2,0,1,0,1
4155000.0,101,-61.250062,-144.367495,-30.30318,12.113817,102,-61.251445,-144.367539,-78.6363,25.062151,143.866321,3,-1,1,7,-179.123333917798,0.876704658457702,-148.820153917798,79.5130046584577,48.33312000000001,-0.001901008000000001,18.45850193129325,5.520524333463104,-2.2011709062478557,-143.84948093307995,-2.55564462349015,137.31431595903314,0,1,1,1,0,0,2,1,1,1,1
4156000.0,101,-61.250021,-144.36748,-11.786504,5.641964,102,-61.251311,-144.367979,-70.006438,25.806122,138.899873,3,-1,1,7,-169.46067825684307,10.53975923258517,-157.67417425684306,80.54619723258517,58.21993400000002,0.0007439709999999984,23.098355560173456,-3.300482492600862,-25.406215267155112,-136.55657781745668,-0.24472749643174835,138.77732990997546,0,1,2,1,1,0,2,0,1,0,1
4157000.0,101,-61.249968,-144.367446,9.538236,5.972428,102,-61.251151,-144.36836,-61.77321,26.117275,135.45209,3,-1,1,7,-159.6147766795584,20.386024653023135,-169.1530126795584,82.15923465302313,71.31144599999999,0.0003111530000000009,24.001137154193685,-6.462638579817336,-47.18206837842327,-126.96897695461632,-0.4891067526272751,134.87028152655887,0,1,2,1,1,0,2,0,1,1,1
4158000.0,101,-61.249869,-144.367371,17.222749,10.69569,102,-61.250946,-144.368743,-53.351726,27.660903,132.692019,3,-1,1,7,-148.50363421163564,31.497568662179063,-165.72638321163564,84.84929466217906,70.574475,0.0015436280000000017,25.359611290234525,-6.294717933114981,-69.32421307720057,-113.14294227888567,-1.4795596483992572,126.5187696497888,0,1,2,1,0,0,2,1,1,1,1
4159000.0,101,-61.249776,-144.367361,7.074759,10.428542,102,-61.250796,-144.36902,-49.962578,25.800762,139.448774,3,-1,1,7,-141.96440750775358,38.03704698588281,-149.03916650775358,87.9996249858828,57.03733699999998,-0.0018601410000000022,21.03811836979597,-6.248173409328931,-85.92148392982807,-109.83377972827562,-2.2232157637658294,129.7709169178359,0,1,1,1,0,1,2,1,1,0,1
4160000.0,101,-61.249683,-144.367363,1.416922,10.357965,102,-61.250611,-144.369318,-45.536099,25.939765,142.252174,3,-1,1,7,-134.6227815908164,45.37893241244681,-136.0397035908164,90.91503141244681,46.95302099999998,0.00013900300000000242,18.76912639472119,-7.814963312092873,-101.24753020546211,-99.92306357903719,-2.55825914825595,131.1996787159151,0,1,1,1,0,1,2,1,1,0,1
4161000.0,101,-61.249662,-144.367345,12.164401,3.67983,102,-61.250397,-144.369618,-40.955656,27.028289,142.26549,3,-1,1,7,-123.91334213724656,56.08865066311994,-136.07774313724656,97.04430666311994,53.120056999999974,0.0010885239999999996,18.491764785966613,-16.815019514583312,-118.0636239609304,-79.37537617014561,-1.3290155155281351,138.15749328478546,0,1,1,1,2,2,2,0,1,0,1
4162000.0,101,-61.249591,-144.367375,-7.224528,7.299882,102,-61.250233,-144.369881,-40.212738,25.594556,147.309198,3,-1,1,7,-118.04177465993384,61.96042241560382,-110.81724665993383,102.17316041560383,32.98820999999998,-0.0014337330000000002,15.606530536529526,-12.303419056915228,-130.01584412437907,-69.25229304527303,-2.833193809899255,134.9092449755257,0,1,1,1,0,1,2,1,1,1,1
4163000.0,101,-61.249555,-144.367473,-41.627473,6.082562,102,-61.250052,-144.370113,-37.536931,24.958899,147.306377,3,-1,1,7,-111.37626300819771,68.62605154596412,-69.74879000819772,106.16298254596413,4.090542000000028,-0.0006356570000000019,11.166222211162694,-15.244836860381088,-137.1727147164484,-53.69185266114387,-2.021064449673101,142.39037084230586,0,0,1,1,0,2,2,1,1,0,1
4164000.0,101,-61.249534,-144.36757,-61.345174,5.576455,102,-61.249837,-144.370371,-34.572592,26.026841,152.537976,3,-1,1,7,-102.67617985302861,77.32627585121428,-41.331005853028614,111.89886785121428,26.772582,0.001067942000000002,9.87545299080437,-18.756619332313548,-148.81999378841087,-33.47302751461132,-2.036502848576253,147.31811926605135,0,0,1,1,0,1,2,0,1,0,1
4165000.0,101,-61.249545,-144.367641,-98.422752,4.150285,102,-61.24967,-144.37067,-36.724671,25.368981,169.707204,3,-1,1,7,-94.90510549103027,85.09755010433416,3.517646508969733,121.82222110433416,61.698081,-0.0006578599999999995,11.064376850649559,-20.941617502690214,-169.08568207147474,-14.510934081642588,-3.2741682110115744,156.69514126945901,1,0,0,1,0,1,2,0,1,0,1
4166000.0,101,-61.249515,-144.367486,60.526594,5.532083,102,-61.249605,-144.371026,-46.977432,22.496065,193.023515,3,-1,1,7,-93.02718939965828,86.97591419990434,-153.5537833996583,133.95334619990433,107.50402600000001,-0.002872916,21.262679868436088,-12.626865815095595,-192.7541673950517,-10.193541818014767,-6.635632080983314,107.24474956911273,0,1,1,1,1,1,2,0,1,1,1
4167000.0,101,-61.249553,-144.367571,-148.489371,3.697581,102,-61.249597,-144.371448,-61.516498,20.918327,218.306885,3,-1,1,7,-91.35333047516696,88.65006858067585,57.13604052483305,150.16656658067586,86.97287299999999,-0.0015777380000000002,16.453691457515767,-13.12841678507601,-218.24599027070894,-5.155945030819747,-9.307422468166552,143.0245724146595,1,0,1,1,0,1,2,1,1,0,1
4168000.0,101,-61.249565,-144.367603,-131.89437,2.399139,102,-61.249539,-144.371919,-66.954314,22.248497,243.436161,3,-1,1,7,-89.28434437276798,90.71943956370032,42.610025627232034,157.6737535637003,64.940056,0.001330169999999999,18.687046981942963,-10.311555269629125,-243.41717155094005,3.0405717485593082,-10.66802279183891,115.68375825061793,1,0,1,2,1,1,2,1,1,1,1
4169000.0,101,-61.249554,-144.367517,75.077566,2.926029,102,-61.249606,-144.372392,-82.142652,22.142656,266.90403,3,-1,1,7,-91.27253395326615,88.73174007243867,-166.35009995326615,170.87439207243867,157.220218,-0.00010584100000000163,24.762119408543395,-2.273574400359335,-266.8382034982155,-5.9274264302321225,-10.650341625294141,30.302114971325604,0,1,2,2,1,1,2,0,1,1,1
4170000.0,101,-61.249552,-144.367627,-84.500893,3.438591,102,-61.249801,-144.37282,-103.638738,22.87891,287.613464,3,-1,1,7,-95.69515325376709,84.30939957416047,-11.194260253767084,-172.05186242583954,19.13784499999997,0.0007362540000000024,18.81100031811812,5.724349844940271,-286.1937947453982,-28.5414877556898,-14.593678958502386,56.22276927905598,0,0,0,2,0,1,2,1,1,0,1
4171000.0,101,-61.249596,-144.367553,154.984197,4.43493,102,-61.249919,-144.373273,-109.315768,24.186069,311.400892,3,-1,1,7,-96.69838334315,83.30663152232313,108.31741965685,-167.37760047767688,95.70003500000001,0.0013071589999999987,24.70002508667383,3.981231143065142,-309.27525117682353,-36.32264511167054,-12.23659743306574,14.24948939733712,1,1,1,2,0,1,2,0,1,1,1
4172000.0,101,-61.249559,-144.367624,-38.944786,3.523737,102,-61.250073,-144.373657,-116.312355,24.780153,327.334335,3,-1,1,7,-100.04726512920276,79.95802415398089,-61.102479129202756,-163.72962084601912,77.36756899999997,0.0005940839999999987,19.997783290855597,13.724755693425584,-322.3143912790103,-57.10691765743708,-13.660159999675377,139.32924995758262,0,0,1,2,1,1,2,1,1,0,1
4173000.0,101,-61.249557,-144.367681,-77.417704,2.880206,102,-61.250198,-144.374003,-119.401395,24.353641,343.237618,3,-1,1,7,-101.90634554119171,78.09919711884861,-24.48864154119171,-162.4994078811514,41.983690999999965,-0.0004265119999999989,18.405901985708564,12.583239272895192,-335.8532525801936,-70.81422979612655,-15.002837327148894,132.22147370041102,0,0,1,2,0,1,2,1,1,1,1
4174000.0,101,-61.249535,-144.367755,-59.525203,4.253447,102,-61.250439,-144.374229,-131.658883,25.139596,356.28467,3,-1,1,7,-106.19133082363324,73.81434510468284,-46.66612782363324,-154.52677189531715,72.13368000000003,0.0007859550000000013,15.116335539627368,18.867323289817026,-342.1529548102399,-99.34848560310738,-14.36788152855678,212.3881209690388,0,0,1,1,1,1,2,0,1,0,0
4175000.0,101,-61.2496,-144.367725,178.580389,5.70194,102,-61.250582,-144.374424,-134.760358,23.352871,364.46861,3,-1,1,7,-106.95242394750835,73.0534492501218,74.46718705249168,-152.18619274987822,46.659253000000035,-0.0017867250000000005,16.723156874014524,10.743573110031305,-348.63142825862326,-106.27085633269613,-16.873321682675236,100.21360157594464,1,0,1,1,0,1,2,1,1,1,1
4176000.0,101,-61.249608,-144.367705,154.189012,1.831895,102,-61.250815,-144.374453,-146.990992,23.194416,367.279368,3,-1,1,7,-110.40200539634458,69.60391076779109,95.40898260365543,-143.4050972322089,58.819995999999946,-0.000158455,13.433256450932948,17.80135119169746,-344.2398556128105,-128.03536998091894,-13.824876761798496,197.66217482828566,1,1,1,1,0,1,2,0,1,0,1
4177000.0,101,-61.24965,-144.367748,-161.095702,4.44674,102,-61.251254,-144.374122,-170.662338,29.005516,364.149286,3,-1,1,7,-117.62113517988799,62.38445310064658,43.474566820112,-126.9532088993534,9.566636000000017,0.0058111,3.2655245509588466,24.41428438940015,-322.64814558366635,-168.82794983571605,-8.592723872428742,297.42195456146504,1,0,1,1,1,0,2,1,1,0,0
4178000.0,101,-61.249701,-144.367754,-173.586549,5.480815,102,-61.251547,-144.373771,177.277374,29.914759,355.802026,3,-1,1,7,-122.5348120792149,57.47046321718453,51.05173692078509,-119.80691078281548,9.136077,0.000909243,-2.0331974396614116,24.434476524452602,-299.96417625745033,-191.35457838236843,-6.770734820569339,314.7989406208861,1,0,1,1,0,0,2,1,1,0,0
4179000.0,101,-61.249701,-144.36778,-127.902873,1.48889,102,-61.251666,-144.373587,171.642383,24.960765,356.498038,3,-1,1,7,-125.13024414557819,54.87484704004266,2.7726288544218107,-116.76753595995734,60.454744000000005,-0.0049539940000000015,-4.802890717625883,23.78102275045687,-291.56052334443973,-205.1421758804509,-6.0455513808950245,326.41817908812504,1,0,0,1,1,2,2,0,1,0,0
4180000.0,101,-61.24977,-144.367778,-177.632358,6.526622,102,-61.251946,-144.373192,162.912882,27.951292,361.625965,3,-1,1,7,-129.88574547493457,50.119001162702226,47.746612525065444,-112.79388083729776,19.45476000000002,0.002990527,-8.482424033777507,20.19644647996519,-277.48453991412816,-231.89581425895952,-4.798087485090127,345.6352585354349,1,0,1,1,0,1,2,1,1,0,0
4181000.0,101,-61.249806,-144.367801,-167.990565,4.52693,102,-61.252143,-144.372927,158.808125,27.082845,365.722108,3,-1,1,7,-133.4698804220316,46.534613721280195,34.52068457796841,-112.2735112787198,33.20130999999998,-0.0008684469999999997,-10.732172257400814,20.82351891782945,-265.4177469488283,-251.60699490390044,-4.322528619406026,351.19460821631316,1,0,1,1,1,1,2,0,1,0,0
4182000.0,101,-61.249873,-144.367873,-156.503209,7.633389,102,-61.252213,-144.372861,157.61468,21.43315,367.40507,3,-1,1,7,-134.28779490181049,45.71657825488876,22.215414098189513,-111.89810174511123,45.88211099999998,-0.005649694999999998,-11.205875825491553,12.817579060796657,-263.0037939526845,-256.54529780956574,-1.1797841902536639,366.85840415393744,1,0,0,1,1,1,2,0,1,0,0
4183000.0,101,-61.249945,-144.367851,-179.739203,7.83282,102,-61.252337,-144.372664,153.892363,19.965279,364.992925,3,-1,1,7,-135.94035824489825,44.06386148705556,43.798844755101754,-109.82850151294443,26.368434000000065,-0.0014678710000000023,-8.821551054522095,10.095461321988354,-253.8185573018772,-262.2898687888065,-2.177060288013987,363.7189545788293,1,0,1,1,0,0,2,1,1,1,0
4184000.0,101,-61.249957,-144.367855,-176.557232,2.429839,102,-61.252238,-144.372806,153.202868,9.990285,364.060596,3,-1,1,7,-133.76985023417345,46.23449048563908,42.78738176582655,-106.96837751436092,30.239900000000034,-0.009974994,-4.649864208416351,6.491958350838872,-262.89701857856363,-251.84375152538047,-6.304585175672667,360.3791391225819,1,0,1,1,1,2,2,0,1,1,0
4185000.0,101,-61.250025,-144.367794,161.013765,7.077867,102,-61.252156,-144.372917,151.55654,3.72957,362.807588,3,-1,1,7,-130.85703261990477,49.147458898166924,68.1292023800952,-102.4090811018331,9.457224999999994,-0.006260715,0.5263584962899597,-3.4134436679556877,-274.4074371357111,-237.33921790338087,64.4651317185968,308.82365427296065,1,0,1,1,0,0,2,1,0,1,0
4186000.0,101,-61.25007,-144.367725,148.206884,6.292105,102,-61.252161,-144.372908,149.110627,2.81643,362.837918,3,-1,1,7,-129.9918635341538,50.012680589166685,81.80125246584623,-99.09794641083332,0.90374300000002,-0.0009131399999999999,1.8691139368392524,-2.9310644311865093,-277.98308826345163,-233.18824451092894,13.395496026210838,359.7618373216831,1,0,1,1,0,2,2,1,0,0,0
4187000.0,101,-61.250113,-144.367684,153.000652,5.494688,102,-61.252074,-144.373024,-22.254707,1.455259,362.938364,3,-1,1,7,-127.36454999902273,52.640131770912475,79.6347980009773,74.89483877091247,175.25535899999994,-0.001361171,3.0456228967298986,-6.242687117822103,-288.45987798365513,-220.26156009765134,-999,7019.559450690512,1,0,1,1,1,2,2,0,1,0,0
4188000.0,101,-61.250121,-144.367616,114.417544,3.665581,102,-61.252077,-144.373027,-29.109459,0.933531,362.974501,3,-1,1,7,-126.92993195602949,53.07481206237939,118.65252404397052,82.1842710623794,143.52700300000004,-0.0005217280000000001,3.7918647091714037,-2.3309083253626213,-290.151247420958,-218.0888396875479,-67.14775702172359,376.2858565591653,1,1,1,1,0,2,2,1,1,1,0
4189000.0,101,-61.250132,-144.367592,123.34483,2.247441,102,-61.252002,-144.373131,-29.363727,3.646699,363.042285,3,-1,1,7,-125.06836332932414,54.936492909807775,111.58680667067586,84.30021990980778,152.70855699999998,0.002713168,3.665628246927602,-4.413552982496257,-297.1381625243754,-208.5871833782198,-8.958315102002214,362.5200125202035,1,1,1,1,1,2,2,0,1,1,0
4190000.0,101,-61.250184,-144.367551,157.647973,5.481766,102,-61.251972,-144.37318,-31.887944,3.816531,362.983659,3,-1,1,7,-123.44379576906186,56.56113937676038,78.9082312309381,88.44908337676038,170.46408300000002,0.000169832,4.100813874027933,-8.3104433378153,-302.88330854632596,-200.0470897190443,82.98119858336808,808.2975101017698,1,0,1,1,1,2,2,0,0,0,0
4191000.0,101,-61.250224,-144.367462,138.785873,6.106279,102,-61.252042,-144.373103,-115.776554,0.455968,362.860074,3,-1,1,7,-123.82722374766298,56.17772192162883,97.38690325233699,171.95427592162883,105.43757299999996,-0.003360563,4.433872040207473,-4.395180058008293,-301.43514060901293,-202.00071611088433,-14.731289701171361,356.23883607355145,1,1,1,2,0,2,2,1,1,1,0
4192000.0,101,-61.250255,-144.367426,144.663001,4.391886,102,-61.252107,-144.373023,161.250159,2.559045,362.584233,3,-1,1,7,-124.52910799014201,55.47579910496364,90.807891009858,-105.77435989503635,16.58715799999993,0.002103077,1.7176275805428003,-1.1595045625732707,-298.71078927879034,-205.52175161923952,-55.367687650300084,337.9441512153785,1,1,1,1,1,2,2,1,1,1,0
4193000.0,101,-61.250293,-144.367341,136.434867,5.766353,102,-61.252166,-144.372941,154.803979,4.102187,362.269583,3,-1,1,7,-124.81702786129605,55.187881866386036,98.74810513870398,-99.61609713361396,18.36911200000003,0.001543142,2.2276793117424214,-0.46635868170837247,-297.4159232972125,-206.8405650162958,-99.93011764529341,264.25247437368773,1,1,1,1,0,2,2,0,1,1,0
4194000.0,101,-61.250351,-144.36727,147.611363,7.215839,102,-61.25212,-144.372974,138.92032,1.263625,361.858476,3,-1,1,7,-122.81674907482508,57.188251833765335,89.5718879251749,-81.73206816623467,8.69104299999998,-0.0028385619999999998,3.034893489765314,-5.1407849713525415,-304.1088347819207,-196.11061485963742,2.6404908398309868,361.5798168061127,1,0,1,1,1,2,2,1,0,0,0
4195000.0,101,-61.250377,-144.367207,134.06696,4.897195,102,-61.252003,-144.373066,-11.162775,3.493081,361.465023,3,-1,1,7,-119.98767064504284,60.01746615549715,105.94536935495717,71.18024115549714,145.229735,0.002229456,4.195019137685531,-6.8329880092397985,-313.0767766880137,-180.66514536853563,-9.636701218825282,367.5688138448334,1,1,1,1,0,2,2,0,1,0,0
4196000.0,101,-61.250353,-144.367098,71.732013,5.471003,102,-61.252078,-144.372942,101.610923,1.268696,361.00406,3,-1,1,7,-121.5402744986387,58.4648491521437,166.7277125013613,-43.1460738478563,29.87891000000002,-0.0022243849999999997,3.9525341017325815,1.9702948489308978,-307.6738968720269,-188.84042077919906,-113.79705771797862,146.44909110672802,1,1,2,1,0,2,2,1,1,1,1
4197000.0,101,-61.250393,-144.367032,131.25005,5.301464,102,-61.251942,-144.373014,-1.161697,4.558024,360.750183,3,-1,1,7,-118.29960677060708,61.70563786749077,110.45034322939293,62.86733486749077,132.411747,0.0032893279999999993,4.07825822192987,-8.05258872598991,-317.63354018465486,-171.02522821004138,7.683453865248255,365.6413708536993,1,1,1,1,1,2,2,0,0,0,0
4198000.0,101,-61.250413,-144.366974,125.623563,4.178661,102,-61.251876,-144.373004,0.840461,5.400494,360.461132,3,-1,1,7,-116.77076122984968,63.234525490437306,117.6056757701503,62.39406449043731,124.78310199999999,0.0008424700000000005,3.3174557953333763,-7.833804633585659,-321.8253906202994,-162.35961823930583,9.926671197190037,364.7037020939037,1,1,1,1,0,2,2,1,0,1,0
4199000.0,101,-61.250373,-144.366906,46.744653,4.879909,102,-61.251938,-144.372846,55.412542,2.753995,359.573381,3,-1,1,7,-118.71580345106037,61.2894043634573,-165.46045645106037,5.876862363457299,8.66788900000006,-0.002646499,1.2868162869577433,1.780619759825346,-315.3507719484339,-172.76257394267427,-187.5082529554278,177.32543381559066,0,1,2,0,1,2,2,1,1,1,1
4200000.0,101,-61.250366,-144.366767,79.198748,6.47547,102,-61.25194,-144.372718,73.910094,3.612205,358.226929,3,-1,1,7,-118.80967474726992,61.19554271129736,161.99157725273008,-12.714551288702644,5.288654000000008,0.0008582099999999997,2.8900374209355824,0.21241512748336389,-313.8875056602511,-172.63014351832317,-110.76512012091193,149.23196491017865,1,1,2,0,0,0,2,1,1,1,1
4201000.0,101,-61.250352,-144.366735,63.839232,3.397013,102,-61.251875,-144.372621,52.753421,4.921972,356.548457,3,-1,1,7,-118.28161076549345,61.72354970317918,177.87915723450655,8.970128703179178,11.085810999999978,0.0013097670000000003,-0.8690528583351105,-1.4812924052062773,-313.9870780194028,-168.9346531233846,246.46654649950048,220.08067485666996,1,1,2,0,0,0,2,0,0,0,0
4202000.0,101,-61.250309,-144.366518,64.876414,10.160523,102,-61.251968,-144.372317,99.537779,7.268554,354.886533,3,-1,1,7,-120.74690422955538,59.25817996428767,174.37668177044463,-40.27959903571233,34.66136499999999,0.002346582,2.0311999884821343,5.518259368065791,-305.00156542140763,-181.43455127194179,-1094.0024148971672,6161.406471468447,1,1,2,1,1,0,2,0,1,0,0
4203000.0,101,-61.250264,-144.366322,64.440761,11.242188,102,-61.251959,-144.372078,93.567245,8.677271,352.798196,3,-1,1,7,-121.47960721098745,58.52543928193013,174.07963178901255,-35.04180571806987,29.126484000000005,0.0014087169999999994,1.4815655416607125,5.390274683102993,-300.87550207367036,-184.22947471230333,-1077.9186698569292,5773.419791525404,1,1,2,1,2,0,2,1,1,1,0
4204000.0,101,-61.250194,-144.366157,51.448612,11.813607,102,-61.252023,-144.371694,102.393863,12.080293,351.015619,3,-1,1,7,-124.48304653599331,55.52180795160611,-175.9316585359933,-46.87205504839389,50.945250999999985,0.003403022,-2.5599394458535514,9.95523434619261,-289.3399804086242,-198.73183066406378,-173.7622725112092,1698.0274161520108,0,1,2,1,1,0,2,0,1,1,0
4205000.0,101,-61.250111,-144.366038,38.829121,11.484908,102,-61.251988,-144.371347,92.32201,13.608206,344.728837,3,-1,1,7,-126.3209695379211,53.683685051201394,-165.1500905379211,-38.63832494879861,53.49288899999999,0.0015279129999999999,-6.395996951561107,9.498311004120362,-277.75200864551744,-204.1856820463986,-3.9044853533743384,345.7813983622065,0,1,2,1,0,0,2,0,1,1,0
4206000.0,101,-61.249997,-144.365883,33.582733,14.422603,102,-61.251963,-144.370921,88.162476,16.048315,336.984471,3,-1,1,7,-129.05607926177265,50.948337729068,-162.63881226177264,-37.214138270932,54.57974299999995,0.0024401089999999998,-8.062336569658013,11.500702365081754,-261.6784268503773,-212.32742313761912,-5.157855863959845,339.6761871928243,0,1,2,1,0,0,2,0,1,1,0
4207000.0,101,-61.249875,-144.365745,29.391362,15.405525,102,-61.25201,-144.370377,93.834206,19.56742,335.232565,3,-1,1,7,-133.78255030849033,46.22151072654141,-163.17391230849034,-47.612695273458584,64.44284399999998,0.003519105,-11.963016206668023,14.731111371190547,-242.02818682964207,-231.9552314918444,-3.5429581787627167,336.46022092942894,0,1,2,1,1,0,2,0,1,1,0
4208000.0,101,-61.249778,-144.365627,30.987468,13.028745,102,-61.25206,-144.369837,96.938441,22.190494,336.263994,3,-1,1,7,-138.41800841701382,41.585682635112015,-169.40547641701383,-55.35275836488798,65.95097300000003,0.0026230740000000026,-15.320125366863461,13.849957085959094,-223.17543429500716,-251.52773045544498,-0.2582545123592931,336.25670065004573,0,1,2,1,1,1,2,0,1,1,0
4209000.0,101,-61.249723,-144.365532,38.689965,8.887508,102,-61.252109,-144.36924,98.191069,24.954378,331.085543,3,-1,1,7,-143.22475309196165,36.778497839382204,178.08528190803835,-61.412571160617794,59.50110399999994,0.0027638839999999973,-19.14417048223642,10.492420907685243,-198.21350102311777,-265.19623827604215,2.591643149416759,327.98291978223745,1,1,2,1,0,0,2,1,0,1,0
4210000.0,101,-61.249645,-144.365363,43.737244,11.651745,102,-61.25212,-144.368619,95.985794,27.15452,323.630748,3,-1,1,7,-147.67785742442518,32.32499722201173,168.5848985755748,-63.66079677798827,52.24855000000002,0.002200142000000003,-18.951007907422596,11.250318622659314,-173.0385550280909,-273.48586713910805,0.5365399490963703,323.51110944948005,1,1,2,1,1,0,2,1,0,1,0
4211000.0,101,-61.249498,-144.365153,34.481232,18.340397,102,-61.252057,-144.368102,89.295805,27.201768,315.578373,3,-1,1,7,-151.00259559540706,28.99998989104411,174.51617240459294,-60.29581510895589,54.814572999999996,4.7247999999999735e-05,-16.816549882707704,14.783887939974724,-152.98292724856444,-276.0179948405313,-5.362900926323402,312.78576892026075,1,1,2,1,0,0,2,0,1,1,0
4212000.0,101,-61.249384,-144.365084,23.134198,14.25593,102,-61.251988,-144.367599,84.268606,27.280452,312.357924,3,-1,1,7,-155.08438171006114,24.91782327218881,-178.21857971006114,-59.35078272781119,61.13440799999995,7.868399999999909e-05,-21.543120885990987,10.385209092209372,-131.59109872022472,-283.2865253117307,-0.23769930348180693,312.3281454633002,0,1,2,1,1,0,2,0,1,1,0
4213000.0,101,-61.249212,-144.365067,6.961776,18.29256,102,-61.251872,-144.367207,76.711532,26.209641,306.448787,3,-1,1,7,-158.84678213063967,21.15509407435415,-165.80855813063965,-55.55643792564585,69.74975600000005,-0.001070810999999999,-23.29069279326012,12.133306096401988,-110.58609149993256,-285.79988701981654,-1.714279535936733,304.7607626854548,0,1,2,1,0,0,2,0,1,1,0
4214000.0,101,-61.249105,-144.365045,6.516282,13.04294,102,-61.25172,-144.366861,67.980472,25.476459,295.966023,3,-1,1,7,-161.53040944699703,18.471182695090437,-168.04669144699702,-49.50928930490957,61.46419000000003,-0.0007331820000000029,-22.13792203178345,3.406978208835165,-93.76241898485608,-280.72138421670843,2.3603548467278612,291.73122648469524,0,1,2,1,1,0,2,1,0,1,0
4215000.0,101,-61.249018,-144.36507,-3.054551,10.191432,102,-61.251547,-144.366481,60.826011,26.047659,283.661189,3,-1,1,7,-164.97894286686935,15.022294197948154,-161.92439186686934,-45.803716802051845,63.880562,0.0005712000000000011,-23.286411230663052,-2.520325824448147,-73.51761098460791,-273.96866795312485,4.276823538781853,264.47811682216565,0,1,2,1,0,0,2,0,0,1,0
4216000.0,101,-61.248894,-144.365197,-20.78313,14.192812,102,-61.25133,-144.366244,50.528379,25.910999,268.804846,3,-1,1,7,-168.3202598805847,11.680658053317307,-147.5371298805847,-38.84772094668269,71.311509,-0.00013665999999999912,-25.037784324882782,-3.202228700854329,-54.41712933187828,-263.2390952506131,3.389095812374007,254.21527122581497,0,1,1,1,0,0,2,0,0,1,0
4217000.0,101,-61.248793,-144.365304,-25.563241,12.853115,102,-61.251063,-144.366284,33.546383,25.078717,251.895585,3,-1,1,7,-168.26955861114394,11.731300580499129,-142.70631761114393,-21.815082419500868,59.109624,-0.0008322819999999993,-19.405006634945984,-9.306656380272306,-51.212269255364994,-246.63472833363966,6.9776011026139875,200.25307079739287,0,1,1,0,0,0,2,1,0,1,0
4218000.0,101,-61.248709,-144.365495,-42.823425,13.167722,102,-61.250808,-144.366331,21.531425,25.183968,239.419239,3,-1,1,7,-169.15549183659584,10.845241105268435,-126.33206683659584,-10.686183894731563,64.35485,0.00010525099999999909,-18.193448826413054,-13.768648108893665,-45.04536811043751,-235.14354512751208,8.366900039751185,160.851585403581,0,1,1,0,0,0,2,0,0,1,1
4219000.0,101,-61.248578,-144.365568,-21.070583,14.802642,102,-61.250577,-144.366417,12.299631,24.808996,232.44261,3,-1,1,7,-168.45458671639727,11.546157621608836,-147.38400371639727,-0.7534733783911634,33.370213999999976,-0.0003749719999999996,-10.606726592045149,-10.426642441892005,-46.522126490259375,-227.73945352186215,13.374359698197198,129.93863536857316,0,1,1,0,1,0,2,1,0,1,1
4220000.0,101,-61.248419,-144.365536,-0.868458,17.079559,102,-61.250356,-144.366652,0.209298,24.369862,230.444263,3,-1,1,7,-164.5110293492639,15.489949072055506,-163.6425713492639,15.280651072055505,1.0777559999999653,-0.00043913399999999923,-0.3478941012345414,-7.292102367458984,-61.540802673526045,-222.07496021819142,30.79451665946662,50.888126730786276,0,1,2,0,1,0,2,1,0,1,1
4221000.0,101,-61.248299,-144.365452,12.767408,14.326248,102,-61.250156,-144.366856,-7.544551,23.830792,227.159356,3,-1,1,7,-160.0160891820344,19.98514173323163,-172.78349718203438,27.529692733231627,20.311959,-0.0005390700000000024,6.2949243921825495,-9.652455796213667,-77.63313091081098,-213.48177908973784,12.038599157673856,181.65783978098477,0,1,2,1,1,0,2,0,0,0,1
4222000.0,101,-61.248237,-144.365358,29.214319,9.250904,102,-61.249965,-144.367172,-17.462077,23.937781,227.13745,3,-1,1,7,-153.20969907681982,26.791891291794848,177.5759819231802,44.25396829179485,46.67639600000001,0.00010698900000000222,11.698278201818365,-14.760436686914488,-102.37685344926277,-202.75700005260157,5.223861198823977,206.19424265501587,1,1,2,1,0,2,2,0,0,0,0
4223000.0,101,-61.248174,-144.365107,56.744088,13.066869,102,-61.249839,-144.367477,-26.591489,22.067985,238.315973,3,-1,1,7,-145.60267613089616,34.39940169173356,157.65323586910384,60.990890691733554,83.335577,-0.0018697960000000008,20.80511193705388,-12.568046540459461,-134.63147657089368,-196.64401466425986,-0.6171984574191341,237.93426585765425,1,1,2,1,1,1,2,0,1,0,0
4224000.0,101,-61.248116,-144.365015,45.065466,9.339704,102,-61.249705,-144.367968,-39.097876,23.276655,254.64945,3,-1,1,7,-138.20772560153324,41.79486334556413,176.72680839846674,80.89273934556414,84.163342,0.0012086700000000015,21.29106316254734,-11.467690849838192,-169.70652858937808,-189.85793778360997,-2.4872505240903,247.63053146037566,1,1,2,1,0,1,2,0,1,0,0
4225000.0,101,-61.248093,-144.36495,53.870046,5.413147,102,-61.249567,-144.368486,-47.105833,25.207654,264.642736,3,-1,1,7,-130.91476013905324,49.088339932040356,175.21519386094675,96.19417293204035,100.97587900000002,0.0019309989999999999,22.839534758034258,-13.965803499647498,-199.98648623151706,-173.32392518731203,-3.0247548452664534,252.19956122722976,1,1,2,1,1,1,2,0,1,0,0
4226000.0,101,-61.248083,-144.364945,44.157783,2.055421,102,-61.249415,-144.368951,-49.970951,26.542213,270.289778,3,-1,1,7,-124.6562878989135,55.34722422641559,-168.8140708989135,105.31817522641559,94.12873400000001,0.0013345589999999986,21.755743874405987,-15.59670349055407,-222.33445649883694,-153.70085733220904,-3.3935955544983023,254.45898214006357,0,1,2,1,1,1,2,1,1,0,0
4227000.0,101,-61.248108,-144.364845,115.605568,4.732115,102,-61.249191,-144.369358,-46.455946,28.640727,271.479066,3,-1,1,7,-116.51637752166636,63.487579095028444,127.87805447833364,109.94352509502843,162.061514,0.002098513999999998,25.027461101916515,-21.776037645033583,-242.92130972980414,-121.20280753921881,-3.4926172552958135,251.1854623070601,1,1,1,1,0,1,2,0,1,1,0
4228000.0,101,-61.248113,-144.364753,99.580268,4.829397,102,-61.248921,-144.369635,-39.466411,30.037411,268.184686,3,-1,1,7,-108.98940416640349,71.01487595281431,151.4303278335965,110.48128695281432,139.04667899999998,0.0013966840000000005,23.85459542956538,-23.992554065212854,-253.5897448395938,-87.2654978620319,-3.818293617185805,241.67091293198322,1,1,1,1,0,0,2,1,1,1,0
4229000.0,101,-61.248137,-144.36467,117.464314,5.121001,102,-61.248765,-144.369681,-34.177034,25.687837,262.015175,3,-1,1,7,-104.60553432052491,75.39885889207213,137.9301516794751,109.57589289207212,151.641348,-0.004349574,18.974044238466682,-23.613482252760367,-253.54810694757208,-66.07048806829852,-4.267106775162542,240.03751518912244,1,1,1,1,1,0,2,0,1,1,0
4230000.0,101,-61.248123,-144.364554,81.447,5.815007,102,-61.24852,-144.369607,-21.637897,25.069788,252.494393,3,-1,1,7,-99.27878653648669,80.72564349265582,179.27421346351332,102.36354049265582,103.08489700000001,-0.0006180489999999992,14.994556521221483,-22.438357773967635,-249.1906255036393,-40.71179997916371,-4.506431539461992,230.4359623656929,1,1,2,1,0,0,2,1,1,1,0
4231000.0,101,-61.248147,-144.364406,106.153032,7.599115,102,-61.248264,-144.369377,-7.121096,25.256109,240.662546,3,-1,1,7,-92.80347352611497,87.20088460765469,161.04349447388503,94.32198060765468,113.27412800000002,0.00018632099999999952,10.430037646480416,-27.17539528366665,-240.37451481125686,-11.770882569075582,-3.73937652352733,231.10220344867506,1,1,2,1,1,0,2,0,1,0,0
4232000.0,101,-61.24814,-144.364261,87.431519,7.653152,102,-61.248152,-144.369003,9.602585,21.059665,226.914087,3,-1,1,7,-90.30350264269457,89.7006547218141,-177.73502164269456,80.0980697218141,77.828934,-0.004196444,4.132432666197209,-20.42162370955391,-226.91090346128266,-1.201985618893517,-3.181436447145359,223.77158070602562,0,1,2,1,1,0,2,1,1,1,0
4233000.0,101,-61.248163,-144.364187,112.787992,5.433583,102,-61.24807,-144.368522,30.7714,19.483874,211.999123,3,-1,1,7,-87.44821241363044,92.55558812834845,159.76379558636955,61.78418812834845,82.01659200000006,-0.001575790999999999,-4.958762346161103,-18.845392538686625,-211.78890202001773,9.438704038397276,3.460339075395476,208.4548976016508,1,1,2,1,0,0,2,0,0,1,0
4234000.0,101,-61.248259,-144.363929,129.149231,14.676226,102,-61.248032,-144.367984,51.618844,19.820691,196.395296,3,-1,1,7,-83.3636165048878,96.63993855896778,147.4871524951122,45.02109455896778,77.53038699999996,0.00033681699999999994,-4.155919018710398,-21.57219234794239,-195.0793648101513,22.696997955578226,3.726194025374417,207.07288187418538,1,1,1,1,1,0,2,1,0,1,0
4235000.0,101,-61.248323,-144.3638,132.496476,11.082943,102,-61.24796,-144.367388,62.299852,23.124609,180.610518,3,-1,1,7,-78.1238890119308,101.87925662766699,149.3796349880692,39.57940462766699,70.19662400000004,0.0033039179999999994,-12.302690433225116,-18.23636861630734,-176.74452732465278,37.168955769746844,5.905304100726904,178.38141752070263,1,1,1,1,0,0,2,1,0,1,1
4236000.0,101,-61.24843,-144.363624,140.995813,14.449014,102,-61.248049,-144.366835,82.20324,23.5078,163.116133,3,-1,1,7,-76.14459755293213,103.85821756924415,142.8595894470679,21.654977569244153,58.792573000000004,0.00038319100000000007,-14.196602761550086,-14.41738584727032,-158.36997138955445,39.06181008280842,7.685565432237997,157.75595230754857,1,1,1,0,1,0,2,1,0,1,1
4237000.0,101,-61.248534,-144.363531,151.795163,13.029264,102,-61.248103,-144.366295,90.556517,25.064274,150.587531,3,-1,1,7,-72.03975379592146,107.96266943774235,136.16508320407854,17.40615243774235,61.23864600000002,0.0015564740000000015,-18.90513364710487,-11.238768698772558,-143.24950512922643,46.43472593768257,6.1396835250596205,118.59338570005583,1,1,1,0,1,0,2,0,0,1,1
4238000.0,101,-61.248627,-144.36329,133.954435,15.30809,102,-61.248308,-144.36589,110.405082,25.616193,144.303794,3,-1,1,7,-75.69176384049246,104.3105156155387,150.35380115950755,-6.094566384461288,23.549352999999996,0.000551918999999998,-12.988632631691514,-1.6939139235188918,-139.82752144457217,35.662994959231106,10.796912671120513,53.95359055039306,1,1,1,0,0,0,2,1,0,1,1
4239000.0,101,-61.24865,-144.363097,109.886916,11.194691,102,-61.24856,-144.365599,127.605004,26.856809,146.518364,3,-1,1,7,-85.72432580557708,94.27786773537511,164.3887581944229,-33.32713626462488,17.718088000000023,0.0012406159999999993,-10.74983549560409,12.580370411618336,-146.1105853746218,10.923727876592817,7.244029635006529,105.3088151346859,1,1,2,1,0,1,2,1,0,0,1
4240000.0,101,-61.248673,-144.362811,101.284683,14.263055,102,-61.248836,-144.365423,141.669063,28.054463,156.754606,3,-1,1,7,-97.3932119538593,82.60907802925081,161.32210504614068,-59.059984970749184,40.38438000000002,0.001197654,-3.4121457878372556,19.216036504329693,-155.45141315250956,-20.170886225027754,0.65055705612811,156.67606442983805,1,1,2,1,1,1,2,0,0,0,1
4241000.0,101,-61.248709,-144.362649,110.587621,10.906601,102,-61.249104,-144.365274,150.224022,28.865839,159.999619,3,-1,1,7,-107.372750623087,72.62955076045657,142.03962837691302,-77.59447123954342,39.63640099999998,0.0008113760000000028,-4.125010343798207,21.21959959461409,-152.70082706916165,-47.77379504015929,-1.1036785664654203,159.12822877014284,1,1,1,1,1,1,2,1,1,0,1
4242000.0,101,-61.248744,-144.362532,117.451255,8.303561,102,-61.249362,-144.365102,154.374145,29.3482,160.181093,3,-1,1,7,-116.56287060945614,63.43938255794018,125.98587439054387,-90.93476244205982,36.922889999999995,0.0004823609999999974,-5.324273271150356,22.633546080871607,-143.27305125660135,-71.6297098856189,-1.8750295887681907,156.01151258643696,1,1,1,1,1,2,2,1,1,1,1
4243000.0,101,-61.248799,-144.36252,156.085941,6.347243,102,-61.249513,-144.364931,153.079737,25.569434,155.855154,3,-1,1,7,-121.62079530985176,58.38131846116072,82.29326369014825,-94.69841853883928,3.006204000000025,-0.003778765999999997,-9.00360711185351,16.996304527639452,-132.7163833797975,-81.71407841339413,-0.5207508654913521,155.52874613407414,1,0,1,1,1,0,2,1,1,1,1
4244000.0,101,-61.248782,-144.362361,84.676193,6.858083,102,-61.249638,-144.364754,150.68449,22.262752,157.616884,3,-1,1,7,-126.63843677191092,53.3636612194115,148.68537022808908,-97.32082878058851,66.00829699999997,-0.003306682000000002,-4.071756501118799,20.048034468463904,-126.4745173582091,-94.0599733195663,-4.795119739323929,146.01379004822053,1,1,1,1,0,1,2,0,1,1,1
4245000.0,101,-61.24878,-144.362282,86.97031,4.988847,102,-61.24983,-144.364373,145.301038,24.539339,155.015446,3,-1,1,7,-136.23345520175718,43.76837802172828,136.79623479824284,-101.53265997827172,58.33072800000002,0.002276586999999999,-8.987503717748904,20.438802071642613,-107.22753506570633,-111.94661326860957,-3.23564820927565,143.80111674467585,1,1,1,1,1,0,2,1,1,1,1
4246000.0,101,-61.248827,-144.362157,124.803947,7.596841,102,-61.249986,-144.364077,142.653764,24.043576,162.68548,3,-1,1,7,-141.4522586321256,38.549424673730286,93.74379436787444,-104.10433932626971,17.84981700000003,-0.0004957629999999966,-8.347716258127594,14.778213250273549,-101.38014508576137,-127.23455342484753,-3.9329609060738786,150.96099736843126,1,1,1,1,1,1,2,1,1,0,1
4247000.0,101,-61.248849,-144.362091,122.098608,5.051579,102,-61.250164,-144.363629,137.711805,26.164773,165.066759,3,-1,1,7,-150.64011264235612,29.361235756972743,87.2612793576439,-108.35056924302725,15.613197000000014,0.0021211969999999987,-13.325863475089074,16.67160948980076,-80.93119178459634,-143.86513518948558,-3.0138655745393885,153.06270914712408,1,0,1,1,1,1,2,1,1,0,1
4248000.0,101,-61.248879,-144.3621,164.64774,3.365334,102,-61.250293,-144.363109,129.916998,27.232528,162.097429,3,-1,1,7,-161.05679860307302,18.94408601070782,34.29546139692695,-110.97291198929219,34.730741999999964,0.0010677549999999981,-19.995681884656403,14.229245736675612,-52.62179871184362,-153.31837068251232,-1.828245147964685,155.43205116328525,1,0,1,1,1,0,2,0,1,0,1
4249000.0,101,-61.248888,-144.362,108.426952,4.327714,102,-61.250382,-144.36264,123.248226,26.621462,163.505606,3,-1,1,7,-168.35751709138,11.643044011790746,83.21553090862,-111.60518198820925,14.82127399999996,-0.0006110659999999975,-18.157791083779497,13.227707762002668,-32.99611607945293,-160.14162331229974,-3.0915972767106497,148.8773151816382,1,0,1,1,0,1,2,1,1,1,1
4250000.0,101,-61.248918,-144.361848,113.431954,7.622385,102,-61.250426,-144.36215,114.914935,25.953554,160.56004,3,-1,1,7,-174.49801523660574,5.502249534035795,72.07003076339424,-109.4126854659642,1.4829809999999952,-0.0006679080000000006,-16.544376902242988,7.902396614335073,-15.394534148464567,-159.82032024480915,-3.012082923799543,150.84905009407478,1,0,1,1,1,0,2,1,1,0,1
4251000.0,101,-61.248932,-144.36179,113.605749,4.607809,102,-61.250428,-144.362048,111.082473,19.069844,161.34779,3,-1,1,7,-175.25816359318952,4.742062601611732,71.13608740681047,-106.34041039838826,2.52327600000001,-0.00688371,-13.571138278501637,5.014484689707956,-13.338011008337766,-160.79554347128393,-2.9738848572400944,155.45170188931613,1,0,1,1,1,2,2,0,1,0,1
4252000.0,101,-61.248956,-144.361723,123.24524,4.506395,102,-61.2504,-144.362129,105.946388,11.16903,161.040054,3,-1,1,7,-172.29834732355107,7.702008626408968,64.45641267644896,-98.24437937359103,17.298851999999954,-0.007900814,-6.970395676556729,0.5980417036794434,-21.581745784979283,-159.587365543753,1.1069277420769321,160.84813386246591,1,0,1,1,1,2,2,0,0,0,1
4253000.0,101,-61.248948,-144.361642,85.748577,4.185565,102,-61.250392,-144.362074,100.709399,8.400915,160.626928,3,-1,1,7,-171.81162755833014,8.188751186424676,102.43979544166984,-92.52064781357532,14.960822000000007,-0.002768115,-4.080542834650873,1.8714131567522765,-22.87778276621907,-158.98936145044067,-11.270281360199768,154.13784764400688,1,1,1,1,0,2,2,1,1,1,1
4254000.0,101,-61.248958,-144.3616,107.673031,2.946226,102,-61.250378,-144.362063,93.779574,5.823167,160.138302,3,-1,1,7,-171.0870459896496,8.913359933541189,81.23992301035042,-84.86621406645881,13.893456999999955,-0.0025777479999999995,-3.003324453777305,-0.5105763109829249,-24.81082769871022,-158.20460990865,17.403139873438363,151.8223106275376,1,0,1,1,1,2,2,1,0,1,1
4255000.0,101,-61.248947,-144.361438,82.8798,7.094487,102,-61.250367,-144.362066,86.635588,3.908522,161.020803,3,-1,1,7,-167.99124491453966,12.009305668073704,109.12895508546035,-74.62628233192629,3.7557879999999955,-0.0019146449999999998,3.1379908888790724,0.649994240633948,-33.50217413850935,-157.49699465944678,-20.815697805639985,147.44087552057385,1,1,1,1,0,2,2,1,1,1,1
4256000.0,101,-61.24894,-144.361314,83.333731,6.79826,102,-61.250366,-144.362047,86.026728,3.003977,161.727702,3,-1,1,7,-166.11284109772757,13.887801540820924,110.55342790227243,-72.13892645917909,2.692996999999991,-0.0009045450000000002,3.755541186674636,0.5810340459455574,-38.81634338898547,-157.0004492990678,-16.623517395222997,149.2218886480948,1,1,1,1,0,2,2,1,1,0,1
4257000.0,101,-61.249,-144.361266,145.491296,6.661931,102,-61.250376,-144.362014,96.242283,2.616999,162.898403,3,-1,1,7,-165.3472307164107,14.653425073208693,49.16147328358932,-81.5888579267913,49.24901300000005,-0.00038697800000000006,1.1727104785702118,-5.205144397350515,-41.20686296607552,-157.6003938587892,210.6687607433763,982.2126225408955,1,0,1,1,1,1,2,0,0,0,0
4258000.0,101,-61.249016,-144.361236,136.398435,3.191996,102,-61.250392,-144.361919,104.180528,3.501799,161.237474,3,-1,1,7,-166.57236654330515,13.428232259391072,57.02919845669487,-90.75229574060893,32.217907000000025,0.0008848000000000003,-1.1937685351724947,-1.4536301744563953,-37.44208915466137,-156.82988548626523,207.39130903137212,255.10314028274544,1,0,1,1,0,0,2,1,0,1,0
4259000.0,101,-61.249011,-144.361131,89.728385,4.663495,102,-61.250413,-144.361746,105.256055,5.458842,160.800167,3,-1,1,7,-168.08606384565266,11.914475339812693,102.18555115434731,-93.3415796601873,15.52767,0.0019570429999999995,-0.6030271966436649,1.4585099775812713,-33.19593762690352,-157.33633856264296,-313.14728687562575,372.73846048460376,1,1,1,1,0,2,2,1,1,0,0
4260000.0,101,-61.249037,-144.361031,115.052968,5.72306,102,-61.250399,-144.361821,97.05244,2.326221,160.739825,3,-1,1,7,-164.41176946845704,15.588923143815046,80.53526253154297,-81.46351685618495,18.00052800000003,-0.003132621,2.8759943842994513,-2.1378555924769835,-43.19432178279386,-154.82745850382963,22.566109380330467,151.80452004665995,1,0,1,1,1,2,2,0,0,1,1
4261000.0,101,-61.249059,-144.360906,111.070963,6.716285,102,-61.250418,-144.361694,104.881186,3.881527,160.62849,3,-1,1,7,-164.41666845439133,15.584022404527982,84.51236854560864,-89.29716359547201,6.189776999999992,0.0015553060000000002,2.5158639940698957,-1.4178291885004457,-43.15117435485441,-154.72390879071358,15.052040969912404,156.06149861426843,1,0,1,1,0,2,2,1,0,0,1
4262000.0,101,-61.249053,-144.360812,88.688464,5.405637,102,-61.250414,-144.361709,100.91129,2.323822,160.373115,3,-1,1,7,-162.41125849534987,17.589527926558645,108.90027750465015,-83.32176207344135,12.222825999999998,-0.0015577050000000004,3.1224102096625983,0.5636013690366648,-48.461962460479306,-152.87568220381658,-25.20830824756237,141.92909170325524,1,1,1,1,0,2,2,0,1,1,1
4263000.0,101,-61.249053,-144.360784,87.599081,2.578329,102,-61.250406,-144.361745,86.207785,0.937392,160.112412,3,-1,1,7,-161.13838146369378,18.862461068522165,111.26253753630624,-67.34532393147784,1.3912960000000112,-0.00138643,1.6407260888490787,0.046012995016911036,-51.761713617923135,-151.51471704027256,-34.07462487001534,150.00413233759653,1,1,1,1,0,2,2,1,1,0,1
4264000.0,101,-61.249079,-144.360688,118.702365,5.044381,102,-61.250389,-144.361815,-36.828009,0.939427,159.825193,3,-1,1,7,-157.52068754051783,22.48030052802492,83.77694745948219,59.30830952802492,155.530374,2.035000000000009e-06,4.9876660491702784,-3.1745664062476027,-61.10913476926045,-147.68129863066486,11.354895200421456,162.2522475847521,1,0,1,1,1,2,2,0,0,0,1
4265000.0,101,-61.249117,-144.360541,120.047684,8.008197,102,-61.250375,-144.361863,-48.114015,1.611503,159.494802,3,-1,1,7,-153.18567636426445,26.815482665691864,86.76663963573554,74.92949766569187,168.161699,0.0006720759999999999,8.131690761234848,-5.085789704840331,-71.9482117624332,-142.3448161655607,3.127521747372543,159.59231926415154,1,0,1,1,0,2,2,0,0,1,1
4266000.0,101,-61.249119,-144.360481,100.559646,4.353604,102,-61.250361,-144.361904,-50.239304,1.970917,159.100245,3,-1,1,7,-151.14194295617077,28.859304622872724,108.29841104382922,79.09860862287272,150.79895,0.0003594140000000001,5.794962395029987,-2.05840123373458,-76.78836123533753,-139.3428704234678,-5.19505597760527,157.1312737031823,1,1,1,1,0,2,2,1,1,1,1
4267000.0,101,-61.249122,-144.360419,97.127195,3.603455,102,-61.250378,-144.361833,71.9136,0.195507,159.094099,3,-1,1,7,-151.5650914490137,28.436148239636324,111.3077135509863,-43.47745176036368,25.213595000000055,-0.0017754099999999998,3.389764787095113,-0.5077848511129437,-75.75425628216145,-139.90076837443888,-16.958373088318503,149.63146644040575,1,1,1,1,0,2,2,1,1,1,1
4268000.0,101,-61.249124,-144.360264,91.492808,6.990238,102,-61.250374,-144.361822,58.202249,0.360716,159.287435,3,-1,1,7,-149.0576084245195,30.943757512520744,119.44958357548052,-27.258491487479258,33.29055899999997,0.00016520899999999998,6.681288180187942,-0.3721753077928458,-81.90177141996601,-136.61839842111624,-11.45290550554542,140.98363754263545,1,1,1,1,0,2,2,0,1,1,1
4269000.0,101,-61.249127,-144.360194,93.785376,4.678538,102,-61.250433,-144.36159,119.554522,4.816556,159.5645,3,-1,1,7,-152.7911664230854,27.210057484905487,113.42345757691459,-92.34446451509451,25.769146000000035,0.00445584,0.4784729858549035,2.0669003075084293,-72.95848172031309,-141.9080322085989,-887.9263420538422,1729.5234904467823,1,1,1,1,1,2,2,1,1,0,0
4270000.0,101,-61.249175,-144.360126,139.530809,6.046113,102,-61.250418,-144.361608,108.041517,2.680984,158.972082,3,-1,1,7,-150.1674376002636,29.83386170627119,70.30175339973641,-78.2076552937288,31.489291999999978,-0.002135572,1.3749972413609544,-3.7692941714035215,-79.08337268856178,-137.90555833474141,70.64249627166419,218.01451044907424,1,0,1,1,1,2,2,0,0,1,0
4271000.0,101,-61.249192,-144.360019,113.638014,5.722573,102,-61.250399,-144.361622,79.558685,1.523881,158.656249,3,-1,1,7,-147.4303159137472,32.571089476499104,98.93167008625278,-46.98759552350089,34.07932900000003,-0.001157103,3.743784309757777,-2.570675678128722,-85.4086185012468,-133.70554675277492,1.9869381684639427,158.61275438374685,1,1,1,1,0,2,2,0,0,1,1
4272000.0,101,-61.249182,-144.359952,82.24629,4.093544,102,-61.250413,-144.361551,100.357029,2.268925,159.741986,3,-1,1,7,-148.00432214956615,31.997079733794337,129.74938785043383,-68.35994926620566,18.110739000000024,0.0007450439999999998,1.824160942328954,0.9601914399202613,-84.6401362515875,-135.47527238037537,-94.43021406672977,98.40700622464901,1,1,1,1,0,1,2,1,1,1,1
4273000.0,101,-61.249197,-144.359829,102.246688,6.033745,102,-61.250459,-144.361384,116.728106,4.897945,160.405606,3,-1,1,7,-149.3469971949031,30.65436611292491,108.40631480509688,-86.07373988707508,14.48141800000002,0.00262902,1.5218334540842413,0.9230008103289888,-81.78078471722857,-137.99225227258793,-136.52853302871122,126.56083053915943,1,1,1,1,1,2,2,1,1,0,1
4274000.0,101,-61.249245,-144.359816,155.344663,5.146455,102,-61.250531,-144.361131,121.139785,8.534381,161.739759,3,-1,1,7,-153.81090629275917,26.190246601637227,50.844430707240804,-94.94953839836278,34.20487799999995,0.003636436,-5.15775801545904,-0.26390592225338416,-71.38142479013024,-145.13594260660955,15.549681952221418,141.30782121507772,1,0,1,1,1,1,2,0,0,0,1
4275000.0,101,-61.249297,-144.359818,174.592578,5.661713,102,-61.250547,-144.361064,119.121407,7.021838,159.963493,3,-1,1,7,-154.38512058773108,25.61597181305831,31.022301412268916,-93.5054351869417,55.47117100000003,-0.0015125429999999999,-5.600666250971878,-2.219256676732551,-69.15540695819132,-144.24232659385382,23.66096407764317,111.48801403785247,1,0,1,1,1,0,2,0,0,1,1
4276000.0,101,-61.249311,-144.359715,118.36816,4.704847,102,-61.250554,-144.361014,115.667576,5.565155,159.525948,3,-1,1,7,-153.31374569957345,26.687393167760128,88.31809430042654,-88.98018283223988,2.700583999999992,-0.0014566829999999998,-0.8761433823617555,0.17510291976409675,-71.6438464779695,-142.53310965224833,45.39959575256792,153.8199293966793,1,0,1,1,0,2,2,1,0,0,1
4277000.0,101,-61.249273,-144.359534,68.677852,8.72476,102,-61.250579,-144.36091,116.151768,5.805646,159.452074,3,-1,1,7,-153.12606223842002,26.87514413676286,138.19608576157998,-89.27662386323715,47.473915999999974,0.00024049100000000045,2.9162362832897406,5.731262462806056,-72.07696297866775,-142.23176617996853,-906.9269482775713,5672.575260199688,1,1,1,1,0,2,2,0,1,0,0
4278000.0,101,-61.249333,-144.359492,142.318019,6.410061,102,-61.250583,-144.360882,113.652759,4.385058,159.309901,3,-1,1,7,-151.86005481362253,28.141163836014304,65.82192618637748,-85.5115951639857,28.66525999999999,-0.0014205880000000004,-0.09835506401692218,-3.313770530329588,-75.13481300515961,-140.47919572416941,175.03130024500976,443.3341192812633,1,0,1,1,1,2,2,1,0,1,0
4279000.0,101,-61.2494,-144.359443,157.26911,7.717755,102,-61.250588,-144.360861,112.817304,3.354889,159.163815,3,-1,1,7,-150.1400745208421,29.861168677641846,52.59081547915787,-82.95613532235815,44.451805999999976,-0.0010301689999999998,-0.11018933433063349,-5.81731043973203,-79.24468430073277,-138.03405382524787,82.37113113717506,348.2859145396369,1,0,1,1,1,2,2,0,0,1,0
4280000.0,101,-61.249378,-144.359378,74.309484,3.502829,102,-61.250547,-144.360968,16.067054,0.980886,158.883388,3,-1,1,7,-146.80753046040874,33.19386353466122,138.88298553959126,17.12680953466122,58.24243000000001,-0.002374003,3.100829306553244,0.004737817452267201,-86.98122581578617,-132.95938228625218,-28.082936107761945,132.826367478927,1,1,1,0,0,2,2,0,1,1,1
4281000.0,101,-61.249389,-144.359349,113.324566,2.249538,102,-61.250551,-144.360964,30.106152,0.475608,158.587778,3,-1,1,7,-146.23795982799896,33.76345608520275,100.43747417200103,3.657304085202746,83.218414,-0.0005052780000000001,1.8271316414531105,-1.3021277280813046,-88.13435617024011,-131.84240059038115,7.941416941119168,159.0550863178057,1,1,1,0,1,2,2,0,0,0,1
4282000.0,101,-61.249391,-144.359215,93.751377,5.767377,102,-61.250584,-144.360883,125.713878,1.92685,158.25,3,-1,1,7,-146.07999577968627,33.921466600335684,120.16862722031374,-91.7924113996643,31.96250100000003,0.001451242,4.190528785837922,0.7474325472244578,-88.30901739593115,-131.31861995377935,-29.47538480179967,114.81919556788017,1,1,1,1,0,2,2,1,1,1,1
4283000.0,101,-61.249433,-144.359046,115.747393,9.019606,102,-61.250575,-144.360906,114.566852,0.735086,157.84903,3,-1,1,7,-141.92578462694095,38.075846084783606,102.32682237305903,-76.49100591521639,1.1805410000000052,-0.001191764,7.455577873312614,-3.612539947706742,-97.34260357813143,-124.26074923551545,-4.0696000984331535,154.27157184880568,1,1,1,1,1,2,2,1,1,0,1
4284000.0,101,-61.249452,-144.358969,114.383509,5.772028,102,-61.250579,-144.360895,120.278068,0.748516,157.837612,3,-1,1,7,-140.58094564880236,39.42074292718579,105.03554535119764,-80.8573250728142,5.894559000000015,1.3429999999999943e-05,4.61076777498658,-2.0055377117899784,-100.22490422199586,-121.93309778544258,-8.260498701573495,151.8001801418826,1,1,1,1,0,2,2,0,1,1,1
4285000.0,101,-61.249493,-144.359007,179.661331,4.289556,102,-61.25053,-144.360988,-31.84514,2.163651,158.026731,3,-1,1,7,-137.42278966257027,42.57894713329845,42.915879337429715,74.42408713329846,148.49352899999997,0.0014151350000000003,1.1669517614080362,-6.1274534127395635,-106.91822030091791,-116.36555279905969,-999,6326.926098389319,1,0,1,1,1,2,2,0,1,0,0
4286000.0,101,-61.249547,-144.358958,161.60179,5.976766,102,-61.250598,-144.360842,135.381245,2.449847,158.300467,3,-1,1,7,-139.2326466243269,40.769005130066745,59.165563375673116,-94.61223986993326,26.220544999999902,0.0002861959999999999,0.1656448052628292,-3.9274771149994185,-103.36849038433137,-119.89158872949545,45.89274158785295,126.31976080688337,1,0,1,1,0,2,2,1,0,1,1
4287000.0,101,-61.249561,-144.358837,113.401627,5.663333,102,-61.250586,-144.360856,120.982677,1.0649,157.705045,3,-1,1,7,-136.5472333816672,43.45453673084746,110.0511396183328,-77.52814026915254,7.581049999999948,-0.001384947,4.284522945294315,-1.7011403036384058,-108.46264757133262,-114.4846509374463,-12.060213400360386,146.45939652123755,1,1,1,1,0,2,2,1,1,0,1
4288000.0,101,-61.249577,-144.358744,110.616292,5.403244,102,-61.250633,-144.36074,132.281835,3.538886,157.38708,3,-1,1,7,-137.72568951029308,42.2760604381527,111.65801848970693,-90.0057745618473,21.665543000000014,0.002473986,2.438992201431441,0.4783602344573725,-105.87127003791855,-116.45585915480822,-58.69247703384719,95.9203525289702,1,1,1,1,0,2,2,0,1,1,1
4289000.0,101,-61.249608,-144.358667,126.084984,5.409689,102,-61.250651,-144.360685,129.057714,3.526531,158.472157,3,-1,1,7,-137.059173562396,42.94259567438978,96.855842437604,-86.11511832561023,2.9727300000000128,-1.2355000000000338e-05,1.6334167610631098,-0.9641460291924919,-107.95799595153633,-116.01075663213614,-16.916990829705675,154.79369329755903,1,1,1,1,1,1,2,1,1,0,1
4290000.0,101,-61.249602,-144.358601,89.349867,3.802806,102,-61.250654,-144.360662,123.960347,2.704014,159.209509,3,-1,1,7,-136.702081412787,43.29972552322833,133.948051587213,-80.66062147677167,34.610479999999995,-0.0008225169999999999,1.5597860611924679,1.553662999079637,-109.18459395274296,-115.87230989065388,-236.8246774800524,362.2856625917459,1,1,1,1,0,2,2,0,1,0,0
4291000.0,101,-61.249644,-144.358516,131.98832,5.846145,102,-61.250702,-144.360576,134.487806,4.214987,160.549948,3,-1,1,7,-136.87860696647758,43.12319909350428,91.13307303352246,-91.36460690649572,2.4994859999999903,0.0015109729999999999,1.3383597023186549,-0.9572652707950633,-109.74333146400858,-117.18654787126144,-12.02515396355954,159.1644655271855,1,1,1,1,1,1,2,1,1,1,1
4292000.0,101,-61.249717,-144.358407,143.889744,9.172354,102,-61.250719,-144.360536,133.098676,3.739405,158.813933,3,-1,1,7,-134.37828920930414,45.62357734583619,81.73196679069588,-87.47509865416382,10.791067999999996,-0.00047558199999999973,2.6752125755482146,-4.855227475622135,-113.5103128410738,-111.07328298762958,9.35755466384279,153.30692409717057,1,0,1,1,1,0,2,0,0,1,1
4293000.0,101,-61.249758,-144.358386,155.075323,5.558064,102,-61.250797,-144.360368,136.032683,6.82533,158.376302,3,-1,1,7,-137.4636242663109,42.538113410725806,67.46105273368914,-93.49456958927419,19.042640000000006,0.003085925,-2.396156117231829,-0.12796506110950112,-107.07158994820875,-116.6993044587578,48.266850573088185,110.85562773450907,1,0,1,1,1,2,2,0,0,1,1
4294000.0,101,-61.249762,-144.358268,103.551738,5.342247,102,-61.250792,-144.360362,130.235713,4.349081,158.297527,3,-1,1,7,-135.64265893654144,44.35917693409801,120.80560306345856,-85.876536065902,26.683975000000032,-0.0024762490000000002,1.8734515933208868,1.5574046988022539,-110.6707390486095,-113.18168832788416,-152.78749937394733,215.38844646855588,1,1,1,1,0,2,2,0,1,0,0
4295000.0,101,-61.249795,-144.358229,137.728821,4.427891,102,-61.250792,-144.360352,125.525315,2.98584,158.157845,3,-1,1,7,-134.31591041346414,45.6859508826866,87.95526858653585,-79.83936411731341,12.203506000000061,-0.0013632409999999998,0.5483259176411184,-1.5415445182170529,-113.16174258277259,-110.49128450097021,67.99846897594742,150.55382006271952,1,0,1,1,1,2,2,1,0,1,1
4296000.0,101,-61.249815,-144.358198,139.651024,3.142078,102,-61.250777,-144.360372,107.631293,1.386165,158.009199,3,-1,1,7,-132.61480248586705,47.38710352339581,87.73417351413298,-60.24418947660419,32.01973099999998,-0.001599675,0.7132611594845142,-1.97476920602051,-116.28247580251968,-106.98267518555527,82.31211465513069,183.60234341000026,1,0,1,1,2,2,2,0,0,0,1
4297000.0,101,-61.249836,-144.358155,135.653916,3.218015,102,-61.250807,-144.36032,130.677849,2.356894,157.72654,3,-1,1,7,-132.99930192780212,47.0025961913359,91.34678207219787,-83.67525280866411,4.976066999999944,0.0009707289999999999,0.46192624662370463,-0.7650656020300555,-115.35519945090266,-107.56783617798615,45.13241030844836,154.55065085166555,1,1,1,1,0,2,2,1,0,1,1
4298000.0,101,-61.249899,-144.358037,140.714568,8.136346,102,-61.250789,-144.360344,104.191423,0.825662,157.429518,3,-1,1,7,-128.73306222821174,51.26896038704945,90.55236977178822,-52.922462612950554,36.523145,-0.0015312320000000002,4.351340388511494,-6.095120632204054,-122.80596294157903,-98.50253095075195,2.210905640362044,157.37311764990343,1,1,1,1,1,2,2,0,0,0,1
4299000.0,101,-61.249968,-144.358006,160.306283,7.934585,102,-61.250788,-144.360347,97.053086,0.506524,157.091077,3,-1,1,7,-126.06514555849338,53.936906866203145,73.62857144150661,-43.11617913379685,63.253197,-0.000319138,2.171200755496917,-7.408275794136335,-126.98428259114625,-92.4802597738125,35.690705411981945,267.1499291263059,1,0,1,1,1,2,2,0,0,0,0
4300000.0,101,-61.250002,-144.357922,137.69732,5.902754,102,-61.250749,-144.36039,-13.95749,1.667246,156.690118,3,-1,1,7,-122.18257346714628,57.8195903023219,100.1201065328537,71.7770803023219,151.65481,0.001160722,4.3749744644725945,-5.98369506017856,-132.61549639372336,-83.45611538467553,-999,7395.82717191523,1,1,1,1,0,2,2,0,1,0,0
4301000.0,101,-61.250014,-144.357896,130.572747,2.796234,102,-61.250775,-144.360357,110.562596,0.309803,156.679472,3,-1,1,7,-122.73805047031532,57.264107162337325,106.68920252968468,-53.298488837662674,20.010151000000008,-0.001357443,1.8339004120163007,-1.7098946642563662,-131.79122296219157,-84.73211018456165,-19.93406827429332,152.27305050607848,1,1,1,1,0,2,2,1,1,1,1
4302000.0,101,-61.250029,-144.357839,120.909903,3.278267,102,-61.250798,-144.360324,144.751313,1.324096,156.869861,3,-1,1,7,-122.75769809603001,57.24448057852492,116.33239890396999,-87.50683242147508,23.841409999999996,0.0010142929999999999,2.0485039840131076,-0.6026821787288317,-131.92226997515016,-84.880315590618,-42.47379697558495,119.25945376380403,1,1,1,1,0,2,2,0,1,1,1
4303000.0,101,-61.250086,-144.357806,160.065069,5.990759,102,-61.25076,-144.360356,-1.579527,0.970441,157.145127,3,-1,1,7,-118.79118906821095,61.211046594095116,81.14374193178907,62.790573594095115,161.64459599999998,-0.0003536549999999999,2.0693153962740385,-6.601867593416534,-137.71896483286915,-75.68406480368958,-999,6944.396734102709,1,0,1,1,1,2,2,0,1,0,0
4304000.0,101,-61.250136,-144.357726,146.341748,6.631073,102,-61.250802,-144.360302,142.723138,1.499444,156.55097,3,-1,1,7,-118.26033875051169,61.741919707845646,95.39791324948828,-80.98121829215435,3.6186099999999897,0.000529003,2.767029285595629,-4.326293091389303,-137.89092653602336,-74.12353598539342,-2.4037503705380123,156.1024277519974,1,1,1,1,0,2,2,1,1,1,1
4305000.0,101,-61.250145,-144.357731,154.096079,1.980968,102,-61.250797,-144.360286,120.647848,1.049742,156.234311,3,-1,1,7,-117.94941230999116,62.052827737045355,87.95450869000882,-58.59502026295464,33.44823100000002,-0.00044970200000000007,-0.03769818053875218,-1.2468194219205873,-138.0114152043571,-73.22574142291269,162.65618024987543,184.88498548462482,1,0,1,1,1,2,2,0,0,0,1
4306000.0,101,-61.250169,-144.357669,134.059957,3.660371,102,-61.250855,-144.360207,144.576857,3.405285,157.320492,3,-1,1,7,-119.3353142661949,60.66691087714389,106.6047287338051,-83.9099461228561,10.516900000000021,0.002355543,0.6566497862906122,0.22948413731900308,-137.1468882065825,-77.07443323420047,-280.9611926824544,48.993688536146486,1,1,1,1,0,1,2,1,1,1,1
4307000.0,101,-61.250217,-144.357564,135.554592,6.821448,102,-61.250887,-144.360158,144.905428,3.790916,158.125301,3,-1,1,7,-118.2371135392112,61.76516070199413,106.2082944607888,-83.14026729800588,9.350836000000015,0.00038563100000000005,2.5970753546292755,-1.7682108853748275,-139.30794281361466,-74.81248482291754,-20.622150525299485,140.48381280697043,1,1,1,1,2,2,2,1,1,0,1
4308000.0,101,-61.250228,-144.357502,116.362107,4.150622,102,-61.250929,-144.360116,149.369115,4.319248,159.454214,3,-1,1,7,-119.14309185620688,60.85919992035168,124.49480114379313,-88.50991507964832,33.007007999999985,0.0005283319999999998,1.518300832184451,1.873519169573264,-139.26830002463936,-77.652990738315,-138.5038770751439,195.21459403638548,1,1,1,1,0,1,2,0,1,0,1
4309000.0,101,-61.25026,-144.357473,146.446567,3.950646,102,-61.251033,-144.359996,152.03962,7.588203,157.735691,3,-1,1,7,-122.49805158243183,57.50416041274648,91.05538141756819,-94.53545958725354,5.5930530000000545,0.003268955,-1.3742326528920823,3.410094646600108,-133.03581449099556,-84.74680098956476,-8.26567227439495,155.07705239565,1,1,1,1,1,0,2,1,1,1,1
4310000.0,101,-61.250346,-144.357437,166.969218,8.786611,102,-61.251063,-144.359952,149.601338,6.279455,157.299321,3,-1,1,7,-120.65754215081267,59.34466283175155,72.37323984918731,-90.25667516824845,17.367879999999957,-0.0013087480000000004,-1.196333052080115,-3.1441576172754955,-135.31365195957108,-80.20780498445966,50.309304592071776,108.27642536611958,1,0,1,1,1,2,2,0,0,1,1
4311000.0,101,-61.25039,-144.35734,141.740283,6.99443,102,-61.251134,-144.359865,150.191465,7.366547,157.222888,3,-1,1,7,-121.49333919778691,58.5088745533594,96.76637780221307,-91.6825904466406,8.451182000000017,0.0010870920000000002,0.6692065382698926,0.8997797264093954,-134.0640981895656,-82.13314853138809,-221.5967186230891,118.11538682576762,1,1,1,1,0,2,2,1,1,0,1
4312000.0,101,-61.25039,-144.357372,-177.057563,0.85507,102,-61.251102,-144.359886,140.246656,3.325757,157.092628,3,-1,1,7,-120.49196451764973,59.51023958913543,56.565598482350254,-80.73641641086456,42.69578099999998,-0.00404079,-2.170660971479518,1.7029142980308702,-135.36676970268047,-79.71155143520825,19.894942384080924,146.2885728007484,1,0,1,1,1,2,2,0,0,0,1
4313000.0,101,-61.250474,-144.357296,159.898853,8.502502,102,-61.251059,-144.359916,76.007938,0.964615,156.947225,3,-1,1,7,-114.90314135771632,65.0991556832287,85.19800564228365,-10.908782316771294,83.89091500000006,-0.002361142,1.9861329501766576,-8.217824075346803,-142.35441778939187,-66.08820750363786,-999,8478.167137868008,1,0,1,0,0,2,2,0,1,0,0
4314000.0,101,-61.25052,-144.357253,155.801307,6.113773,102,-61.251114,-144.359868,146.718903,2.645726,156.668926,3,-1,1,7,-115.28114482202129,64.72114783638196,88.91754817797869,-81.99775516361805,9.08240399999994,0.0016811109999999999,1.0542148595156862,-3.364756131179513,-141.66366785392358,-66.90708171910278,6.9738343512335135,155.21867781586485,1,0,1,1,0,2,2,1,0,1,1
4315000.0,101,-61.250519,-144.357219,113.554638,2.175055,102,-61.251052,-144.359913,9.586089,1.298354,156.376899,3,-1,1,7,-112.36071982240752,67.64164209732337,134.08464217759249,58.05555309732337,103.968549,-0.001347372,1.7776140770783297,-2.149427323102852,-144.61846117644848,-59.49147189145915,-99.24817195789105,274.66602495816466,1,1,1,1,0,2,2,0,1,0,0
4316000.0,101,-61.250572,-144.35724,-177.157358,5.033921,102,-61.25112,-144.359861,153.631442,2.348454,156.04399,3,-1,1,7,-113.49576523824985,66.50653268109812,63.66159276175014,-87.12490931890187,29.21120000000002,0.0010500999999999998,-1.2926985597603369,-2.9236162092220037,-143.10631157647458,-62.21181882968125,42.143282463959295,107.59066860472572,1,0,1,1,1,2,2,1,0,1,1
4317000.0,101,-61.250617,-144.35726,-170.44717,5.061895,102,-61.251167,-144.359824,157.830036,3.560961,155.64898,3,-1,1,7,-114.03736714611904,65.96488080052497,56.40980285388096,-91.86515519947504,31.722793999999936,0.001212507,-2.1838043933119358,-1.694007770941238,-142.15110014055162,-63.40086516658317,58.65443199263522,38.61160261237989,1,0,1,1,1,2,2,0,0,1,1
4318000.0,101,-61.250683,-144.357156,151.721233,7.973366,102,-61.251133,-144.359842,134.215769,0.828405,155.644659,3,-1,1,7,-109.20566026801917,70.79669464044417,99.07310673198083,-63.41907435955582,17.50546399999996,-0.0027325559999999997,3.183743539345551,-6.444070068740243,-146.98208068172949,-51.20085774375115,-3.266956419405414,154.5150393447937,1,1,1,1,0,2,2,1,1,0,1
4319000.0,101,-61.250698,-144.356993,108.917294,7.788857,102,-61.251114,-144.359851,29.405072,0.522517,155.84135,3,-1,1,7,-106.83852227935964,73.16398342747054,144.24418372064036,43.75891142747054,79.51222199999995,-0.00030588799999999993,7.111615861377615,-2.980371869246144,-149.1596448499559,-45.14340171118624,-29.21036906290355,144.5959085705745,1,1,1,1,0,2,2,0,1,1,1
4320000.0,101,-61.250745,-144.357086,-162.568202,5.035153,102,-61.251153,-144.359828,157.785797,1.4778,156.122604,3,-1,1,7,-107.19142847707194,72.81097552938,55.376773522928076,-84.97482147062,39.646000999999984,0.000955283,-2.0670947194787583,-3.435796577340513,-149.14745037025955,-46.14439866107021,29.94889819028416,104.07625792714335,1,0,1,1,1,2,2,1,0,1,1
4321000.0,101,-61.250783,-144.357035,160.310458,4.56477,102,-61.251135,-144.35984,112.889982,0.198151,156.581197,3,-1,1,7,-104.62418851544088,75.37827072567319,95.06535348455913,-37.511711274326814,47.42047600000001,-0.001279649,1.35543058362883,-4.220803909041611,-151.50838402608952,-39.53328754044869,-4.274564051447984,156.67687465249992,1,1,1,1,0,2,2,0,1,0,1
4322000.0,101,-61.250846,-144.356995,163.535624,6.889893,102,-61.25114,-144.359836,141.688266,0.310197,155.770627,3,-1,1,7,-102.14370702810582,77.85878377634448,94.32066897189418,-63.82948222365552,21.847357999999986,0.000112046,1.7604240867292655,-6.363984879077978,-152.2849552546976,-32.76859226527558,-1.656171116370752,155.5211759821279,1,1,1,1,1,2,2,1,1,1,1
4323000.0,101,-61.250849,-144.35698,139.26793,1.772899,102,-61.251216,-144.359787,164.058121,3.549272,155.240492,3,-1,1,7,-105.20867440684965,74.79378658951664,115.52339559315033,-89.26433441048336,24.79019100000005,0.003239075,0.1820062256811451,2.0693215759822046,-149.80347145696058,-40.725057346130995,-31.26390393013545,146.09308440900386,1,1,1,1,0,2,2,0,1,1,1
4324000.0,101,-61.250898,-144.357001,-173.902912,4.807225,102,-61.251168,-144.359793,96.270709,0.551985,156.584937,3,-1,1,7,-101.36959330789219,78.6328545374109,72.5333186921078,-17.63785446258909,89.826379,-0.002997287,-1.05927479271927,-4.719740978243154,-153.51210365996457,-30.86869814530996,92.98242159518607,411.67723388483836,1,0,1,0,1,1,2,0,0,0,0
4325000.0,101,-61.250957,-144.356931,157.721221,6.80137,102,-61.251149,-144.359792,26.986435,0.87341,157.158271,3,-1,1,7,-97.9443682628571,82.05814007751074,104.33441073714289,55.07170507751074,130.73478599999999,0.0003214250000000001,2.182155312007357,-7.071956930068524,-155.64998111558788,-21.721084743322198,-999,7370.065789312605,1,1,1,1,0,2,2,0,1,0,0
4326000.0,101,-61.251035,-144.356884,163.241693,8.711088,102,-61.25129,-144.359716,164.173268,5.786278,155.358927,3,-1,1,7,-100.60482090064781,79.39766201709587,96.15348609935222,-84.77560598290414,0.9315750000000662,0.004912868000000001,0.933625725705624,-2.7741991798149606,-152.70537600316933,-28.591333272899313,-7.288675083729209,153.84901631730565,1,1,1,1,1,0,2,1,1,1,1
4327000.0,101,-61.251045,-144.356848,137.307994,3.13067,102,-61.251397,-144.359643,163.778182,8.336441,154.932459,3,-1,1,7,-104.67436553598499,75.32808494401118,118.01764046401502,-88.4500970559888,26.470188000000007,0.0025501630000000003,-0.20606805702598452,5.703474149703738,-149.87874636153947,-39.24828965547416,-6.758568609379787,151.2730955430892,1,1,1,1,0,2,2,0,1,1,1
4328000.0,101,-61.251054,-144.356761,106.137809,4.089207,102,-61.251449,-144.359603,162.240215,7.482967,154.88131,3,-1,1,7,-106.11904551106933,73.88344617615387,147.74314548893068,-88.35676882384614,56.10240600000003,-0.0008534740000000003,1.6455691073344112,5.989767263398228,-148.79244863561217,-43.000318793409186,-22.76750726378429,145.29959354815927,1,1,1,1,0,2,2,0,1,1,1
4329000.0,101,-61.251073,-144.356811,-157.948886,2.103153,102,-61.251471,-144.35958,160.1424,5.68763,154.826426,3,-1,1,7,-106.63960907177861,73.36281861417768,51.30927692822138,-86.77958138582233,41.90871400000006,-0.001795337,-2.721589063810948,3.400136260458817,-148.34304566513123,-44.33467030131457,13.406672570742561,143.5170133897861,1,0,1,1,1,2,2,1,0,1,1
4330000.0,101,-61.251138,-144.356768,167.472517,6.563179,102,-61.25149,-144.359566,159.129382,4.382392,154.62315,3,-1,1,7,-104.65935376313735,75.34309934925324,87.86812923686261,-83.78628265074676,8.343135000000075,-0.001305238,-0.1376607740469471,-2.3120719397069305,-149.58978423241223,-39.13074199683495,23.479843988437942,147.14021081955627,1,0,1,1,0,2,2,1,0,0,1
4331000.0,101,-61.251199,-144.356756,172.707458,6.824527,102,-61.251464,-144.359572,146.214074,1.71704,154.38338,3,-1,1,7,-101.07173552200231,78.93073337196412,86.22080647799771,-67.28334062803589,26.493383999999992,-0.002665352,-0.08855659147425854,-5.342255063353577,-151.5099220033851,-29.647454439674163,7.573218934734222,151.2261643233972,1,0,1,1,1,2,2,0,0,0,1
4332000.0,101,-61.251269,-144.356763,-179.848851,7.618795,102,-61.25141,-144.359584,17.36732,1.505815,154.120703,3,-1,1,7,-95.93412432473437,84.06834895331768,83.91472667526563,66.70102895331769,162.783829,-0.000211225,-0.46957918360038403,-9.055934495125385,-153.29483478084921,-15.93376047034558,-999,9084.159534785034,1,0,1,1,1,2,2,0,1,0,0
4333000.0,101,-61.251279,-144.356749,166.974794,2.233545,102,-61.25144,-144.359579,138.769794,0.577714,153.817932,3,-1,1,7,-96.74702878677577,83.25545238228956,96.27817721322424,-55.51434161771043,28.204999999999984,-0.000928101,0.12263243743212071,-1.741598188322808,-152.75267372738838,-18.07143806924784,5.83409050843871,153.67187548939364,1,1,1,1,0,2,2,1,0,1,1
4334000.0,101,-61.251314,-144.356747,176.053131,3.586418,102,-61.251443,-144.359579,146.173177,0.453848,153.453374,3,-1,1,7,-95.4113973165724,84.59108560632494,88.5354716834276,-61.58209139367507,29.879953999999998,-0.00012386599999999998,-0.005792040282022598,-3.2008897159160052,-152.76946681065894,-14.471627495580796,5.667294579428718,152.78069731521109,1,0,1,1,1,2,2,0,0,1,1
4335000.0,101,-61.251373,-144.35674,176.921864,6.140575,102,-61.251458,-144.359575,164.882996,0.92096,153.479083,3,-1,1,7,-93.56831175743721,86.43417379645685,89.50982424256279,-78.44882220354314,12.03886799999998,0.00046711200000000005,0.08955707250894576,-5.242625153127766,-153.1815335583395,-9.55231360646172,1.3759671728252538,153.322597805907,1,0,1,1,0,2,2,1,0,0,1
4336000.0,101,-61.251419,-144.35669,159.422523,5.687931,102,-61.251434,-144.359572,24.895028,0.541675,153.704019,3,-1,1,7,-90.6212577385598,89.38126902244731,109.9562192614402,64.48624102244732,134.52749499999993,-0.000379285,1.7711359648025358,-5.816371188100512,-153.6949835594891,-1.6665789512456268,-999,6032.603633877889,1,1,1,1,0,2,2,0,1,0,0
4337000.0,101,-61.251466,-144.356683,170.737989,5.282223,102,-61.251484,-144.359566,172.320042,1.840859,154.010832,3,-1,1,7,-90.74498739087005,89.25754024800247,98.51702360912998,-83.06250175199753,1.5820530000000872,0.0012991839999999999,0.6041594435859922,-3.389010292082097,-153.99781329661124,-2.0024667773251705,-7.234028721564368,151.9591077549514,1,1,1,1,1,2,2,1,1,1,1
4338000.0,101,-61.251504,-144.356681,175.954485,4.423674,102,-61.251516,-144.359567,176.591448,2.516185,154.491403,3,-1,1,7,-90.49658148028675,89.50594878977778,93.54893351971327,-87.08549921022224,0.636963000000037,0.0006753260000000001,0.16248463665368917,-1.900917848457445,-154.48560060385807,-1.3389574204019838,-6.186641499558772,154.03835024279422,1,1,1,1,1,2,2,1,1,0,1
4339000.0,101,-61.251548,-144.356727,-160.879346,5.05948,102,-61.251542,-144.359566,177.191676,2.634632,153.003529,3,-1,1,7,-89.74948141543868,90.2530076485725,71.12986458456132,-86.9386683514275,21.928977999999972,0.00011844699999999974,-1.7863592171627443,-2.1488851318209052,-153.00206646794328,0.6689865416465861,32.38374652184706,118.28052724961891,1,0,1,1,1,0,2,0,0,1,1
4340000.0,101,-61.251623,-144.356736,-173.896742,7.81294,102,-61.251473,-144.359543,20.157255,1.412869,152.69541,3,-1,1,7,-83.66136008432686,96.34110092419262,90.23538191567313,76.18384592419261,165.946003,-0.0012217629999999998,-1.3175483217544999,-9.094986769108962,-151.76194101277375,16.858276753674463,-999,9187.076321393539,1,1,1,1,0,2,2,0,1,0,0
4341000.0,101,-61.251678,-144.356734,-178.718612,6.388243,102,-61.251563,-144.35953,169.793171,3.095609,151.492903,3,-1,1,7,-85.11340310677532,94.8890482592305,93.60520889322468,-74.9041227407695,11.488216999999963,0.00168274,-0.6914058070952884,-3.3400260459503337,-150.9422642266913,12.904748331026267,5.420541174212239,150.42540036882176,1,1,1,1,0,0,2,1,0,1,1
4342000.0,101,-61.251712,-144.356687,157.46125,4.602655,102,-61.251634,-144.359525,174.628133,4.947739,151.058262,3,-1,1,7,-86.73069275256968,93.27179543768433,115.80805724743033,-81.35633756231566,17.16688299999987,0.0018521300000000002,1.3010306128861189,0.674902249652745,-150.81241616179713,8.614734464947906,-98.93060606367382,78.55615758206031,1,1,1,1,0,2,2,0,1,1,1
4343000.0,101,-61.251691,-144.356697,3.698388,1.289592,102,-61.251669,-144.359521,175.280048,4.579627,150.947113,3,-1,1,7,-89.07327440001082,90.9292015161131,-92.77166240001081,-84.3508464838869,171.58165999999994,-0.000368112,-0.2936530341444443,5.851002876190339,-150.92736866991157,2.441374492241341,3.041093037756997,150.81773755978557,0,1,1,1,1,2,2,0,0,0,1
4344000.0,101,-61.251771,-144.356753,-163.71852,7.613277,102,-61.251722,-144.359526,178.068266,5.067411,150.693879,3,-1,1,7,-87.89713318090487,92.10529802321767,75.82138681909514,-85.96296797678232,18.213213999999994,0.00048778399999999957,-2.3052473220126752,-2.2434226720883004,-150.5923955700509,5.529517568464363,30.369837299269506,109.1769210791032,1,0,1,1,0,2,2,1,0,1,1
4345000.0,101,-61.251845,-144.356756,-175.133908,8.105162,102,-61.251716,-144.359529,178.719652,2.826607,150.443186,3,-1,1,7,-84.47658461791693,95.5258465869219,90.65732338208306,-83.1938054130781,6.146440000000013,-0.002240804,-0.7506976413989229,-5.250047050544552,-149.74467007814008,14.480538561102511,1.2872435690463464,150.2866380565407,1,1,1,1,0,2,2,1,0,0,1
4346000.0,101,-61.251881,-144.356754,-178.439192,4.656134,102,-61.251667,-144.359519,30.425227,0.43658,150.173284,3,-1,1,7,-80.85958367144009,99.14284051921685,97.5796083285599,68.71761351921685,151.135581,-0.002390027,-0.34791316509579173,-5.030865392599324,-148.2663831461865,23.855709088033198,-999,5026.493917956242,1,1,1,1,0,2,2,0,1,0,0
4347000.0,101,-61.251924,-144.35675,178.406378,4.724137,102,-61.251672,-144.359525,96.308847,0.047635,149.86679,3,-1,1,7,-79.30901073575995,100.69342222272968,102.28461126424008,4.38457522272968,82.097531,-0.000388945,0.08403345115927463,-4.717075279418643,-147.26539980510623,27.802100013242306,-59.03440612089671,288.2444193159794,1,1,1,0,0,2,2,1,1,1,0
4348000.0,101,-61.251948,-144.356757,-175.20396,3.059474,102,-61.251672,-144.359526,81.112307,0.015405,149.50173,3,-1,1,7,-78.29290703200986,101.70952066635894,96.91105296799013,20.59721366635894,103.68373300000002,-3.2229999999999995e-05,-0.2710195046931008,-3.051141725259748,-146.39175000269668,30.335174371360697,-999,3046.449357095668,1,1,1,0,1,2,2,0,1,0,0
4349000.0,101,-61.252014,-144.356831,-156.263705,7.229268,102,-61.251659,-144.359517,14.98389,0.587523,149.529697,3,-1,1,7,-74.63571322336212,105.36664170613074,81.62799177663787,90.38275170613073,171.24759499999996,0.000572118,-3.061883466534917,-7.185274607635582,-144.1856165215587,39.61866066905631,-999,7824.130537047101,1,0,1,1,1,2,2,0,1,0,0
4350000.0,101,-61.252025,-144.356832,-158.165611,2.331914,102,-61.251715,-144.359538,-173.23649,2.100173,149.759018,3,-1,1,7,-76.60351238376921,103.39886008121083,81.5620986162308,-83.36464991878915,15.07087899999999,0.00151265,-0.6199565866975084,-0.07907163853772703,-145.68408757190122,34.69740769375919,217.55259715040054,53.013672757833376,1,0,1,1,2,2,2,1,0,1,1
4351000.0,101,-61.252087,-144.356841,-174.536153,6.130036,102,-61.251712,-144.359535,-173.713218,1.130706,150.07157,3,-1,1,7,-73.85980549430658,106.1425564506348,100.67634750569343,-80.14422554936516,0.8229350000000011,-0.0009694669999999999,-0.45986965477939645,-4.978277834896028,-144.15640515161328,41.71818519577317,-5.667027490860282,147.38265562757843,1,1,1,1,0,2,2,1,1,0,1
4352000.0,101,-61.252137,-144.3569,-156.664181,6.185421,102,-61.251697,-144.35953,167.887815,0.05808,150.558393,3,-1,1,7,-70.82106710938852,109.18123872412292,85.84311389061149,-58.70657627587707,35.44800399999994,-0.0010726260000000001,-2.4623532198875893,-5.622659839697194,-142.20198476731872,49.46135088104345,1.8125898007571108,150.10141402215893,1,0,1,1,1,2,2,0,0,0,1
4353000.0,101,-61.252147,-144.356847,143.311924,2.263856,102,-61.251683,-144.359519,18.016078,0.602112,149.770175,3,-1,1,7,-70.14881427970266,109.85352837711665,146.53926172029733,91.83745037711665,125.29584599999998,0.000544032,1.1663359737378434,-2.387976434231464,-140.8704985398237,50.85870584936422,-999,2549.539515529453,1,1,1,1,0,2,2,0,1,0,0
4354000.0,101,-61.252217,-144.356874,-174.533056,6.850722,102,-61.251737,-144.359537,-174.7043,1.998828,148.789459,3,-1,1,7,-69.45677902572181,110.5455557417048,105.07627697427817,-74.75014425829522,0.1712440000000015,0.001396716,-0.4681947171017265,-4.82926406546123,-139.32760169650643,52.21228318137735,-7.936828212406839,143.71572990875688,1,1,1,1,1,2,2,1,1,1,1
4355000.0,101,-61.252264,-144.356967,-145.990633,6.709579,102,-61.2518,-144.35956,-172.318731,3.929414,149.936473,3,-1,1,7,-69.59310462761988,110.40916876906262,76.39752837238012,-77.27210023093738,26.32809800000001,0.001930586,-3.227644143135027,-1.667724456773859,-140.52646492061388,52.28057567199509,24.404769898420508,111.62141133532205,1,0,1,1,1,1,2,0,0,1,1
4356000.0,101,-61.25228,-144.356971,-152.838118,2.682969,102,-61.251853,-144.359588,-169.937651,4.754923,150.71575,3,-1,1,7,-71.261725605836,108.74056883355757,81.576392394164,-81.32178016644241,17.09953299999998,0.0008255089999999999,-0.394012843895847,2.2946918369110483,-142.7271961683924,48.41678192498688,34.598192582055184,132.75922355273903,1,0,1,1,0,2,2,1,0,0,1
4357000.0,101,-61.25234,-144.357023,-158.287738,6.391853,102,-61.251918,-144.35965,-163.909126,5.92142,153.046791,3,-1,1,7,-71.53181666330742,108.47048654486974,86.75592133669257,-87.6203874551303,5.621387999999996,0.0011664970000000005,-0.7234475099813726,-0.2489345113076773,-145.1648368820027,48.481856074404085,146.17235194233626,93.57599096807716,1,0,1,1,0,1,2,1,0,1,1
4358000.0,101,-61.252364,-144.357025,-167.261069,3.296723,102,-61.252023,-144.359731,-162.506361,8.40991,152.544778,3,-1,1,7,-75.31901826411122,104.6833542083377,91.94205073588877,-92.8102847916623,4.754707999999994,0.0024884899999999995,1.8010611310502456,4.805380470175025,-147.5644853638882,38.6604701776907,-2.9984884899161517,151.74638553276384,1,1,1,1,0,2,2,1,1,0,1
4359000.0,101,-61.252415,-144.357046,-168.878777,5.371948,102,-61.252142,-144.359791,-164.693676,10.39245,149.91234,3,-1,1,7,-78.31802061467658,101.68438605283242,90.56075638532343,-93.62193794716757,4.185101000000003,0.00198254,1.7072233418051608,4.7527422872820075,-146.8071371401667,30.354145828599535,-4.1021879024145775,148.42573791167484,1,1,1,1,1,0,2,1,1,1,1
4360000.0,101,-61.252465,-144.357051,-175.0199,5.581081,102,-61.252213,-144.359779,-169.832476,9.355612,144.982206,3,-1,1,7,-79.12894860836809,100.87344315588234,95.89095139163192,-89.29408084411762,5.187423999999993,-0.0010368379999999996,1.1670245979299225,3.648677909626082,-142.3803738238476,27.343540487797934,-4.450656389751541,143.9428116369709,1,1,1,1,0,0,2,0,1,1,1
4361000.0,101,-61.252534,-144.357023,172.512189,7.358232,102,-61.252393,-144.359743,-177.886757,13.416573,140.334147,3,-1,1,7,-83.84944349880952,96.15294125403108,103.63836750119049,-85.96030174596893,9.601053999999976,0.004060960999999999,1.4536219203993919,6.111962892094638,-139.52635446587416,15.035598547475399,-2.8356941156181503,139.21914777608978,1,1,1,1,0,0,2,0,1,1,1
4362000.0,101,-61.252576,-144.356966,154.404997,5.67997,102,-61.252498,-144.359713,179.118828,12.748873,142.835948,3,-1,1,7,-86.62246347582467,93.37994495101539,118.97253952417532,-85.73888304898462,24.713831000000027,-0.0006676999999999999,2.257725652384368,7.62476960003522,-142.58784238038638,8.415179520651629,-4.369583004630636,139.128890469947,1,1,1,1,0,1,2,0,1,1,1
4363000.0,101,-61.252607,-144.356964,168.05899,3.822325,102,-61.252586,-144.359707,178.792236,11.629211,145.037069,3,-1,1,7,-89.08923281873444,90.91317210259689,102.85177718126556,-87.87906389740311,10.733246000000008,-0.001119662,0.5457369642824991,7.887013161591345,-145.01874546107953,2.305395628820598,-0.9854865966815968,144.831984542707,1,1,1,1,1,1,2,1,1,0,1
4364000.0,101,-61.252667,-144.356992,-172.039933,6.267033,102,-61.252742,-144.359757,-177.029598,13.875439,151.18199,3,-1,1,7,-93.22919598560978,86.7732282265245,78.81073701439021,-96.19717377347553,4.989665000000002,0.0022462280000000003,-0.14885054165732592,7.650147427881258,-150.94194169596472,-8.516122205094025,-0.7340026591562255,151.0790512242857,1,0,1,1,1,1,2,1,1,0,1
4365000.0,101,-61.252739,-144.357085,-153.721571,8.621575,102,-61.252851,-144.359829,-172.482436,13.321214,153.786248,3,-1,1,7,-94.85208614317548,85.15031965939896,58.86948485682453,-102.36724434060102,18.760864999999995,-0.0005542250000000006,-2.0742453972105306,5.4761529184247335,-153.23513623237147,-13.00780910699639,8.270872978965413,148.0422706334921,1,0,1,1,1,1,2,0,0,1,1
4366000.0,101,-61.252735,-144.357216,-98.689962,6.18348,102,-61.252987,-144.359863,-172.765521,14.06734,151.563679,3,-1,1,7,-101.19800130783408,78.80431945150121,-2.508039307834082,-108.43015954849878,74.07555900000003,0.0007461260000000003,-4.340992478774078,13.021103922594659,-148.6781991268258,-29.433686422515496,2.172225475244878,150.73682021431262,0,0,0,1,1,0,2,0,0,0,1
4367000.0,101,-61.252765,-144.357153,167.04715,3.0304,102,-61.253196,-144.359784,179.391581,17.547204,147.153992,3,-1,1,7,-108.81072193209965,71.19158480191997,84.14212806790033,-108.19999619808003,12.344430999999986,0.003479864000000001,0.4929328129017787,14.592923662033382,-139.29434086094992,-47.44875093877138,-3.5887473324614483,137.61336442144295,1,0,1,1,0,0,2,1,1,1,1
4368000.0,101,-61.252835,-144.357101,162.507237,7.257954,102,-61.253396,-144.359701,175.381651,19.486914,150.323851,3,-1,1,7,-114.1640338256055,65.83824573187803,83.32872917439448,-109.54340526812197,12.874414000000002,0.0019397099999999981,0.612584472189075,12.501333414654223,-137.15206278911543,-61.53512697769251,-5.585912854962172,133.98730918708785,1,0,1,1,1,1,2,0,1,1,1
4369000.0,101,-61.252896,-144.357143,-171.732699,6.9096,102,-61.253572,-144.359635,173.483613,19.618272,153.420472,3,-1,1,7,-119.42574492508989,60.576439945667126,52.30695407491011,-112.90717305433287,14.783688000000012,0.00013135800000000232,-3.2199676480437938,12.653731414769576,-133.62817919590393,-75.37473683861306,-3.0768133561387936,148.08917656949293,1,0,1,1,1,1,2,0,1,0,1
4370000.0,101,-61.252907,-144.357201,-130.903627,3.327427,102,-61.253652,-144.359652,175.563574,15.450764,155.430786,3,-1,1,7,-122.29433399573942,57.70781492911837,8.609293004260579,-117.85575907088162,53.53279899999998,-0.004167508000000001,-3.7100706106296064,13.225708587772722,-131.38792379648632,-83.0418130644226,-3.5181114526666817,148.98378105953356,1,0,0,1,1,1,2,0,1,0,1
4371000.0,101,-61.252923,-144.357176,172.21649,1.876036,102,-61.253667,-144.359689,179.027646,10.103463,153.887616,3,-1,1,7,-121.61710798383695,58.385095300098264,66.16640201616303,-120.64255069990173,6.811155999999983,-0.005347301,0.08261694720425372,8.243256283334784,-131.0461446963322,-80.67407463610243,-9.96557275648423,130.23116925356777,1,0,1,1,0,0,2,1,1,1,1
4372000.0,101,-61.252972,-144.357109,151.266388,5.5114,102,-61.253594,-144.359775,-156.370184,3.403783,153.97051,3,-1,1,7,-115.87967877579456,64.1226586512788,92.85393322420543,-139.5071573487212,52.363428,-0.0066996799999999995,4.013863510956881,-1.7143595464841095,-138.52921462782774,-67.2054658808146,-22.697844172994994,116.23222303383366,1,1,1,1,0,2,2,0,1,1,1
4373000.0,101,-61.253052,-144.357031,155.454978,9.080397,102,-61.253606,-144.359774,-159.452096,2.597136,153.790781,3,-1,1,7,-112.7810520542529,67.22135288389633,91.76396994574708,-133.32655111610364,45.092926000000006,-0.0008066469999999999,4.683640669450952,-5.8279443532046376,-141.79375505031737,-59.54943617970333,-5.531723092689594,147.83236211032394,1,1,1,1,1,2,2,1,1,0,1
4374000.0,101,-61.25309,-144.356988,151.031073,5.584829,102,-61.25372,-144.359672,169.857112,6.450449,153.859951,3,-1,1,7,-116.01616956289784,63.986183648386934,92.95275743710215,-105.87092835161306,18.826039000000037,0.003853313,1.5689820021243048,1.4635698564581476,-138.2693678403989,-67.48678714192035,-85.12557870143608,57.29427647449402,1,1,1,1,0,2,2,1,1,1,1
4375000.0,101,-61.253137,-144.357065,-157.106428,5.655769,102,-61.253694,-144.359683,168.311752,2.8685,153.819071,3,-1,1,7,-113.86490132849487,66.13739401720366,43.24152667150513,-102.17435798279635,34.58181999999994,-0.0035819489999999996,-2.781329858326182,-2.4012388486019174,-140.6678431914673,-62.23234283846146,37.83636690321671,45.548489609363976,1,0,1,1,1,2,2,0,0,1,1
4376000.0,101,-61.253147,-144.357047,177.071603,1.71867,102,-61.253674,-144.35969,162.6652,0.948181,153.763029,3,-1,1,7,-112.5198840616714,67.48243320282911,70.40851293832861,-95.18276679717088,14.406402999999955,-0.0019203190000000002,-0.1947117252271568,-0.8113110671008458,-142.03808593451447,-58.89186048440242,118.86690627418551,124.68092653407595,1,0,1,1,0,2,2,1,0,0,1
4377000.0,101,-61.253237,-144.357031,175.951053,8.733387,102,-61.253727,-144.359648,162.071611,2.973361,153.655182,3,-1,1,7,-111.27305288891016,68.72924158156879,72.77589411108983,-93.3423694184312,13.87944200000004,0.00202518,-0.2986313037941615,-5.8826087599124035,-143.18542018945925,-55.74809773096405,11.467023672414543,140.25054241254242,1,0,1,1,0,2,2,1,0,0,1
4378000.0,101,-61.253256,-144.35701,162.816286,3.368762,102,-61.253678,-144.359671,27.605918,0.457212,153.443277,3,-1,1,7,-108.25097113433274,71.75136191314058,88.93274286566725,44.14544391314058,135.21036800000002,-0.002516149,0.7833889172028172,-3.623549501063761,-145.72413159562313,-48.05535066150534,-999,3722.8624399668793,1,0,1,1,0,2,2,0,1,0,0
4379000.0,101,-61.253278,-144.357004,168.588827,2.617471,102,-61.253638,-144.359688,-4.393703,1.973614,153.072824,3,-1,1,7,-105.5844276719058,74.41792554065177,85.8267453280942,78.81162854065177,172.98253000000005,0.001516402,0.6690601776076966,-4.533544333879623,-147.44519660885024,-41.12424399685027,-999,4599.730304836758,1,0,1,1,1,2,2,0,1,0,0
4380000.0,101,-61.253303,-144.357048,-150.580865,3.126164,102,-61.253599,-144.359702,-6.685148,2.88317,153.093153,3,-1,1,7,-103.05735852281185,76.94496838688328,47.523506477188135,83.63011638688327,143.89571699999996,0.0009095559999999998,-1.1999158422900322,-5.586611498071486,-149.13483448545918,-34.58778163566003,4066.8551600330193,23173.372287134855,1,0,1,1,1,2,2,1,0,0,0
4381000.0,101,-61.253375,-144.356906,145.288547,8.781205,102,-61.253619,-144.359687,1.446581,0.903829,153.31333,3,-1,1,7,-100.34013367736253,79.66230458137474,114.37131932263748,78.21572358137475,143.841966,-0.001979341,4.977586115075831,-8.1219569109476,-150.8234528229254,-27.518416274555225,-999,9462.095223614228,1,1,1,1,0,2,2,1,1,1,0
4382000.0,101,-61.253437,-144.35681,143.600956,8.630347,102,-61.253642,-144.359671,147.101739,0.542859,153.615991,3,-1,1,7,-98.47527868090972,81.52722971923669,117.92376531909028,-65.57450928076332,3.5007830000000126,-0.00036097,4.826441697426014,-6.490794071458542,-151.93843469683816,-22.64033464387678,-8.703622924972741,135.45093533996206,1,1,1,1,0,2,2,1,1,1,1
4383000.0,101,-61.253466,-144.356781,146.156,4.598051,102,-61.253629,-144.359668,40.287382,0.383846,154.092992,3,-1,1,7,-96.69693823258118,83.30559296352415,117.14706176741882,43.01821096352415,105.86861800000003,-0.00015901299999999995,2.3126059108162025,-4.1117453914869655,-153.0415974500641,-17.969964759136353,-999,4655.5708654487835,1,1,1,1,1,2,2,0,1,0,0
4384000.0,101,-61.253515,-144.356762,164.462895,5.404241,102,-61.253736,-144.359627,168.582409,4.472506,153.295978,3,-1,1,7,-99.11343299153674,80.88907891775412,96.42367200846326,-87.6933300822459,4.119513999999981,0.00408866,0.5622231484374276,-0.8227577386918901,-151.36087679903238,-24.280482812428108,-61.002927523709836,138.7437840052854,1,1,1,1,1,2,2,1,1,1,1
4385000.0,101,-61.253509,-144.356729,98.913566,1.703598,102,-61.253825,-144.359579,167.609007,6.660317,152.773706,3,-1,1,7,-102.98373258519241,77.01876617382659,158.1027014148076,-90.5902408261734,68.69544100000002,0.002187811,0.2538412567951369,6.241208925337775,-148.86787717790003,-34.324341064616384,-8.322866892731783,147.80921722782927,1,1,2,1,0,2,2,0,1,0,1
4386000.0,101,-61.253537,-144.356691,143.947788,3.293342,102,-61.253865,-144.359553,166.258607,5.923672,154.116926,3,-1,1,7,-103.40474660791149,76.59776267297399,112.64746539208852,-89.66084432702603,22.31081899999998,-0.0007366450000000002,0.5310961240462524,3.091518741440922,-149.91826864535142,-35.72869443556147,-23.233864933208253,142.23605565770853,1,1,1,1,1,1,2,1,1,1,1
4387000.0,101,-61.253599,-144.356749,-164.89477,6.432387,102,-61.253902,-144.359538,166.562464,5.237223,154.862545,3,-1,1,7,-102.73052980002396,77.27191547872478,62.164240199976035,-89.29054852127523,28.54276600000003,-0.0006864489999999997,-2.8932855155007458,-1.1162926454012894,-151.05559953656456,-34.12643685657891,49.142139074603044,22.549792052539154,1,0,1,1,1,2,2,0,0,1,1
4388000.0,101,-61.253645,-144.3567,164.944165,5.512474,102,-61.253926,-144.359517,164.0417,4.36988,153.026252,3,-1,1,7,-101.71899964664972,78.28347018215608,93.3368353533503,-85.75822981784391,0.9024650000000065,-0.000867343,0.2304768210119288,-1.1217743304703127,-149.83649800727133,-31.08146820992337,0.25870449256228945,153.02597658869652,1,1,1,1,0,0,2,1,0,0,1
4389000.0,101,-61.253688,-144.356627,146.906591,5.84382,102,-61.253995,-144.359471,163.772364,5.750185,152.597271,3,-1,1,7,-102.65183877625859,77.35065472632739,110.44157022374142,-86.42170927367262,16.865773000000047,0.0013803049999999999,1.5838446922539768,0.625247441061803,-148.89205602714983,-33.42278816399852,-104.68295831429808,36.219462811232646,1,1,1,1,0,2,2,0,1,1,1
4390000.0,101,-61.2537,-144.356644,172.290064,1.907567,102,-61.253994,-144.359458,158.543878,3.589962,152.582262,3,-1,1,7,-102.25777468160557,77.74469251839112,85.45216131839442,-80.79918548160889,13.74618600000008,-0.002160223,-1.0572517003385076,1.450847838741474,-149.10373832275195,-32.394781913403115,32.64186308105787,139.6142495412806,1,0,1,1,1,2,2,1,0,0,1
4391000.0,101,-61.253801,-144.356674,-173.589978,9.7934,102,-61.254041,-144.359435,162.664183,4.30196,152.457055,3,-1,1,7,-100.24647332219011,79.75594741115589,73.34350467780989,-82.90823558884412,23.745839000000018,0.0007119980000000004,-2.3752243434318214,-5.625633392954979,-150.02561631163766,-27.119514552924976,14.485952452048435,127.76546357715625,1,0,1,1,1,2,2,0,0,1,1
4392000.0,101,-61.253859,-144.356653,175.710801,6.968532,102,-61.254005,-144.359437,139.930946,1.285777,152.308299,3,-1,1,7,-96.22441111674837,83.7780297823401,88.0647878832516,-56.15291621765991,35.77985499999994,-0.0030161830000000004,-0.30648633309230644,-5.965049366854918,-151.41042027660623,-16.51370872744432,5.565988785348674,150.63174470324626,1,0,1,1,0,2,2,0,0,0,1
4393000.0,101,-61.253879,-144.356627,159.434275,3.214035,102,-61.254026,-144.359433,157.17265,1.633929,152.107734,3,-1,1,7,-96.21797417712978,83.78448601138355,104.34775082287021,-73.38816398861645,2.2616250000000946,0.000348152,0.4951395422767989,-1.5032475257869424,-151.21288948366688,-16.474974859316145,-20.582147948351547,148.77953208211477,1,1,1,1,0,2,2,1,1,1,1
4394000.0,101,-61.25394,-144.356662,-170.74178,6.261522,102,-61.253961,-144.359436,11.63812,1.924498,151.885238,3,-1,1,7,-90.90303480296927,89.09939732912346,79.83874519703073,77.46127732912346,177.62009999999998,0.00029056900000000007,-1.3956079604956169,-8.0648877320231,-151.86637371747514,-2.3937535839799993,-999,8206.17642993591,1,0,1,1,1,2,2,0,1,0,0
4395000.0,101,-61.253957,-144.356609,146.301193,3.170987,102,-61.253966,-144.359436,14.454277,0.996787,151.503106,3,-1,1,7,-90.38051305548805,89.62196554509676,123.31829394451194,75.16768854509675,131.84691600000002,-0.0009277110000000001,1.5105441979195844,-3.6033881794269194,-151.49976494362298,-1.0061558896209304,-999,3848.193563760199,1,1,1,1,0,2,2,1,1,1,0
4396000.0,101,-61.254,-144.356613,175.958296,4.442963,102,-61.253942,-144.359433,8.174637,1.626727,149.911301,3,-1,1,7,-87.5524160528212,92.45005641054955,96.48928794717881,84.27541941054955,167.783659,0.0006299400000000001,0.0818458035840518,-6.042111673387076,-149.77453811297116,6.40202316137263,-999,6030.051083076221,1,1,1,1,1,0,2,0,1,0,0
4397000.0,101,-61.254059,-144.356613,179.210527,6.219013,102,-61.253949,-144.359428,19.768931,0.717895,149.781837,3,-1,1,7,-85.3560352220917,94.64643285828589,95.4334377779083,74.8775018582859,159.44159599999995,-0.000908832,-0.15712348786112418,-6.894008009385893,-149.29011011337846,12.126900569803748,-999,6881.805044058102,1,1,1,1,1,2,2,1,1,0,0
4398000.0,101,-61.25411,-144.356668,-160.213312,6.084148,102,-61.253966,-144.359419,134.958159,0.451222,149.564982,3,-1,1,7,-83.78952426786103,96.21288770088285,76.42378773213898,-38.74527129911715,64.82852899999997,-0.00026667299999999993,-2.3788966242312797,-5.4061074757448475,-148.68721521066462,16.180107340738672,9.796747503963319,143.1825949248651,1,0,1,1,1,2,2,1,0,1,1
4399000.0,101,-61.25411,-144.356589,111.880844,2.636308,102,-61.25402,-144.359414,173.310695,2.514438,149.826864,3,-1,1,7,-86.21128508274707,93.79119176667692,161.90787091725292,-79.51950323332309,61.429850999999985,0.002063216,2.153495574902451,1.51482792255837,-149.49941774346922,9.900165172267146,-68.9125148065239,114.29602774840772,1,1,2,1,0,2,2,1,1,1,1
4400000.0,101,-61.254215,-144.356571,172.230514,10.074643,102,-61.25414,-144.359419,179.050625,6.733505,150.285372,3,-1,1,7,-86.86700165212584,93.13549536544409,100.90248434787418,-85.91512963455591,6.820110999999997,0.004219067,1.2504027555972252,-3.2495768950016855,-150.06074933966192,8.213680344251127,-17.25760187781831,137.10852418252747,1,1,1,1,1,2,2,1,1,0,1
4401000.0,101,-61.254252,-144.356603,-170.813989,5.111864,102,-61.254115,-144.359416,177.628278,3.056779,150.217064,3,-1,1,7,-84.21869790223268,95.78376842910176,86.59529109776732,-81.84450957089824,11.557732999999985,-0.003676726,-0.9425561068796684,-1.9921452416106393,-149.45300511711372,15.131608580850843,22.238396383946185,141.57181678074588,1,0,1,1,1,2,2,0,0,0,1
4402000.0,101,-61.254299,-144.356656,-156.263505,5.717278,102,-61.254144,-144.359424,-179.276388,3.130209,149.118999,3,-1,1,7,-83.35980127851718,96.64262559932132,72.90370372148283,-84.08098640067868,23.012882999999988,7.342999999999967e-05,-2.2618496031510635,-2.1036734131624404,-148.11869104039388,17.243237145105386,28.29622264898764,113.88225879022,1,0,1,1,1,0,2,0,0,1,1
4403000.0,101,-61.254353,-144.356713,-154.040291,6.481683,102,-61.254094,-144.359387,70.010871,0.640511,147.872653,3,-1,1,7,-78.61407245818667,101.38827200389585,75.42621854181333,31.377401003895855,135.948838,-0.002489698,-3.4392104290753664,-6.046648202226481,-144.96247361719455,29.192511848804426,-999,6997.048838421785,1,0,1,1,0,0,2,0,1,0,0
4404000.0,101,-61.254362,-144.356731,-140.847771,2.372887,102,-61.254127,-144.359383,159.290085,1.370057,149.156208,3,-1,1,7,-79.56125157240447,100.44107360159677,61.28651942759552,-58.849011398403235,59.86214400000003,0.0007295460000000001,-1.9827028871199128,-0.5585776649692087,-146.68754791834962,27.024760325322873,61.89401980221308,66.09691679882187,1,0,1,1,1,1,2,1,0,1,1
4405000.0,101,-61.254414,-144.356723,-179.036712,5.15348,102,-61.254293,-144.359407,-179.330701,7.976403,150.252829,3,-1,1,7,-84.64588118826818,95.35647204447218,94.39083081173182,-85.31282695552784,0.2939890000000105,0.006606346,0.006534958844096023,2.8231071177615954,-149.59727669492915,14.020250638417417,4.844206153642573,149.62933005109457,1,1,1,1,0,1,2,1,0,0,1
4406000.0,101,-61.254478,-144.356689,169.301761,6.88135,102,-61.254369,-144.359449,-174.464806,8.224835,152.15081,3,-1,1,7,-85.30667203327857,94.6957478350567,105.39156696672143,-90.8394461649433,16.233433000000048,0.0002484320000000002,2.0707733471154812,1.4247418902231672,-151.6406364227625,12.44935215003809,-47.838220323949976,96.23878662189709,1,1,1,1,0,1,2,0,1,1,1
4407000.0,101,-61.254509,-144.35676,-149.52874,4.667395,102,-61.254477,-144.359492,-172.439046,9.762233,151.078036,3,-1,1,7,-88.60600812106472,91.39638719959059,60.92273187893528,-96.16456680040943,22.91030599999999,0.0015373979999999995,-1.0823414123097181,5.6546033040410535,-151.03332389317,3.6753279306874553,6.197460141268371,147.69519607739733,1,0,1,1,1,0,2,0,0,0,1
4408000.0,101,-61.254557,-144.356734,176.352019,5.155147,102,-61.254515,-144.359512,-170.828975,7.643508,149.497719,3,-1,1,7,-88.20058811474512,91.80184753784248,95.44739288525489,-97.3691774621575,12.819005999999945,-0.0021187250000000006,1.5462400944986878,2.401099357037576,-149.42399909293977,4.694303066067367,-26.513010955162766,128.176072051452,1,1,1,1,0,0,2,1,1,1,1
4409000.0,101,-61.254567,-144.35678,-135.457674,2.434469,102,-61.254626,-144.359511,-175.031059,9.438617,148.855421,3,-1,1,7,-92.57330784374474,87.42908660226281,42.884366156255254,-97.5398543977372,39.573385,0.001795109000000001,-0.8900916054250069,7.668019652372822,-148.70531436886756,-6.683250671904658,1.493858215428534,148.4876227440669,1,0,1,1,1,2,2,0,0,0,1
4410000.0,101,-61.254626,-144.356764,178.471134,5.829682,102,-61.254675,-144.359517,-175.275726,7.93687,150.200281,3,-1,1,7,-92.1207567965927,87.881656939568,89.40810920340732,-96.84261706043202,6.253140000000002,-0.0015017470000000008,0.8092257611603034,2.0822984531606963,-150.09740178652683,-5.558272160743326,-26.460564442701518,137.8914390922934,1,0,1,1,0,1,2,1,1,1,1
4411000.0,101,-61.254676,-144.356738,169.389196,5.662959,102,-61.254671,-144.359535,-170.773955,4.702605,151.596712,3,-1,1,7,-89.78825155754437,90.21420075691351,100.82255244245562,-99.0118442430865,19.83684900000003,-0.0032342649999999996,1.7967267180534767,-0.9243563693521857,-151.59567672798113,0.5602558311929384,-66.48728114197885,68.85683447917128,1,1,1,1,0,1,2,0,1,1,1
4412000.0,101,-61.254738,-144.356774,-170.789213,6.830731,102,-61.254735,-144.359552,-171.844628,5.654502,150.220884,3,-1,1,7,-89.872558456862,90.12987720048856,80.916654543138,-98.02549479951142,1.0554150000000107,0.0009518969999999997,-0.29123878286821303,-1.1453383950338436,-150.2205123989634,0.33413221087844436,30.575345801399838,145.67087426576558,1,0,1,1,1,0,2,1,0,0,1
4413000.0,101,-61.254775,-144.356771,-177.43286,4.53396,102,-61.254749,-144.359551,-172.499395,4.077663,148.669508,3,-1,1,7,-88.88711066780901,91.115326743781,88.545749332191,-96.38527825621901,4.933465000000012,-0.0015768389999999996,0.3292081913312459,-0.486637409395148,-148.64146419436517,2.8875129640098933,-153.22581225260345,121.57558067940644,1,0,1,1,0,0,2,0,1,1,1
4414000.0,101,-61.254787,-144.35675,157.255007,1.975089,102,-61.25478,-144.359537,-178.425154,3.817438,147.954068,3,-1,1,7,-89.70198778920566,90.30045576035391,113.04300521079432,-91.2743902396461,24.31983900000003,-0.00026022500000000016,0.8685432271964735,1.9945003309463512,-147.95206666961255,0.7695491791587348,-28.6768169862501,136.01496456002886,1,1,1,1,0,2,2,0,1,0,1
4415000.0,101,-61.25485,-144.356755,179.831156,6.161564,102,-61.254796,-144.359525,177.425758,3.018269,149.29167,3,-1,1,7,-87.67991779838752,92.32251084689197,92.48892620161246,-85.10324715310803,2.405397999999991,-0.000799169,-0.11740479871257442,-3.1463140951259847,-149.16929076970234,6.043626614285445,-0.15181101797992116,149.29090785004152,1,1,1,1,1,1,2,1,1,0,1
4416000.0,101,-61.254879,-144.356756,-179.578894,3.697372,102,-61.254888,-144.359529,179.758777,5.831863,150.496012,3,-1,1,7,-90.38788629964742,89.61454497729434,89.19100770035257,-90.14423202270567,0.6623289999999997,0.002813594,-0.05172714070181359,2.134539176148332,-150.4925632878012,-1.018834123543533,1.2305477268650524,150.4730763541711,1,0,1,1,1,1,2,1,0,0,1
4417000.0,101,-61.25492,-144.356711,159.061591,4.817632,102,-61.255026,-144.359519,178.901013,9.522143,148.773965,3,-1,1,7,-94.48946590663746,85.51299605934783,106.44894309336254,-93.38801694065218,19.839422000000013,0.0036902799999999998,1.539016619039635,5.020891164535568,-148.3174880843418,-11.645402104365257,-11.034545316039107,138.43290145037702,1,1,1,1,0,0,2,0,1,1,1
4418000.0,101,-61.254956,-144.356709,172.339091,4.094364,102,-61.255033,-144.359511,177.528814,6.151448,147.127778,3,-1,1,7,-93.27167659837191,86.73078010753096,94.38923240162808,-90.79803389246905,5.189722999999958,-0.0033706949999999995,0.28058808087497705,2.0879080699332278,-146.88798188479043,-8.396656300621341,-13.443933460869902,144.4615984187015,1,1,1,1,1,0,2,1,1,0,1
4419000.0,101,-61.255026,-144.356687,171.888224,7.290027,102,-61.255026,-144.359487,170.272125,3.551318,146.341728,3,-1,1,7,-90.00122747651956,90.00122747651956,98.11054852348042,-80.27089752348043,1.6160990000000766,-0.00260013,0.42859478646593807,-3.716832977914542,-146.341727966417,-0.003135152998429445,-4.517972279116157,145.37881444557087,1,1,1,1,0,2,2,1,1,0,1
4420000.0,101,-61.255082,-144.356656,166.981344,6.512365,102,-61.255045,-144.359468,166.17579,3.044566,147.666918,3,-1,1,7,-88.43399191194734,91.56847356333301,104.58466408805265,-74.60731643666699,0.8055540000000292,-0.0005067520000000001,0.7395493107442624,-3.3886008844140942,-147.61176502859416,4.03552930380014,-10.273103044941339,143.35676094126663,1,1,1,1,0,1,2,1,1,1,1
4421000.0,101,-61.255104,-144.356791,-122.904234,5.704678,102,-61.255046,-144.359468,164.996226,1.904334,149.401443,3,-1,1,7,-87.42162400613223,92.5807231053755,35.48260999386777,-72.41550289462451,72.09954000000002,-0.0011402320000000001,-5.282531044185488,-1.2595763532031228,-149.25019183185566,6.720967834808742,23.977335249091627,43.28421767699342,1,0,1,1,1,1,2,0,0,1,1
4422000.0,101,-61.255179,-144.356765,-177.448837,7.485794,102,-61.255095,-144.359467,173.829076,3.281814,148.22789,3,-1,1,7,-86.30248749535042,93.6998815369186,91.14634950464958,-80.12919446308139,8.722087000000016,0.0013774799999999997,-0.6859818552010086,-4.215576629071583,-147.9193416406307,9.559065982326747,3.381577188488151,147.5343329324433,1,1,1,1,0,0,2,1,0,0,1
4423000.0,101,-61.255175,-144.356681,105.154183,3.238496,102,-61.255214,-144.359459,176.929038,7.154375,147.694688,3,-1,1,7,-91.67334197238519,88.32909369563583,163.1724750276148,-88.59994430436416,71.774855,0.003872561,2.742600581624324,6.29750171384185,-147.63170430217167,-4.312858478259476,-13.44010555301722,136.83013994896615,1,1,2,1,0,2,2,0,1,1,1
4424000.0,101,-61.255217,-144.356685,169.664158,4.154668,102,-61.255322,-144.359433,175.549279,9.071407,146.592151,3,-1,1,7,-94.54398464418885,85.45842472243578,95.79185735581115,-90.09085427756423,5.8851210000000265,0.0019170320000000008,0.041464774795698656,4.956801507349416,-146.13138383382955,-11.61367270146638,-2.61840400480954,146.02919428097232,1,1,1,1,1,0,2,1,1,0,1
4425000.0,101,-61.255289,-144.356674,175.263032,7.44938,102,-61.255327,-144.359421,173.172099,5.788967,146.496479,3,-1,1,7,-91.6488590915371,88.35354939909324,93.08810890846291,-84.81854960090676,2.0909330000000637,-0.00328244,-0.07305453676282736,-1.6760251449764532,-146.43582086688923,-4.215296720014981,6.416031662381685,146.11345476362243,1,1,1,1,1,2,2,1,0,0,1
4426000.0,101,-61.255325,-144.356648,165.078131,4.673905,102,-61.255342,-144.359414,172.036798,4.205122,145.211876,3,-1,1,7,-90.73342061963406,89.26900453028915,104.18844838036591,-82.76779346971085,6.958666999999991,-0.0015838450000000002,0.6209728329570923,-0.35171789325599523,-145.1999792817336,-1.858749048018705,-163.0752763832079,73.73397761895639,1,1,1,1,0,0,2,0,1,1,1
4427000.0,101,-61.255372,-144.356772,-139.044227,6.802428,102,-61.25538,-144.359413,174.297236,4.228386,145.039538,3,-1,1,7,-90.3620502492915,89.64026530523165,48.68217675070851,-84.65697069476835,46.658536999999995,2.3264000000000172e-05,-4.87899533131061,-0.929842134693069,-145.0366423410873,-0.916494231823095,27.055671701114985,27.52205247189127,1,0,1,1,1,2,2,0,0,1,1
4428000.0,101,-61.255403,-144.356728,173.087022,3.7865,102,-61.255321,-144.359404,88.750254,0.445274,144.826273,3,-1,1,7,-86.35528945603481,93.64705678508354,100.55768854396518,4.896802785083537,84.33676799999995,-0.0037831120000000004,0.010581512501520896,-3.7686841679672245,-144.5333511776465,9.20650576655643,-999,3758.097372035247,1,1,1,0,0,2,2,0,1,0,0
4429000.0,101,-61.255444,-144.356765,-163.670432,4.618165,102,-61.255296,-144.359399,19.057152,1.158019,144.569978,3,-1,1,7,-83.3370283253747,96.66528109163056,80.3334036746253,77.60812909163056,177.27241600000002,0.000712745,-1.6765585523958326,-5.526421581092218,-143.59352959631119,16.7742897612323,-999,5796.740444263982,1,0,1,1,1,2,2,0,1,0,0
4430000.0,101,-61.255505,-144.356717,166.90132,6.534112,102,-61.255351,-144.359409,177.330867,1.742426,144.281411,3,-1,1,7,-83.21739123287351,96.78496903833029,109.88128876712648,-80.54589796166972,10.42954700000007,0.0005844070000000001,1.3996765735703616,-4.6235665173540035,-143.2716434093104,17.040004546546445,-11.594960358925807,132.20118598809773,1,1,1,1,0,2,2,1,1,1,1
4431000.0,101,-61.255533,-144.356692,159.705677,3.925507,102,-61.255361,-144.35941,178.357297,1.5006,143.817838,3,-1,1,7,-82.50477219620275,97.4976108714488,117.78955080379723,-80.85968612855119,18.65161999999998,-0.0002418260000000001,1.3185163593038012,-2.181841205844436,-142.58901949391378,18.76011851664379,-32.57936171339154,112.53594042240445,1,1,1,1,0,2,2,0,1,1,1
4432000.0,101,-61.255589,-144.356743,-165.087829,6.044757,102,-61.2554,-144.359417,-177.773053,2.578122,143.777686,3,-1,1,7,-81.64002674846476,98.36231774225307,83.44780225153524,-83.86462925774691,12.685224000000005,0.001077522,-1.4553660160653883,-3.265003389119012,-142.24992514832965,20.90410932829235,10.334562901346121,138.4502030813772,1,0,1,1,1,2,2,1,0,0,1
4433000.0,101,-61.25563,-144.356698,164.98964,4.901729,102,-61.255408,-144.359417,-178.058374,1.95566,143.949126,3,-1,1,7,-80.3654294147465,99.63695453137507,114.64493058525349,-82.30467146862497,16.951986000000005,-0.0006224620000000001,1.335777175440509,-2.779939976520123,-141.91875729777553,24.091849310896972,-25.733075680735237,117.5454590239827,1,1,1,1,0,2,2,0,1,1,1
4434000.0,101,-61.255679,-144.356757,-160.512396,5.66043,102,-61.255394,-144.35941,172.311827,0.583818,144.333473,3,-1,1,7,-77.40901948798854,102.59330659156723,83.10337651201145,-69.71852040843277,27.17577700000001,-0.001371842,-1.9664400397396924,-4.757594879421083,-140.86241028393826,31.463197505040366,4.579067724228126,142.2038192746199,1,0,1,1,1,2,2,0,0,0,1
4435000.0,101,-61.255723,-144.356856,-139.009394,6.674606,102,-61.255395,-144.359414,-178.049058,0.408383,144.902462,3,-1,1,7,-75.07146301636472,104.93077977007168,63.93793098363527,-77.0201622299283,39.039664000000016,-0.00017543499999999996,-4.364206659261534,-4.629960700751413,-140.01169827814803,37.3289142479431,9.121392938496173,127.94820207899399,1,0,1,1,1,2,2,0,0,1,1
4436000.0,101,-61.255773,-144.356794,167.822454,5.579673,102,-61.255441,-144.359448,-164.57406,2.299271,145.634902,3,-1,1,7,-75.42031573046296,104.58201122721734,116.75723026953705,-90.84392877278265,27.603486000000004,0.001890888,1.7885749112500753,-3.2376828087566016,-140.94523788134924,36.66012273737609,-27.5937428214547,105.66076767041388,1,1,1,1,0,2,2,1,1,1,1
4437000.0,101,-61.255795,-144.356856,-144.693302,3.539723,102,-61.255443,-144.359463,-154.758497,1.590605,144.700928,3,-1,1,7,-74.31821269001739,105.68407305959683,70.3750893099826,-99.55742994040315,10.065195000000017,-0.000708666,-1.3675046153153965,-1.4499303776880932,-139.31482866384064,39.111853426115026,30.229254726163404,128.3695281319562,1,0,1,1,1,2,2,1,0,0,1
4438000.0,101,-61.255837,-144.356884,-159.496042,4.739541,102,-61.255489,-144.359488,-162.960703,3.026067,143.450096,3,-1,1,7,-74.47076672838287,105.53151639179838,85.02527527161712,-91.50778060820164,3.4646610000000067,0.0014354619999999998,-0.7734079764047783,-1.5460467968883074,-138.21330367794005,38.40589445435092,15.176678735690487,140.79747158060903,1,0,1,1,0,0,2,1,0,0,1
4439000.0,101,-61.255915,-144.356933,-163.38419,8.301104,102,-61.255556,-144.359497,-170.835983,4.728639,141.653842,3,-1,1,7,-73.76806519028119,106.23418286045464,89.6161248097188,-82.92983413954539,7.451793000000009,0.0017025720000000005,-1.6206350883691019,-3.2861957437233302,-136.00724163937386,39.5959742273117,6.351661307811316,139.5003984250707,1,0,1,1,0,0,2,0,0,1,1
4440000.0,101,-61.255933,-144.356932,-168.027335,3.094879,102,-61.255554,-144.359465,178.987093,2.7627,142.520372,3,-1,1,7,-72.71837987006278,107.28384100080811,95.30895512993722,-71.70325199919188,12.985572000000047,-0.0019659390000000003,-0.6908552151835272,-0.2652868144350147,-136.08645299736023,42.338324785183175,146.419738500247,88.37794848039701,1,1,1,1,0,2,2,0,0,1,1
4441000.0,101,-61.255976,-144.356894,164.104474,4.677128,102,-61.255666,-144.359506,-174.076208,6.594754,144.841913,3,-1,1,7,-76.13793426787772,103.86435587006473,119.75759173212225,-82.05943612993525,21.81931800000001,0.0038320539999999997,1.9616064748581115,2.0612510739852885,-140.62343841353106,34.7019931741018,-26.263679097403966,125.82446493295434,1,1,1,1,0,1,2,0,1,0,1
4442000.0,101,-61.256027,-144.356862,163.748802,5.703801,102,-61.255858,-144.359586,-171.404105,12.502696,147.521322,3,-1,1,7,-82.65001223889026,97.35237610057267,113.60118576110972,-91.24351889942733,24.847092999999944,0.005907942,3.4649127481913298,6.886354421520617,-146.30916990139465,18.872393790733522,-6.4663985809987725,139.1832250970859,1,1,1,1,1,1,2,0,1,0,1
4443000.0,101,-61.256073,-144.35693,-157.46622,5.623355,102,-61.25598,-144.359646,-169.778794,13.071205,146.250397,3,-1,1,7,-85.92840259430574,94.07397873289428,71.53781740569426,-96.14722726710573,12.312574000000012,0.0005685090000000006,0.1644447433451961,7.669732015600413,-145.88127606201797,10.384214807817948,0.9895316352745431,146.07073798348355,1,0,1,1,1,0,2,1,0,0,1
4444000.0,101,-61.256145,-144.356968,-164.730979,7.821661,102,-61.255994,-144.359653,-168.744579,8.632823,144.088082,3,-1,1,7,-83.33102039403641,96.67133375411636,81.39995860596358,-94.58408724588367,4.013599999999997,-0.004438382000000001,-0.37486476650713363,0.9212303671996205,-143.11313455249135,16.733382592866135,79.07250062097276,126.58678140767847,1,0,1,1,0,0,2,1,0,1,1
4445000.0,101,-61.256157,-144.357001,-142.267053,3.01926,102,-61.256172,-144.359647,-175.451691,12.916396,142.485609,3,-1,1,7,-90.67654928584693,89.32577067025386,51.59050371415307,-95.22253832974616,33.18463800000001,0.004283573000000001,-0.8234672387230584,10.487872577495315,-142.47567579093374,-1.6824327676379771,0.9570604234345016,142.1714611610462,1,0,1,1,1,0,2,0,0,0,1
4446000.0,101,-61.256219,-144.356962,171.021787,6.191339,102,-61.256262,-144.359646,-176.742947,11.781181,143.827018,3,-1,1,7,-91.9092684957755,88.0930847792965,97.06894450422453,-95.16396822070351,12.235265999999996,-0.0011352150000000006,1.6355693274842276,5.64666947995496,-143.74717091962262,-4.791863872975685,-7.668358313258618,136.739502788592,1,1,1,1,0,1,2,1,1,1,1
4447000.0,101,-61.256242,-144.356856,126.047087,5.383978,102,-61.256313,-144.35966,-175.768482,9.442438,145.551339,3,-1,1,7,-93.0153032161457,86.98715527334919,140.9376097838543,-97.24436272665082,58.18443099999996,-0.0023387430000000008,5.049854767654295,6.248496840112411,-145.34982617609347,-7.656390485884048,-15.39315400670989,111.39640916807942,1,1,1,1,0,1,2,0,1,1,1
4448000.0,101,-61.256271,-144.356903,-169.637906,3.313144,102,-61.256312,-144.359673,-172.984566,5.71698,144.5395,3,-1,1,7,-91.76417098961105,88.23825768981158,77.87373501038894,-98.77717631018845,3.346660000000014,-0.0037254579999999988,0.10232322342531697,2.4150697242784753,-144.47098931210147,-4.449753637300362,-4.422603180203027,144.1531903976648,1,0,1,1,1,0,2,1,1,0,1
4449000.0,101,-61.256355,-144.357022,-150.380871,9.551127,102,-61.256313,-144.359669,-173.393664,3.578667,143.288861,3,-1,1,7,-88.11137261090312,91.89094822567317,62.269498389096896,-94.71538777432681,23.012792999999988,-0.0021383130000000006,-4.308758955616337,-4.748176136319975,-143.2110232249285,4.72234195567312,12.723530586084136,109.79615195416466,1,0,1,1,1,0,2,0,0,1,1
4450000.0,101,-61.256374,-144.356921,141.140566,4.023734,102,-61.25637,-144.359652,179.734912,4.622031,142.533568,3,-1,1,7,-89.82669030706707,90.17570417972928,129.0327436929329,-89.55920782027073,38.59434599999997,0.001043364,2.5031540963137884,1.4887499291852127,-142.5329159404337,0.43113840920252794,-49.76464976745724,76.6530350170536,1,1,1,1,0,2,2,0,1,1,1
4451000.0,101,-61.25636,-144.356963,-49.045191,1.181898,102,-61.256445,-144.359635,177.083792,6.106604,143.864926,3,-1,1,7,-93.785826878711,86.21651587876372,-44.740635878711004,-90.86727612123627,133.871017,0.001484573,-1.20327732431904,6.873387052958223,-143.5509885307354,-9.4989801996922,3.0476868461647295,143.15895090587736,0,0,1,1,1,1,2,0,0,0,1
4452000.0,101,-61.25644,-144.356928,171.430097,7.384442,102,-61.256516,-144.359639,178.710283,6.800145,145.629,3,-1,1,7,-93.3375264317657,86.66485052172143,95.23237656823432,-92.04543247827857,7.2801860000000715,0.0006935409999999998,0.9473425132830706,-0.5035709011216829,-145.38199870598777,-8.47821285721022,-111.9965770536181,75.84257271261366,1,1,1,1,0,1,2,1,1,1,1
4453000.0,101,-61.256495,-144.356914,172.292189,6.404563,102,-61.256566,-144.359643,179.789592,6.294585,144.535068,3,-1,1,7,-93.09797071962626,86.90442201719385,94.60984028037376,-92.88516998280615,7.497402999999963,-0.0005055600000000001,0.8358725736412578,-0.052154733589940605,-144.32384228981206,-7.8111733094382165,-170.67822843046824,16.794948986840538,1,1,1,1,1,0,2,0,1,1,1
4454000.0,101,-61.256555,-144.35696,-166.829599,6.815535,102,-61.25659,-144.359642,179.557301,4.898031,144.001772,3,-1,1,7,-91.55564171081161,88.44670981830633,75.27395728918839,-91.11059118169366,13.613099999999946,-0.0013965540000000002,-1.590749790836631,-1.738379408803878,-143.94869760471994,-3.909321813930796,40.210250032800396,103.69348338865642,1,0,1,1,1,2,2,0,0,0,1
4455000.0,101,-61.256574,-144.356958,-173.137771,2.867651,102,-61.256595,-144.359626,174.513884,3.248483,142.892522,3,-1,1,7,-90.9388900465965,89.06344920795503,82.19888095340349,-85.45043479204496,12.348345000000052,-0.0016495479999999998,-0.653203441599373,0.38649490451039314,-142.87333734503937,-2.341435331386579,161.23864565311774,74.77273355765729,1,0,1,1,0,0,2,1,0,1,1
4456000.0,101,-61.256611,-144.356941,171.964122,3.977333,102,-61.256641,-144.359613,173.709211,3.968989,142.200025,3,-1,1,7,-91.33864481102496,88.66369795148235,96.69723318897502,-85.04551304851766,1.7450890000000072,0.0007205060000000003,0.12110392596895808,0.006811588039928207,-142.16121573887776,-3.322024931405302,-1179.965932411998,4.77270938211359,1,1,1,1,0,2,2,1,1,1,1
4457000.0,101,-61.256659,-144.356973,-168.333096,5.249647,102,-61.256701,-144.359604,174.852575,5.053327,142.098598,3,-1,1,7,-91.9024461638321,88.09986065177559,76.43064983616792,-86.75271434822442,16.814328999999987,0.0010843380000000002,-1.5149701568683347,-0.1082404977223499,-142.0202731840826,-4.717367728316082,93.1084968056629,5.446671978530723,1,0,1,1,1,2,2,0,0,0,1
4458000.0,101,-61.256734,-144.356947,175.052572,7.868351,102,-61.256687,-144.359599,170.931872,2.464861,141.977584,3,-1,1,7,-87.89055132120906,92.11177390765548,97.05687667879096,-78.82009809234452,4.120700000000056,-0.002588466,0.2900958026628716,-5.40498122032953,-141.8813710808025,5.22598303754215,-2.399508613451602,141.39746559418793,1,1,1,1,0,2,2,1,1,0,1
4459000.0,101,-61.256804,-144.357007,-164.901389,8.066191,102,-61.256676,-144.359597,163.242017,1.041448,141.724268,3,-1,1,7,-84.1334203683169,95.86885050050954,80.76796863168309,-67.37316649949047,31.856593999999973,-0.0014234130000000001,-2.4013707006229343,-6.790518633881576,-140.98200221427538,14.4859653385569,4.668966516347266,137.7456073383603,1,0,1,1,1,2,2,0,0,1,1
4460000.0,101,-61.256794,-144.357015,-109.04307,0.980052,102,-61.25666,-144.359593,72.804705,0.273064,141.469963,3,-1,1,7,-83.83205971927882,96.17020062793614,25.211010280721183,23.36549562793614,178.152225,-0.000768384,-1.1872760178735016,-0.40049601349225333,-140.65102721314798,15.199966286399464,121.35295002334661,63.89338715189156,1,0,1,1,1,2,2,0,0,1,1
4461000.0,101,-61.256844,-144.356979,166.569299,4.839733,102,-61.256683,-144.359598,173.994183,0.950202,141.186149,3,-1,1,7,-82.71626795345804,97.2860283426333,110.71443304654196,-76.70815465736669,7.42488400000002,0.000677138,1.024701410354831,-3.7623872484351164,-140.04684454411262,17.900000075065748,-13.513083621735374,130.42841505459492,1,1,1,1,0,2,2,1,1,0,1
4462000.0,101,-61.25689,-144.357034,-160.464784,5.33562,102,-61.256661,-144.359588,32.106067,0.443365,140.729736,3,-1,1,7,-79.43933388548905,100.56290541999317,81.02545011451096,68.45683841999318,167.429149,-0.000506837,-2.0198008725019583,-5.404040397351022,-138.34597146077644,25.792455780784618,-999,5789.329444099351,1,0,1,1,1,2,2,0,1,0,0
4463000.0,101,-61.256949,-144.357013,177.249681,6.361338,102,-61.256701,-144.359598,-179.436942,1.544439,140.69859,3,-1,1,7,-78.7185569131187,101.2837095736972,104.03176208688129,-79.27934842630282,3.3133770000000027,0.0011010739999999998,0.32041776005593076,-4.809646073687068,-137.98002169295748,27.524658791692346,-7.589245068310316,135.8452238443144,1,1,1,1,0,2,2,1,1,1,1
4464000.0,101,-61.257011,-144.357017,-179.41836,6.803561,102,-61.256771,-144.359619,-174.339719,3.998572,140.880022,3,-1,1,7,-79.14328597863691,100.85899541479623,100.2750740213631,-84.8012855852038,5.078641000000005,0.002454133,0.3253134731834879,-2.824134746430812,-138.3584514566581,26.535250314177638,-15.014510633520182,134.41392002381167,1,1,1,1,1,2,2,0,1,1,1
4465000.0,101,-61.257059,-144.357115,-145.716393,6.747465,102,-61.25676,-144.359615,-174.245212,1.932666,141.155036,3,-1,1,7,-76.03448458377675,103.96770737814411,69.68190841622327,-81.78708062185586,28.528819,-0.002065906,-3.6069865761759536,-3.652231365561976,-136.982656302737,34.06605437099392,12.117995930125382,121.79698540258187,1,0,1,1,1,2,2,0,0,1,1
4466000.0,101,-61.257093,-144.35708,176.279357,4.127847,102,-61.25677,-144.359627,-168.658888,1.660091,141.613698,3,-1,1,7,-75.22771874972098,104.7745144214146,108.49292425027903,-86.5665975785854,15.061755000000005,-0.000272575,0.5943200293773458,-2.491471007682452,-136.93292003180125,36.1083767677187,-26.85024115156033,124.83162198872495,1,1,1,1,0,2,2,1,1,0,1
4467000.0,101,-61.257112,-144.357111,-155.366349,2.645588,102,-61.256778,-144.359647,-156.512048,1.432627,142.354394,3,-1,1,7,-74.68460666296487,105.31761686400246,80.68174233703515,-98.17033513599756,1.1456989999999792,-0.0002274639999999999,-0.5317376511936026,-1.0908917868423935,-137.2988898548367,37.60037680312073,21.378505968483864,139.89332382096342,1,0,1,1,1,2,2,1,0,0,1
4468000.0,101,-61.257136,-144.357149,-146.316361,3.214525,102,-61.256756,-144.359649,-73.499919,0.451284,141.539932,3,-1,1,7,-72.4601036090351,107.54208835361503,73.8562573909649,-178.95799264638498,72.81644200000002,-0.000981343,-1.3500977205058189,-2.803018709779257,-134.95936280161317,42.65586410737892,-999,3131.3771121272957,1,0,1,2,1,2,2,0,1,0,0
4469000.0,101,-61.257186,-144.357128,176.529414,5.107415,102,-61.256787,-144.359667,-154.446864,1.407541,140.288416,3,-1,1,7,-71.9041203295803,108.09810582845238,111.56646567041969,-97.4550301715476,29.02372200000002,0.000956257,0.9163230261331468,-3.8281847595234226,-133.34948032024178,43.57471471060377,-21.222110895301206,119.96986710062684,1,1,1,1,0,0,2,1,1,1,1
4470000.0,101,-61.25725,-144.357188,-161.684348,7.128397,102,-61.256878,-144.35969,-170.342446,4.785151,138.487542,3,-1,1,7,-72.82027639696643,107.18191732170354,88.86407160303357,-82.4756366782965,8.658097999999995,0.0033776099999999996,-1.4373590049857987,-2.0499340953359617,-132.3086364682362,40.90506087414962,15.632359486203597,131.85762465775073,1,0,1,1,1,0,2,1,0,0,1
4471000.0,101,-61.25723,-144.357172,0.890483,0.795954,102,-61.256951,-144.3597,-173.184694,6.143665,139.339425,3,-1,1,7,-77.07533993355025,102.9268765821385,-77.96582293355026,-83.88842941786152,174.07517700000002,0.0013585140000000003,0.7414340719272042,6.896110764636593,-135.80926306488936,31.16599789999189,3.073395461688714,138.4475436988128,0,0,1,1,1,2,2,0,0,0,1
4472000.0,101,-61.257325,-144.357241,-162.949983,9.152531,102,-61.25702,-144.35973,-171.460968,6.760637,142.059741,3,-1,1,7,-75.705046277833,104.29713604486254,87.244936722167,-84.24189595513747,8.510985000000005,0.0006169719999999996,-1.6797402109597208,-2.064574658975493,-137.66121369514107,35.07649151451415,20.612124377867612,129.0099256185923,1,0,1,1,0,1,2,1,0,1,1
4473000.0,101,-61.25734,-144.357277,-143.172866,3.563981,102,-61.257129,-144.359799,-167.885519,9.049033,144.830161,3,-1,1,7,-80.13150641946163,99.87070483855192,63.04135958053837,-92.24377616144807,24.71265299999999,0.002288396,-0.23717849179134265,5.994733055711713,-142.68721330345275,24.82206065138219,5.671219244331613,141.63962425695422,1,0,1,1,1,1,2,0,0,0,1
4474000.0,101,-61.257366,-144.357164,127.937583,4.738291,102,-61.257231,-144.359858,-166.788794,10.131513,143.643358,3,-1,1,7,-84.05196112495352,95.95040094192781,148.0104558750465,-97.26080505807221,65.27362299999999,0.0010824800000000002,6.0524689208025215,6.9502607006615325,-142.87002273726927,14.885257826733419,-10.410445456364759,118.2739023402448,1,1,1,1,0,0,2,0,1,1,1
4475000.0,101,-61.25744,-144.357153,168.366224,7.460141,102,-61.257379,-144.35989,-170.340297,12.634811,141.589186,3,-1,1,7,-87.3476060585965,92.65479371289985,104.2861699414035,-97.00490928710019,21.29347900000002,0.0025032979999999993,3.624449057450624,5.148787275684121,-141.43749726894396,6.552248349999544,-12.154079564545857,119.42806845975524,1,1,1,1,1,0,2,1,1,0,1
4476000.0,101,-61.257516,-144.357209,-168.115401,8.480179,102,-61.257517,-144.359886,-174.250974,13.635866,139.857854,3,-1,1,7,-90.0456820976936,89.95666506876744,78.06971890230639,-95.79236093123257,6.135573000000022,0.001001055000000001,-0.3804975248465199,5.268879530558078,-139.85780954673618,-0.1115090767074616,1.9367877305013823,139.50283051297276,1,0,1,1,1,0,2,1,0,0,1
4477000.0,101,-61.257513,-144.3572,-173.697395,1.100742,102,-61.257553,-144.359879,-175.378549,9.870331,141.196107,3,-1,1,7,-91.77961586966207,88.22273305061988,81.91777913033793,-96.39871794938011,1.6811539999999923,-0.003765535,0.6744344202836208,8.744151333722838,-141.12800418136015,-4.384868041508703,-1.7365941344827132,140.372880264293,1,0,1,1,0,1,2,1,1,0,1
4478000.0,101,-61.257567,-144.357214,-173.570784,5.270881,102,-61.257583,-144.359889,-174.439728,7.350358,142.897089,3,-1,1,7,-90.71380610420843,89.28853930985241,82.85697789579157,-96.27173269014759,0.868943999999999,-0.0025199730000000004,0.12198642268982784,2.0780410988980362,-142.88599972843096,-1.7802039997547001,-4.895859833825409,142.53612474676044,1,0,1,1,0,1,2,1,1,0,1
4479000.0,101,-61.257611,-144.357231,-170.301906,4.985746,102,-61.25767,-144.359897,-175.682447,8.238906,141.814066,3,-1,1,7,-92.63615780048177,87.36617972414997,77.66574819951823,-96.95137327585002,5.380540999999994,0.0008885480000000001,-0.21962216494817055,3.3010298735769803,-141.6639903470154,-6.522511357834108,0.8907650815669121,141.78449834702468,1,0,1,1,1,0,2,0,0,1,1
4480000.0,101,-61.257675,-144.357262,-168.298432,6.934717,102,-61.257682,-144.359894,-176.240645,5.566502,140.564973,3,-1,1,7,-90.31803874538144,89.68426896906992,77.98039325461855,-94.0750860309301,7.9422130000000095,-0.002672404,-1.0414847690850615,-1.2360704092345562,-140.56280748697105,-0.7802473142843627,53.15460442243642,107.11913872511904,1,0,1,1,2,0,2,0,0,1,1
4481000.0,101,-61.257727,-144.357253,-179.365158,5.983052,102,-61.257725,-144.359876,179.090692,5.241571,139.782938,3,-1,1,7,-89.91029973087558,90.09200009340938,89.45485826912443,-88.99869190659061,1.544150000000002,-0.00032493099999999944,-0.1494737905786962,-0.7417738232398108,-139.78276669647204,0.21883919098697924,36.225926771674615,137.07161187597885,1,0,1,1,0,2,2,1,0,0,1
4482000.0,101,-61.257751,-144.35716,132.025787,4.81968,102,-61.257737,-144.359861,175.034724,3.716707,141.109295,3,-1,1,7,-89.3836210058404,90.61874720882614,138.59059199415958,-84.41597679117388,43.008936999999946,-0.0015248640000000003,3.258580054403501,0.47615235434702097,-141.10112970588452,1.5180023452469027,-45.474050657819404,24.22804023106856,1,1,1,1,0,1,2,0,1,1,1
4483000.0,101,-61.257822,-144.357153,169.786968,7.228332,102,-61.257784,-144.359865,178.121211,4.314772,142.848243,3,-1,1,7,-88.33214961771259,91.67022824290642,101.88088238228738,-86.45098275709357,8.334243000000015,0.0005980649999999996,1.1401848042271583,-2.8013488078400988,-142.78772519704737,4.157650928052026,-18.445767149983972,130.699154949077,1,1,1,1,1,1,2,1,1,0,1
4484000.0,101,-61.257858,-144.357218,-154.511214,4.99784,102,-61.257821,-144.359902,-172.449187,4.258612,145.541142,3,-1,1,7,-88.35908910401142,91.64326420722077,66.15212489598858,-95.90754879277927,17.937973,-5.615999999999932e-05,-1.5911379985838674,-0.289713513376082,-145.4814589744588,4.167626342059778,83.91813453576842,30.88770738802607,1,0,1,1,1,1,2,0,0,1,1
4485000.0,101,-61.2579,-144.357213,-174.836559,4.650816,102,-61.257931,-144.359947,-171.014916,7.447716,145.693237,3,-1,1,7,-91.3519635508868,88.65043360158239,83.4845954491132,-100.33465039841758,3.8216429999999946,0.0031891039999999995,0.744604398364526,2.7243822061984915,-145.65267924124595,-3.4374899832427257,-14.580150376763523,139.59435368947854,1,0,1,1,0,2,2,1,1,0,1
4486000.0,101,-61.257941,-144.357342,-132.063033,6.843098,102,-61.258063,-144.359967,-173.663531,10.286382,144.457851,3,-1,1,7,-95.5216954994835,84.48060608443197,36.54133750051649,-101.85586291556803,41.600498000000016,0.002838666,-3.945095764528281,5.6390233691295855,-143.78754262832817,-13.900118720533035,14.02310946788173,128.33838113628312,1,0,1,1,1,0,2,0,0,1,1
4487000.0,101,-61.258002,-144.357399,-150.644686,7.435395,102,-61.258065,-144.359983,-170.607053,6.395219,143.948554,3,-1,1,7,-92.90365146162925,87.09861417475202,57.741034538370755,-102.29433282524798,19.962367,-0.0038911629999999996,-2.6012814183185853,-0.17119003260175436,-143.76374289471408,-7.2919426488050245,54.047767003382226,3.7275045585948186,1,0,1,1,0,2,2,1,0,1,1
4488000.0,101,-61.258036,-144.357253,132.343042,6.255454,102,-61.258143,-144.359969,-176.427151,7.250189,142.718674,3,-1,1,7,-94.6848427550494,85.31753861909702,132.9721152449506,-98.25531038090298,51.22980700000002,0.0008549699999999998,5.075378515608064,3.022623980143938,-142.24185494491132,-11.65652650445586,-26.326696244637976,68.46448970564009,1,1,1,1,0,0,2,0,1,0,1
4489000.0,101,-61.258054,-144.357244,145.906821,2.890204,102,-61.258128,-144.359961,-177.484035,3.76319,142.664246,3,-1,1,7,-93.2429284328553,86.75945381833797,120.85025056714471,-95.756511181662,36.60914399999996,-0.003486999,1.7852717578066348,1.3661062158932538,-142.4357920502435,-8.070454124044678,-60.592298630001146,82.18720007125484,1,1,1,1,1,2,2,1,1,0,1
4490000.0,101,-61.258079,-144.357297,-149.247883,3.082349,102,-61.258131,-144.359953,179.281536,2.433933,141.434833,3,-1,1,7,-92.33266301773459,87.66966574902624,56.91521998226541,-91.61187025097375,31.47058100000004,-0.0013292569999999997,-1.606601262834652,-0.21519061491699487,-141.31763366669418,-5.756596267232232,83.90514192614992,13.918245520774557,1,0,1,1,1,0,2,1,0,1,1
4491000.0,101,-61.258134,-144.357348,-156.859734,6.11242,102,-61.258116,-144.359947,170.857119,0.820737,141.315396,3,-1,1,7,-89.1759831868103,90.82629560329707,67.6837508131897,-80.03082339670294,32.283146999999985,-0.0016131960000000001,-2.5324925400999256,-4.810338915132425,-141.3007816710038,2.032300617558777,11.034019146726772,126.04337806153636,1,0,1,1,0,2,2,0,0,0,1
4492000.0,101,-61.258245,-144.357288,171.70597,11.338523,102,-61.258094,-144.359939,26.732052,0.501205,141.159474,3,-1,1,7,-83.24579673567882,96.75652764878753,105.04823326432117,70.02447564878753,144.97391799999997,-0.00031953200000000003,1.4101656629767878,-11.667567560686367,-140.17980348553266,16.601800947912825,-999,11708.225599868007,1,1,1,1,0,2,2,0,1,0,0
4493000.0,101,-61.258262,-144.357317,-169.504189,3.506704,102,-61.258038,-144.359918,10.923571,2.799819,140.835014,3,-1,1,7,-79.84735655781093,100.15492398627386,89.65683244218907,89.23135298627386,179.57224000000002,0.0022986139999999996,-1.1693579668348897,-6.197119254098775,-138.62976826254916,24.82515900960378,-999,6303.0568921919685,1,0,1,1,1,2,2,0,1,1,0
4494000.0,101,-61.258303,-144.357349,-161.758898,4.618335,102,-61.258059,-144.359919,24.25056,0.81745,140.496663,3,-1,1,7,-78.83230730423942,101.16994606009649,82.92659069576057,76.91938606009649,173.990542,-0.001982369,-1.7813636138582143,-5.131569870909466,-137.83629154184655,27.211560927786824,-999,5447.80756005994,1,0,1,1,1,2,2,1,1,1,0
4495000.0,101,-61.258363,-144.357337,179.411158,6.31039,102,-61.258103,-144.359927,176.605651,1.458556,140.108643,3,-1,1,7,-78.20928385953196,101.79298704169126,102.37955814046802,-74.81266395830873,2.805507000000034,0.0006411059999999999,-0.021505866196406154,-4.854059531623279,-137.1524222572997,28.62944135425656,-5.785540555185019,137.27793146491481,1,1,1,1,0,2,2,1,1,1,1
4496000.0,101,-61.258386,-144.357352,-170.229012,3.170621,102,-61.258108,-144.35992,171.679711,1.148598,140.121833,3,-1,1,7,-77.31378210650556,102.68846950556419,92.91522989349446,-68.99124149443581,18.09127699999999,-0.00030995799999999993,-0.7042974138628378,-1.9881192833805958,-136.7010944900297,30.77237151257382,7.845569779772321,139.1301954235051,1,1,1,1,1,2,2,0,0,0,1
4497000.0,101,-61.25842,-144.357439,-136.922264,5.14339,102,-61.258122,-144.359918,172.970674,1.291383,140.343408,3,-1,1,7,-75.96549249345935,104.03668108414332,60.95677150654066,-68.93399291585668,50.10706199999996,0.00014278499999999993,-3.6709199394985355,-2.4751981659240885,-136.1541359534676,34.03415096368838,18.116712963752445,105.22604555057819,1,0,1,1,1,2,2,0,0,1,1
4498000.0,101,-61.258454,-144.357437,-166.430447,3.883362,102,-61.258166,-144.359932,-177.098448,2.725779,140.653439,3,-1,1,7,-76.50264805538352,103.49953955200728,89.92779894461647,-79.40201244799272,10.668001000000004,0.0014343960000000003,-0.7731571459515219,-1.0526766119691153,-136.7686906776452,32.8285722024173,39.22580170169587,129.705644769264,1,0,1,1,0,2,2,1,0,0,1
4499000.0,101,-61.258524,-144.357396,169.732537,7.256973,102,-61.258163,-144.35993,-177.64539,1.502843,141.141078,3,-1,1,7,-73.49837627639627,106.503845526632,116.76908672360372,-75.85076447336803,12.622073000000029,-0.0012229360000000002,1.3552509737911884,-5.639188725536067,-135.3277149159533,40.0900670319788,-11.952807103109718,122.21986864165116,1,1,1,1,0,2,2,0,1,1,1
4500000.0,101,-61.258543,-144.357383,163.120238,3.012536,102,-61.258244,-144.359979,-168.443589,4.553133,141.904428,3,-1,1,7,-76.5312393774314,103.47103678802794,120.3485226225686,-88.08537421197207,28.436173000000025,0.0030502899999999998,1.786873744597755,1.578087096876803,-138.00163864419997,33.051693111289076,-34.876956017983964,116.13591159725496,1,1,1,1,0,2,2,0,1,1,1
4501000.0,101,-61.258602,-144.357519,-140.24954,7.782125,102,-61.258223,-144.359982,-159.773814,1.929831,140.981687,3,-1,1,7,-72.25617325656444,107.74598629515773,67.99336674343556,-92.48019970484228,19.52427399999999,-0.0026233019999999997,-4.309047434918767,-4.172355102386417,-134.27499659876335,42.965816153868886,9.627014140546843,124.58501057378444,1,0,1,1,1,2,2,1,0,0,1
4502000.0,101,-61.258637,-144.357533,-155.755168,4.712596,102,-61.258242,-144.359995,-160.913262,2.036933,139.727855,3,-1,1,7,-71.54981841955697,108.45234025620627,84.20534958044303,-90.63439774379373,5.1580940000000055,0.0001071019999999998,-1.2690890573176583,-2.371988878577192,-132.54573030389702,44.22106784223582,8.322526880400872,137.7358423911578,1,0,1,1,0,0,2,1,0,0,1
4503000.0,101,-61.258644,-144.357542,-146.064593,1.622961,102,-61.258285,-144.359994,-172.015338,3.095796,137.914562,3,-1,1,7,-73.06673244105322,106.93541746711742,72.99786055894678,-81.04924453288254,25.950745000000012,0.0010588630000000002,-0.4759999999148119,1.7192652279923502,-131.9352255252415,40.16867781313577,48.22645017525835,117.0627391914526,1,0,1,1,1,0,2,0,0,1,1
4504000.0,101,-61.258726,-144.357537,-179.559908,7.846121,102,-61.258326,-144.359985,-177.92789,3.671521,138.725339,3,-1,1,7,-71.23298738205195,108.76915902018007,108.32692061794806,-73.30295097981991,1.6320180000000164,0.0005757249999999998,0.07248624591349427,-4.176769307660732,-131.34995695962917,44.63080200229976,-11.241046957460016,130.5557588471701,1,1,1,1,0,2,2,1,1,0,1
4505000.0,101,-61.258758,-144.357502,162.785779,4.41304,102,-61.258389,-144.360009,-174.137027,5.015738,141.43063,3,-1,1,7,-72.98203595191556,107.02016218258633,124.23218504808443,-78.84281081741369,23.077193999999963,0.001344217,1.818373868709326,0.7741432718180086,-135.2378128224115,41.392717779910214,-56.71989037734342,91.14185669447016,1,1,1,1,0,1,2,0,1,1,1
4506000.0,101,-61.25885,-144.357511,179.773985,9.269046,102,-61.258564,-144.360099,-169.671968,10.873531,144.166262,3,-1,1,7,-77.05818496992049,102.94408418806421,103.16783003007947,-87.3839478119358,10.554046999999969,0.005857793,1.9860089146406399,1.4283780895937674,-140.50415125557217,32.2876846336795,-37.574911939243165,108.30099904870778,1,1,1,1,1,1,2,1,1,0,1
4507000.0,101,-61.258844,-144.357538,-134.249085,1.439454,102,-61.258675,-144.360162,-168.014904,11.593995,142.923615,3,-1,1,7,-82.37238017902703,97.62992054475389,51.876704820972975,-94.35517545524613,33.76581899999999,0.0007204639999999998,1.3764773133324366,10.336844241835943,-141.65897968841003,18.970851280500426,0.010598990105836582,142.92357554257686,1,0,1,1,1,0,2,0,0,0,1
4508000.0,101,-61.258883,-144.357626,-135.933374,5.289984,102,-61.258733,-144.360181,-168.271487,9.65241,140.862175,3,-1,1,7,-83.04021601697053,96.96202420893154,52.893157983029454,-94.76648879106847,32.33811300000002,-0.0019415849999999998,-1.7170645890228329,5.649864467980489,-139.82422466289242,17.068642100401902,12.426599746393768,129.85766429164366,1,0,1,1,0,0,2,1,0,1,1
4509000.0,101,-61.258931,-144.357607,-176.508896,5.08677,102,-61.258802,-144.360171,-172.54175,8.809764,139.075085,3,-1,1,7,-84.02795849439781,95.97428962380182,92.48093750560218,-91.48396037619818,3.9671459999999854,-0.0008426460000000003,0.8337885553431224,3.6579005325641525,-138.32029440178835,14.469810792122509,-4.394935884288168,138.07700130808308,1,1,1,1,0,0,2,1,1,0,1
4510000.0,101,-61.258981,-144.357545,157.286856,5.935251,102,-61.258909,-144.36017,-175.807602,10.053959,140.411539,3,-1,1,7,-86.7364444107534,93.26585719386895,115.9766995892466,-90.92654080613102,26.905542000000054,0.0012441950000000013,3.0267087236648047,4.552086941647368,-140.183823734527,7.993487819192715,-13.92373691472649,121.27016642641505,1,1,1,1,0,1,2,0,1,1,1
4511000.0,101,-61.258995,-144.357546,164.144606,2.306457,102,-61.259041,-144.36018,-176.746004,11.89414,142.101831,3,-1,1,7,-92.08115569398487,87.92115380380224,103.77423830601515,-95.33284219619776,19.109389999999934,0.0018401809999999993,1.3052881918672488,9.656257015021815,-142.00809944829481,-5.160432601611164,-2.4984368912454977,140.03707808791697,1,1,1,1,1,1,2,1,1,0,1
4512000.0,101,-61.259069,-144.357541,177.145566,7.286723,102,-61.259138,-144.36019,-176.833191,11.453904,140.987673,3,-1,1,7,-93.10183722617596,86.9004854254588,89.75259677382405,-96.26632357454122,6.02124299999997,-0.00044023600000000053,0.9956183247602659,4.158730934953062,-140.78111699929923,-7.628960242690426,-9.395533092096178,135.1360420968174,1,0,1,1,1,0,2,1,1,1,1
4513000.0,101,-61.25916,-144.357553,-177.93069,9.706655,102,-61.259173,-144.360188,-177.378036,8.495382,139.73931,3,-1,1,7,-90.588998879291,89.41331149840636,87.341691120709,-93.20865250159363,0.5526539999999898,-0.0029585220000000003,0.03813719490832951,-1.2138368377692572,-139.73192639515233,-1.436490576308592,-2.4386554339612063,139.70812096764791,1,0,1,1,1,0,2,1,1,0,1
4514000.0,101,-61.259192,-144.357518,164.621295,4.700162,102,-61.259234,-144.360168,179.270067,7.807889,138.945494,3,-1,1,7,-91.88898456770788,88.1133389630076,103.48972043229213,-91.1567280369924,14.648772000000008,-0.000687492999999999,1.1470047690323806,3.2753872250203333,-138.86998709171525,-4.580064197243858,-15.163477020160514,129.57440054695033,1,1,1,1,0,2,2,0,1,1,1
4515000.0,101,-61.259187,-144.357488,98.95221,1.507155,102,-61.259221,-144.36015,174.892748,4.208435,140.269234,3,-1,1,7,-91.5227079732645,88.47962607901553,169.5250820267355,-86.41312192098448,75.940538,-0.0035994540000000006,1.1141591325882727,3.9571974223229023,-140.2197009755423,-3.7273938987260564,-14.381830870720366,135.10453221136714,1,1,2,1,0,1,2,0,1,0,1
4516000.0,101,-61.259213,-144.357432,133.687236,3.583042,102,-61.25928,-144.360149,176.99136,5.13413,141.99662,3,-1,1,7,-92.93694972000753,87.06543255755643,133.37581427999245,-89.92592744244355,43.304124,0.0009256950000000001,2.3215003044742466,2.6521697196428917,-141.81011062194415,-7.275480521338013,-36.69493565854309,106.36904291525812,1,1,1,1,1,1,2,1,1,1,1
4517000.0,101,-61.259277,-144.357535,-153.166371,7.187179,102,-61.259332,-144.360184,-175.484089,5.386531,144.670228,3,-1,1,7,-92.47361019339003,87.52871246265883,60.69276080660997,-96.98719853734116,22.317718000000013,0.00025240099999999986,-2.8201887752063164,-1.0434624009190436,-144.53542518163232,-6.243855950992968,42.14427520697207,45.64215237163237,1,0,1,1,1,1,2,1,0,1,1
4518000.0,101,-61.259293,-144.357652,-115.223931,5.999,102,-61.259479,-144.360204,-176.180956,9.677848,144.774963,3,-1,1,7,-98.62010863564531,81.38212897216059,16.603822364354684,-102.4369150278394,60.957025000000016,0.004291316999999999,-4.782391813750584,7.09984031603419,-143.13956170124237,-21.699211682169498,10.841229986374914,134.42522492389082,1,0,0,1,1,2,2,0,0,0,1
4519000.0,101,-61.259369,-144.357621,-177.547047,7.50322,102,-61.259481,-144.36024,-169.863537,6.088757,143.537435,3,-1,1,7,-95.08343692271231,84.9188594318586,82.46361007728768,-105.21760356814139,7.683509999999984,-0.003589090999999999,0.750449465485109,-1.502624923119022,-142.97286227519723,-12.718329262002383,-33.20885538012967,133.63091005436817,1,0,1,1,0,0,2,1,1,1,1
4520000.0,101,-61.259416,-144.357599,172.476327,5.66667,102,-61.259569,-144.360244,-174.011549,7.519283,143.015634,3,-1,1,7,-96.86082029714049,83.14149885586313,90.66285270285948,-102.84695214413688,13.512124000000028,0.0014305259999999995,1.5264418088418688,1.8603650863256744,-141.99153639563974,-17.084354258433994,-43.163530155604676,98.93516599563583,1,1,1,1,0,2,2,0,1,1,1
4521000.0,101,-61.259439,-144.357608,-177.323669,3.044187,102,-61.259611,-144.360231,-177.358912,6.37235,141.787958,3,-1,1,7,-97.7668153113128,82.23548455261017,79.5568536886872,-100.40560344738981,0.03524300000000835,-0.0011469329999999997,0.15148913467535757,3.324714624780255,-140.487234735777,-19.161469414020747,-7.6729626075006845,139.46944777643606,1,0,1,1,1,0,2,1,1,0,1
4522000.0,101,-61.259463,-144.357536,134.247209,3.838781,102,-61.259593,-144.360225,-178.18513,3.113892,141.783467,3,-1,1,7,-95.74254032930556,84.25981740403998,130.01025067069446,-97.55505259596003,47.567661000000015,-0.003258458,2.8484742300639225,0.43379918186023625,-141.07193431077076,-14.186643872236711,-52.31022011778704,11.630389208316235,1,1,1,1,0,2,2,0,1,1,1
4523000.0,101,-61.259543,-144.357568,-176.680313,7.938358,102,-61.259584,-144.36022,178.671796,1.460962,140.601016,3,-1,1,7,-91.84270032121587,88.1596249710097,84.83761267878414,-90.5121710289903,4.6478910000000155,-0.0016529299999999997,-0.49355125286393003,-6.464467795517455,-140.52830749965398,-4.521116180209565,2.3413827993864818,139.77633951872133,1,0,1,1,1,0,2,1,0,0,1
4524000.0,101,-61.259559,-144.357625,-140.176849,3.623382,102,-61.25961,-144.360213,176.368879,2.044075,140.530228,3,-1,1,7,-92.34797240811686,87.6542967688675,47.828876591883144,-88.7145822311325,43.454272,0.0005831129999999998,-2.4499431822280844,-0.7428758292517048,-140.4122449307086,-5.757295827963205,48.553513252554794,37.138896913677726,1,0,1,1,1,2,2,0,0,1,1
4525000.0,101,-61.25963,-144.357522,154.769971,7.802352,102,-61.259557,-144.360206,11.436153,1.124112,140.302891,3,-1,1,7,-86.76376379398928,93.23858955668707,118.46626520601072,81.80243655668707,143.33381799999995,-0.0009199629999999999,3.102895263260071,-8.15983124701132,-140.07914446456894,7.9205119173130285,-999,8664.905143708174,1,1,1,1,0,2,2,0,1,0,0
4526000.0,101,-61.259658,-144.357637,-137.057612,5.138539,102,-61.259497,-144.360192,6.917436,3.29553,140.039836,3,-1,1,7,-82.53513403356055,97.46710620878714,54.52247796643945,90.54967020878715,143.97504800000002,0.002171418,-3.8976047252019326,-7.0331524033883746,-138.8529583699138,18.193724710181844,177.84899665780432,1384.8207168122974,1,0,1,1,1,2,2,0,0,1,0
4527000.0,101,-61.259725,-144.357589,172.779224,6.955829,102,-61.259503,-144.36019,10.08192,1.748241,139.74888,3,-1,1,7,-79.93569430346712,100.06658627270481,107.28508169653287,89.98466627270481,162.69730399999997,-0.0015472889999999999,0.5682586777246257,-8.621909117470379,-137.59845769473574,24.42158678883134,-999,8599.627419865641,1,1,1,1,0,2,2,0,1,0,0
4528000.0,101,-61.259773,-144.357672,-151.78527,6.304381,102,-61.259536,-144.360193,159.59164,0.431577,139.286855,3,-1,1,7,-78.93862414821419,101.0635862841744,72.84664585178581,-58.52805371582561,48.62309000000002,-0.001316664,-3.131063057807135,-5.150819261777966,-136.69921495867982,26.723633837329732,7.610236306451919,130.7121615034229,1,0,1,1,1,2,2,1,0,1,1
4529000.0,101,-61.259843,-144.357677,-172.293798,7.501827,102,-61.259555,-144.36019,172.63108,1.106757,139.251552,3,-1,1,7,-76.59526896684976,103.40693445217036,95.69852903315025,-69.22414554782964,15.075121999999993,0.00067518,-1.1478959421309363,-6.336459516068826,-135.45788562153754,32.2824403871696,-1.18213980212006,139.04295006737513,1,1,1,1,0,2,2,1,1,0,1
4530000.0,101,-61.259844,-144.357629,129.55563,2.033028,102,-61.259586,-144.360193,178.879294,2.024822,139.430148,3,-1,1,7,-78.18156811042218,101.8206800260638,152.26280188957782,-77.05861397393619,49.32366399999995,0.0009180649999999999,1.5278750636480476,0.729747321714963,-136.4744453015721,28.556819692152413,-80.60274270544893,88.38643137339177,1,1,1,1,0,2,2,0,1,1,1
4531000.0,101,-61.25987,-144.357687,-146.225445,3.229473,102,-61.259581,-144.360185,170.155545,1.003973,139.703382,3,-1,1,7,-76.47258364704531,103.52960662039985,69.7528613529547,-66.62593837960014,43.61901000000003,-0.0010208489999999999,-1.96700298230907,-1.6952494462682854,-135.82774532818559,32.67810492209548,27.91549344185639,113.78926623575252,1,0,1,1,1,2,2,1,0,0,1
4532000.0,101,-61.259901,-144.357696,-165.047646,3.400854,102,-61.259657,-144.360215,-174.024862,3.979693,140.161038,3,-1,1,7,-78.61144887243613,101.39075980887361,86.43619712756386,-84.58437819112635,8.977216000000027,0.00297572,-0.4632000334141743,0.6723684258977882,-137.40135841273727,27.676402937736547,136.71634536700736,98.05473140775248,1,0,1,1,0,2,2,1,0,1,1
4533000.0,101,-61.259987,-144.357673,175.620748,8.628256,102,-61.259618,-144.360206,-169.572023,0.657179,140.901225,3,-1,1,7,-73.14616640753403,106.85605454958963,111.23308559246598,-83.5719224504104,14.80722899999995,-0.003322514,0.7777851078812626,-7.956741023140237,-134.8491663186313,40.85165296130308,-6.826319321693855,130.23754133678145,1,1,1,1,0,2,2,0,1,0,1
4534000.0,101,-61.260031,-144.35775,-153.313364,6.186907,102,-61.259678,-144.360252,-163.632526,3.18138,139.970206,3,-1,1,7,-73.64839130344005,106.35380247373388,79.66497269655996,-90.01367152626608,10.319162000000006,0.002524201,-1.882102809592986,-2.47540222845713,-134.30870432720687,39.405970482014,14.534374388834465,130.85053167263393,1,0,1,1,1,2,2,1,0,0,1
4535000.0,101,-61.26009,-144.357741,-176.036931,6.379253,102,-61.25978,-144.360304,-166.39261,6.45805,138.718542,3,-1,1,7,-75.88160332434346,104.12064394020591,100.15532767565655,-89.48674605979409,9.64432100000002,0.00327667,1.0784768546999302,-0.08722214312692245,-134.52837431383534,33.837115702766006,-128.01187848710873,22.94473112369975,1,1,1,1,0,0,2,1,1,1,1
4536000.0,101,-61.260105,-144.357825,-126.420163,4.169392,102,-61.259761,-144.360272,-171.495628,3.045156,136.917807,3,-1,1,7,-73.70394981225061,106.29819574220595,52.71621318774939,-82.20617625779403,45.07546500000001,-0.003412894,-2.904714331050655,0.5362964474796548,-131.4170845504256,38.419210845038634,51.31099777200724,20.7253278929599,1,0,1,1,1,0,2,0,0,1,1
4537000.0,101,-61.260159,-144.357856,-158.489377,5.865665,102,-61.259841,-144.360286,-174.155308,5.337203,137.771329,3,-1,1,7,-74.77620964354162,105.22592100636146,83.71316735645837,-80.61877099363858,15.665931,0.0022920469999999997,-1.607285605055695,-0.14766111139877314,-132.93659484825824,36.17735264742693,78.28842759078013,48.26330875907233,1,0,1,1,0,2,2,1,0,0,1
4538000.0,101,-61.260231,-144.357798,167.961765,7.698838,102,-61.259891,-144.360305,-172.542821,5.483598,140.646518,3,-1,1,7,-74.24990461255399,105.75229355315396,117.788330387446,-81.70488544684605,19.495413999999982,0.00014639500000000006,2.317393204764661,-2.092311594932247,-135.36591417960403,38.17737947848696,-39.49145088667485,62.43879437719023,1,1,1,1,0,1,2,0,1,0,1
4539000.0,101,-61.260251,-144.35772,131.698652,4.664233,102,-61.259936,-144.36035,-166.37166,5.416988,143.614074,3,-1,1,7,-76.01389748602341,103.98840852801142,152.28745051397658,-89.63993147198858,61.92968799999997,-6.660999999999984e-05,4.758933553922497,2.161762957218667,-139.35654538435756,34.70958814816115,-24.27491142119601,90.38520229102132,1,1,1,1,0,1,2,0,1,0,1
4540000.0,101,-61.260279,-144.357774,-160.903969,3.354864,102,-61.260095,-144.360423,-168.071298,10.371767,142.676375,3,-1,1,7,-81.78118928761198,98.22113338803412,79.12277971238801,-93.70756861196588,7.167329000000024,0.004954779,1.0462335729432741,6.977543432254537,-141.21099606357245,20.39614115155982,-0.11071301701054155,142.67430388386668,1,0,1,1,1,2,2,1,1,0,1
4541000.0,101,-61.260315,-144.357833,-145.801488,4.632873,102,-61.260263,-144.360462,-171.083695,13.649334,140.663616,3,-1,1,7,-87.64557258896069,92.35673255277666,58.15591541103932,-96.55957244722333,25.282207,0.0032775669999999995,-0.48843023628527993,9.65256581438983,-140.5448708133316,5.778594488228463,1.4431258274764491,140.07737186787983,1,0,1,1,1,0,2,0,0,1,1
4542000.0,101,-61.26035,-144.357855,-157.72327,4.171841,102,-61.260403,-144.36046,-174.436556,14.381545,139.04826,3,-1,1,7,-92.42406858372478,87.57821551632267,65.29920141627524,-97.98522848367736,16.713285999999982,0.0007322109999999995,-0.18720238919738996,10.453329673582818,-138.9238328016916,-5.8810958770655715,-0.333812576691602,139.00689919675332,1,0,1,1,0,0,2,1,1,1,1
4543000.0,101,-61.26038,-144.357826,169.016029,3.519185,102,-61.260395,-144.360455,-174.242039,8.372105,140.389416,3,-1,1,7,-90.68100011902645,89.32130502489187,100.30297088097353,-96.43665597510812,16.74193199999999,-0.00600944,1.510468071699628,4.875148900298445,-140.37949972939157,-1.6685863917743355,-8.52695901955409,133.59767010646527,1,1,1,1,0,1,2,0,1,1,1
4544000.0,101,-61.260427,-144.357791,162.54503,5.201841,102,-61.260438,-144.360469,-173.242102,6.977446,142.111906,3,-1,1,7,-90.49061851095256,89.51172959769319,106.96435148904743,-97.24616840230681,24.212868000000014,-0.001394659,2.3813902331249235,1.9666566557919518,-142.1066959677671,-1.2168763607843343,-37.29220978607548,89.68115980315295,1,1,1,1,0,1,2,0,1,1,1
4545000.0,101,-61.260488,-144.357768,168.706004,6.663891,102,-61.260512,-144.360482,-174.042928,7.475274,141.09532,3,-1,1,7,-91.05481283055063,88.94756684508557,100.23918316944935,-97.00950515491445,17.251068000000004,0.0004978280000000002,2.0808876004537176,0.9000610244620217,-141.0714102029464,-2.597412030161594,-58.51772319879592,53.66383110249805,1,1,1,1,1,0,2,1,1,1,1
4546000.0,101,-61.260528,-144.35779,-174.444445,4.786442,102,-61.260613,-144.360475,-177.404795,8.959641,139.844725,3,-1,1,7,-93.76805946097079,86.23429478854763,80.67638553902921,-96.36091021145239,2.9603500000000054,0.0014843669999999997,-0.05769253186107581,4.186492548593854,-139.54241689594315,-9.190266435987017,-1.742873342717917,139.65580787074944,1,0,1,1,1,0,2,1,1,0,1
4547000.0,101,-61.260596,-144.35785,-160.894209,7.51903,102,-61.260646,-144.360457,179.649999,6.86979,139.08799,3,-1,1,7,-92.28533845514744,87.71694740393772,68.60887054485255,-91.93305159606228,19.45579200000003,-0.0020898509999999993,-2.503044331054737,-0.23518868463835485,-138.97736383773022,-5.546287312720935,54.40560480915389,7.770427105950284,1,0,1,1,1,2,2,0,0,1,1
4548000.0,101,-61.260623,-144.357823,174.692532,3.70302,102,-61.260752,-144.360433,176.997547,8.827161,140.419101,3,-1,1,7,-95.87011466137574,84.13217382970036,89.43735333862423,-92.86537317029963,2.305014999999912,0.0019573710000000003,-0.11982458774862464,5.127900038598289,-139.68278509882248,-14.361179362586475,-2.1674584848654064,139.98015624510668,1,0,1,1,0,1,2,1,1,0,1
4549000.0,101,-61.260663,-144.357786,160.398363,4.609833,102,-61.260716,-144.36044,177.308841,3.787392,142.182067,3,-1,1,7,-92.37943181998004,87.62289525091548,107.22220518001996,-89.68594574908452,16.910478000000012,-0.0050397689999999995,1.368672962385089,-0.5594683445787689,-142.0594773866842,-5.9029705246298905,-81.92868544447869,59.77066981574288,1,1,1,1,0,1,2,0,1,1,1
4550000.0,101,-61.260695,-144.357862,-146.167812,4.476736,102,-61.26076,-144.360446,179.830691,4.223405,141.086081,3,-1,1,7,-92.99588609521703,87.0063795994592,53.17192590478297,-92.82431140054081,34.001497,0.0004360129999999995,-2.50495825814952,0.5046881254032791,-140.89325723715743,-7.373758678092949,56.81021075838572,36.07291937085665,1,0,1,1,1,0,2,0,0,1,1
4551000.0,101,-61.260754,-144.357954,-144.781812,7.380363,102,-61.260777,-144.360446,179.886624,3.314453,140.552766,3,-1,1,7,-91.10076392835627,88.90142109989657,53.68104807164373,-90.98520290010345,35.331564000000014,-0.0009089519999999998,-4.262752536119295,-2.715028677869009,-140.52682784047485,-2.7001272829811653,20.758642333929963,74.74861411387681,1,0,1,1,0,2,2,0,0,0,1
4552000.0,101,-61.260806,-144.357854,155.669153,6.438486,102,-61.260885,-144.360421,176.152364,6.746279,139.443609,3,-1,1,7,-93.66336531191756,86.33888547949577,110.66748168808243,-89.81347852050423,20.483210999999983,0.0034318260000000007,2.1999896808501833,0.864443113807253,-139.1586805238712,-8.909642293607032,-61.473741304870934,44.404019543760334,1,1,1,1,0,0,2,1,1,1,1
4553000.0,101,-61.260854,-144.357828,162.048531,5.683572,102,-61.260891,-144.360411,173.66978,4.355828,139.335086,3,-1,1,7,-91.70755594202443,88.29470887878509,106.24391305797559,-85.37507112121492,11.62124899999992,-0.0023904510000000005,1.2714739205522139,-1.0776136443063677,-139.27321274466922,-4.151915510400151,-56.8029460823552,93.63792917117127,1,1,1,1,1,2,2,1,1,0,1
4554000.0,101,-61.26086,-144.357805,136.486011,2.027471,102,-61.260915,-144.360405,173.205153,3.703097,138.052862,3,-1,1,7,-92.52025216394811,87.48202756321572,130.99373683605188,-85.72312543678427,36.71914200000003,-0.0006527309999999997,0.9578472937054383,2.206752301681413,-137.91932914894716,-6.070531566133512,-31.705330470379977,125.09879725330302,1,1,1,1,0,0,2,0,1,0,1
4555000.0,101,-61.260937,-144.357892,-158.080599,7.981807,102,-61.260855,-144.360394,49.436255,0.62997,137.890093,3,-1,1,7,-86.10173463487084,93.90045916426699,71.97886436512917,44.46420416426699,152.48314599999998,-0.003073127,-3.458201479228668,-7.814466882951043,-137.57106186924167,9.3744697832958,-999,8585.002369612326,1,0,1,1,1,2,2,0,1,0,0
4556000.0,101,-61.260984,-144.357897,-169.626437,5.676608,102,-61.260904,-144.360401,174.039292,1.940413,137.69522,3,-1,1,7,-86.19958318312587,93.80261237092716,83.42685381687414,-80.23667962907282,16.334271000000058,0.001310443,-1.223665031435613,-3.653900056454362,-137.3924263020066,9.126598802186916,8.940137840884994,133.18008722046096,1,0,1,1,0,2,2,1,0,1,1
4557000.0,101,-61.261078,-144.357884,178.739828,9.744615,102,-61.260874,-144.360395,60.394528,0.284436,137.553667,3,-1,1,7,-80.41062610476233,99.59157558743361,100.84954589523767,39.19704758743361,118.34530000000001,-0.001655977,-0.03299499071887066,-9.882776619891256,-135.63162261378827,22.914498735468957,-999,9851.422074803688,1,1,1,1,0,2,2,0,1,0,0
4558000.0,101,-61.261091,-144.357872,169.604787,2.840673,102,-61.260841,-144.360385,12.245158,1.581582,137.364229,3,-1,1,7,-78.31144787719035,101.69075556840367,112.08376512280967,89.44559756840367,157.35962899999998,0.001297146,0.17711665257801767,-4.339647235968524,-134.51574937600262,27.828844362942686,-999,4307.687652425743,1,1,1,1,0,2,2,0,1,1,0
4559000.0,101,-61.261137,-144.357831,159.882358,5.002222,102,-61.260841,-144.360386,12.293992,0.960503,137.280758,3,-1,1,7,-76.45420779181,103.54803248086006,123.66343420818998,91.25404048086006,147.58836600000006,-0.0006210790000000001,1.5159905148003658,-5.6355050432853115,-133.46202389592196,32.15423291977143,-999,5765.553933983401,1,1,1,1,0,2,2,1,1,0,0
4560000.0,101,-61.261202,-144.35784,178.688732,6.866131,102,-61.260806,-144.360365,13.497596,2.18266,137.360858,3,-1,1,7,-71.93606516137632,108.06614880699848,109.3752028386237,94.56855280699848,165.19113599999997,0.0012221569999999998,-0.3523186358466215,-8.986707261394718,-130.59049246035676,42.592588433407876,-999,8948.149129177089,1,1,1,1,1,2,2,0,1,0,0
4561000.0,101,-61.261223,-144.357915,-137.175809,4.184947,102,-61.260912,-144.360415,-171.011819,3.410699,137.578594,3,-1,1,7,-75.4953276765371,104.50686437247676,61.680481323462885,-84.48131662752326,33.836010000000016,0.0012280390000000004,-2.3118660856141453,0.2993978336393046,-133.19358164630273,34.45779063211295,62.2081801655656,19.06656948096403,1,0,1,1,1,2,2,1,0,1,1
4562000.0,101,-61.261235,-144.35805,-105.041611,6.235452,102,-61.260898,-144.360413,-166.842074,1.434062,137.139866,3,-1,1,7,-73.4802106992766,106.52186122577606,31.561400300723406,-86.63606477422394,61.80046300000001,-0.0019766370000000003,-5.695366511355903,-0.22181488972838848,-131.47894929486722,38.99523995073875,22.11164955558716,44.24874187578289,1,0,1,1,1,2,2,0,0,0,1
4563000.0,101,-61.261282,-144.358095,-143.862958,5.777633,102,-61.260929,-144.36043,-166.662212,2.290645,136.609211,3,-1,1,7,-72.54697688870104,107.45507048603037,71.31598111129895,-85.88271751396962,22.79925400000002,0.0008565830000000001,-2.8787452811885466,-2.4372079458114917,-130.3201572415066,40.97234612017611,16.627977160310337,115.93256639454737,1,0,1,1,0,2,2,1,0,0,1
4564000.0,101,-61.261334,-144.357968,144.922845,6.778833,102,-61.260908,-144.360402,157.645656,0.423251,135.836623,3,-1,1,7,-69.99929010985737,110.00284407028806,145.07786489014262,-47.64281192971194,12.722811000000036,-0.001867394,3.7346763759668615,-5.156210589614101,-127.64409663419094,46.46044277108703,-16.18475820174777,76.70800343324292,1,1,1,1,0,2,2,1,1,1,1
4565000.0,101,-61.261347,-144.35791,122.641097,3.986877,102,-61.26096,-144.360417,-176.371355,2.553984,136.878729,3,-1,1,7,-72.20175055444226,107.80044763418834,165.15715244555776,-75.82819736581166,60.987548000000004,0.0021307329999999997,3.518852804779206,0.3984423439911886,-130.3275394935195,41.839202934814054,-37.412169877961,56.76115502245518,1,1,2,1,0,1,2,0,1,1,1
4566000.0,101,-61.261396,-144.357946,-175.055214,4.97207,102,-61.261016,-144.360445,-171.466657,4.072936,137.820163,3,-1,1,7,-72.45128155400342,107.5509096211882,102.60393244599659,-80.98243337881183,3.5885570000000087,0.0015189520000000005,0.17579128917965336,-0.9257177811767265,-131.40613895119222,41.5550715952522,-72.09130421946305,121.37397615725925,1,1,1,1,1,2,2,1,1,0,1
4567000.0,101,-61.261431,-144.358013,-145.750387,4.837276,102,-61.26108,-144.360502,-164.92476,5.425847,139.572416,3,-1,1,7,-73.65500720452158,106.34717520350767,72.09537979547841,-88.72806479649233,19.174373000000003,0.0013529109999999998,-1.311222074158171,1.2406559614871315,-133.93154045340737,39.27851549962603,92.53683381679637,76.5708598965275,1,0,1,1,1,1,2,0,0,1,1
4568000.0,101,-61.261484,-144.35807,-152.407861,6.384916,102,-61.261162,-144.36057,-162.282915,7.078443,139.122606,3,-1,1,7,-75.00489007975983,104.99730197464669,77.40297092024016,-92.71978302535331,9.875054000000006,0.0016525959999999999,-0.80323851870273,1.0839767534909326,-134.38519084126702,35.996110661951754,107.95704640640268,94.00940235697607,1,0,1,1,0,2,2,1,0,0,1
4569000.0,101,-61.261532,-144.358062,-174.249054,5.380393,102,-61.261176,-144.360584,-160.311503,5.02393,136.885209,3,-1,1,7,-73.63990674989167,106.36230459518086,100.60914725010834,-93.32619240481915,13.937551000000013,-0.002054513,1.1534538186741985,-0.6230907265061436,-131.3427807982687,38.55689789326443,-114.00662559296656,32.479960483640454,1,1,1,1,0,0,2,0,1,1,1
4570000.0,101,-61.261581,-144.358118,-157.278629,5.900139,102,-61.261302,-144.360604,-169.952676,8.49755,132.885748,3,-1,1,7,-76.86270318230191,103.13947659926181,80.41592581769808,-86.9078474007382,12.674047000000002,0.00347362,-0.7964338063375616,2.9249781828961616,-129.40789167086766,30.202973277816383,23.586443641770504,117.22557555101821,1,0,1,1,1,0,2,1,0,0,1
4571000.0,101,-61.261588,-144.358111,-165.818415,1.61215,102,-61.261418,-144.360622,-172.660566,10.265664,133.5485,3,-1,1,7,-81.98611031856285,98.01609138460404,83.83230468143714,-89.32334261539597,6.842151000000001,0.0017681139999999988,0.9164404106101485,8.61853655447701,-132.24430557476373,18.618418173908086,0.5249270131837661,133.47162075039392,1,0,1,1,0,2,2,1,0,0,1
4572000.0,101,-61.261633,-144.358128,-170.090219,4.534484,102,-61.261626,-144.360687,-172.415868,15.466667,139.13336,3,-1,1,7,-89.67515651422768,90.32708727936749,80.41506248577231,-97.2570447206325,2.3256489999999985,0.005201003,1.2609473197067906,10.864537290443428,-139.13112383846058,0.78882465513654,-1.3984335260375464,138.29437581577173,1,0,1,1,1,1,2,1,1,0,1
4573000.0,101,-61.261663,-144.358163,-156.174484,3.8259,102,-61.261754,-144.360842,-164.521799,15.445922,152.060713,3,-1,1,7,-94.04225232118229,85.96009669296994,62.13223167881772,-109.51810430703006,8.34731499999998,-2.0744999999999792e-05,2.576597199263306,11.385873920980595,-151.6824372900324,-10.719079056698654,-3.82326813751525,145.5774325411986,1,0,1,1,1,1,2,0,1,0,1
4574000.0,101,-61.261674,-144.358211,-125.432451,2.791069,102,-61.261985,-144.361002,-163.725941,19.92496,164.590336,3,-1,1,7,-103.04945300186041,76.95299421967378,22.382997998139587,-119.3210647803262,38.29348999999999,0.004479037999999999,3.3094520043932234,17.5085100101998,-160.3398798847429,-37.16317563313338,-3.951903665724697,150.70406814558214,1,0,0,1,1,1,2,0,1,0,1
4575000.0,101,-61.261696,-144.358157,148.281902,2.664301,102,-61.262272,-144.361059,-168.788252,24.513777,171.541114,3,-1,1,7,-112.43285505297463,67.5696894999129,99.28524294702538,-123.6420585000871,42.929846,0.004588817000000002,6.167078676168955,21.77956457820859,-158.56014587075484,-65.46017059102381,-4.761167013590822,134.73686791211182,1,1,1,1,0,1,2,0,1,1,1
4576000.0,101,-61.26172,-144.358171,-176.939603,2.685422,102,-61.262394,-144.361136,-167.244633,20.645041,173.93652,3,-1,1,7,-115.30554489831863,64.69705489658448,61.634058101681376,-128.05831210341552,9.694970000000012,-0.003868736000000002,4.4148228040251505,17.453963228700548,-157.24577802598824,-74.34835763291636,-6.124707802924319,134.21368036505956,1,0,1,1,1,1,2,1,1,1,1
4577000.0,101,-61.261662,-144.358114,23.243782,5.458606,102,-61.262486,-144.361136,-169.187174,16.717437,173.954963,3,-1,1,7,-119.55918169305089,60.44346808153793,-142.80296369305088,-130.36935791846207,167.569044,-0.003927603999999999,5.290418138933296,21.436176608293472,-151.3141330932921,-85.81586262781988,-9.96069131638535,161.34936930984964,0,1,1,1,1,2,2,0,1,0,1
4578000.0,101,-61.261709,-144.358188,-148.103529,4.186447,102,-61.262625,-144.360961,177.18578,16.079845,170.834511,3,-1,1,7,-124.49164028900063,55.510791157496115,23.61188871099938,-121.67498884250388,34.71069099999997,-0.0006375920000000015,-3.001542893186073,12.506141201522558,-140.8033109073241,-96.74118970813078,-4.996064279356492,159.52154038630837,1,0,1,1,0,0,2,1,1,1,1
4579000.0,101,-61.261712,-144.358206,-122.807324,1.581656,102,-61.26276,-144.360786,167.512412,16.082398,175.604139,3,-1,1,7,-130.19367489151367,49.80858732850374,-7.386350891513672,-117.70382467149628,69.68026399999997,2.55300000000247e-06,-4.806844260157123,14.844968665636397,-134.13825577165406,-113.33023414989327,-4.447953097368962,162.55293989506293,0,0,0,1,1,1,2,0,1,0,1
4580000.0,101,-61.261718,-144.358234,-116.06057,1.614136,102,-61.262873,-144.360694,164.890073,15.06323,184.066176,3,-1,1,7,-134.32051480264863,45.68164219899139,-18.259944802648633,-119.2084308010086,79.04935699999999,-0.0010191680000000004,-5.376585987281584,13.833332269398806,-131.68878714553247,-128.60179037401315,-5.135948887715953,169.38080658187937,0,0,0,1,1,1,2,0,1,0,1
4581000.0,101,-61.261738,-144.358228,-174.265583,1.997231,102,-61.26302,-144.360556,161.771542,16.017112,191.144442,3,-1,1,7,-138.87714827957075,41.12489298216074,35.388434720429245,-120.64664901783928,23.962875000000054,0.0009538820000000001,-5.209818462005105,13.226085780723977,-125.71106291985943,-143.98932726785867,-6.147066649721295,169.73639797069976,1,0,1,1,0,1,2,1,1,0,1
4582000.0,101,-61.261748,-144.358218,163.66647,1.27597,102,-61.263068,-144.360559,163.61932,12.079933,192.411384,3,-1,1,7,-139.5471454126516,40.454907248494145,56.78638458734838,-123.16441275150584,0.04714999999998781,-0.003937179000000001,-3.0479191563248094,10.365124975610122,-124.84076478408657,-146.41353810669227,-9.741307320126626,161.0748462415329,1,0,1,1,0,1,2,1,1,1,1
4583000.0,101,-61.261766,-144.358086,110.63042,5.53818,102,-61.26315,-144.360489,161.73842,11.260834,195.377304,3,-1,1,7,-140.1460537081925,39.85605331749829,109.2235262918075,-121.8823666825017,51.108000000000004,-0.0008190990000000013,1.654383916160874,8.74237677924945,-125.2041819721351,-149.98734524951396,-30.218424706109662,136.7366012457009,1,1,1,1,0,1,2,0,1,1,1
4584000.0,101,-61.261824,-144.358172,-161.711989,5.967202,102,-61.26315,-144.36052,164.109447,7.055085,193.604948,3,-1,1,7,-139.5910447198565,40.41101408060516,22.120944280143476,-123.69843291939483,34.178563999999966,-0.004205748999999999,-3.8041576977998552,1.119679735088,-125.50226257558943,-147.41797033771192,19.968452690658275,176.85614710123022,1,0,0,1,1,0,2,1,0,0,1
4585000.0,101,-61.261811,-144.358099,82.673923,2.308737,102,-61.263173,-144.360478,158.710265,5.62817,192.563232,3,-1,1,7,-139.97725848029995,40.024827502038455,137.34881851970005,-118.68543749796154,76.03634199999993,-0.0014269150000000002,0.2463894553221322,5.538483800098666,-123.83579949314101,-147.46285322812793,-49.2843529924262,168.00277137473688,1,1,1,1,0,0,2,0,1,1,1
4586000.0,101,-61.261851,-144.358131,-171.381995,3.780151,102,-61.263139,-144.36053,164.064483,2.067964,192.673882,3,-1,1,7,-138.15588190218344,41.84622161693106,33.22611309781655,-122.21826138306893,24.553522000000015,-0.003560206,-1.1342112491689986,-1.7489757720452173,-128.5339593019321,-143.5348254296468,95.25447696367085,30.853771320900034,1,0,1,1,1,2,2,1,0,1,1
4587000.0,101,-61.261884,-144.358009,129.180449,5.825914,102,-61.26317,-144.36046,148.643312,2.959952,192.788917,3,-1,1,7,-137.50030601673788,42.50184309830918,93.31924498326214,-106.14146890169083,19.462863000000027,0.000891988,2.9757629304510687,-1.1529731340080578,-130.24554529636035,-142.13959493570619,-19.15717006599137,179.81785484959855,1,1,1,1,0,2,2,1,1,0,1
4588000.0,101,-61.261902,-144.35795,122.35005,4.187454,102,-61.263145,-144.360498,141.373011,0.725741,192.884351,3,-1,1,7,-135.4173261561392,44.58490801147536,102.23262384386078,-96.78810298852463,19.02296100000001,-0.0022342110000000003,3.084496967186319,-1.6736988016790835,-135.3927987304628,-137.37963063214139,-13.367566966453062,185.43788001924156,1,1,1,1,0,2,2,1,1,0,1
4589000.0,101,-61.261996,-144.357904,163.085403,9.561655,102,-61.263097,-144.360572,-29.762578,1.814026,192.92137,3,-1,1,7,-130.64071667811052,49.36162270981019,66.27388032188946,79.1242007098102,167.15201899999994,0.001088285,3.682420132423865,-10.722750525008182,-146.39040421080276,-125.6523161651813,-999,11398.806395940774,1,0,1,1,1,2,2,0,1,0,0
4590000.0,101,-61.262002,-144.3579,154.875484,2.271063,102,-61.263109,-144.360559,-37.988967,0.662181,192.839664,3,-1,1,7,-130.8904624255902,49.11186907104747,74.23405357440981,87.10083607104747,167.13554899999997,-0.0011518449999999999,1.371842358933374,-2.5780756305927173,-145.77954450945137,-126.23573350779003,-999,2966.3497331036247,1,0,1,1,0,2,2,1,1,1,0
4591000.0,101,-61.262001,-144.357757,92.663994,5.77762,102,-61.263136,-144.360519,154.400357,0.865822,192.668527,3,-1,1,7,-130.5215424812947,49.48087932937362,136.8144635187053,-104.91947767062639,61.73636299999998,0.00020364099999999996,5.3972715314627,0.5122924145337027,-146.459240355166,-125.18327448560149,-31.81571974578297,111.77568880855542,1,1,1,1,0,2,2,1,1,1,1
4592000.0,101,-61.26204,-144.357633,119.441409,7.33959,102,-61.263126,-144.360529,132.531368,0.122562,192.395905,3,-1,1,7,-127.95394102666805,52.04859827987433,112.60464997333196,-80.48276972012566,13.089958999999965,-0.00074326,6.301429670933374,-3.5248015418501373,-151.70521336590434,-118.3288320671444,-9.469823200190413,177.44067028295729,1,1,1,1,1,2,2,1,1,0,1
4593000.0,101,-61.262073,-144.357681,-179.19565,3.754145,102,-61.263161,-144.360466,143.314437,1.830225,192.250047,3,-1,1,7,-129.09635546518845,50.90608651371019,50.09929453481155,-92.4083504862898,37.489913,0.0017076629999999999,-1.1461197400436536,-2.2860696833898793,-149.20267037619092,-121.23796321332658,92.58343321527165,100.15768699458361,1,0,1,1,1,2,2,0,0,1,1
4594000.0,101,-61.262115,-144.357564,134.862642,6.335101,102,-61.263138,-144.360478,90.231091,0.568628,192.39712,3,-1,1,7,-126.1371797443764,53.86537534620235,99.00017825562361,-36.36571565379766,44.631551,-0.0012615970000000002,3.9216957677352084,-4.4665474246356,-155.38133381368428,-113.46053448919942,-6.625177207749807,192.8941122773112,1,1,1,1,0,2,2,0,1,0,1
4595000.0,101,-61.26214,-144.357498,129.362296,4.920416,102,-61.263109,-144.36049,9.496979,1.184658,192.466661,3,-1,1,7,-123.96549781959168,56.037125663921785,106.67220618040835,46.54014666392179,119.865317,0.0006160299999999999,3.608761664092142,-4.289056880268932,-159.62687435776513,-107.5298869117753,-999,5582.466192107236,1,1,1,1,0,2,2,0,1,0,0
4596000.0,101,-61.262201,-144.357468,159.94811,6.598811,102,-61.263163,-144.36039,129.519418,2.291859,192.450853,3,-1,1,7,-124.40286756848745,55.59969453812658,75.64902243151255,-73.91972346187342,30.42869200000007,0.0011072010000000001,0.49458058561824103,-4.7404066179863165,-158.788354672919,-108.73632898298011,33.008612505498085,181.50411107789287,1,0,1,1,1,2,2,1,0,1,1
4597000.0,101,-61.262242,-144.357322,127.669809,7.89867,102,-61.263231,-144.360261,137.686912,4.963166,192.483207,3,-1,1,7,-124.98957433095023,55.01300268315302,107.34061666904978,-82.67390931684699,10.01710300000002,0.002671307,2.911046651477908,-1.1568076992591942,-157.69309922479061,-110.37513956451059,-30.16472548043414,161.20443545755077,1,1,1,1,0,2,2,1,1,1,1
4598000.0,101,-61.262208,-144.35719,70.435037,7.247252,102,-61.263287,-144.360128,135.689924,6.444953,192.426494,3,-1,1,7,-127.375866887381,52.626709250139,162.189096112619,-83.06321474986099,65.25488700000005,0.0014817869999999998,2.326748338394152,7.038740991570074,-152.9156347518281,-116.81080532886301,-858.0922682656178,6203.378115097125,1,1,2,1,0,2,2,0,1,0,0
4599000.0,101,-61.262228,-144.357098,105.270109,5.673418,102,-61.2633,-144.360033,126.616748,5.827751,192.276603,3,-1,1,7,-127.22433494110895,52.77823856632374,127.50555605889105,-73.83850943367625,21.34663900000004,-0.0006172019999999999,0.7955132101805615,1.9818105505532062,-153.10467863779866,-116.31530183271681,-432.1391849228289,764.2684014122925,1,1,1,1,1,2,2,1,1,1,0
4600000.0,101,-61.262234,-144.357101,117.587826,1.606989,102,-61.263223,-144.360029,74.449013,3.44928,191.649072,3,-1,1,7,-125.09055739945286,54.91200996922548,117.32161660054715,-19.537003030774514,43.13881300000003,-0.002378471,-1.8987320873576805,-1.6689464917048618,-156.81579329661093,-110.17338050189697,108.73131087127925,86.87035889014977,1,1,1,0,1,2,2,0,0,1,1
4601000.0,101,-61.262209,-144.35702,57.984524,4.18215,102,-61.263302,-144.359778,112.467458,6.941534,189.610749,3,-1,1,7,-129.498798739611,50.50361956808094,172.516677260389,-61.96383843191905,54.48293399999994,0.0034922539999999998,-2.8685832964264706,4.869926938185542,-146.31084381662237,-120.60420025027709,-12.543106469588459,191.76274227772396,1,1,2,1,0,0,2,0,1,0,1
4602000.0,101,-61.262208,-144.356922,84.766772,4.788801,102,-61.263324,-144.359563,107.676705,8.383202,186.520037,3,-1,1,7,-131.31325372217952,48.689061996128935,143.91997427782047,-58.987643003871064,22.909932999999967,0.0014416680000000008,-3.218549543342829,2.9823104018708984,-140.09733378503137,-123.1359462902969,6.14664510699314,185.7105963958435,1,1,1,1,1,0,2,1,0,1,1
4603000.0,101,-61.262142,-144.35675,52.050717,10.089634,102,-61.26338,-144.359214,109.119647,11.941202,183.296946,3,-1,1,7,-136.26199832717825,43.7401621915107,171.68728467282176,-65.37948480848931,57.068929999999966,0.003558,-3.3262497904787542,10.116002774379826,-126.72450105091617,-132.4336484671598,-53.38592066495044,508.6756821450049,1,1,2,1,0,0,2,0,1,0,0
4604000.0,101,-61.262127,-144.356671,65.497025,5.825989,102,-61.263382,-144.358893,101.00725,13.356901,179.988105,3,-1,1,7,-139.59476229399857,40.4071860306778,154.90821270600145,-60.6000639693222,35.51022499999999,0.001415699,-7.809875610314136,4.966549457585412,-116.66640240347262,-137.05717234687873,3.382211155366738,178.37255457499435,1,1,1,1,1,0,2,1,0,1,1
4605000.0,101,-61.262067,-144.356437,60.519183,12.086021,102,-61.263394,-144.358456,97.352451,16.441722,177.479911,3,-1,1,7,-143.81478212142528,36.18698820564875,155.66603487857472,-61.16546279435125,36.833267999999975,0.003084820999999998,-5.785404127756802,8.052008825435058,-104.78368774624468,-143.24628299144592,-14.41560248736523,190.1353080478107,1,1,1,1,0,0,2,0,1,0,1
4606000.0,101,-61.261987,-144.356265,48.499508,12.792256,102,-61.263369,-144.358008,90.905221,18.708729,170.913498,3,-1,1,7,-148.7687335889663,31.232794731176103,162.7317584110337,-59.6724262688239,42.40571299999999,0.002267007000000003,-9.125633569332106,8.7720560968565,-88.6175729919685,-146.1449607602299,-5.6280202098628935,170.1735519790107,1,1,2,1,0,0,2,0,1,1,1
4607000.0,101,-61.261856,-144.356201,20.865013,14.550118,102,-61.263335,-144.357479,86.779749,21.763873,166.73606,3,-1,1,7,-157.43989513484624,22.561225457044664,-178.30490813484624,-64.21852354295532,65.914736,0.0030551439999999984,-16.547228490833902,12.373379927663702,-63.96868907382061,-153.9770129678468,-3.1500069888318545,163.4095015057154,0,1,2,1,1,0,2,0,1,1,1
4608000.0,101,-61.261817,-144.356202,13.826424,5.980298,102,-61.263269,-144.356892,81.874534,25.049303,159.588092,3,-1,1,7,-167.13039752257723,12.870207491545365,179.04317847742277,-69.00432650845462,68.04811000000001,0.003285429999999998,-23.368651975049886,2.2665141092622534,-35.54552458172407,-155.5791592418808,0.8852626331967909,158.28452704930385,1,1,2,1,0,0,2,0,0,1,1
4609000.0,101,-61.261777,-144.356308,-38.405032,5.96379,102,-61.263141,-144.356403,73.31403,26.361566,147.504146,3,-1,1,7,-178.08211334955385,1.9179699494196272,-139.67708134955384,-71.39606005058037,111.71906200000001,0.0013122630000000014,-28.956360493107056,-2.895632348749838,-4.936548701486585,-147.42151665922844,0.6661248268437829,146.1988209767917,0,1,1,1,1,0,2,0,0,1,1
4610000.0,101,-61.261738,-144.356334,-24.616994,4.850914,102,-61.262961,-144.356045,61.930422,26.404877,133.761186,3,-1,1,7,173.5182617354345,-6.481991668551576,-161.8647442645655,-68.41241366855158,86.547416,4.331099999999921e-05,-25.319702149264256,-8.014614544680978,15.099836061131851,-132.90616927386606,0.9453138110219013,131.26802007166293,0,1,2,1,1,0,2,1,0,1,1
4611000.0,101,-61.26161,-144.356419,-16.896594,13.241798,102,-61.262722,-144.355667,51.023175,28.683586,119.721135,3,-1,1,7,161.98854642979228,-18.0121129455517,178.88514042979227,-69.0352879455517,67.91976899999997,0.0022787089999999994,-26.14729907602977,-5.371986668632712,37.01862577440198,-113.85416773866035,-0.48421490417949514,118.9754175038276,1,1,2,1,0,0,2,1,1,1,1
4612000.0,101,-61.261536,-144.356546,-33.640338,10.796908,102,-61.262516,-144.355506,41.424181,26.71111,114.744499,3,-1,1,7,152.96788260524173,-27.033029295601686,-173.39177939475826,-68.45721029560168,75.06451899999996,-0.001972475999999997,-23.65407598215061,-11.040077218620528,52.15021425958655,-102.20888025724682,-0.15214501687984366,114.67375719936682,0,1,2,1,1,0,2,0,1,1,1
4613000.0,101,-61.261429,-144.356666,-28.915702,13.096261,102,-61.26227,-144.355113,39.213028,29.825248,124.447594,3,-1,1,7,138.3999488292552,-41.601412881765285,167.31565082925522,-80.81444088176528,68.12873000000002,0.0031141379999999968,-25.18801973344669,-11.645047739207346,82.62410287126292,-93.06159936895452,-1.2700054932102471,119.14584513496442,1,1,2,1,0,1,2,1,1,0,1
4614000.0,101,-61.26134,-144.356786,-32.222875,11.955061,102,-61.26216,-144.354833,43.238836,25.610225,146.008372,3,-1,1,7,131.12997342483482,-48.87173901525767,163.3528484248348,-92.11057501525767,75.46171099999998,-0.004215022999999998,-23.91866230732358,-8.543416509194541,109.97633736523203,-96.03983503640067,-2.7545325115867123,127.4431669599929,1,1,2,1,1,1,2,0,1,0,1
4615000.0,101,-61.261294,-144.356964,-55.291372,10.53558,102,-61.262065,-144.354429,50.861221,24.420473,170.859411,3,-1,1,7,122.31698890162383,-57.68523384918234,177.60836090162383,-108.54645484918234,106.15259300000002,-0.0011897519999999986,-27.601853038488773,-9.415230479558748,144.39386130518815,-91.34194624949157,-3.701576210113942,133.06965198372674,1,1,2,1,0,1,2,0,1,0,1
4616000.0,101,-61.261326,-144.357023,-113.047456,5.149934,102,-61.261998,-144.354015,58.216121,23.532564,189.835743,3,-1,1,7,114.92283883018035,-65.07979865833039,-132.02970516981964,-123.29591965833039,171.263577,-0.0008879090000000005,-24.742513445659803,-14.411158406143192,172.15750052612654,-79.99627699436262,-4.13284318129656,156.08261113447534,0,1,1,1,1,1,2,0,1,0,1
4617000.0,101,-61.261306,-144.357162,-76.808253,6.862741,102,-61.261832,-144.353572,55.315641,25.758364,205.567565,3,-1,1,7,106.94916323868208,-73.05398455902468,-176.24258376131792,-128.36962555902468,132.123894,0.0022257999999999996,-27.862733195671456,-13.091777110823465,196.6384894508583,-59.92769181700495,-5.118645088906384,137.9557304916698,0,1,2,1,1,1,2,1,1,1,1
4618000.0,101,-61.261295,-144.357241,-76.296307,5.076066,102,-61.261716,-144.35323,55.385427,24.683625,217.780605,3,-1,1,7,102.31623124888274,-77.68728568945139,178.61253824888274,-133.07271268945138,131.681734,-0.001074739000000001,-25.245993706865896,-12.81908549666661,212.76842490975406,-46.4541631674533,-6.122035712949081,137.8290775210531,1,1,2,1,0,1,2,1,1,1,1
4619000.0,101,-61.261325,-144.357377,-111.312463,7.103628,102,-61.261577,-144.35298,51.465349,23.332348,226.261547,3,-1,1,7,96.79937338483032,-83.20448200536832,-151.88816361516967,-134.66983100536834,162.77781199999998,-0.0013512769999999997,-24.86912479113346,-17.11760989115493,224.67020496006617,-26.78780793635555,-6.479552040842176,151.65057533365953,0,1,1,1,1,1,2,0,1,0,1
4620000.0,101,-61.261318,-144.357381,-82.133947,2.037265,102,-61.261354,-144.352841,39.679525,23.592347,230.862199,3,-1,1,7,90.94681594623415,-89.05716482522412,173.08076294623416,-128.73668982522412,121.81347200000005,0.00025999900000000056,-17.081640143298593,-17.878510177281196,230.83067808528412,-3.814837061204305,-6.585521756372803,169.64542608408303,1,1,2,1,0,1,2,1,1,0,1
4621000.0,101,-61.261395,-144.357429,-161.257733,7.542258,102,-61.261151,-144.352829,28.818085,22.501251,231.502434,3,-1,1,7,83.70662361290054,-96.29740976540245,-115.03564338709947,-125.11549476540245,169.924182,-0.0010910960000000004,-13.269699072977424,-26.856892480615272,230.1073157238088,25.37715898810839,-7.072779807972395,213.65914206742283,0,1,1,1,1,2,2,0,1,0,0
4622000.0,101,-61.261413,-144.357528,-122.784254,5.343159,102,-61.260938,-144.352951,15.271246,21.884829,228.995087,3,-1,1,7,77.82212506770878,-102.1818881399796,-159.3936209322912,-117.45313413997961,138.05550000000002,-0.000616422,-10.256298458469171,-24.005268306431695,223.8421080165461,48.30590594168052,-7.076976431734938,194.06326056995118,0,1,2,1,1,0,2,1,1,1,1
4623000.0,101,-61.261414,-144.357602,-97.47953,4.168095,102,-61.260689,-144.353244,-1.200516,23.450229,224.154587,3,-1,1,7,70.91659742389052,-109.0872237555702,168.3961274238905,-107.8867077555702,96.27901400000002,0.0015654000000000004,-3.64131479015643,-23.98765069695727,211.8358715037113,73.28603152991492,-5.3171537812128795,199.9763924439571,1,1,2,1,0,0,2,1,1,0,1
4624000.0,101,-61.261462,-144.357625,-155.910182,4.99785,102,-61.260532,-144.353619,-16.223773,22.24305,216.7256,3,-1,1,7,64.22938095057026,-115.7741315866301,-139.86043704942975,-99.5503585866301,139.686409,-0.001207179,4.174511546830654,-25.91985469699689,195.17046996131003,94.22565123384062,-3.6442076153033303,210.38338429739704,0,1,1,1,1,0,2,0,1,0,0
4625000.0,101,-61.261499,-144.357758,-126.491468,7.093218,102,-61.260387,-144.354132,-32.576822,23.191523,207.21528,3,-1,1,7,57.47133486780082,-122.5318444764973,-176.0371971321992,-89.9550224764973,93.914646,0.0009484729999999999,6.784450196763831,-23.761165708790454,174.70787087452555,111.42410924018421,-3.9696506465334087,202.36359838667659,0,1,2,1,1,0,2,1,1,1,0
4626000.0,101,-61.26156,-144.357873,-136.664908,8.809061,102,-61.26022,-144.354717,-43.31005,26.38975,207.561273,3,-1,1,7,48.555396624522544,-131.44737061359123,-174.77969537547744,-88.13732061359124,93.35485800000001,0.0031982269999999992,12.056602274691063,-25.609859467306997,155.5871056274562,137.3838950235846,-3.472733180857603,203.31314570970025,0,1,2,1,0,2,2,1,1,0,0
4627000.0,101,-61.261632,-144.357985,-142.095086,9.822067,102,-61.260128,-144.355259,-53.213469,26.693223,206.3515,3,-1,1,7,41.073032249475936,-138.929357956683,-176.83188175052405,-85.71588895668299,88.88161699999998,0.00030347300000000034,15.34364424012082,-23.734764717293235,135.57716338611675,155.56276649772013,-3.3921029661944684,202.07848098522453,0,1,2,1,1,0,2,1,1,1,0
4628000.0,101,-61.26167,-144.358055,-137.072201,6.465606,102,-61.260168,-144.355634,-67.512297,22.740073,199.619602,3,-1,1,7,37.777205364013184,-142.22491741332232,174.8494063640132,-74.71262041332231,69.55990400000002,-0.003953150000000001,16.607384822384834,-13.43193772779452,122.28550072976677,157.77909181481752,-0.24605658055863266,199.57977389294746,1,1,2,1,0,0,2,1,1,1,1
4629000.0,101,-61.261755,-144.358116,-157.758377,9.428697,102,-61.260218,-144.35608,-80.786376,22.165846,191.490038,3,-1,1,7,32.49489554003772,-147.50688966338024,-169.7467274599623,-66.72051366338023,76.97200099999998,-0.0005742270000000005,18.310979977082834,-12.276267420213578,102.87313394128473,161.51022557825846,-0.27484597202250827,191.44374761767676,0,1,2,1,1,0,2,0,1,1,1
4630000.0,101,-61.261812,-144.358251,-137.199119,9.165826,102,-61.26033,-144.356476,-95.984416,21.80708,179.155732,3,-1,1,7,29.937563409067977,-150.06399294584145,167.136682409068,-54.07957694584145,41.214702999999986,-0.00035876599999999924,15.460493546116204,-4.4515828944823355,89.40873843324405,155.25093816216238,2.9644498436759124,173.99276424960073,1,1,2,1,0,0,2,1,0,1,1
4631000.0,101,-61.261914,-144.358268,-167.232174,10.918127,102,-61.260396,-144.356977,-100.078007,23.648037,175.628512,3,-1,1,7,22.241057270873586,-157.76007470425608,-170.52676872912642,-57.682067704256085,67.15416699999997,0.0018409569999999994,20.870242146512652,-6.510019241021499,66.47612140845544,162.5616790938825,0.7815725006367253,174.99403079269175,0,1,2,1,1,0,2,0,0,0,1
4632000.0,101,-61.261985,-144.358383,-148.625027,9.788028,102,-61.260418,-144.357479,-98.149373,24.664456,183.440129,3,-1,1,7,15.503497185029174,-164.49729546093093,164.12852418502916,-66.34792246093093,50.47565400000002,0.0010164190000000026,19.31938411119639,-4.860513057970185,49.03303157835408,176.76550212576203,0.2427539051709896,183.38725800293918,1,1,2,1,0,1,2,1,0,0,1
4633000.0,101,-61.262091,-144.358505,-151.468658,12.811765,102,-61.260386,-144.357909,-92.089978,24.016527,201.331947,3,-1,1,7,9.541041334777645,-170.45948125060778,161.00969933477765,-78.36950325060778,59.37868000000003,-0.0006479290000000013,17.881146912139616,-10.379996035507581,33.37158483799497,198.5469471138031,-4.640959413276652,190.13493675275518,1,1,2,1,1,1,2,0,1,0,1
4634000.0,101,-61.262187,-144.358561,-160.021763,11.458052,102,-61.260285,-144.358401,-81.866668,24.988947,221.797127,3,-1,1,7,2.3162650280378756,-177.68387526333228,162.33802802803785,-95.81720726333228,78.15509499999999,0.0009724199999999997,20.822801595188935,-14.303899858675017,8.96402859159134,221.61591038746127,-6.471804726545535,193.15598101822533,1,1,2,1,0,1,2,0,1,0,1
4635000.0,101,-61.262245,-144.35862,-154.726478,7.917401,102,-61.260135,-144.35898,-72.756004,27.912189,246.471017,3,-1,1,7,-4.68992808611027,175.31038756933438,150.03654991388973,-111.93360843066563,81.97047399999997,0.002923242000000002,23.277309091513537,-15.433878056630999,-20.15228627073608,245.64577663594503,-6.727085163203887,196.79419065030876,1,1,1,1,1,1,2,0,1,0,1
4636000.0,101,-61.26229,-144.358708,-141.484318,6.920295,102,-61.25995,-144.35958,-66.079941,30.93498,274.775143,3,-1,1,7,-10.158666427654783,169.84209815946056,131.3256515723452,-124.07796084053945,75.40437699999998,0.003022790999999998,23.968571216577658,-17.957647674910156,-48.46338032839291,270.46752111448797,-8.031741580436584,191.53292036578,1,1,1,1,1,1,2,1,1,1,1
4637000.0,101,-61.262293,-144.358744,-113.032145,2.838684,102,-61.259704,-144.359637,-50.140137,27.450296,304.557363,3,-1,1,7,-9.416901292722859,170.58388170670185,103.61524370727714,-139.27598129329814,62.89200800000003,-0.003484683999999998,18.458840414940866,-18.703853717454304,-49.830755163908236,300.4531297845113,-10.286016579216987,176.88542253849474,1,1,1,1,1,1,2,1,1,1,1
4638000.0,101,-61.262325,-144.358726,-179.219032,3.145875,102,-61.259456,-144.359872,-41.846957,28.051938,334.096207,3,-1,1,7,-10.872381867534099,169.12862296607773,168.3466501324659,-149.02442003392227,137.37207500000002,0.0006016419999999983,18.671781401091604,-24.042298633259495,-63.01792485516648,328.0990958212708,-11.40673330083368,159.34300963484844,1,1,2,1,0,1,2,0,1,1,1
4639000.0,101,-61.262362,-144.358831,-134.580706,5.712263,102,-61.259199,-144.359878,-30.338779,27.115196,362.039291,3,-1,1,7,-9.043792751716076,170.95712527593784,125.53691324828392,-158.70409572406217,104.241927,-0.0009367419999999989,9.627576981879178,-27.41138810315478,-56.908716060877914,357.5385940903234,-17.275459088673767,159.46264073141893,1,1,1,2,1,1,2,1,1,0,1
4640000.0,101,-61.262391,-144.358827,-163.539848,3.471534,102,-61.258957,-144.359578,-13.209795,25.216205,387.32213,3,-1,1,7,-6.003166904385384,173.99749158469422,157.53668109561463,-172.7927134153058,150.33005300000002,-0.0018989910000000022,4.778685473948902,-27.878240681454074,-40.50747811972862,385.19810046794964,-17.833996093485784,120.57995865370636,1,1,2,2,0,1,2,0,1,1,1
4641000.0,101,-61.262414,-144.358852,-155.502787,3.013522,102,-61.258763,-144.358948,11.026465,24.058747,409.107134,3,-1,1,7,-0.7243904858218777,179.27569368847838,154.77839651417813,168.24922868847838,166.52925199999999,-0.0011574579999999984,-5.851087272827035,-26.356846212788916,-5.172203310832277,409.07443748369974,-18.579581764397275,139.53378459328397,1,1,1,2,1,1,2,0,1,0,1
4642000.0,101,-61.262463,-144.358914,-151.078465,5.629942,102,-61.258636,-144.358182,34.02524,25.025666,426.745804,3,-1,1,7,5.254978242814496,-174.74566358598148,156.3334432428145,151.22909641401853,174.896295,0.0009669190000000008,-16.726017183631768,-25.66884216168605,39.08485467581774,424.9521800939214,-16.698427806285906,240.2414783930421,1,1,1,1,0,1,2,0,1,0,0
4643000.0,101,-61.262516,-144.358946,-160.583149,6.118584,102,-61.258549,-144.357565,47.354851,25.640501,439.758451,3,-1,0,7,9.503061002071725,-170.4981498796593,170.0862100020717,142.1469991203407,152.062,0.0006148349999999993,-20.89426921309689,-23.140895281754833,72.60425108995877,433.7235501440815,-15.558230209361973,263.00846927306446,1,1,2,1,0,1,2,1,1,0,0
4644000.0,101,-61.262583,-144.359042,-149.357571,8.379703,102,-61.258526,-144.356986,59.457825,25.454969,447.825946,3,-1,0,7,13.695447043475465,-166.30635568887232,163.05301804347548,134.23581931112767,151.18460399999998,-0.00018553200000000203,-26.194183717220046,-20.145116094600553,106.02769285339939,435.09333051539653,-13.406672406707097,295.51284721048177,1,1,2,1,1,1,2,1,1,0,0
4645000.0,101,-61.262584,-144.359063,-122.454388,2.382944,102,-61.258564,-144.356485,71.31801,24.441729,450.789771,3,-1,0,7,17.13834055350603,-162.86391987687196,139.59272855350602,125.81807012312805,166.227602,-0.0010132399999999997,-25.164692208981542,-9.107812705159759,132.83866043509326,430.77291921851634,-10.41582955158398,359.9239087118477,1,1,1,1,1,1,2,0,1,0,0
4646000.0,101,-61.262632,-144.359036,174.018524,4.733708,102,-61.258639,-144.35618,81.97957,21.695302,448.658433,3,-1,0,7,18.97994119549095,-161.0225629910594,-155.03858280450908,116.9978670089406,92.0389540000001,-0.002746426999999997,-20.989801665554882,-7.734998868383455,145.92037475090322,424.2659940822166,-13.826215521836568,348.58497953130905,0,1,1,1,1,0,2,1,1,1,0
4647000.0,101,-61.262669,-144.359177,-128.499434,6.790899,102,-61.258768,-144.355951,96.298387,19.323408,441.619646,3,-1,0,7,21.68548957141775,-158.3173390393173,150.18492357141776,105.38427396068272,135.202179,-0.002371894000000001,-24.521427476188745,-2.1074813689843412,163.18351052090435,410.3645374873896,-8.132194436653569,394.8915475422506,1,1,1,1,0,0,2,0,1,0,0
4648000.0,101,-61.262701,-144.359225,-137.429843,4.937586,102,-61.25897,-144.355705,114.717926,19.510169,430.058816,3,-1,0,7,24.40205457412803,-155.60103182419422,161.83189757412805,89.68104217580577,107.85223099999996,0.00018676100000000062,-21.0628362861909,4.521919499167966,177.67324598210587,391.64116596893126,-4.183664580216569,420.21280390257795,1,1,2,1,0,0,2,1,1,0,0
4649000.0,101,-61.262718,-144.359216,-164.878916,2.276464,102,-61.259247,-144.355429,131.269147,22.615381,414.585139,3,-1,1,7,27.68292330467474,-152.32039720862434,-167.43816069532525,76.41045579137563,63.85193700000002,0.0031052119999999983,-17.591997574466372,12.719392753921172,192.60719205586184,367.12846123394695,2.6687463520701877,410.3636164790993,0,1,2,1,1,0,2,1,0,1,0
4650000.0,101,-61.262782,-144.359336,-142.697449,7.881055,102,-61.259564,-144.355209,143.268609,26.240949,397.134064,3,-1,1,7,31.66129238537516,-148.34232625296542,174.35874138537517,68.38906474703458,74.03394200000002,0.0036255680000000013,-20.469882643670424,14.7618010874648,208.45437721033176,338.0269773420589,1.13614871712144,396.09986185134744,1,1,2,1,0,0,2,0,0,1,0
4651000.0,101,-61.262829,-144.359488,-127.032019,9.045802,102,-61.259865,-144.355146,153.125588,27.849846,379.916026,3,-1,1,7,35.16093126793828,-144.84287589317398,162.19295026793827,62.031536106826024,79.84239300000002,0.0016088969999999989,-19.81039921805658,19.394112691652374,218.78413731961854,310.59569872897947,2.3539106038847883,375.0211154631703,1,1,2,1,1,0,2,0,0,1,0
4652000.0,101,-61.262835,-144.359586,-103.877439,5.967531,102,-61.260064,-144.355371,165.297369,24.808354,367.839925,3,-1,1,7,36.182504634079464,-143.8211911742637,140.05994363407945,50.881439825736265,90.82519200000002,-0.003041491999999998,-12.08976354882137,22.564744527309447,217.15769612038636,296.89854401746663,7.309293867791574,332.80745841020234,1,1,1,1,1,0,2,0,0,1,0
4653000.0,101,-61.262899,-144.359689,-137.941093,8.384411,102,-61.260296,-144.355456,171.897312,24.8363,361.446032,3,-1,1,7,38.02355092363378,-141.98016067276845,175.9646439236338,46.12252732723152,50.16159499999995,2.7946000000000027e-05,-9.117287919683637,18.36330004323431,222.64545263391963,284.7318676755064,8.368725902644817,326.4103255646632,1,1,2,1,0,0,2,1,0,1,0
4654000.0,101,-61.263013,-144.359946,-135.390784,16.328999,102,-61.260576,-144.355448,174.21083,26.768358,354.234817,3,-1,1,7,41.58889839720832,-138.41504556495985,176.9796823972083,47.37412443504013,50.398386000000016,0.0019320579999999978,-14.167403759466623,15.00700559419006,235.1344498806643,264.9416842521027,1.8081130536692052,352.9068699865618,1,1,2,1,0,0,2,0,0,0,0
4655000.0,101,-61.263061,-144.360212,-115.379662,14.926466,102,-61.260803,-144.355585,179.840677,26.235786,343.959684,3,-1,1,7,44.57628494432025,-135.42777213379017,159.95594694432026,44.73155086620983,64.77966099999998,-0.0005325719999999983,-13.558829387460449,19.837985494374163,241.41095259537508,245.00819615754367,3.888383451984791,338.66599572674784,1,1,2,1,1,0,2,0,0,1,0
4656000.0,101,-61.263121,-144.360361,-124.650358,11.606879,102,-61.261069,-144.355643,-178.402063,27.296627,336.885261,3,-1,1,7,47.86989984731247,-132.13423702846978,172.52025784731245,46.267825971530215,53.751705000000015,0.0010608409999999999,-8.787063625230909,20.6867236149434,249.84203719025018,225.98813139557524,6.173386398280663,319.57573582561696,1,1,2,1,0,0,2,1,0,1,0
4657000.0,101,-61.263172,-144.360623,-114.413403,14.05845,102,-61.261308,-144.355672,-177.930993,27.125414,337.54168,3,-1,1,7,51.9395975613716,-128.0647436214301,166.3530005613716,49.866249378569904,63.517589999999984,-0.0001712130000000016,-11.822129276141643,21.29712738189211,265.76724662416916,208.0917018024276,3.0866546689255614,334.1030397308084,1,1,2,1,1,2,2,0,0,0,0
4658000.0,101,-61.263265,-144.360917,-122.870854,17.779553,102,-61.261582,-144.355663,-178.803624,28.200594,334.05741,3,-1,1,7,56.32915752962201,-123.67544934063625,179.200011529622,55.128174659363765,55.932770000000005,0.0010751799999999996,-14.344171244999636,18.544642583058952,278.0147269003508,185.20843609952402,-1.3867456879645153,333.3420199751478,1,1,2,1,0,0,2,1,1,1,0
4659000.0,101,-61.263332,-144.361005,-136.021962,10.951862,102,-61.26181,-144.355756,-176.320922,27.351856,324.823166,3,-1,1,7,58.90884932627284,-121.09575316634456,-165.06918867372715,55.22516883365543,40.298959999999994,-0.0008487379999999973,-5.8496709390722925,19.414461217082476,278.16129595235685,167.73903124904743,4.6295405663117855,315.01596592951904,0,1,2,1,1,0,2,1,0,1,0
4660000.0,101,-61.263353,-144.361232,-106.603787,11.347731,102,-61.261995,-144.355947,-170.920023,25.491554,316.064374,3,-1,1,7,61.88070437255391,-118.12392969050198,168.48449137255392,52.796093309498005,64.31623599999998,-0.0018603020000000007,-6.851674160492756,21.929486271709692,278.75872457948185,148.96396202717096,3.8410000008939957,311.8680889779102,1,1,2,1,0,0,2,0,0,1,0
4661000.0,101,-61.263368,-144.361445,-99.635966,11.424779,102,-61.262208,-144.356108,-167.989651,25.249366,312.848028,3,-1,1,7,65.67619511801738,-114.32848454547188,165.31216111801737,53.66116645452813,68.35368500000001,-0.00024218800000000228,-6.009489321825412,22.784291269602267,285.077204528305,128.8599087451786,3.5525994933376945,310.150276360559,1,1,2,1,1,0,2,0,0,1,0
4662000.0,101,-61.263393,-144.361755,-99.848319,15.343687,102,-61.262526,-144.356147,-171.109147,28.518291,317.934303,3,-1,1,7,72.17700487772784,-107.82791241599406,172.02532387772783,63.281234584005944,71.260828,0.003268925000000003,-10.710004754000575,25.551239699983693,302.6755637652267,97.3125075388463,-1.6884050456693698,317.3644116108228,1,1,2,1,0,1,2,0,1,0,0
4663000.0,101,-61.263488,-144.36198,-125.789311,15.939723,102,-61.262701,-144.356272,-168.774562,25.858675,315.978961,3,-1,1,7,74.00109162302452,-106.00391336063511,-160.20959737697547,62.77064863936489,42.985251000000005,-0.0026596159999999996,-7.8959673933114,16.042316820498527,303.7401312582614,87.0898183363226,-4.583721786277607,312.05987781033144,0,1,2,1,1,0,2,1,1,1,0
4664000.0,101,-61.263529,-144.362093,-123.564541,9.631109,102,-61.262852,-144.356458,-164.281821,23.485217,305.417155,3,-1,1,7,75.97236909015517,-104.03257188894808,-160.46308990984483,60.249249111051924,40.71727999999999,-0.0023734580000000028,-1.662968849930608,17.28219834785637,296.3092936908764,74.03000095034416,3.3726740107532325,302.32810146556363,0,1,2,1,2,0,2,1,0,1,0
4665000.0,101,-61.263528,-144.362219,-95.936234,7.165447,102,-61.263083,-144.356686,-161.383088,24.93133,293.159819,3,-1,1,7,80.50582369989263,-99.49902784714614,176.44205769989264,61.88406015285385,65.44685399999997,0.0014461130000000004,0.8320309689352463,22.885716977981648,289.144224952397,48.355937099702906,3.490230482536705,287.9705179361851,1,1,2,1,0,0,2,0,0,1,0
4666000.0,101,-61.263527,-144.362387,-90.190257,8.478043,102,-61.263346,-144.356983,-158.322409,27.43285,282.264219,3,-1,1,7,86.01730315384893,-93.9874352869383,176.20756015384893,64.3349737130617,68.13215200000002,0.0025015199999999993,1.6552413681237965,25.46456740194475,281.58257095630205,19.604720383598828,2.139057377086698,280.21938897582095,1,1,2,1,2,0,2,0,0,1,0
4667000.0,101,-61.263514,-144.362652,-84.619931,12.651817,102,-61.263491,-144.357302,-151.719794,25.421876,279.089383,3,-1,1,7,89.49003088857346,-90.51466020587215,174.10996188857345,61.20513379412786,67.099863,-0.0020109739999999974,-0.5516030590982872,23.573807986684095,279.0783281480246,2.4840413491297646,-0.3593745697687475,279.095214968973,1,1,2,1,1,0,2,1,1,1,0
4668000.0,101,-61.263503,-144.362882,-84.412221,12.46674,102,-61.263625,-144.357564,-147.685928,23.580179,285.274523,3,-1,1,7,92.73418480863255,-87.27047822961485,177.14640580863255,60.41544977038514,63.273707,-0.001841697,0.1975184418295921,21.142224291866256,284.9497641151733,-13.608284373300345,-1.165211975950681,285.39302054061153,1,1,2,1,0,1,2,1,1,0,0
4669000.0,101,-61.263509,-144.363105,-91.836751,12.069565,102,-61.263809,-144.357834,-146.860961,24.00728,286.824587,3,-1,1,7,96.75362287920426,-83.2509989517583,-171.40962612079574,63.6099620482417,55.02421000000001,0.0004271010000000004,1.0607589489247307,19.715558185829412,284.83431777127345,-33.73062595763361,-1.8308472513789031,286.78616163584644,0,1,2,1,1,1,2,1,1,0,0
4670000.0,101,-61.26353,-144.36339,-97.969265,14.535507,102,-61.263972,-144.358144,-144.075914,24.043517,278.157546,3,-1,1,7,99.94224269412518,-80.06235721988433,-162.0884923058748,64.01355678011568,46.106649000000004,3.623699999999985e-05,-0.2884916322278528,17.455091586907898,273.9802592975396,-48.02538820244044,-6.821331627576038,281.13632154921027,0,1,2,1,0,0,2,1,1,1,0
4671000.0,101,-61.263505,-144.363491,-75.903643,8.20472,102,-61.264167,-144.358549,-141.246196,25.9244,267.874122,3,-1,1,7,105.57104111822991,-74.43329223927539,-178.5253158817701,66.81290376072461,65.34255300000001,0.0018808829999999973,8.270377355917201,22.215246918384008,258.0427033013371,-71.90624806099255,1.4297314312034184,267.1526073353844,0,1,2,1,1,0,2,0,0,1,0
4672000.0,101,-61.263453,-144.363624,-54.650746,9.056676,102,-61.264127,-144.358908,-125.005495,20.838335,258.464736,3,-1,1,7,106.55736546239152,-73.44676972689257,161.2081114623915,51.55872527310743,70.35474899999997,-0.005086064999999998,9.68162626215992,17.193836364338118,247.74746821493977,-73.65603674266698,5.3928124531506025,256.7420164576513,1,1,2,1,0,0,2,0,0,1,0
4673000.0,101,-61.263376,-144.363914,-58.821963,15.488886,102,-61.264207,-144.359303,-121.00494,21.269399,257.678566,3,-1,1,7,110.55070731874744,-69.45333580209984,169.37267031874745,51.55160419790016,62.18297700000002,0.00043106399999999923,4.978774543380709,18.97470432246511,241.2803879256986,-90.45450667733893,-6.3363605404308085,274.44774889065764,1,1,2,1,0,2,2,1,1,0,0
4674000.0,101,-61.263348,-144.364203,-75.178442,15.382049,102,-61.264439,-144.359759,-128.653878,25.607645,265.69019,3,-1,1,7,117.0522457057198,-62.951650986198764,-167.7693122942802,65.70222701380123,53.47543599999997,0.004338246000000001,5.127621620150833,19.929773762048598,236.621605045533,-120.83663801973258,-7.780321351660866,278.62595393943957,0,1,2,1,1,1,2,1,1,0,0
4675000.0,101,-61.263344,-144.364428,-85.477805,12.899019,102,-61.264693,-144.36027,-132.344093,29.916714,266.515328,3,-1,1,7,124.01398467316076,-55.98966124593427,-150.50821032683922,76.35443175406571,46.866288,0.004309068999999997,9.252968029561378,21.168372063716774,220.9148381107775,-149.08740510665731,-3.386944129797918,263.8589739191297,0,1,1,1,0,2,2,1,1,1,0
4676000.0,101,-61.263381,-144.364577,-109.396983,9.936863,102,-61.264748,-144.36061,-126.280251,26.066942,258.178334,3,-1,1,7,125.63267918588954,-54.370799257366436,-124.97033781411045,71.90945174263356,16.883268000000015,-0.003849771999999998,11.64055559435121,12.124584980945578,209.8392455301835,-150.4112468611936,2.463778617418529,255.57957064725628,0,1,1,1,0,0,2,1,0,1,0
4677000.0,101,-61.263326,-144.364644,-48.694611,6.938896,102,-61.264821,-144.361072,-120.472925,25.619877,247.843901,3,-1,1,7,131.04247836644566,-48.96065372345213,179.73708936644567,71.51227127654786,71.778314,-0.000447065000000002,16.868462296643845,17.57281078560646,186.9295653352007,-162.7388609597927,0.6505965705584208,247.58015612848106,1,1,2,1,0,0,2,0,0,1,0
4678000.0,101,-61.26322,-144.364784,-32.875022,12.665529,102,-61.264887,-144.361645,-114.23313,26.907019,237.932387,3,-1,1,7,137.84657648764943,-42.15617592792677,170.72159848764943,72.07695407207324,81.35810800000002,0.0012871419999999994,17.66109633558736,21.681224006496358,159.6807452229208,-176.39127072667296,-2.2893900861211316,236.88028136810343,1,1,2,1,1,0,2,0,1,1,0
4679000.0,101,-61.263132,-144.364937,-38.08531,12.700033,102,-61.264872,-144.362068,-105.584162,24.93297,236.889954,3,-1,1,7,141.5965048644414,-38.40601080173072,179.6818148644414,67.17815119826929,67.498852,-0.0019740489999999973,16.18254254575059,16.694440927515558,147.15499372044343,-185.6401307079328,-2.2662657402120376,235.8807285699716,1,1,2,1,0,0,2,1,1,1,0
4680000.0,101,-61.263047,-144.365053,-35.139272,11.573937,102,-61.264902,-144.362486,-103.1885,24.189929,246.127197,3,-1,1,7,146.36492333323724,-33.63732752545887,-178.49580466676275,69.55117247454113,68.04922799999997,-0.0007430410000000016,16.89034931780495,14.983713777283105,136.33018980633938,-204.92114690886416,-2.3379554811632084,244.4891042567623,0,1,2,1,1,1,2,0,1,0,0
4681000.0,101,-61.263027,-144.365366,-75.938719,14.361101,102,-61.264936,-144.362914,-101.878979,23.904855,246.831495,3,-1,1,7,148.3046075737829,-31.697542447983157,-135.7566734262171,70.18143655201685,25.940260000000023,-0.00028507399999999806,9.462131275891645,8.40986547582536,129.68606459381454,-210.0174077882688,-5.083396982344358,244.1023544668057,0,1,1,1,0,2,2,1,1,1,0
4682000.0,101,-61.262997,-144.365399,-57.417231,6.207568,102,-61.264942,-144.363348,-98.476955,23.62135,238.590729,3,-1,1,7,153.11695671988082,-26.884841687151845,-149.46581228011917,71.59211331284816,41.05972399999996,-0.00028350500000000166,18.13270616878745,6.824944540584484,107.88375161756068,-212.80656028814505,1.4548372057292074,237.17936435353937,0,1,1,1,1,0,2,0,0,1,0
4683000.0,101,-61.26297,-144.365483,-56.919912,5.601312,102,-61.264909,-144.36381,-92.434195,23.783036,228.117542,3,-1,1,7,157.4710477806969,-22.53041917884849,-145.6090402193031,69.90377582115151,35.51428299999998,0.00016168599999999956,19.068188946696548,4.067368191620119,87.40328879589832,-210.708989072091,2.207554835635128,224.31163702197148,0,1,1,1,0,0,2,1,0,1,0
4684000.0,101,-61.262885,-144.365545,-23.782069,9.199931,102,-61.264827,-144.364251,-83.919695,23.875323,217.41698,3,-1,1,7,162.2375624441033,-17.763572190834754,-173.9803685558967,66.15612280916525,60.13762600000001,9.228700000000245e-05,20.031055909489126,5.889798893477318,66.32762298494578,-207.05262524654762,0.27828971419040827,217.3549481417506,0,1,2,1,1,0,2,0,0,1,0
4685000.0,101,-61.262785,-144.36553,-2.521117,10.712609,102,-61.264706,-144.364682,-74.923718,24.400288,207.770314,3,-1,1,7,168.0180957002314,-11.982647861898718,170.53921270023142,62.941070138101274,72.402601,0.0005249649999999981,23.08921759858529,4.355607455877128,43.13368908195982,-203.24366717277914,0.21381845442004582,207.71715295676535,1,1,2,1,0,0,2,0,0,1,0
4686000.0,101,-61.262729,-144.365547,-6.569612,7.01943,102,-61.264593,-144.36511,-69.865486,24.899263,207.504643,3,-1,1,7,173.56924122398212,-6.431141955720811,-179.86114677601788,63.43434404427919,63.295874000000026,0.0004989750000000015,22.574501066402913,-1.5976194263710237,23.241020598385205,-206.19901025005643,1.6442330625720747,204.0445644062356,0,1,2,1,1,2,2,1,0,1,0
4687000.0,101,-61.262612,-144.365594,-9.562091,12.178802,102,-61.264522,-144.365638,-71.434257,26.222654,217.829881,3,-1,1,7,-179.3654608543749,0.634577726611849,-169.8033698543749,72.06883472661185,61.87216599999999,0.0013233909999999973,22.83490143449346,3.6604931263300156,-2.412372469098939,-217.81652259538185,-1.6877079253155765,214.69987912111313,0,1,2,1,0,1,2,1,1,0,0
4688000.0,101,-61.262523,-144.365716,-27.157896,11.555704,102,-61.264452,-144.366046,-71.248309,25.326467,218.921744,3,-1,1,7,-175.29821182610152,4.702077531076621,-148.14031582610153,75.95038653107663,44.09041300000001,-0.0008961869999999976,18.707620179892537,2.140077316041605,-17.944930669460742,-218.18503491135633,-2.357230098979849,214.73894238681376,0,1,1,1,0,1,2,1,1,0,0
4689000.0,101,-61.262423,-144.36577,-17.844165,11.615114,102,-61.264357,-144.366415,-68.380859,24.458945,211.911475,3,-1,1,7,-170.89078054020487,9.109785021039459,-153.04661554020487,77.49064402103946,50.53669400000001,-0.000867522000000001,19.179133303616734,2.0448162309457025,-33.54917836900996,-209.23892053688283,-2.9910956197002116,204.51428702462152,0,1,1,1,1,0,2,0,1,1,0
4690000.0,101,-61.262381,-144.365835,-31.705866,6.704873,102,-61.264211,-144.366806,-62.469218,25.047412,201.964906,3,-1,1,7,-165.6892140864049,14.311637323640214,-133.98334808640487,76.78085532364021,30.763351999999998,0.0005884670000000014,18.687304282264144,-5.873322588749675,-49.92197331975137,-195.69777677697536,0.542563324938532,201.66273871676046,0,1,1,1,0,0,2,1,0,1,0
4691000.0,101,-61.262361,-144.365827,-13.753337,2.869704,102,-61.264026,-144.367115,-54.209732,25.312042,191.578394,3,-1,1,7,-159.5991879241666,20.401941442552044,-145.84585092416663,74.61167344255205,40.45639500000004,0.00026463000000000034,19.8499456135698,-12.01556145333933,-66.7814180298877,-179.56203177046262,1.5078829181184519,188.1954411203185,0,1,1,1,1,0,2,0,0,1,1
4692000.0,101,-61.262272,-144.365718,24.580699,9.593051,102,-61.263826,-144.367322,-45.310502,24.874404,183.116973,3,-1,1,7,-153.607406859953,26.393999585447784,-178.188105859953,71.70450158544779,69.89120099999997,-0.0004376380000000033,21.674384376665788,-8.769589826309621,-81.39904388118579,-164.03055037373835,-0.5776232546738462,182.58656728852182,0,1,2,1,1,0,2,0,1,1,1
4693000.0,101,-61.262169,-144.365613,25.257549,12.164445,102,-61.2636,-144.367649,-40.934842,26.918263,184.777148,3,-1,1,7,-145.6263725576469,34.37541267820693,-170.88392155764691,75.31025467820693,66.19239099999999,0.002043859000000001,22.827276401550154,-9.33403002351634,-104.32280407263282,-152.51015367324555,-1.5322990444044082,180.65199157270132,0,1,2,1,0,1,2,1,1,1,1
4694000.0,101,-61.262138,-144.365486,53.105985,7.928681,102,-61.263454,-144.367909,-41.237674,25.043301,195.651008,3,-1,1,7,-138.48487747945705,41.51724708969923,168.40913752054294,82.75492108969922,94.34365899999995,-0.001874962,22.849086555440202,-14.072224326877105,-129.68095168081575,-146.49971912114367,-1.2820378291560652,192.74685705253117,1,1,2,1,0,1,2,0,1,0,1
4695000.0,101,-61.262152,-144.365348,94.287789,7.124371,102,-61.263253,-144.368266,-40.678957,26.578521,200.140416,3,-1,1,7,-128.1250545228688,51.877504076918754,137.5871564771312,92.55646107691875,134.96674599999994,0.0015352199999999988,24.42883996593205,-20.6891156318327,-157.44348574405882,-123.56267605314073,-1.4298796400074747,196.1200188000802,1,1,1,1,1,1,2,0,1,0,1
4696000.0,101,-61.26215,-144.365308,88.417227,3.544332,102,-61.263125,-144.368461,-40.217475,23.584707,195.735827,3,-1,1,7,-122.74896508203213,57.25379957178632,148.83380791796787,97.47127457178632,128.634702,-0.002993813999999997,18.771403625322993,-17.91136346617547,-164.62337934247276,-105.88511200937666,-1.9054137224143617,190.28326111743763,1,1,1,1,0,0,2,1,1,1,1
4697000.0,101,-61.262142,-144.365321,34.275986,0.899275,102,-61.262897,-144.368653,-33.611012,24.815198,188.251392,3,-1,1,7,-115.23507746449172,64.76784413907953,-149.5110634644917,98.37885613907953,67.886998,0.0012304909999999972,14.2429466054497,-19.923363918487343,-170.2858488450605,-80.25781128996024,-1.3779992822475753,185.20279259494416,0,1,1,1,1,0,2,1,1,1,1
4698000.0,101,-61.262125,-144.365388,-55.225216,2.951682,102,-61.262657,-144.368718,-24.914182,25.222876,177.624271,3,-1,1,7,-108.3820555547427,71.62086429171843,-53.1568395547427,96.53504629171843,30.311034000000006,0.0004076780000000007,8.200884186750848,-21.192131279430974,-168.5609611537622,-56.01414127879944,-0.3942808427637432,177.4166160366975,0,0,1,1,0,0,2,1,1,1,1
4699000.0,101,-61.262127,-144.365391,-80.927151,0.821686,102,-61.262401,-144.368647,-13.914192,25.73366,164.061039,3,-1,1,7,-99.9290769310304,80.07377802637107,-19.0019259310304,93.98797002637107,67.01295899999997,0.000510784000000001,5.3767284808261175,-24.84898409665779,-161.60372411466585,-28.288882445767985,-0.26350285126026235,163.93123233388897,0,0,0,1,0,0,2,0,1,1,1
4700000.0,101,-61.262128,-144.365351,93.539792,1.317821,102,-61.262206,-144.368423,-1.156327,23.774224,147.819025,3,-1,1,7,-93.02426228284578,86.97843133544507,173.4359457171542,88.13475833544507,94.69611900000001,-0.001959436,1.7950788120063563,-23.850747074537946,-147.61315496169956,-7.7987585040119916,-0.14659142111943835,147.78228805611218,1,1,2,1,0,0,2,0,1,1,1
4701000.0,101,-61.262146,-144.365324,140.965621,2.238087,102,-61.262001,-144.368062,14.089977,24.104946,129.212338,3,-1,1,7,-83.71566922019987,96.28673153509666,135.31870977980014,82.19675453509666,126.87564400000002,0.0003307220000000015,-4.4587197030406465,-25.118214307732444,-128.43589180520263,14.14390284286921,0.3933863946994515,128.9399302809933,1,1,1,1,1,0,2,0,0,1,1
4702000.0,101,-61.262123,-144.36531,27.194111,2.109324,102,-61.261898,-144.3676,32.954474,22.250852,108.612684,3,-1,1,7,-78.45153356787472,101.55047436721789,-105.64564456787471,68.5960003672179,5.760362999999984,-0.0018540940000000034,-11.139876203294664,-16.794591646193595,-106.41389721349286,21.74390961901823,2.0107349521137734,100.69846906315874,0,1,1,1,1,0,2,1,0,1,1
4703000.0,101,-61.262137,-144.3653,148.541936,1.217979,102,-61.261836,-144.367057,52.364328,22.640354,86.445376,3,-1,1,7,-70.38938539942272,109.61215518630523,141.0686786005773,57.24782718630523,96.17760799999996,0.00038950200000000023,-17.29348205904426,-14.864031062599333,-81.43113711679459,29.013323485033123,1.9796588746925114,75.11709314582724,1,1,1,1,0,0,2,0,0,1,1
4704000.0,101,-61.262117,-144.365327,-27.041839,1.906398,102,-61.261769,-144.366526,63.003888,24.408064,71.597052,3,-1,1,7,-58.88295493021874,121.11809638532192,-31.841115930218738,58.114208385321916,90.045727,0.001767710000000001,-22.615222882852542,-9.38157278028724,-61.29519431998041,37.000500109681575,1.711060617982872,57.66573704625862,0,0,1,1,1,0,2,1,0,1,1
4705000.0,101,-61.262181,-144.365222,146.205565,6.846419,102,-61.261658,-144.366081,62.657016,25.406206,70.683867,3,-1,1,7,-38.298498133325964,141.702255060801,175.49593686667401,79.04523906080101,83.54854899999998,0.0009981420000000013,-18.75956396382863,-17.359116625788047,-43.80692460238919,55.47217690837705,-0.2823523622733799,70.48816361362877,1,1,2,1,0,2,2,1,1,0,1
4706000.0,101,-61.262169,-144.365201,84.093029,1.885419,102,-61.261506,-144.365758,55.511482,24.914239,85.151163,3,-1,1,7,-21.995820637510604,158.00466775461103,-106.0888496375106,102.49318575461103,28.581547,-0.0004919670000000024,-18.65989636263787,-13.913430214310534,-31.892428054754955,78.95311009089413,-0.9504895338691198,82.36033919781538,0,1,1,1,1,1,2,1,1,0,1
4707000.0,101,-61.262181,-144.36518,127.72482,1.715945,102,-61.261302,-144.365484,45.525319,25.676049,109.500366,3,-1,1,7,-9.441269232448413,170.5589973224491,-137.1660892324484,125.0336783224491,82.199501,0.0007618100000000006,-16.964163010203283,-19.038420954161,-17.962060284989267,108.01710301823674,-2.8841904525537383,85.40832641372184,0,1,1,1,1,1,2,0,1,0,1
4708000.0,101,-61.262207,-144.365133,139.653658,3.361256,102,-61.261067,-144.365279,36.036898,26.610579,138.60261,3,-1,1,7,-3.523746235142912,176.47638178121747,-143.17740423514292,140.43948378121746,103.61676,0.0009345300000000023,-13.479068016036386,-24.080097572352674,-8.518822893586917,138.34056944844414,-5.070047173061158,78.55809610872618,0,1,1,1,1,1,2,0,1,1,1
4709000.0,101,-61.262271,-144.365124,171.626831,6.512483,102,-61.260826,-144.365264,23.911209,25.912787,169.146819,3,-1,1,7,-2.6671921395301204,177.33293061578686,-174.29402313953014,153.42172161578685,147.71562200000005,-0.0006977919999999997,-9.554636054072988,-30.13187777684731,-7.871158165682171,168.96357964647166,-8.016749910719026,111.37814932835543,0,1,2,1,1,1,2,0,1,0,1
4710000.0,101,-61.26232,-144.365159,-169.43295,5.739296,102,-61.260585,-144.365332,13.230894,25.580608,198.116318,3,-1,1,7,-2.7448935799696192,177.2552581103901,166.6880564200304,164.02436411039008,177.33615600000002,-0.000332179,-6.907288742238829,-30.54355011379662,-9.48761357583666,197.88901092913858,-9.376171771330574,115.51720442835143,1,1,2,2,0,1,2,0,1,0,1
4711000.0,101,-61.262339,-144.365192,-149.087983,3.059133,102,-61.260366,-144.365644,-2.860848,24.730212,227.705844,3,-1,1,7,-6.2860584511595015,173.71433787240986,142.8019245488405,176.57518587240986,146.22713500000003,-0.0008503959999999999,-0.33724494397966587,-27.323995749474317,-24.932071051044474,226.3367915847046,-10.440994065951728,65.46013917968324,1,1,1,2,1,1,2,1,1,1,1
4712000.0,101,-61.262393,-144.365333,-132.949133,8.042156,102,-61.260131,-144.365804,-7.774842,25.498289,256.768658,3,-1,1,7,-5.717433903647603,174.2829790791785,127.23169909635239,-177.9421789208215,125.17429100000001,0.0007680769999999981,-2.4371054722104115,-30.743405128514116,-25.57994068352075,255.49131172262696,-14.492855844587659,199.58678567552795,1,1,1,2,1,1,2,1,1,0,1
4713000.0,101,-61.262457,-144.365395,-149.666058,8.001418,102,-61.259896,-144.365771,-4.306424,25.649936,284.15995,3,-1,1,7,-4.038120328437882,175.96220935609165,145.6279376715621,-179.73136664390836,145.359634,0.00015164700000000052,-2.114960922430785,-32.48351507320803,-20.010589940345064,283.4544998306463,-15.90806109147445,239.38584898432225,1,1,1,2,0,1,2,0,1,0,0
4714000.0,101,-61.262475,-144.365409,-149.326256,3.274375,102,-61.259683,-144.365782,-3.551352,24.996136,308.994247,3,-1,1,7,-3.6755381874386424,176.3247888663273,145.65071781256137,179.87614086632732,145.774904,-0.0006538000000000004,-0.12208031947381426,-27.764380025049633,-19.8084634103502,308.3586701495805,-14.218784716629074,89.06215308459508,1,1,1,2,2,1,2,0,1,1,1
4715000.0,101,-61.262501,-144.365438,-150.450257,3.228508,102,-61.259498,-144.365598,3.951294,23.574169,330.566627,3,-1,1,7,-1.4675604186837432,178.53257987236995,148.98269658131625,174.58128587236996,154.401551,-0.0014219669999999986,-3.2166915382284973,-26.32670196981579,-8.466128878105865,330.45819636979263,-15.921632760904965,106.9138382664055,1,1,1,2,0,1,2,0,1,0,1
4716000.0,101,-61.262571,-144.365499,-158.445395,7.58876,102,-61.259354,-144.365309,14.354111,21.780002,348.314575,3,-1,1,7,1.6267250280689871,-178.37344156749862,160.07212002806898,167.2724474325014,172.79950599999998,-0.0017941670000000017,-8.187586334090174,-28.15813628922185,9.887917074894848,348.17419814419134,-21.765185522756543,313.6761514813311,1,1,2,2,0,1,2,0,1,0,0
4717000.0,101,-61.262587,-144.365584,-122.118894,4.819413,102,-61.259262,-144.364924,28.217716,20.023291,361.801756,3,-1,1,7,5.452158101058369,-174.54842059912121,127.57105210105837,157.2338634008788,150.33661,-0.0017567109999999993,-13.549263043926366,-20.20604433698699,34.37643635951028,360.1649223174074,-17.04506358770462,197.20170542018295,1,1,1,1,1,1,2,1,1,1,1
4718000.0,101,-61.262609,-144.365634,-128.923344,3.967011,102,-61.259242,-144.364391,48.565692,19.363875,370.71384,3,-1,1,7,10.066023202043667,-169.93506668329394,138.98936720204364,141.49924131670605,177.489036,-0.0006594160000000002,-17.603670486563807,-15.306649431087166,64.79443187732096,365.0074420682965,-14.441710053715257,237.9228353655599,1,1,1,1,0,1,2,0,1,0,0
4719000.0,101,-61.26265,-144.365684,-146.888197,5.103769,102,-61.259286,-144.363842,68.395377,19.816336,374.861468,3,-1,1,7,14.750885058298607,-165.25073004195698,161.63908205829858,126.35389295804302,144.716426,0.00045246099999999954,-21.212233553644452,-11.571314996869319,95.4460597794464,362.5067859553713,-12.13185405222452,274.86450017910715,1,1,2,1,0,1,2,1,1,0,0
4720000.0,101,-61.26271,-144.365662,179.333729,6.263281,102,-61.259435,-144.363146,90.321694,23.338543,374.188209,3,-1,1,7,20.274662330766155,-159.72754374757378,-159.05906666923386,109.95076225242622,89.01203499999997,0.0035222070000000016,-23.26534344951477,-6.131821179320812,129.66401961877943,351.00435577201665,-9.559987643554422,306.74343682270916,0,1,2,1,1,2,2,1,1,0,0
4721000.0,101,-61.26272,-144.365714,-134.774659,2.777018,102,-61.259622,-144.362608,104.751993,25.626445,368.783094,3,-1,1,7,25.738192200238235,-154.26453120430838,160.51285120023826,100.98347579569162,120.47334800000002,0.0022879019999999988,-26.75307856664703,4.569494667339985,160.14760913881634,332.19529452918766,-3.7268294677493032,354.4171642041969,1,1,2,1,0,0,2,0,1,0,0
4722000.0,101,-61.262762,-144.365764,-149.711569,4.921009,102,-61.259787,-144.3624,115.692743,23.581541,358.898663,3,-1,1,7,28.533780904894837,-151.46916872225802,178.24534990489482,92.83808827774197,94.595688,-0.002044903999999999,-23.732006832529915,5.974379555747668,171.4375710868398,315.3052640268353,-3.5726155524675085,347.6225615642706,1,1,2,1,0,0,2,1,1,1,0
4723000.0,101,-61.262804,-144.365843,-140.960873,5.956986,102,-61.260073,-144.362057,129.643393,26.62668,346.221927,3,-1,1,7,33.68728432342124,-146.3160353275596,174.64815732342123,84.04057167244036,89.395734,0.003045138999999999,-24.255362856206993,12.36113123608234,192.03537711850046,288.08338492622,-1.4598716418939914,343.870023084857,1,1,2,1,1,0,2,1,1,1,0
4724000.0,101,-61.262853,-144.365932,-139.497841,6.944016,102,-61.260291,-144.362087,142.615353,24.237087,331.620591,3,-1,1,7,35.81563348308573,-144.18773790474594,175.3134744830857,73.19690909525406,77.88680599999998,-0.0023895930000000015,-19.225837756644008,13.97813897940846,194.05739144129896,268.9125233271737,0.049814137626411216,331.6185018618853,1,1,2,1,0,0,2,1,0,1,0
4725000.0,101,-61.262907,-144.366061,-133.71646,8.606581,102,-61.260648,-144.361924,153.003415,28.924383,316.690923,3,-1,1,7,41.366524102968405,-138.63710332458874,175.08298410296842,68.3594816754113,73.28012499999997,0.004687296,-19.35042582420985,19.824673856109108,209.2926352533241,237.67568983661528,0.902636994569788,315.79018845752,1,1,2,1,2,0,2,1,0,1,0
4726000.0,101,-61.262939,-144.366273,-111.549127,10.67716,102,-61.260962,-144.361886,160.517352,30.48563,307.24362,3,-1,1,7,46.85624955442691,-133.14759708585603,158.4053765544269,66.33505091414395,87.93352100000004,0.0015612470000000015,-20.098467251178654,24.81839162016006,224.17733421171053,210.10274833146627,0.8171315493879531,306.46579284484886,1,1,2,1,1,0,2,0,0,1,0
4727000.0,101,-61.263011,-144.366498,-122.542474,13.603038,102,-61.261249,-144.361848,165.010455,30.823739,308.249008,3,-1,1,7,51.76011699613923,-128.2439602566849,174.30259099613923,66.74558474331513,72.44707100000002,0.0003381089999999993,-19.439602236998255,22.457490993717823,242.10685782227432,190.7923487155843,-0.5612228827761007,307.93172270647653,1,1,2,1,0,1,2,1,1,0,0
4728000.0,101,-61.263095,-144.366742,-125.729688,15.537397,102,-61.2615,-144.361802,167.481284,29.910495,312.958259,3,-1,1,7,56.1194170631826,-123.88491447683693,-178.1508949368174,68.63380152316307,66.78902800000003,-0.0009132439999999988,-19.096318997884104,20.126132437660956,259.81833863591453,174.46289801784306,-2.2413611754629286,308.72063136857014,0,1,2,1,1,1,2,1,1,0,0
4729000.0,101,-61.263215,-144.366763,-160.981037,13.441847,102,-61.261704,-144.361823,170.740272,27.448458,310.095244,3,-1,1,7,57.53877632668769,-122.46555522002305,-141.48018667331232,66.79417277997698,28.27869100000001,-0.0024620370000000024,-8.797178757561301,14.382711862389037,261.644376428984,166.43701701997566,0.33337152083202864,310.04718241345483,0,1,1,1,0,0,2,1,0,0,0
4730000.0,101,-61.263273,-144.366878,-142.65871,9.35809,102,-61.261902,-144.361906,175.49996,25.53858,299.950368,3,-1,1,7,60.16722929956804,-119.83713031114715,-157.17406070043194,64.66290968885289,41.84133,-0.001909877999999999,-7.680008756124913,18.019827897837676,260.20126434957825,149.21637073128525,1.974828292558835,297.89152584414404,0,1,1,1,1,0,2,0,0,1,0
4731000.0,101,-61.26328,-144.367034,-103.567847,7.837577,102,-61.262117,-144.362053,-178.396478,24.989479,288.107266,3,-1,1,7,64.09967547661395,-115.90469203021661,167.66752247661395,62.49178596978339,74.82863099999997,-0.0005491010000000003,-6.919569479156406,23.141023847629008,259.1684195090167,125.84723696288715,2.5164315152742947,284.72580629404223,1,1,2,1,0,0,2,0,0,1,0
4732000.0,101,-61.263298,-144.367315,-98.768801,13.090459,102,-61.262259,-144.362351,-167.480273,22.513501,275.323705,3,-1,1,7,66.47690864949304,-113.52744395442052,165.24570964949305,53.95282904557949,68.71147200000001,-0.0024759779999999976,-8.057070828824719,19.98255177055404,252.4441112934874,109.88681999297455,0.6507275910251633,275.29813309386606,1,1,2,1,1,0,2,1,0,1,0
4733000.0,101,-61.263315,-144.36752,-99.441476,11.721957,102,-61.262409,-144.362658,-158.17999,21.774486,268.338801,3,-1,1,7,68.81703250354693,-111.18723066681497,168.25850850354692,46.992759333185035,58.73851400000004,-0.0007390150000000019,-3.4697635922907377,18.291605425220403,250.2074866817763,96.96352783653413,4.954828843772573,267.4745256932656,1,1,2,1,0,0,2,1,0,1,0
4734000.0,101,-61.263317,-144.367744,-92.358826,11.91994,102,-61.262652,-144.362861,-158.520706,24.20067,269.766601,3,-1,1,7,74.18703771785054,-105.81724387099587,166.54586371785052,52.70346212900412,66.16187999999997,0.002426183999999999,-3.0484024252775495,22.02933567544748,259.5576534897425,73.51083954079128,3.172532026005825,269.2531714248973,1,1,2,1,1,1,2,0,0,0,0
4735000.0,101,-61.263396,-144.368001,-119.406333,15.219231,102,-61.262774,-144.363025,-155.62878,21.436448,279.368592,3,-1,1,7,75.42852557088271,-104.57583756795292,-165.16514142911728,51.05294243204709,36.22244699999999,-0.002764222,-4.412693771196038,12.053625498989462,270.38257470905745,70.28565635862986,-3.9428082620696867,279.0705506935731,0,1,2,1,1,1,2,1,1,0,0
4736000.0,101,-61.263437,-144.368174,-115.906985,11.551376,102,-61.263089,-144.3631,-163.13629,25.837005,279.81179,3,-1,1,7,81.88365461702358,-98.12079445926948,-162.2093603829764,65.01549554073053,47.22930499999998,0.004400557000000003,-2.895300325941048,19.679021180571425,277.00903310630133,39.50485287298425,-0.0887010206482942,279.8095518342722,0,1,2,1,0,2,2,0,1,0,0
4737000.0,101,-61.263473,-144.368229,-129.287834,6.506958,102,-61.263333,-144.363225,-164.102794,26.580733,271.217331,3,-1,1,7,86.67181096325832,-93.33257674033473,-144.0403550367417,70.77021725966526,34.814959999999985,0.0007437279999999973,2.2445694800006732,21.44383058437922,270.75988900830424,15.745575218909691,2.2561069793922512,267.69252762728996,0,1,1,1,0,0,2,1,0,1,0
4738000.0,101,-61.263455,-144.368325,-78.95568,5.243062,102,-61.263492,-144.363432,-160.00523,24.417662,260.113139,3,-1,1,7,90.90322778735127,-89.10106259001995,169.85890778735126,70.90416740998006,81.04954999999998,-0.0021630709999999986,3.2032809905975395,23.950263262848964,260.08081890597333,-4.100331405097179,1.663377430409149,258.51396345581446,1,1,2,1,0,0,2,0,0,1,0
4739000.0,101,-61.263496,-144.368439,-122.167133,6.888739,102,-61.263815,-144.36377,-157.888128,29.494077,247.498399,3,-1,1,7,98.09011865769538,-81.91397531464882,-139.7427483423046,75.97415268535117,35.72099499999999,0.005076415000000001,5.270740834539229,23.657305830434137,245.03528084939035,-34.83057057562518,0.893527973619488,246.75694052261136,0,1,1,1,1,0,2,1,0,1,0
4740000.0,101,-61.263454,-144.368653,-71.55917,10.433434,102,-61.263894,-144.364132,-147.348761,24.965383,236.080618,3,-1,1,7,101.44565723794081,-78.55830696258109,173.0048272379408,68.79045403741891,75.789591,-0.0045286940000000015,3.57173657759356,24.320467097844173,231.3857668817316,-46.847466098124094,-1.0082932343324267,236.0452667652084,1,1,2,1,0,0,2,0,1,1,0
4741000.0,101,-61.263434,-144.368861,-77.392994,11.061891,102,-61.263971,-144.364495,-137.739179,22.605074,233.187404,3,-1,1,7,104.3519038014812,-75.65192448961041,-178.25510219851878,62.0872545103896,60.34618500000002,-0.002360309000000001,4.406871636595557,19.144211541922868,225.90999340431782,-57.801732364352894,-0.6067249130263367,233.20317552440335,0,1,2,1,1,0,2,1,1,1,0
4742000.0,101,-61.263406,-144.369175,-78.725162,15.430347,102,-61.264107,-144.36482,-135.628034,22.653106,241.415822,3,-1,1,7,108.51243902805628,-71.49137961988338,-172.76239897194372,64.13665438011664,56.902872,4.803200000000274e-05,0.7090760177445592,19.209650046652808,228.92369882225663,-76.65206604829658,-13.14328003916475,296.0988928915975,0,1,2,1,0,1,2,1,1,0,0
4743000.0,101,-61.263411,-144.369363,-90.117059,11.499153,102,-61.264336,-144.365223,-137.947604,26.157566,242.337087,3,-1,1,7,114.92739488588956,-65.07623524495523,-154.95554611411046,72.87136875504478,47.83054500000003,0.0035044599999999983,6.021468178038472,19.39935216007288,219.76159413958598,-102.13767902627048,-2.660055161419867,241.13371911292262,0,1,1,1,0,2,2,1,1,1,0
4744000.0,101,-61.263395,-144.36953,-81.117682,9.832389,102,-61.264499,-144.365633,-135.222342,26.725973,234.18056,3,-1,1,7,120.51024770923797,-59.49316935114596,-158.37207029076203,75.72917264885405,54.104659999999996,0.0005684070000000006,9.110163899460082,20.489485092808778,201.7555380051069,-118.89170520344754,-1.8192909038424028,233.0855481075086,0,1,2,1,1,0,2,0,1,1,0
4745000.0,101,-61.263391,-144.369586,-82.737293,4.930164,102,-61.264614,-144.366101,-129.223353,26.641153,223.798439,3,-1,1,7,126.1284211161915,-53.87463468610857,-151.1342858838085,75.34871831389142,46.48605999999998,-8.482000000000056e-05,15.747941050545752,17.469669015297697,180.76144378693365,-131.95090654823085,1.1099673071210432,222.6324963361426,0,1,1,1,0,0,2,1,0,1,0
4746000.0,101,-61.26335,-144.369765,-64.39238,9.175301,102,-61.264644,-144.366542,-119.416723,24.697256,215.235248,3,-1,1,7,129.86628029090244,-50.13654577810174,-165.74133970909756,69.28017722189827,55.02434299999999,-0.0019438969999999998,13.23899341476863,16.095872474405216,165.20220568456662,-137.96536963519378,-0.11263140154774536,215.2304852004505,0,1,2,1,1,0,2,0,1,1,0
4747000.0,101,-61.263271,-144.369891,-42.070525,10.691808,102,-61.264735,-144.367192,-114.252763,27.903242,208.099671,3,-1,1,7,138.44914069543043,-41.553225907293736,-179.48033430456957,72.69953709270627,72.18223800000004,0.003205985999999999,18.276573571395378,19.398364079124878,138.02930846428217,-155.73497704491527,-1.0575686001088345,207.47522097612878,0,1,2,1,1,0,2,0,1,1,0
4748000.0,101,-61.263176,-144.370023,-34.9555,12.431924,102,-61.264698,-144.367553,-103.998371,24.358118,208.937647,3,-1,1,7,142.03853308663685,-37.963632717396635,176.99403308663685,66.03473828260337,69.04287099999999,-0.0035451239999999976,16.511998150490477,16.08126117945689,128.5241022696484,-164.73158613234304,-1.6515304950305278,208.23921813774157,1,1,2,1,0,2,2,1,1,0,0
4749000.0,101,-61.263102,-144.370172,-42.119329,11.571723,102,-61.264684,-144.367991,-97.776926,23.81521,207.130938,3,-1,1,7,146.46395459568194,-33.537957799683326,-171.41671640431807,64.23896820031668,55.65759700000001,-0.0005429080000000006,15.835280393271015,11.805913756378153,114.43186513830184,-172.6515963370433,-0.836981877260192,206.8762859418039,0,1,2,1,1,0,2,1,1,1,0
4750000.0,101,-61.263049,-144.370296,-47.735202,9.397693,102,-61.264658,-144.368488,-92.413764,24.537045,198.264209,3,-1,1,7,151.62114938261223,-28.3804359495739,-160.64364861738778,64.03332805042609,44.678562,0.0007218349999999987,17.560563771590147,7.353887333538276,94.23487448820055,-174.43762495685607,1.188335104323007,197.32297242778682,0,1,2,1,0,0,2,1,0,1,1
4751000.0,101,-61.262988,-144.370435,-47.404284,9.928698,102,-61.26458,-144.36888,-84.008048,23.598067,192.010491,3,-1,1,7,154.8457449883055,-25.15561850172732,-157.7499710116945,58.852429498272684,36.60376400000001,-0.0009389779999999987,16.160152419685275,4.256577480626255,81.61535362268432,-173.80150375386648,2.270364171373576,188.88600428834536,0,1,2,1,0,0,2,1,0,1,1
4752000.0,101,-61.262873,-144.370464,-15.022198,12.228551,102,-61.264482,-144.369257,-76.192974,23.162382,184.791091,3,-1,1,7,160.16821868281932,-19.832839664965764,175.19041668281932,56.360134335034246,61.17077599999999,-0.00043568499999999946,19.323547574016285,6.282884775275848,62.692181915974636,-173.83163589975393,0.33408836256581276,184.7001245785119,1,1,2,1,0,0,2,0,0,1,1
4753000.0,101,-61.262821,-144.370467,-8.724207,6.87807,102,-61.264427,-144.369752,-76.356362,24.426319,184.956806,3,-1,1,7,167.9186877480073,-12.081939193397664,176.6428947480073,64.27442280660235,67.63215500000001,0.0012639369999999986,22.693793138215714,1.0367532823215004,38.71139204341003,-180.86030026454964,1.3530019462547878,182.43880697129444,1,1,2,1,0,2,2,0,0,1,1
4754000.0,101,-61.262725,-144.370535,-16.083846,10.464708,102,-61.264418,-144.370429,-81.773767,27.899428,195.719138,3,-1,1,7,178.27584587966555,-1.7242470654450006,-165.64030812033445,80.04951993455501,65.68992100000003,0.0034731090000000007,24.713183831481643,6.0631826294841495,5.888723993248057,-195.6305290827441,-1.7471223873392625,191.432189049494,0,1,2,1,1,1,2,1,1,0,1
4755000.0,101,-61.262651,-144.370644,-30.429642,9.885857,102,-61.264409,-144.370868,-83.703141,26.530183,198.248377,3,-1,1,7,-176.49453873913177,3.505657673091616,-146.06489673913177,87.20879867309162,53.273499000000015,-0.0013692449999999994,21.36313755640365,5.614271839602539,-12.121635017605394,-197.87744931556526,-3.0705848864423744,188.3875355173885,0,1,1,1,0,1,2,1,1,1,1
4756000.0,101,-61.262587,-144.37075,-36.616308,9.19608,102,-61.264349,-144.371474,-81.386777,28.571813,194.125962,3,-1,1,7,-168.82531272016408,11.1753221118516,-132.20900472016407,92.5620991118516,44.77046899999999,0.002041629999999998,22.764542869683723,3.102197271959442,-37.62179698064733,-190.44550274126297,-2.8420630700706773,183.635995593474,0,1,1,1,0,0,2,1,1,1,1
4757000.0,101,-61.262597,-144.37082,-86.2868,4.28386,102,-61.264274,-144.371718,-76.274939,24.340302,187.238688,3,-1,1,7,-165.5631269364458,14.437660465429154,-79.2763269364458,90.71259946542915,10.011860999999953,-0.004231510999999998,19.37040826088875,-5.497622684023658,-46.68107150355778,-181.3262359595022,0.23078678730359264,187.18216920449785,0,0,1,1,0,0,2,1,0,0,1
4758000.0,101,-61.26256,-144.370903,-51.664084,5.600372,102,-61.264132,-144.372101,-67.431172,24.575865,180.414443,3,-1,1,7,-159.87772077018604,20.123329682618163,-108.21363677018604,87.55450168261817,15.767088000000001,0.00023556299999999907,18.300961614864867,-5.958297204449882,-62.067048363945304,-169.4020447054519,-0.3344781963223204,180.2946586029566,0,1,1,1,1,0,2,0,1,1,1
4759000.0,101,-61.262497,-144.370866,1.468314,6.445229,102,-61.263964,-144.372398,-58.048984,24.29898,174.27303,3,-1,1,7,-153.3399460000047,26.661397315438155,-154.80826000000468,84.71038131543816,59.51729800000004,-0.00027688500000000004,20.782857975508996,-6.415762867354117,-78.19561853762609,-155.74509374904548,-1.2707593896167684,171.88454970405215,0,1,1,1,1,0,2,0,1,1,1
4760000.0,101,-61.262445,-144.370844,8.70925,6.017127,102,-61.263709,-144.372795,-48.1579,27.959383,169.237242,3,-1,1,7,-143.42162063935413,36.580090068662095,-152.13087063935413,84.7379900686621,56.86714999999998,0.0036604029999999987,21.740465858774186,-12.70340047640692,-100.85217681838782,-135.90468171023102,-0.7077564009339355,168.22317824883646,0,1,1,1,0,0,2,1,1,1,1
4761000.0,101,-61.26236,-144.370777,17.743208,9.306145,102,-61.26346,-144.373051,-40.178974,28.841674,165.31522,3,-1,1,7,-135.17551769398654,44.82647622903672,-152.91872569398654,85.00545022903671,57.922181999999964,0.0008822910000000022,21.444055544716463,-13.172516508753581,-116.53687193877984,-117.25305728369231,-1.4540241585154612,160.9112211805625,0,1,1,1,1,0,2,0,1,1,1
4762000.0,101,-61.262291,-144.370634,38.692648,10.065825,102,-61.263317,-144.373155,-36.218739,24.495422,172.081302,3,-1,1,7,-130.24834079351194,49.75386970558737,-168.94098879351193,85.97260870558736,74.91138700000005,-0.004346252,20.766174271942045,-11.905617333210113,-131.3412568623024,-111.18205225595496,-2.463474437863594,161.7805064192803,0,1,2,1,1,1,2,0,1,0,1
4763000.0,101,-61.262191,-144.370455,39.201325,13.736299,102,-61.263171,-144.373381,-36.677721,22.988867,189.688506,3,-1,1,7,-124.86288403587244,55.139681578002005,-164.06420903587244,91.817402578002,75.87904600000002,-0.0015065550000000023,22.41354652578923,-7.792586016025707,-155.64365632969933,-108.42869340185963,-4.719063709812338,153.52857829374855,0,1,2,1,0,1,2,0,1,1,1
4764000.0,101,-61.262164,-144.370313,62.070626,8.951111,102,-61.263038,-144.37372,-41.554125,22.808287,210.207035,3,-1,1,7,-118.08383007420213,61.91915729419295,179.84554392579787,103.47328229419296,103.624751,-0.0001805799999999991,23.037894420526012,-12.875565804796938,-185.45720806592118,-98.95767549758253,-4.513901344998247,176.94595525589938,1,1,2,1,0,1,2,0,1,0,1
4765000.0,101,-61.262183,-144.37027,105.400261,4.052726,102,-61.262797,-144.374161,-40.695785,27.180971,227.245377,3,-1,1,7,-108.1717856336782,71.83162611805031,146.4279533663218,112.52741111805031,146.096046,0.004372684,21.630361410137187,-21.684375257205428,-215.9116821072054,-70.87035274012126,-3.6946167831872097,203.20326874653804,1,1,1,1,1,1,2,0,1,0,0
4766000.0,101,-61.262165,-144.370162,73.994085,5.490035,102,-61.262618,-144.374529,-41.962766,27.414173,240.483709,3,-1,1,7,-102.17687570917703,77.82695341079821,-176.17096070917702,119.78971941079821,115.95685099999997,0.00023320200000000212,23.607623113796024,-18.870813706582005,-235.07309111665072,-50.725300662090845,-5.309260943329067,186.5931784233469,0,1,2,1,1,1,2,1,1,1,1
4767000.0,101,-61.262221,-144.370111,145.333547,6.012803,102,-61.262467,-144.374804,-42.101603,25.786075,249.677491,3,-1,1,7,-96.22407094375866,83.7800440210564,118.44238205624134,125.8816470210564,172.56484999999998,-0.0016280980000000014,20.708277014839624,-24.07755448251422,-248.20576799086263,-27.06928606596711,-5.738791545417149,209.86043658011744,1,1,1,1,0,1,2,0,1,0,0
4768000.0,101,-61.262215,-144.370001,93.172871,5.236284,102,-61.262312,-144.374974,-38.910434,23.770249,254.658404,3,-1,1,7,-92.32530410564966,87.67905636834215,174.50182489435034,126.58949036834215,132.083305,-0.0020158260000000005,20.1584640234874,-18.78613658135833,-254.44871161528553,-10.33227395825641,-7.2866335669339355,182.3270888353928,1,1,2,1,0,1,2,1,1,1,1
4769000.0,101,-61.26226,-144.369987,154.715718,4.66775,102,-61.262087,-144.375014,-28.516927,23.627273,255.335798,3,-1,1,7,-85.90815400882053,94.09625381025496,119.37612799117946,122.61318081025496,176.76735499999995,-0.00014297600000000088,13.273736070824247,-24.981298641998592,-254.68493375785346,18.21961187991103,-6.475376251117774,221.52979192705857,1,1,1,1,1,2,2,0,1,0,0
4770000.0,101,-61.262267,-144.369967,133.711736,1.887147,102,-61.26188,-144.374919,-17.073555,22.53984,251.697667,3,-1,1,7,-80.77001035065942,99.23433170204667,145.51825364934058,116.30788670204667,150.78529099999997,-0.0010874329999999972,7.981755955257082,-22.850554429540338,-248.43879764953536,40.37176483256712,-5.643540521028624,221.84773053240974,1,1,1,1,0,0,2,1,1,0,0
4771000.0,101,-61.262317,-144.369875,141.35026,6.256498,102,-61.261759,-144.374725,-5.395388,18.869902,245.620639,3,-1,1,7,-76.54488348399688,103.45936913073749,142.1048565160031,108.85475713073748,146.74564800000002,-0.003669938000000002,5.6818472141309755,-23.672490459681622,-238.87896524734393,57.15188767771876,-8.223916270801533,236.29749273410403,1,1,1,1,1,0,2,1,1,0,0
4772000.0,101,-61.262333,-144.369777,115.693917,5.401541,102,-61.261563,-144.374356,12.485022,20.310493,236.648629,3,-1,1,7,-70.72502971427201,109.27898527678467,173.581053285728,96.79396327678467,103.20889499999998,0.0014405910000000013,0.4766416456270637,-22.17211229092802,-223.38334856305715,78.11820013502205,-5.692483002368782,225.85066611160102,1,1,2,1,0,0,2,1,1,1,0
4773000.0,101,-61.262385,-144.369681,135.548083,7.280461,102,-61.261421,-144.37389,29.269158,21.141465,225.433502,3,-1,1,7,-64.53097336450432,115.47271719889376,159.9209436354957,86.20355919889376,106.27892500000002,0.0008309719999999992,-5.237753096702549,-23.639461337317933,-203.52539663610165,96.94161515108728,-3.912402006100258,224.0618767344834,1,1,2,1,1,0,2,0,1,1,0
4774000.0,101,-61.262434,-144.369629,147.825577,6.437879,102,-61.261386,-144.373397,48.267437,20.115935,212.278756,3,-1,1,7,-59.95360389492543,120.04969998810506,152.22081910507455,71.78226298810506,99.55814000000004,-0.0010255299999999998,-11.583556676765742,-18.839484467034197,-183.7527871843325,106.28820936913435,0.4124689830884109,212.22973595508856,1,1,1,1,1,0,2,1,0,1,0
4775000.0,101,-61.262525,-144.369543,155.499898,10.268711,102,-61.261365,-144.372816,64.348932,21.928266,198.232879,3,-1,1,7,-53.606517475733966,126.39635237912277,150.89358452426603,62.04742037912277,91.15096600000004,0.0018123310000000004,-15.50878895973758,-18.836635306612614,-159.56979486924905,117.61698381617519,0.7724333704837352,198.11869427533014,1,1,1,1,1,0,2,1,0,1,1
4776000.0,101,-61.262583,-144.36939,134.482973,9.957503,102,-61.261438,-144.372276,82.015007,22.737908,183.547143,3,-1,1,7,-50.4730476819461,129.52948284245986,175.0439793180539,47.51447584245986,52.46796600000005,0.0008096420000000002,-15.4131850578652,-10.135802651639056,-141.57455194019758,116.81695059534275,3.905450280600127,176.30681310986856,1,1,2,1,0,0,2,1,0,1,1
4777000.0,101,-61.262728,-144.369385,171.484436,14.846831,102,-61.261591,-144.371814,100.232304,23.589615,168.634944,3,-1,1,7,-45.76839703587282,134.23373278131632,142.7471669641272,34.00142878131632,71.25213199999996,0.0008517069999999976,-21.015946538857186,-10.49270464658656,-120.83131500954097,117.63306359586244,3.0681117685424333,160.07291850313604,1,1,1,1,1,0,2,0,0,1,1
4778000.0,101,-61.262867,-144.369484,-168.233993,15.655171,102,-61.261797,-144.371445,116.799526,24.814455,151.795569,3,-1,1,7,-41.386304495938745,138.61541496826067,126.84768850406125,21.815888968260666,74.96648099999999,0.0012248400000000005,-25.34145150941543,-4.1381358226626475,-100.35699102799623,113.88752837708105,3.3145246513455033,128.6482322209631,1,1,1,0,1,0,2,0,0,1,1
4779000.0,101,-61.262972,-144.369457,179.220201,12.303275,102,-61.262022,-144.371153,129.357303,25.984287,139.034197,3,-1,1,7,-40.641889473676436,139.35959763282236,140.13790952632357,10.002294632822355,49.86289799999997,0.0011698319999999996,-19.923772881471805,4.175916833560496,-90.55702584747024,105.49849764378362,5.182042328394272,84.81326994109888,1,1,1,0,0,0,2,1,0,1,1
4780000.0,101,-61.263102,-144.369324,159.992323,15.062537,102,-61.262197,-144.370856,133.295604,25.745843,131.43189,3,-1,1,7,-39.14276675392974,140.85857655405488,160.86491024607025,7.5629725540548804,26.696718999999916,-0.00023844399999999765,-13.584890311202903,3.5020695167477154,-82.96702310216503,101.93534610985984,7.060129390825881,78.28777919396106,1,1,2,0,0,0,2,1,0,1,1
4781000.0,101,-61.263252,-144.369179,156.581224,17.670981,102,-61.262417,-144.370781,145.867979,24.661813,131.527634,3,-1,1,7,-42.69008449220445,137.31132019655442,160.72869150779556,-8.556658803445572,10.713245000000029,-0.001084030000000002,-6.81447785219839,4.198414899810398,-89.18000743207885,96.67701267650091,14.330260076537524,37.4829054597816,1,1,2,0,2,2,2,1,0,1,1
4782000.0,101,-61.263298,-144.368969,124.757421,12.262293,102,-61.262676,-144.370915,164.020861,24.723575,141.279295,3,-1,1,7,-56.38482737900541,123.61687894343416,178.8577516209946,-40.40398205656584,39.263439999999946,6.176200000000165e-05,3.268282715235692,16.777533047253556,-117.65381780210396,78.21392684353822,4.3827501930445605,132.06091362380505,1,1,2,1,0,1,2,0,0,0,1
4783000.0,101,-61.26338,-144.368791,132.003353,13.079963,102,-61.262869,-144.371147,178.971312,22.908307,157.791441,3,-1,1,7,-65.71994619087248,114.28211963678754,162.27670080912753,-64.68919236321247,46.96795900000001,-0.0018152679999999997,9.308521139913456,14.151842500981349,-143.83423270325727,64.88337503183475,-1.86369574484139,155.97033370054848,1,1,2,1,1,1,2,0,1,0,1
4784000.0,101,-61.263457,-144.368822,169.948223,8.772713,102,-61.26313,-144.371462,-168.302403,25.795955,163.919179,3,-1,1,7,-75.55432919782295,104.44798565536983,114.49744780217702,-87.24961134463018,21.749374000000017,0.0028876479999999987,6.761204810837706,16.622151312739682,-158.7368120752409,40.89158515176081,-1.2191634086564558,162.44545493426932,1,1,1,1,1,1,2,1,1,0,1
4785000.0,101,-61.263491,-144.368792,160.906255,4.861009,102,-61.263335,-144.371709,-162.255439,25.586212,164.052115,3,-1,1,7,-83.6541168812795,96.34844085894926,115.43962811872052,-101.39612014105074,36.83830600000002,-0.00020974299999999957,9.388116994084971,19.775362413865953,-163.04692836055847,18.132721476936123,-2.449645940181385,155.0680595229692,1,1,1,1,0,2,2,0,1,1,1
4786000.0,101,-61.263533,-144.368917,-136.502108,6.331469,102,-61.26356,-144.371846,-162.731071,25.774438,159.4825,3,-1,1,7,-91.09969822067058,88.90287004501731,45.40240977932942,-108.36605895498269,26.228962999999993,0.0001882260000000002,3.2931975136906377,20.01973020785713,-159.45312543210247,-3.060816261096728,-1.5328712428235072,156.8571674684391,1,0,1,1,1,0,2,1,1,0,1
4787000.0,101,-61.263573,-144.368877,176.042767,4.510139,102,-61.263777,-144.371884,-166.492917,25.134844,157.628496,3,-1,1,7,-98.0331672258339,81.96946943661335,85.92406577416608,-111.53761356338663,17.464315999999968,-0.0006395939999999989,6.1818871427668265,19.94025460014039,-156.08174095421887,-22.028002449657848,-3.2050116042063284,142.5593248406455,1,0,1,1,0,0,2,1,1,1,1
4788000.0,101,-61.263609,-144.368829,154.751433,4.527067,102,-61.263934,-144.371835,-171.752964,22.040943,154.734639,3,-1,1,7,-102.67512712905491,77.32750865899621,102.5734398709451,-110.9195273410038,33.49560299999999,-0.0030939010000000026,5.092587143807046,17.71843605090885,-150.96373886149408,-33.952290871441065,-4.114705605463065,135.7195859115391,1,1,1,1,0,0,2,0,1,1,1
4789000.0,101,-61.263678,-144.368721,146.675808,8.544224,102,-61.264051,-144.371768,-176.920637,18.457844,156.881229,3,-1,1,7,-104.28645976718701,75.71621197370942,109.037732232813,-107.36315102629058,36.40355500000004,-0.003583098999999997,5.685528547054994,11.291848411371257,-152.02953196594518,-38.71358189015957,-9.031614826983175,118.90990904601847,1,1,1,1,0,1,2,0,1,1,1
4790000.0,101,-61.263707,-144.368698,150.033014,4.409857,102,-61.264117,-144.371695,177.647729,14.233288,157.020819,3,-1,1,7,-105.88487292493853,74.11775497519919,104.08211307506144,-103.52997402480081,27.614715000000047,-0.004224556000000002,1.6185458826856238,10.400976520862157,-151.02476013838708,-42.97742924574953,-6.603651957524878,142.67153898781476,1,1,1,1,1,2,2,1,1,0,1
4791000.0,101,-61.263762,-144.368641,153.828385,6.459397,102,-61.26417,-144.371649,173.847692,11.104909,160.512993,3,-1,1,7,-105.75636474925479,74.24627279735623,100.4152502507452,-99.60141920264377,20.019307000000026,-0.0031283790000000006,1.6588568123289773,5.243790302263084,-154.48172970009506,-43.586880029256676,-17.975337600214534,134.5680933462719,1,1,1,1,1,1,2,1,1,1,1
4792000.0,101,-61.263797,-144.368679,-170.663982,4.252774,102,-61.264248,-144.371612,171.983481,10.245326,162.934441,3,-1,1,7,-107.73728003213559,72.26529175265959,62.92670196786442,-99.71818924734042,17.352537000000012,-0.0008595829999999988,-2.118701508582075,5.948766208667021,-155.18910104821217,-49.63844256048199,0.8422437689853439,162.84799423396925,1,0,1,1,1,1,2,1,0,0,1
4793000.0,101,-61.26385,-144.368741,-155.560081,6.18258,102,-61.264373,-144.371534,168.738054,11.795241,161.194196,3,-1,1,7,-111.28139662578928,68.72105240277621,44.27868437421071,-100.0170015972238,35.70186499999997,0.0015499150000000005,-4.861522682194342,5.939524952010142,-150.2022223368911,-58.50522394748648,6.794334058394317,153.30527394413457,1,0,1,1,1,0,2,0,0,1,1
4794000.0,101,-61.26391,-144.36867,162.926274,6.839808,102,-61.264517,-144.371456,167.63092,13.569866,163.567358,3,-1,1,7,-114.38022230730718,65.6222205857511,82.69350369269284,-102.00869941424891,4.704646000000025,0.0017746249999999986,-0.8985956668010981,6.716520248311668,-148.98143584336432,-67.51897790362122,-7.108825522366293,156.62246709168272,1,0,1,1,0,1,2,1,1,0,1
4795000.0,101,-61.263938,-144.368689,-177.072575,3.639237,102,-61.264469,-144.371496,168.134127,6.363587,162.405498,3,-1,1,7,-111.47946285645433,68.52299845015395,65.59311214354567,-99.61112854984606,14.793297999999965,-0.0072062789999999995,-1.4943485573586905,2.593119644260199,-151.12625381380528,-59.467648253763194,7.831096555755947,160.63313534470464,1,0,1,1,1,0,2,0,0,0,1
4796000.0,101,-61.263956,-144.368722,-150.513368,2.614898,102,-61.264503,-144.371479,167.428011,5.439929,161.871294,3,-1,1,7,-112.42611613739341,67.5763013273877,38.08725186260661,-99.8517096726123,42.05862100000002,-0.0009236579999999996,-2.471194503794785,3.0333056787424035,-149.6293307722685,-61.75256426965201,12.608304657266881,155.03237930504076,1,0,1,1,1,2,2,0,0,1,1
4797000.0,101,-61.264005,-144.368688,169.351172,5.015737,102,-61.26456,-144.371435,164.739041,5.879809,161.791916,3,-1,1,7,-112.79526934742397,67.2071393502194,77.85355865257606,-97.53190164978058,4.612130999999977,0.0004398799999999996,-0.6208055313040384,0.7431121551000972,-149.1551816746143,-62.684574358958905,45.79216772622077,154.68841431956534,1,0,1,1,0,2,2,1,0,1,1
4798000.0,101,-61.264057,-144.368649,162.57748,5.936053,102,-61.264562,-144.371425,161.121179,3.814877,161.675175,3,-1,1,7,-110.72714410953893,69.27529001719113,86.69537589046104,-91.84588898280889,1.4563010000000531,-0.002064932,0.5429773371397508,-2.054067219941833,-151.21098626678864,-57.21975046699944,8.020208194162743,160.813318844866,1,0,1,1,0,2,2,1,0,0,1
4799000.0,101,-61.264083,-144.368483,115.847827,7.622826,102,-61.264644,-144.371357,160.812624,6.072561,161.518838,3,-1,1,7,-112.09903956945087,67.90348048986827,132.05313343054914,-92.90914351013173,44.96479700000003,0.0022576840000000003,4.864402365606313,2.4118044169150554,-149.6528464337422,-60.76479723613838,-43.441298896826744,75.75596194473978,1,1,1,1,0,2,2,0,1,1,1
4800000.0,101,-61.264161,-144.368506,172.265037,7.963864,102,-61.264634,-144.371355,155.662378,3.40975,161.225997,3,-1,1,7,-109.05251414383487,70.94998399510469,78.68244885616514,-84.7123940048953,16.602659000000017,-0.0026628110000000006,-0.3333379102784986,-4.784667528077022,-152.39400153179128,-52.62974829668494,15.157535107962216,148.6783983072996,1,0,1,1,1,2,2,1,0,0,1
4801000.0,101,-61.264198,-144.368534,-170.609765,4.750575,102,-61.264644,-144.371343,153.854962,2.630934,160.916197,3,-1,1,7,-108.27722089251299,71.72524217292894,62.332544107487024,-82.12971982707106,35.53527299999999,-0.000778816,-1.9344011975390636,-2.3251764902674372,-152.7980129532767,-50.46572791977835,50.56404137779143,86.75587743604379,1,0,1,1,1,2,2,0,0,1,1
4802000.0,101,-61.264233,-144.368509,169.396517,4.123563,102,-61.26467,-144.371324,156.528519,2.785401,160.562723,3,-1,1,7,-107.89649394056892,72.10597438668296,82.70698905943107,-84.42254461331703,12.867998000000057,0.0001544669999999999,-0.35062309915942136,-1.498217147148294,-152.7936082323879,-49.34066578900509,64.98569175924419,138.5937438262401,1,0,1,1,0,2,2,1,0,0,1
4803000.0,101,-61.26425,-144.368506,171.616152,2.224663,102,-61.264616,-144.371345,29.072183,0.817888,160.144956,3,-1,1,7,-105.0120589102306,74.99043046084059,83.37178908976938,45.91824746084059,142.54396900000006,-0.0019675129999999997,-0.07305578595103246,-2.9157299311672102,-154.67942194075889,-41.481120528676875,-999,2963.054320072849,1,0,1,1,0,2,2,0,1,0,0
4804000.0,101,-61.264305,-144.36848,168.879489,5.62763,102,-61.264632,-144.371336,121.725628,0.513189,160.11667,3,-1,1,7,-103.39683774502844,76.60566653325695,87.72367325497157,-45.11996146674305,47.153861000000006,-0.00030469899999999996,0.6489130024223857,-5.252102280944909,-155.75968202224627,-37.098105992322985,6.446213548057031,159.97556635689233,1,0,1,1,0,2,2,1,0,1,1
4805000.0,101,-61.264354,-144.368367,139.725867,7.210028,102,-61.26464,-144.371327,137.610926,0.652245,159.948415,3,-1,1,7,-101.36487639353795,78.63771907776326,118.90925660646207,-58.97320692223674,2.1149409999999875,0.00013905599999999995,4.221170902163071,-5.019227133224388,-156.81217188411193,-31.51885483325754,-11.956926952790813,140.30874429844627,1,1,1,1,0,2,2,1,1,1,1
4806000.0,101,-61.264415,-144.368356,164.988259,6.765413,102,-61.264732,-144.371282,165.86127,4.360001,160.229852,3,-1,1,7,-102.7005782460193,77.30198741435547,92.31116275398068,-88.55928258564452,0.8730110000000195,0.003707756,0.6873369477872846,-2.3066041827590844,-156.30940007887935,-35.22750230888844,-4.473382283940121,159.86021716934658,1,1,1,1,1,2,2,1,1,0,1
4807000.0,101,-61.264457,-144.368342,168.291873,5.055796,102,-61.264703,-144.371286,154.298554,1.538196,160.676984,3,-1,1,7,-99.86112450719025,80.14145693651712,91.84700249280974,-74.15709706348288,13.993319000000042,-0.0028218049999999993,0.3588657662662822,-3.5645890599037453,-158.3031027444116,-27.517646135317,3.6124338066543573,160.26960929172708,1,1,1,1,2,2,2,0,0,0,1
4808000.0,101,-61.264508,-144.36833,172.528998,5.686781,102,-61.264791,-144.371259,168.634448,4.678923,161.504761,3,-1,1,7,-101.36473155935204,78.6378367334849,86.10627044064796,-89.99661126651509,3.894549999999981,0.003140727,-0.18264543695797308,-1.0513362020288302,-158.33808174811085,-31.82514248193856,58.1793771684072,150.5977808697087,1,0,1,1,1,2,2,1,0,1,1
4809000.0,101,-61.264552,-144.368254,147.848589,5.862773,102,-61.264815,-144.371252,169.038763,3.908899,160.422151,3,-1,1,7,-100.34232308860257,79.66030570774875,111.80908791139743,-89.37845729225124,21.190174000000013,-0.0007700240000000002,2.376667397524398,-1.1261008077167918,-157.81572296560654,-28.80041868288948,-43.87987997868963,94.77655376110316,1,1,1,1,0,0,2,0,1,1,1
4810000.0,101,-61.264532,-144.368285,-15.888553,1.054003,102,-61.264837,-144.371233,166.047037,3.415038,159.994357,3,-1,1,7,-102.14607361381864,77.85651134009461,-86.25752061381864,-88.19052565990538,178.06440999999995,-0.0004938609999999998,-1.1120032014448047,4.3280098012581165,-156.41278072300832,-33.66357524594746,2.5314847042851105,159.94750640797395,0,0,1,1,1,2,2,0,0,0,1
4811000.0,101,-61.264592,-144.368322,-164.443173,5.64049,102,-61.264782,-144.37124,58.292721,0.530632,159.905551,3,-1,1,7,-97.71429881171497,82.28825983656968,66.72887418828503,23.99553883656968,137.26410599999997,-0.0028844060000000004,-1.9641776963499986,-5.71273966577123,-158.45836276214308,-21.46468055561658,-999,6108.425764156751,1,0,1,1,0,2,2,1,1,0,0
4812000.0,101,-61.264673,-144.368281,172.322031,8.496437,102,-61.264748,-144.371243,9.100888,1.611838,159.81721,3,-1,1,7,-93.01615155130892,86.9864456790753,94.66181744869107,77.8855576790753,163.22114300000004,0.0010812060000000001,0.8802177129462696,-10.01181057842431,-159.5958218814087,-8.40917654599794,-999,10036.049579706438,1,1,1,1,0,2,2,0,1,0,0
4813000.0,101,-61.264709,-144.368234,155.612959,5.20654,102,-61.264824,-144.371232,170.781432,2.266751,159.69832,3,-1,1,7,-94.56314274756899,85.4394860507994,109.82389825243104,-85.34194594920059,15.168472999999949,0.0006549130000000001,1.7866362956721518,-2.50452270710959,-159.19211826415088,-12.705230946149507,-24.14952999896424,137.1973994708384,1,1,1,1,0,2,2,1,1,1,1
4814000.0,101,-61.264742,-144.368241,175.000393,3.871611,102,-61.264847,-144.371231,173.8032,2.394246,159.520836,3,-1,1,7,-94.17903409113839,85.82358769312343,90.8205729088616,-87.97961230687658,1.1971929999999702,0.0001274949999999997,0.07896259023463709,-1.476624258845372,-159.0967036088528,-11.624801888021137,2.1162176974232434,159.49046625532122,1,1,1,1,1,2,2,1,0,0,1
4815000.0,101,-61.264785,-144.368279,-163.523902,4.866256,102,-61.264818,-144.371234,151.835366,0.283149,158.142889,3,-1,1,7,-91.33196633267521,88.670624762066,72.19193566732478,-63.164741237933995,44.640731999999986,-0.002111097,-1.513793025398312,-4.416815713344255,-158.1001581684823,-3.6760479277618643,12.69113705074972,148.43679391737302,1,0,1,1,1,0,2,0,0,1,1
4816000.0,101,-61.264837,-144.368284,-174.325314,5.611769,102,-61.264806,-144.371235,10.294119,0.402363,157.856735,3,-1,1,7,-88.74954864061128,91.25303894711944,85.57576535938871,80.95891994711944,175.38056699999999,0.00011921400000000004,-0.626795108015574,-5.980154022159504,-157.81914223903672,3.444869779094535,-999,6021.9798323859695,1,0,1,1,0,2,2,0,1,0,0
4817000.0,101,-61.264902,-144.368286,-177.803764,7.00485,102,-61.26475,-144.371224,5.20928,2.620345,157.451953,3,-1,1,7,-83.85919612674374,96.14338006212269,93.94456787325626,90.9341000621227,176.98695600000002,0.0022179820000000003,-0.5063522919260224,-9.609226695186672,-156.54849601789223,16.842977707347004,-999,9605.640703753494,1,1,1,1,0,2,2,0,1,0,0
4818000.0,101,-61.264938,-144.36826,168.312998,4.59169,102,-61.264748,-144.371219,8.255595,1.724571,157.437587,3,-1,1,7,-82.39385209106597,97.60874251203896,109.29314990893403,89.35314751203896,160.05740300000002,-0.0008957739999999999,0.6824864768953259,-6.203198615855063,-156.05234771542476,20.838871679789616,-999,6198.493725499878,1,1,1,1,0,2,2,1,1,1,0
4819000.0,101,-61.265003,-144.368271,-178.785002,6.769494,102,-61.264735,-144.371206,13.736388,1.656847,157.624634,3,-1,1,7,-79.2471016597035,100.75547189953774,99.53790034029649,87.01908389953773,167.47861000000003,-6.772400000000011e-05,-0.5369680081775787,-8.377430703811143,-154.85689691081913,29.40861647180787,-999,8368.246650936027,1,1,1,1,1,2,2,0,1,0,0
4820000.0,101,-61.265038,-144.368302,-164.164135,4.565042,102,-61.264869,-144.371225,-179.231227,4.692272,156.838432,3,-1,1,7,-83.14369144693059,96.85887159218751,81.0204435530694,-83.90990140781253,15.067092000000002,0.003035425,-1.1827628666398302,0.30006298532431686,-155.7168277970805,18.723335521028414,132.06739507758212,20.910886614067483,1,0,1,1,1,2,2,1,0,1,1
4821000.0,101,-61.265052,-144.36834,-137.418993,2.659584,102,-61.264933,-144.371232,-178.29157,5.647392,156.261158,3,-1,1,7,-85.10926802820326,94.89326782946296,52.30972497179674,-86.81516217053706,40.87257700000001,0.00095512,-1.6311919874776573,3.68657296695918,-155.69222674874538,13.322163094566175,22.169885485051427,137.72040598896484,1,0,1,1,1,2,2,0,0,0,1
4822000.0,101,-61.265131,-144.368281,167.312081,7.95568,102,-61.264906,-144.371211,173.977922,2.322005,155.951213,3,-1,1,7,-80.92607076254515,99.07649841615333,111.76184823745484,-74.90142358384668,6.665841,-0.003325387,1.503784129927252,-5.452218160153876,-153.99958801220967,24.59487199074348,-11.146062118308878,141.92621536056907,1,1,1,1,0,2,2,1,1,0,1
4823000.0,101,-61.265141,-144.368315,-158.673807,2.265795,102,-61.264897,-144.371197,158.953181,1.13303,157.042659,3,-1,1,7,-80.01367120203437,99.98885588791447,78.66013579796564,-58.96432511208553,42.37301200000002,-0.0011889749999999999,-1.2309236559541736,-1.053202360125473,-154.6633306013476,27.2332684980802,61.51403033200491,121.24303737955559,1,0,1,1,1,1,2,0,0,1,1
4824000.0,101,-61.265185,-144.368274,162.905135,4.693479,102,-61.264916,-144.371197,168.982323,1.492823,157.408999,3,-1,1,7,-79.16458497984245,100.8379780617409,117.93028002015757,-68.14434493825911,6.077187999999978,0.000359793,1.0943738894304063,-3.020810424495089,-154.60259190319152,29.5910720150051,-24.193633922520007,135.30656194058253,1,1,1,1,0,2,2,1,1,0,1
4825000.0,101,-61.265231,-144.368342,-156.168239,5.538646,102,-61.264927,-144.37118,160.439151,1.442029,155.850451,3,-1,1,7,-77.44034876228625,102.56213974739956,78.72789023771375,-57.877011252600454,43.39260999999996,-5.079400000000001e-05,-2.7207058765058196,-3.707593547570676,-152.12097160405327,33.89060452606619,13.273491722069966,142.70230833803183,1,0,1,1,1,0,2,0,0,0,1
4826000.0,101,-61.265302,-144.368289,169.186827,7.542347,102,-61.265015,-144.37118,176.002341,4.632059,155.339645,3,-1,1,7,-78.33399347198838,101.66854151287404,112.47917952801163,-74.33379948712596,6.815514000000007,0.00319003,1.0920709156605106,-2.7876374339381202,-152.1307864300001,31.410653111893833,-27.321464116653456,130.22476384980254,1,1,1,1,0,2,2,1,1,1,1
4827000.0,101,-61.265323,-144.368348,-149.248943,3.68787,102,-61.265084,-144.371181,177.970352,5.806044,156.661137,3,-1,1,7,-80.04833898286986,99.95414514557145,69.20060401713013,-78.01620685442855,32.780704999999955,0.001173985,-2.091271425895687,2.6330571503376827,-154.30399865489252,27.073748267347305,39.6069899713363,105.21710305164446,1,0,1,1,1,1,2,0,0,1,1
4828000.0,101,-61.265371,-144.3683,165.399577,5.147976,102,-61.265173,-144.371194,-179.367006,7.351814,157.229211,3,-1,1,7,-81.90175503302954,98.1007825851608,112.69866796697045,-82.5322114148392,15.233416999999974,0.0015457700000000001,1.3789037204191597,2.369631339150832,-155.6613170961326,22.149021458741114,-22.76417321467425,145.71687856852176,1,1,1,1,0,2,2,1,1,0,1
4829000.0,101,-61.265412,-144.368352,-160.937972,4.959337,102,-61.265268,-144.371229,-175.590455,8.614115,158.404199,3,-1,1,7,-84.05751162522138,95.94501108818888,76.88046037477862,-88.46453391181115,14.65248299999999,0.001262301,-0.9573803500504717,3.9012223028192397,-157.55298498232048,16.399609263403125,14.19573913614571,149.14644261163937,1,0,1,1,1,1,2,1,0,0,1
4830000.0,101,-61.265447,-144.368374,-161.849856,4.145004,102,-61.265353,-144.371259,-173.893772,8.978404,156.372703,3,-1,1,7,-86.12405820257719,93.87847152692586,75.7257977974228,-92.22775647307412,12.043916000000024,0.0003642889999999994,-0.33615047975651746,4.988701028185078,-156.01503955901075,10.570225869229308,4.36622771166237,154.9534662900784,1,0,1,1,1,0,2,1,0,0,1
4831000.0,101,-61.265476,-144.368384,-167.254164,3.485791,102,-61.265409,-144.371268,-174.117618,7.954878,154.349457,3,-1,1,7,-87.23468615171939,92.76784270201051,80.01947784828062,-93.1145392979895,6.86345399999999,-0.0010235259999999994,0.04621090024962915,4.513095235866045,-154.16972127938777,7.446604382585324,1.319833354231518,154.23790981686275,1,0,1,1,0,0,2,1,0,1,1
4832000.0,101,-61.26553,-144.36837,176.648828,5.555742,102,-61.265458,-144.371266,-175.791837,6.970119,153.681106,3,-1,1,7,-87.04087877553005,92.96166060166563,96.31029322446994,-91.24650239833437,7.559335000000033,-0.0009847589999999995,0.8362337886125064,1.4050860681978081,-153.4761907906644,7.933549128279057,-43.708953030193015,135.94381943147621,1,1,1,1,0,2,2,0,1,1,1
4833000.0,101,-61.265571,-144.368372,179.64392,4.748892,102,-61.26549,-144.371267,-176.239373,5.687337,155.024356,3,-1,1,7,-86.67046453829575,93.332073963038,93.68561546170423,-90.428553036962,4.116707000000019,-0.001282782,0.40253531110187496,0.9262905945613493,-154.76267647286036,9.003606175943714,-52.41462450002564,145.52869597805514,1,1,1,1,1,1,2,1,1,0,1
4834000.0,101,-61.265617,-144.368416,-161.601778,5.344325,102,-61.265479,-144.371272,-173.619903,3.051055,155.891173,3,-1,1,7,-84.26183975261705,95.74066455159512,77.33993824738295,-90.63943244840488,12.018124999999998,-0.0026362820000000006,-1.3477290985887564,-2.0389956008321777,-155.11003353149005,15.586382427489912,27.42616321193058,138.10190582470995,1,0,1,1,1,2,2,0,0,1,1
4835000.0,101,-61.265649,-144.368442,-158.751455,4.139506,102,-61.265484,-144.371274,-172.864894,2.081658,154.12707,3,-1,1,7,-83.09119878515006,96.91128447501492,75.66025621484994,-90.22382152498506,14.113439,-0.0009693969999999999,-1.241654822320358,-1.7925525852765491,-153.0079342292449,18.53984276319412,30.132864409914074,136.47704270677514,1,0,1,1,1,0,2,0,0,1,1
4836000.0,101,-61.265707,-144.368447,-174.450163,6.054283,102,-61.265593,-144.371276,-178.016845,5.94955,152.515089,3,-1,1,7,-85.20984653565577,94.79263409584013,89.24031646434423,-87.19052090415988,3.566681999999986,0.0038678920000000004,-0.37963079528288624,-0.07991678255561396,-151.98238810169363,12.736015059040145,371.7059202526275,43.81178460530189,1,0,1,1,0,0,2,1,0,1,1
4837000.0,101,-61.265758,-144.368405,166.078878,5.891831,102,-61.265683,-144.371261,179.126127,7.524432,151.696045,3,-1,1,7,-86.8746211263855,93.1278831820217,107.04650087361449,-85.99824381797829,13.047248999999965,0.0015748819999999997,1.3027334468330038,1.8047815505591203,-151.47041509930096,8.270635905870842,-39.2825060387124,127.77579592178567,1,1,1,1,0,2,2,0,1,0,1
4838000.0,101,-61.265814,-144.368315,147.775108,7.270146,102,-61.265732,-144.371248,177.429974,6.746164,153.013923,3,-1,1,7,-86.67301548017883,93.32955634764208,125.55187651982118,-84.1004176523579,29.654866000000027,-0.0007782679999999997,3.574260131848065,0.5891142748349338,-152.75603257479693,8.880041883770067,-43.37532223577305,34.508377404119926,1,1,1,1,0,1,2,0,1,1,1
4839000.0,101,-61.265861,-144.368385,-163.344655,5.596694,102,-61.265814,-144.371256,179.48199,7.638509,154.714619,3,-1,1,7,-88.0509495367416,91.9515679272711,75.29370546325839,-87.5304220727289,17.173355000000015,0.0008923449999999997,-1.6731491181137108,2.276305589691346,-154.62511130385627,5.261966038014893,36.34853160372008,121.66739667077745,1,0,1,1,1,1,2,1,0,0,1
4840000.0,101,-61.265866,-144.368355,153.212344,1.569813,102,-61.265898,-144.371259,-179.932497,8.317139,153.453371,3,-1,1,7,-91.31433306136935,88.6882133401845,115.47332293863064,-91.37928965981547,26.855158999999958,0.0006786299999999992,0.7172903623131458,6.915787949400364,-153.4129978167284,-3.519825584902708,-2.8484742261310014,152.2320624824878,1,1,1,1,0,0,2,0,1,0,1
4841000.0,101,-61.265938,-144.368364,-178.872736,6.894594,102,-61.265949,-144.371257,179.82345,7.299054,152.921545,3,-1,1,7,-90.4544196940538,89.54811706349608,88.4183163059462,-90.27533293650393,1.303814000000017,-0.0010180849999999993,-0.15812983498004068,0.40575970104794745,-152.91673543908016,-1.2128263855107504,125.25831928891542,142.91988442474224,1,0,1,1,1,2,2,1,0,1,1
4842000.0,101,-61.266004,-144.368457,-153.729933,8.159132,102,-61.265899,-144.371226,166.608115,2.416015,151.828303,3,-1,1,7,-85.49121704660149,94.51121098044914,68.2387159533985,-72.09690401955086,39.661952000000014,-0.0048830390000000005,-4.170828034223552,-4.966118354302871,-151.3584391781015,11.93551345476027,12.671701466828763,123.72687743543177,1,0,1,1,1,0,2,0,0,1,1
4843000.0,101,-61.266057,-144.368425,178.217963,6.135262,102,-61.265925,-144.371217,168.385543,2.614004,151.42723,3,-1,1,7,-84.3846307905433,95.61781740526872,97.39740620945668,-72.76772559473129,9.83242000000007,0.0001979890000000002,-0.3354738844130147,-3.571813821388438,-150.7005592243688,14.81713315508172,-0.19046677363222297,151.4257932621274,1,1,1,1,0,2,2,1,1,0,1
4844000.0,101,-61.266075,-144.368431,-176.593985,2.658609,102,-61.26593,-144.371211,165.437203,1.860559,151.233851,3,-1,1,7,-83.80913749849002,96.19330017519295,92.78484750150999,-69.24390282480707,17.968812000000042,-0.0007534449999999999,-0.6257718072399876,-0.8531286742896025,-150.3518816477848,16.309180643450574,76.31399919088022,130.97505848044275,1,1,1,1,1,2,2,0,0,1,1
4845000.0,101,-61.266113,-144.368392,160.020453,4.22026,102,-61.265975,-144.371216,175.601692,3.029795,151.019398,3,-1,1,7,-84.19714041247849,95.80533584404014,115.7824065875215,-79.79635615595987,15.581238999999982,0.001169236,1.209644458039299,-0.9453898793640678,-150.24552385442607,15.26895982021983,-75.88009253987096,81.2763629342815,1,1,1,1,0,2,2,1,1,1,1
4846000.0,101,-61.266119,-144.368439,-131.397948,1.846314,102,-61.265964,-144.371212,171.222445,1.43776,150.798522,3,-1,1,7,-83.36919983998438,96.63323169658635,48.02874816001564,-74.58921330341364,57.37960699999999,-0.001592035,-1.604384599552587,0.19998154036927218,-149.78980595171407,17.41287656684917,97.7830033333001,7.4081424779795455,1,0,1,1,1,2,2,0,0,1,1
4847000.0,101,-61.266187,-144.368465,-167.826616,6.686725,102,-61.265982,-144.371217,177.725029,1.646849,150.557405,3,-1,1,7,-81.19324687875738,98.8091662447438,86.63336912124262,-78.9158627552562,14.44835500000005,0.00020908900000000008,-1.4754067372861421,-4.890816009461675,-148.7823848406209,23.050686789582,3.983282064164472,149.10045940347558,1,0,1,1,0,2,2,1,0,0,1
4848000.0,101,-61.266244,-144.368448,177.685392,6.402544,102,-61.265979,-144.371215,175.078669,0.870379,150.158425,3,-1,1,7,-78.73447334618092,101.26795293102506,103.58013465381907,-73.81071606897493,2.606722999999988,-0.00077647,0.18390867644505493,-5.530150077038416,-147.26522902048242,29.334364148988904,-6.2037819960074305,146.20891380113804,1,1,1,1,0,2,2,1,1,1,1
4849000.0,101,-61.266292,-144.368467,-173.400103,5.580143,102,-61.265944,-144.371196,21.147005,1.068887,149.72079,3,-1,1,7,-75.1453199079012,104.85707304844279,98.2547830920988,83.71006804844279,165.45289200000002,0.0001985079999999999,-1.026969662424532,-6.540069123260262,-144.71699607701834,38.38366846288092,-999,6599.799821821624,1,1,1,1,1,2,2,0,1,0,0
4850000.0,101,-61.266305,-144.368525,-129.713032,3.183896,102,-61.265941,-144.371189,26.957752,0.824968,149.680633,3,-1,1,7,-74.13494315072275,105.86739280975108,55.57808884927725,78.90964080975108,156.67078400000003,-0.00024391899999999989,-2.82321104868589,-2.769655265883062,-143.97902991344296,40.91858795785345,136.53954415554375,483.68979324092163,1,0,1,1,1,2,2,1,0,1,0
4851000.0,101,-61.266362,-144.368513,-178.051678,5.687303,102,-61.265947,-144.371186,61.972086,0.362828,149.848727,3,-1,1,7,-72.10322528110979,107.89911857201781,105.94845271889022,45.927032572017815,119.976236,-0.00046214000000000004,-0.5136324713648183,-5.854508643225397,-142.59780244587938,46.04897090192657,-999,5839.536882261982,1,1,1,1,0,2,2,1,1,0,0
4852000.0,101,-61.26645,-144.368484,173.412855,9.232163,102,-61.265908,-144.371146,26.547865,2.008003,150.227666,3,-1,1,7,-67.04725430112113,112.95507990687564,119.53989069887888,86.40721490687564,146.86499000000003,0.001645175,0.16159338405339962,-10.967498899514874,-138.33365992812938,58.584555666969194,-999,10897.971323093318,1,1,1,1,0,2,2,0,1,0,0
4853000.0,101,-61.266471,-144.368456,158.339042,3.735431,102,-61.265979,-144.371189,-175.942742,1.969672,150.790471,3,-1,1,7,-69.47187809896008,110.53051836751509,132.18907990103992,-73.52673963248492,25.718215999999927,-3.8330999999999894e-05,1.5181590794663498,-1.5069152554923455,-141.2153043988898,52.8772535967096,-59.30017516751446,62.85895186062999,1,1,1,1,0,2,2,1,1,1,1
4854000.0,101,-61.266513,-144.368549,-144.342079,5.514435,102,-61.266063,-144.37124,-168.518312,4.861262,149.970916,3,-1,1,7,-70.82107286618043,109.1812867734113,73.52100613381958,-82.30040122658869,24.176232999999996,0.00289159,-2.246953136425314,0.28343634399205,-141.6471193198268,49.26833906550738,68.2583942466311,32.13717316383923,1,0,1,1,1,2,2,1,0,1,1
4855000.0,101,-61.266539,-144.368551,-162.595791,3.260847,102,-61.266121,-144.371266,-168.549668,5.544718,148.969904,3,-1,1,7,-72.24321700939741,107.75916367587138,90.35257399060258,-83.69116832412863,5.953877000000006,0.0006834559999999996,0.12537365135108525,2.3228023082986384,-141.8729332986356,45.43240137842283,16.82481700872416,144.122353812247,1,1,1,1,0,0,2,1,0,0,1
4856000.0,101,-61.266573,-144.36857,-164.617803,3.866646,102,-61.266145,-144.371271,-169.032434,4.431304,150.127409,3,-1,1,7,-71.75805658332028,108.24431182664722,92.85974641667973,-82.72325417335276,4.414630999999986,-0.0011134139999999996,-0.18258299557371593,0.6222318964464746,-142.58247862506366,46.9944222454809,146.12563362993228,123.94830389504044,1,1,1,1,0,1,2,1,0,1,1
4857000.0,101,-61.266634,-144.368641,-154.405609,6.931148,102,-61.266191,-144.3713,-167.222291,4.802973,150.926913,3,-1,1,7,-70.88694226060547,109.11538932213533,83.51866673939453,-83.66231967786467,12.816682000000014,0.0003716689999999998,-1.9319691357101332,-1.5669982127558209,-142.60696345758998,49.418488859081535,28.35794196163781,128.53492817430762,1,0,1,1,1,2,2,0,0,0,1
4858000.0,101,-61.266683,-144.368667,-161.442703,5.857637,102,-61.266213,-144.371338,-160.090378,4.035794,153.176451,3,-1,1,7,-69.89704309946428,110.10529900633585,91.54565990053571,-89.80432299366419,1.3523250000000075,-0.0007671789999999996,-0.4898706088149283,-1.7584958239978161,-143.84440784257575,52.647995910330025,-6.800372850951123,152.69685915813145,1,1,1,1,0,1,2,1,1,0,1
4859000.0,101,-61.266723,-144.368741,-144.391045,5.769793,102,-61.266291,-144.371411,-158.957415,6.119563,152.750375,3,-1,1,7,-71.3998688376904,108.60247239263022,72.99117616230959,-92.44011260736977,14.566370000000006,0.002083769,-1.1621613454788688,1.0205746006164533,-144.7718685085829,48.72148551895975,129.45402412495633,83.58884143543925,1,0,1,1,1,2,2,0,0,1,1
4860000.0,101,-61.266715,-144.368829,-90.356064,4.362982,102,-61.266411,-144.371476,-163.184189,9.017876,150.108709,3,-1,1,7,-76.56511022971877,103.43721083386131,13.790953770281234,-93.37860016613865,72.828125,0.002898312999999999,-1.7540626379462023,8.60515540153591,-146.00092067858873,34.876291067874774,13.428549161833608,146.63606665671531,1,0,0,1,1,0,2,0,0,0,1
4861000.0,101,-61.266773,-144.36886,-155.849306,5.901726,102,-61.26657,-144.371496,-170.125191,12.357733,145.19866,3,-1,1,7,-80.90004390713912,99.10226751330865,74.94926209286089,-90.77254148669135,14.275884999999988,0.0033398570000000003,-0.29531876613113184,6.789488084898907,-143.37117920381692,22.964229564751616,4.581739925862083,142.25138968597622,1,0,1,1,0,0,2,1,0,1,1
4862000.0,101,-61.266839,-144.368781,161.511479,7.387732,102,-61.26672,-144.371468,-176.148996,13.973206,141.05873,3,-1,1,7,-84.73767618394426,95.26467995923508,113.75084481605575,-88.58632404076491,22.33952499999998,0.0016154729999999996,3.2812280218173573,6.93522505561015,-140.46419895849573,12.937315029055327,-6.588645749270962,132.52100940489686,1,1,1,1,0,0,2,0,1,1,1
4863000.0,101,-61.266899,-144.368737,160.650374,7.210315,102,-61.266848,-144.371451,-178.643456,14.082554,143.812614,3,-1,1,7,-87.76267398503136,92.239705835842,111.58695201496863,-89.11683816415803,20.706169999999958,0.00010934800000000066,2.7223957818492774,7.275571619070998,-143.70298509413576,5.614269368990641,-6.104326656586125,136.57660026959968,1,1,1,1,1,1,2,1,1,0,1
4864000.0,101,-61.266932,-144.368711,157.868869,4.432345,102,-61.26691,-144.371454,-178.647093,11.255163,146.334805,3,-1,1,7,-89.04537815186286,90.9570270992467,113.08575284813713,-90.3958799007533,23.48403799999997,-0.0028273910000000003,1.9355266950607193,7.146237547453491,-146.31449429186202,2.438014459493338,-5.063292447469758,141.87244344733926,1,1,1,1,0,1,2,0,1,0,1
4865000.0,101,-61.266979,-144.3687,170.040108,5.1367,102,-61.267086,-144.37151,-175.401058,14.551491,152.835702,3,-1,1,7,-94.53015299845366,85.47231100534832,95.42973900154635,-99.12663099465169,14.558833999999962,0.0032963280000000007,2.055183317448588,9.445355280677575,-152.35822876046856,-12.071534070097893,-4.599696885407928,146.3085240220624,1,1,1,1,1,1,2,1,1,0,1
4866000.0,101,-61.267019,-144.368746,-161.7748,4.880462,102,-61.267249,-144.371582,-172.726685,16.064644,155.949685,3,-1,1,7,-99.5770626795813,80.42542412521624,62.197737320418696,-106.84789087478376,10.951885000000004,0.0015131530000000008,0.5074484555045315,11.299748459578897,-153.77617071218174,-25.94597411347593,-2.9550969886437857,152.45854341096765,1,0,1,1,1,1,2,1,1,0,1
4867000.0,101,-61.267051,-144.368786,-152.015865,4.223631,102,-61.267425,-144.371602,-174.311112,17.400976,154.147215,3,-1,1,7,-105.4454026637107,74.55706660620562,46.570462336289296,-111.13182139379438,22.295247000000018,0.0013363319999999987,-0.25693948245311504,13.585479213862316,-148.58013715269067,-41.05248757315266,-2.915417839573642,149.33621563358622,1,0,1,1,1,0,2,0,1,1,1
4868000.0,101,-61.267111,-144.368841,-156.663958,6.675055,102,-61.267601,-144.371539,-179.673474,18.215561,150.23364,3,-1,1,7,-110.6976225263005,69.30474327550614,45.9663354736995,-111.02178272449385,23.00951599999999,0.000814585000000001,-2.5403348973723334,12.086247177775208,-140.53736517595362,-53.09798091312188,-1.9511997481848025,148.45765753609464,1,0,1,1,1,0,2,0,1,1,1
4869000.0,101,-61.26714,-144.368866,-155.228429,4.12035,102,-61.267701,-144.371535,179.990759,15.471076,153.953151,3,-1,1,7,-113.6180546815302,66.38428569254744,41.61037431846981,-113.60647330745256,24.78081199999997,-0.002744485000000001,-1.7289285502827005,11.729857783535333,-141.05750064363073,-61.67944726568901,-3.523155725192539,148.5497326988595,1,0,1,1,1,1,2,0,1,0,1
4870000.0,101,-61.267153,-144.368887,-144.658522,2.233074,102,-61.267827,-144.371538,-179.846363,14.920299,158.955831,3,-1,1,7,-117.87462056456974,62.127704027240306,26.783901435430266,-118.0259329727597,35.18784099999999,-0.0005507770000000001,-1.251709544840935,13.098684359464178,-140.5126334049976,-74.31793903556068,-4.754551835021138,146.95795374140343,1,0,1,1,1,1,2,0,1,1,1
4871000.0,101,-61.267246,-144.368921,-169.450513,9.174407,102,-61.268026,-144.371442,174.807858,17.80507,160.540072,3,-1,1,7,-122.76731077471072,57.23489982656621,46.68320222528928,-117.57295817343379,15.741628999999989,0.002884771000000001,-3.290981144734787,8.712679279722227,-134.9942181221362,-86.88887035379332,-3.6488329212501456,156.9888081432522,1,0,1,1,0,1,2,1,1,0,1
4872000.0,101,-61.267229,-144.368977,-86.820651,2.625722,102,-61.26804,-144.371491,178.726436,11.566318,158.427431,3,-1,1,7,-123.86526852690434,56.13693593615351,-37.04461752690435,-122.58950006384649,94.45291299999997,-0.006238752,-2.878754154931816,11.709087617249384,-131.55025308893866,-88.28239805021127,-5.799198677041163,149.638911117993,0,0,1,1,1,0,2,0,1,1,1
4873000.0,101,-61.267254,-144.368982,-157.851137,2.476653,102,-61.268064,-144.371507,-179.354583,8.154928,158.178502,3,-1,1,7,-123.7169986569803,56.285215452282294,34.1341383430197,-124.36020154771771,21.503445999999997,-0.0034113900000000007,-0.841873088099174,5.860516165739149,-131.57121279768933,-87.80349912110086,-11.882193286339252,142.73544804071824,1,0,1,1,0,2,2,1,1,1,1
4874000.0,101,-61.267341,-144.368977,-179.536191,8.47182,102,-61.268039,-144.37154,-170.99753,4.051465,157.251922,3,-1,1,7,-119.53360887099583,60.468638560248486,60.00258212900417,-128.5338314397515,8.53866099999999,-0.004103463,0.56538268180586,-4.469985010154238,-136.81966048473652,-77.51482101853503,13.568549627681143,145.4718339069425,1,0,1,1,0,2,2,1,0,0,1
4875000.0,101,-61.267373,-144.368916,152.397972,4.977551,102,-61.268024,-144.371553,-160.39347,1.943756,157.323099,3,-1,1,7,-117.18380390715113,62.81850841294622,90.41822409284885,-136.78802158705378,47.20855800000001,-0.002107709,2.9584804654448185,-2.579986383149885,-139.94606230961656,-71.87250602975189,-14.175776154701385,146.17088226170313,1,1,1,1,0,2,2,0,1,0,1
4876000.0,101,-61.267426,-144.368867,155.37806,6.160023,102,-61.267947,-144.371605,-31.620426,2.528262,157.414901,3,-1,1,7,-111.5965755045832,68.40582537968479,93.0253644954168,100.02625137968478,173.001514,0.0005845059999999997,3.8919850541397527,-7.752849420716061,-146.36413671193733,-57.9395421228811,-999,8653.779982797765,1,1,1,1,0,2,2,0,1,0,0
4877000.0,101,-61.267468,-144.368827,155.356513,5.352732,102,-61.267938,-144.37161,-29.823703,1.9946,157.505445,3,-1,1,7,-109.35826559571217,70.64417474825089,95.28522140428782,100.46787774825088,174.81978400000003,-0.0005336619999999999,3.223913028766017,-6.595639344034823,-148.60077304289953,-52.20895953474548,-999,7317.374101096737,1,1,1,1,0,2,2,0,1,1,0
4878000.0,101,-61.267518,-144.368771,152.720822,6.09772,102,-61.267904,-144.371626,-20.56814,2.687044,157.441436,3,-1,1,7,-105.70983850517018,74.29266497413859,101.56933949482982,94.86080497413859,173.28896199999997,0.0006924440000000003,3.7387624310136696,-7.9353135546709925,-151.560253079415,-42.62974848912173,-999,8738.548930149946,1,1,1,1,0,2,2,1,1,0,0
4879000.0,101,-61.267559,-144.368685,139.110817,6.251913,102,-61.267978,-144.371578,173.780698,1.633539,157.293851,3,-1,1,7,-106.76798832063494,73.23454848130737,114.12119467936506,-100.54614951869263,34.66988100000003,-0.0010535050000000002,3.9155221454679383,-3.102377998724171,-150.60584745489143,-45.37878661670196,-15.179018170400246,129.85767830021229,1,1,1,1,0,2,2,1,1,1,1
4880000.0,101,-61.2676,-144.368686,166.13558,4.784116,102,-61.268006,-144.371556,167.290577,2.220494,156.992203,3,-1,1,7,-106.39916383771343,73.60335279680189,87.46525616228655,-93.68722420319813,1.1549969999999803,0.0005869549999999999,0.6578712944007019,-2.4786447568386962,-150.6054610911552,-44.32320940899639,1.6259706073000557,156.93589316317048,1,0,1,1,1,2,2,1,0,0,1
4881000.0,101,-61.267655,-144.368656,165.961652,6.08431,102,-61.26799,-144.371552,149.952895,0.802455,156.848795,3,-1,1,7,-103.53136483312585,76.47117460063588,90.50698316687419,-73.48172039936414,16.008756999999946,-0.0014180389999999998,1.0740800322654325,-5.207977192059401,-152.49498334714113,-36.69910825765621,1.0949952018019709,156.7660116094113,1,1,1,1,0,2,2,0,0,1,1
4882000.0,101,-61.267699,-144.368715,-159.472625,5.347979,102,-61.267993,-144.371538,135.668681,0.738846,156.72031,3,-1,1,7,-102.22516105584516,77.77731436656043,57.24746394415483,-57.89136663343956,64.85869400000001,-6.360900000000002e-05,-2.3916051791820756,-4.479903216879549,-153.16636324515514,-33.186152786204204,25.133625715133892,122.33355269788208,1,0,1,1,1,2,2,0,0,1,1
4883000.0,101,-61.267696,-144.368733,-113.600121,1.3195,102,-61.268032,-144.371508,156.283082,2.170101,157.053677,3,-1,1,7,-104.13862550253313,75.86380783023331,9.46149549746687,-80.4192741697667,90.11679699999996,0.0014312549999999998,-2.0819934748301923,1.4585595623224044,-152.29613850177498,-38.363311336073494,47.732589126130996,120.25308121961385,1,0,0,1,1,2,2,0,0,1,1
4884000.0,101,-61.267742,-144.368715,175.461181,4.386011,102,-61.2681,-144.371466,162.492349,4.359748,157.567094,3,-1,1,7,-105.14872019984055,74.85369208939214,79.39009880015942,-87.63865691060785,12.96883200000002,0.002189647,-0.9644719061994931,-0.21446577192867622,-152.0917584332901,-41.17628113701588,166.22792352319277,9.913481763401398,1,0,1,1,0,2,2,1,0,1,1
4885000.0,101,-61.267796,-144.368629,149.455663,6.691292,102,-61.268133,-144.371453,164.233992,4.125342,158.356813,3,-1,1,7,-103.9427435382498,76.05973276376437,106.60159346175021,-88.17425923623563,14.778328999999985,-0.00023440599999999988,2.2796538403548054,-1.792638603572792,-153.6911458442946,-38.15641378044764,-29.29902668414623,125.59538911548297,1,1,1,1,0,2,2,0,1,0,1
4886000.0,101,-61.26788,-144.36861,169.154633,8.973665,102,-61.268131,-144.371451,161.450522,2.489873,157.256123,3,-1,1,7,-100.41528744214179,79.58720376789977,90.43007955785822,-81.86331823210024,7.704111000000012,-0.001635469,0.8963891098913958,-6.4528602087172136,-154.66505637882557,-28.42900906338163,1.1072278388885841,157.10599976301359,1,1,1,1,1,0,2,1,0,0,1
4887000.0,101,-61.267912,-144.368575,157.357228,4.803618,102,-61.268174,-144.371426,163.6806,3.421383,156.826621,3,-1,1,7,-100.82387382284725,79.17862615679925,101.81889817715273,-84.50197384320074,6.323372000000063,0.0009315100000000003,0.8879378621878193,-1.1498337335718682,-154.03653238805174,-29.450564411269333,-44.4784730694631,140.05449801615518,1,1,1,1,0,2,2,1,1,1,1
4888000.0,101,-61.267964,-144.368525,156.276975,6.083678,102,-61.268205,-144.371411,164.721635,3.467597,156.752547,3,-1,1,7,-99.85602268218764,80.14650798940917,103.86700231781236,-84.57512701059082,8.444659999999999,4.6213999999999975e-05,1.5338168925761309,-2.2245715631019074,-154.43903615412503,-26.83179276105238,-22.241940175893408,142.48214996324165,1,1,1,1,0,2,2,0,1,0,1
4889000.0,101,-61.268044,-144.368505,170.067719,8.449465,102,-61.268203,-144.37141,161.919723,2.08393,156.687658,3,-1,1,7,-96.49692838345858,83.5056189496834,93.43535261654142,-78.41410405031661,8.147996000000035,-0.0013836669999999999,0.8106522706266207,-6.341795984925935,-155.68139780367187,-17.729200416821648,-0.3527422397842095,156.672890843921,1,1,1,1,1,2,2,1,1,0,1
4890000.0,101,-61.268079,-144.368473,160.426274,4.897393,102,-61.268163,-144.371414,38.305073,0.589784,156.596307,3,-1,1,7,-93.40154961753333,86.60102928324723,106.17217638246666,48.29595628324723,122.12120100000004,-0.0014941460000000002,1.2751456007894424,-5.077194622829167,-156.32041931616737,-9.29138691777761,-999,5202.848607167007,1,1,1,1,0,2,2,0,1,0,0
4891000.0,101,-61.268063,-144.368523,-63.38283,1.642761,102,-61.268185,-144.371412,155.653223,0.694863,156.328111,3,-1,1,7,-95.02165178950683,84.98088151344018,-31.638821789506835,-70.67234148655982,140.96394699999996,0.00010507900000000003,-1.755124255355859,1.3690680720615478,-155.72807544229107,-13.68374246573012,134.12535370016025,212.79122006818437,0,0,1,1,1,2,2,0,0,1,0
4892000.0,101,-61.268095,-144.368546,-155.64968,3.12464,102,-61.26814,-144.371415,5.080605,1.539393,156.038381,3,-1,1,7,-91.87007164556927,88.13244411969205,63.77960835443072,83.05183911969205,160.73028499999998,0.00084453,-1.4246590337394258,-4.380021630970447,-155.95527466866758,-5.092018079465947,-999,4656.679832572798,1,0,1,1,0,2,2,0,1,0,0
4893000.0,101,-61.268175,-144.368483,165.481091,8.182573,102,-61.268088,-144.371409,3.540838,3.144892,155.707965,3,-1,1,7,-86.46187748822523,93.54068825949497,108.05703151177477,89.99985025949498,161.94025299999998,0.001605499,1.8571386023994327,-11.060150674649938,-155.41117908252497,9.609150879270327,-999,11169.588531892718,1,1,1,1,0,2,2,0,1,0,0
4894000.0,101,-61.268229,-144.368471,170.719364,6.425764,102,-61.268122,-144.371407,17.902094,0.528851,154.145472,3,-1,1,7,-85.66581264873574,94.33676186877402,103.61482335126425,76.43466786877401,152.81727000000006,-0.002616041,0.873720567999989,-6.844898237577477,-153.7046494874197,11.649346078310094,-999,6864.179264856237,1,1,1,1,1,0,2,1,1,1,0
4895000.0,101,-61.26824,-144.368548,-128.461699,3.385968,102,-61.268174,-144.371405,175.684209,1.894062,154.041822,3,-1,1,7,-87.24994562756983,92.75255961740912,41.21175337243018,-82.93164938259089,55.85409199999998,0.0013652109999999999,-2.793829507697044,-0.21735151949492226,-153.86441834228003,7.39078434751836,52.68463671063299,19.9884634594029,1,0,1,1,1,2,2,1,0,1,1
4896000.0,101,-61.268252,-144.368594,-119.732314,2.928833,102,-61.2682,-144.371399,174.973636,2.314911,153.846679,3,-1,1,7,-87.79274241981612,92.20971722774915,31.93957158018388,-82.76391877225085,65.29405000000006,0.00042084900000000005,-2.746076724053504,0.8534586938655793,-153.7325318197988,5.925310085016096,60.86602473310663,47.935344062186196,1,0,1,1,1,2,2,0,0,0,1
4897000.0,101,-61.26835,-144.368511,165.144279,9.721762,102,-61.268226,-144.371393,174.477395,2.51191,154.125171,3,-1,1,7,-84.88665437129815,95.11587279763908,109.96906662870185,-79.36152220236092,9.333116000000018,0.00019699899999999992,2.250780224034769,-6.896556824518449,-153.51180409267576,13.736605839550734,-8.069461162882805,141.69075349455906,1,1,1,1,0,2,2,1,1,0,1
4898000.0,101,-61.268387,-144.368562,-165.669798,5.111728,102,-61.268261,-144.371393,176.727881,3.067405,154.59583,3,-1,1,7,-84.71148992255209,95.29099252615897,80.9583080774479,-81.43688847384102,17.60232099999999,0.000555495,-1.4402846147137303,-1.8902743755465758,-153.93774676172336,14.249237709871851,32.832836496007765,131.13962976836262,1,0,1,1,1,2,2,0,0,1,1
4899000.0,101,-61.268418,-144.368536,170.175114,3.790006,102,-61.268244,-144.37139,171.704848,1.158533,154.535695,3,-1,1,7,-82.77315659636236,97.22934602103405,107.05172940363764,-74.47550197896595,1.5297339999999622,-0.0019088719999999998,0.47957268127338426,-2.588008875376295,-153.308043826696,19.44028619040576,-17.76921977283593,147.1999577663726,1,1,1,1,0,2,2,1,1,0,1
4900000.0,101,-61.268468,-144.368578,-164.721319,5.422312,102,-61.268304,-144.371402,-178.396428,3.257189,153.441305,3,-1,1,7,-83.11278971173141,96.88968660028468,81.60852928826858,-84.71388539971531,13.675108999999992,0.002098656,-1.3377068051715506,-1.9747498903804614,-152.33409317340113,18.399949378750147,27.615548885942633,136.5092703750161,1,0,1,1,1,0,2,0,0,1,1
4901000.0,101,-61.268555,-144.368631,-164.636301,9.285093,102,-61.268307,-144.371384,173.72039,2.182721,152.196282,3,-1,1,7,-79.38718973371891,100.6152243208072,85.24911126628109,-73.10516567919281,21.643309000000045,-0.001074468,-2.698788487413334,-6.783651347552565,-149.5928423059877,28.03015849829283,3.870864921347309,149.36175253475255,1,0,1,1,0,0,2,0,0,0,1
4902000.0,101,-61.268571,-144.368621,-174.441486,2.978965,102,-61.268383,-144.371389,178.962355,4.574957,153.478583,3,-1,1,7,-81.95911103026715,98.04331617871831,92.48237496973285,-80.91903882128169,6.596159,0.0023922360000000003,-0.3713987042625121,1.609249466826761,-151.9696577119452,21.468548497793368,33.626799920745825,143.25008713365355,1,1,1,1,0,1,2,1,0,1,1
4903000.0,101,-61.268627,-144.368609,176.396611,5.743086,102,-61.268434,-144.371395,-179.421802,5.030752,154.276705,3,-1,1,7,-81.8007229698704,98.20172002407463,101.80266603012956,-82.37647797592535,4.181586999999979,0.0004557949999999993,0.411717146695996,-0.7012361492928605,-152.69969323465338,22.00239513552505,-117.03731770707184,120.54571146583905,1,1,1,1,0,2,2,1,1,1,1
4904000.0,101,-61.26869,-144.368563,164.615649,7.069165,102,-61.268466,-144.371418,-174.51585,4.453721,155.81966,3,-1,1,7,-80.73138034400786,99.2711231560746,114.65297065599214,-86.21302684392538,20.868501000000037,-0.0005770309999999999,2.3010423310768378,-2.3825270941847707,-153.78529055462616,25.096829511809005,-35.977850699248776,93.35829453552074,1,1,1,1,0,1,2,0,1,1,1
4905000.0,101,-61.268722,-144.368586,-175.183056,4.038244,102,-61.26861,-144.371458,-173.634341,8.983076,154.282414,3,-1,1,7,-85.36327527052718,94.63924313860643,89.81978072947281,-91.72641586139355,1.5487149999999872,0.0045293550000000005,0.6568815665324017,4.903710099840029,-153.7774891304159,12.47185256536554,-1.624754278956814,154.0719657083839,1,0,1,1,1,0,2,1,1,0,1
4906000.0,101,-61.268749,-144.368683,-129.589446,4.987663,102,-61.268681,-144.371477,-173.384128,8.595781,152.471275,3,-1,1,7,-87.10282578681071,92.89962422670082,42.4866202131893,-93.71624777329919,43.794681999999995,-0.00038729499999999996,-2.8533060048094434,5.359992633996151,-152.2763940193353,7.706459926177057,17.395317416078047,133.60839821740774,1,0,1,1,1,0,2,0,0,1,1
4907000.0,101,-61.268815,-144.368656,-179.651942,6.686195,102,-61.2687,-144.371473,-174.284383,6.097315,151.823119,3,-1,1,7,-85.14704121200771,94.8554289706969,94.50490078799228,-90.86018802930312,5.367559,-0.0024984660000000004,0.5666207261150924,-0.6190696667247062,-151.27884674016386,12.844064460059958,-136.98230584760117,102.97548836689886,1,1,1,1,0,2,2,1,1,1,1
4908000.0,101,-61.268824,-144.36862,144.692668,2.394906,102,-61.268819,-144.37148,-176.51405,8.858144,153.167744,3,-1,1,7,-89.79287688918832,90.20963100099365,125.5144551108117,-93.27631899900632,38.79328199999998,0.0027608289999999994,1.9227734087504398,6.887358419456793,-153.16674319675997,0.553697162101101,-6.039797913943232,147.69632026651746,1,1,1,1,0,1,2,0,1,0,1
4909000.0,101,-61.268858,-144.368682,-150.545409,4.054313,102,-61.268858,-144.3715,-174.388013,7.146167,154.27426,3,-1,1,7,-90.00123553097251,90.00123553097251,60.5441734690275,-95.61075146902749,23.842603999999994,-0.0017119769999999993,-1.294810379508753,3.581639599114897,-154.2742599641305,-0.0033267830212868,15.731140229142857,145.27766527016811,1,0,1,1,1,1,2,1,0,1,1
4910000.0,101,-61.268892,-144.368667,-179.933449,3.713437,102,-61.268913,-144.371513,-173.983322,6.763804,152.517856,3,-1,1,7,-90.88067371016999,89.12182190560797,89.05277528983001,-96.89485609439203,5.950127000000009,-0.00038236299999999977,0.7046547885361563,3.013110593279807,-152.49983964442157,-2.344207171399103,-11.883685561469955,147.9595779504376,1,0,1,1,0,0,2,1,1,0,1
4911000.0,101,-61.268947,-144.368678,-175.660822,5.760829,102,-61.268981,-144.37151,-176.512121,7.074955,150.7365,3,-1,1,7,-91.43193055650237,88.57055278432959,84.22889144349763,-94.91732621567041,0.8512990000000116,0.00031115099999999975,-0.00544586765915217,1.3175336583485935,-150.6894278022968,-3.7667998176677284,-2.396819951369262,150.7037107005367,1,0,1,1,1,0,2,1,1,0,1
4912000.0,101,-61.268987,-144.368721,-159.315744,4.997519,102,-61.268962,-144.371491,179.374889,3.512341,150.014977,3,-1,1,7,-88.92559373533582,91.07683523879918,70.39015026466417,-88.29805376120082,21.309367000000066,-0.003562614,-1.8035323317143515,-1.1632525882737426,-149.9886025326784,2.8129050116817997,53.659247351475976,84.18311144910946,1,0,1,1,1,2,2,0,0,1,1
4913000.0,101,-61.269054,-144.368662,165.71975,7.185659,102,-61.269043,-144.371483,178.281884,5.640399,151.351873,3,-1,1,7,-89.53647437681857,90.46599932037745,104.74377562318142,-87.81588467962254,12.562134000000015,0.0021280580000000004,1.6033383407558528,-1.325764746584996,-151.3469201216233,1.224430605264766,-52.893286494304434,95.78556413569164,1,1,1,1,0,1,2,1,1,0,1
4914000.0,101,-61.269039,-144.368641,80.22851,1.318046,102,-61.269037,-144.371487,179.322989,3.196108,152.370068,3,-1,1,7,-89.91748608243883,90.08500953651279,-170.14599608243884,-89.23797946348722,99.09447899999998,-0.0024442910000000003,1.261159849899321,3.419582524124356,-152.36990999212242,0.21943408381277496,-23.889932208173853,147.14815206605272,0,1,2,1,1,1,2,0,1,0,1
4915000.0,101,-61.269143,-144.368713,-166.092719,9.985643,102,-61.269129,-144.371487,179.732598,5.916092,150.50112,3,-1,1,7,-89.39968552210898,90.60274696349228,76.693033477891,-89.12985103650772,14.174682999999959,0.002719984,-2.4276738111447296,-3.7768957536753254,-150.49285927559757,1.576841244254613,16.901666395466798,127.51688523251177,1,0,1,1,0,0,2,1,0,1,1
4916000.0,101,-61.269157,-144.368701,-176.002463,2.822692,102,-61.269223,-144.37147,177.619856,7.679579,148.81654,3,-1,1,7,-92.83990663954954,87.16252146274097,83.16255636045047,-90.45733453725903,6.377680999999967,0.0017634870000000004,-0.5157083237504678,4.857129164805418,-148.63377410662636,-7.373179259449134,1.713331377259479,148.58147497992042,1,0,1,1,0,0,2,1,0,0,1
4917000.0,101,-61.269221,-144.368676,172.161396,6.48206,102,-61.269282,-144.371443,174.626486,7.275819,148.033675,3,-1,1,7,-92.6270652328672,87.37536111714844,95.21153876713282,-87.25112488285156,2.465090000000032,-0.00040376000000000013,0.2026767428507139,0.8223516402703561,-147.87809603149725,-6.785104870589655,-51.45201078135375,141.9670009525707,1,1,1,1,0,2,2,1,1,1,1
4918000.0,101,-61.269251,-144.368715,-162.090676,4.08633,102,-61.269318,-144.371424,172.388652,6.040545,149.379295,3,-1,1,7,-92.94654005845474,87.05583543266025,69.14413594154526,-85.33281656733976,25.52067200000002,-0.0012352740000000004,-2.056679890851904,2.0989994071109646,-149.1818054470205,-7.678717227789357,35.04249465112177,112.00370193266585,1,0,1,1,1,1,2,0,0,1,1
4919000.0,101,-61.269279,-144.368617,133.107108,4.675793,102,-61.269332,-144.371425,173.075611,4.327055,151.117504,3,-1,1,7,-92.24982104090833,87.75264126271269,134.64307095909166,-85.32296973728732,39.96850299999994,-0.0017134900000000002,2.892024077112325,1.1002237037525742,-151.0010164110868,-5.932373724632798,-55.52178342702541,55.97800013600137,1,1,1,1,0,1,2,0,1,1,1
4920000.0,101,-61.269359,-144.368654,-176.945388,8.072706,102,-61.269303,-144.371453,-173.782236,1.349325,153.774523,3,-1,1,7,-87.61786844949428,92.38458596263108,89.32751955050573,-93.8331780373689,3.1631519999999966,-0.002977729999999999,-0.28403450200689695,-6.71984876812024,-153.64163736051864,6.391493804769615,0.015327350193533677,153.77448881452335,1,0,1,1,1,1,2,1,0,0,1
4921000.0,101,-61.269347,-144.368663,-111.103902,0.517231,102,-61.269385,-144.371498,-168.689076,4.458596,153.807577,3,-1,1,7,-91.59849476613581,88.40399121488714,19.50540723386419,-102.90693278511287,57.585173999999995,0.003109271,0.3919384671180486,4.18576357399806,-153.74772250959884,-4.290520448887768,-4.789643317625229,152.68578805387486,1,0,0,1,1,2,2,0,1,1,1
4922000.0,101,-61.269386,-144.368721,-146.862275,4.322739,102,-61.269472,-144.371525,-170.686017,6.4934,152.581953,3,-1,1,7,-93.65203218304225,86.35042661587744,53.21024281695776,-102.96355638412257,23.82374199999998,0.0020348040000000003,-1.3121179480680252,2.7881083564903766,-152.2721040284891,-9.718987397419284,22.446522972395204,142.52117369945287,1,0,1,1,0,0,2,1,0,1,1
4923000.0,101,-61.269468,-144.368766,-163.958023,8.626844,102,-61.269536,-144.371533,-172.764271,6.748161,152.03164,3,-1,1,7,-92.92791884620257,87.07450750960082,71.03010415379742,-100.16122149039916,8.80624800000001,0.00025476099999999935,-1.5340117660352255,-1.5964893243595872,-151.83317575403444,-7.765713201895085,46.036776525843784,104.47993003186646,1,0,1,1,0,2,2,1,0,1,1
4924000.0,101,-61.269514,-144.36863,141.128337,7.220023,102,-61.269569,-144.371518,-176.617284,5.517132,150.809719,3,-1,1,7,-92.27006627597747,87.7324661844265,126.60159672402256,-95.65024981557349,42.254379,-0.0012310289999999996,4.856667879979812,-0.11365574521436628,-150.69136734593621,-5.97353766800451,-30.747090218457462,9.565719137946814,1,1,1,1,0,0,2,0,1,1,1
4925000.0,101,-61.269578,-144.368662,179.393446,6.91335,102,-61.2697,-144.371489,178.212171,9.027696,150.795103,3,-1,1,7,-95.1313934789291,84.87108549354407,85.4751605210709,-93.34108550645594,1.1812750000000278,0.0035105640000000003,-0.2084641492251206,2.1103387995916814,-150.19074773951468,-13.487119122558342,0.6322060693131485,150.78912656097253,1,0,1,1,1,2,2,1,0,0,1
4926000.0,101,-61.269617,-144.368706,-160.331731,5.013077,102,-61.269695,-144.371481,176.355047,5.34847,150.640038,3,-1,1,7,-93.34776218000394,86.65467119446214,66.98396881999605,-89.70037580553787,23.313221999999996,-0.0036792260000000007,-2.0272915453957134,0.6170513998149003,-150.38296835770353,-8.796810590628125,69.37234015876771,52.515199658349644,1,0,1,1,1,2,2,0,0,1,1
4927000.0,101,-61.269643,-144.368716,-164.406088,3.26497,102,-61.269729,-144.371473,175.567929,4.764346,149.285386,3,-1,1,7,-93.71410635624409,86.28831123477221,70.69198164375592,-89.27961776522778,20.02598299999994,-0.0005841240000000001,-1.2458558942549187,1.6053087900891767,-148.97184190691908,-9.670408059068944,43.03564464130954,123.67372025282327,1,0,1,1,0,0,2,1,0,0,1
4928000.0,101,-61.269694,-144.368676,166.13719,5.484574,102,-61.269725,-144.371471,174.196991,2.717093,149.147996,3,-1,1,7,-91.32301693244693,88.67943398118028,102.53979306755309,-85.51755701881972,8.059800999999993,-0.0020472529999999997,1.0393711558476624,-2.6216514734853353,-149.10823533221034,-3.4436705606372366,-17.587637341409916,139.8979573062133,1,1,1,1,0,2,2,1,1,0,1
4929000.0,101,-61.269769,-144.368692,-178.276229,7.852708,102,-61.269647,-144.371459,12.957915,1.751321,148.827257,3,-1,1,7,-84.7604177166851,95.24200864393427,93.5158112833149,82.28409364393427,168.76585599999999,-0.0009657720000000003,-0.6289248327877615,-9.55587805259302,-148.20538948822943,13.590987925322558,-999,9564.304373094534,1,1,1,1,1,2,2,0,1,0,0
4930000.0,101,-61.269797,-144.368732,-157.075185,4.203016,102,-61.269592,-144.371448,7.825081,3.442492,148.485415,3,-1,1,7,-81.07734097398968,98.92504066472623,75.99784402601033,91.09995966472623,164.90026600000002,0.0016911710000000002,-2.1058636286587573,-7.28148497049523,-146.6885342645619,23.030249304700806,-999,7592.3660243485865,1,0,1,1,1,2,2,1,1,1,0
4931000.0,101,-61.26983,-144.368733,-172.827865,3.751184,102,-61.269609,-144.371451,10.551239,1.387564,148.087519,3,-1,1,7,-80.40030328556138,99.60208010769654,92.42756171443862,89.05084110769654,176.620896,-0.002054928,-0.7224214727947627,-5.085935437465732,-146.01383759763343,24.69559704860947,-999,5130.0699769533585,1,1,1,1,0,2,2,0,1,1,0
4932000.0,101,-61.269841,-144.368667,124.767454,2.910391,102,-61.269575,-144.371435,11.164652,2.332415,148.08567,3,-1,1,7,-78.69577039140135,101.30665684601946,156.53677560859865,90.14200484601946,113.602802,0.0009448510000000001,1.9391849128371,-3.9479154145368223,-145.21283628836673,29.02753583129129,-260.3412098763327,1061.5532397709444,1,1,1,1,0,2,2,1,1,1,0
4933000.0,101,-61.269883,-144.368725,-159.426978,4.434403,102,-61.269601,-144.371436,45.502155,0.393859,148.28898,3,-1,1,7,-77.79065314674259,102.21172410850825,81.6363248532574,56.70956910850825,155.070867,-0.0019385560000000001,-1.8391835245582906,-4.427648240571081,-144.9348919380627,31.360782648755684,-999,4818.491833070707,1,0,1,1,1,2,2,0,1,0,0
4934000.0,101,-61.269988,-144.368765,-169.239519,10.674837,102,-61.26967,-144.371456,-176.9803,2.811441,148.579533,3,-1,1,7,-76.18948441955318,103.81287529996659,93.05003458044682,-79.2068247000334,7.740780999999998,0.0024175819999999997,-1.844927327185766,-7.679596189547869,-144.2841707844031,35.46767101961012,-0.09706189465990933,148.57747113360702,1,1,1,1,0,2,2,1,1,1,1
4935000.0,101,-61.270052,-144.368749,179.433877,7.711827,102,-61.269692,-144.371463,-175.052677,2.654604,149.048579,3,-1,1,7,-74.57427950793277,105.42810038130006,105.99184349206723,-79.51922261869993,5.513446000000073,-0.0001568369999999999,0.30512965327333585,-5.066736530556673,-143.67926745150365,39.64526461657839,-9.551167267829113,141.03648743846833,1,1,1,1,0,2,2,1,1,1,1
4936000.0,101,-61.270052,-144.368773,-143.628648,1.534174,102,-61.269681,-144.371453,178.845143,1.183641,148.247632,3,-1,1,7,-73.93525565603035,106.06709441840907,69.69339234396965,-72.77804858159094,37.526208999999994,-0.001470963,-0.9336462073391394,-0.051901616737136,-142.4585043804539,41.02358983915997,147.07145851920487,48.928181300084034,1,0,1,1,1,2,2,0,0,1,1
4937000.0,101,-61.270078,-144.368848,-129.639102,4.071336,102,-61.269754,-144.37147,-175.912686,3.861486,147.258488,3,-1,1,7,-75.58425171768317,104.41804749814872,54.054850282316835,-79.66926650185127,46.273584,0.0026778450000000003,-2.860012898581374,1.2543571362038057,-142.62202060563504,36.660899148983795,57.32979716616359,41.20826731395067,1,0,1,1,1,2,2,0,0,1,1
4938000.0,101,-61.2701,-144.368807,165.179825,2.603953,102,-61.269781,-144.371468,-177.468396,3.530723,148.408936,3,-1,1,7,-75.99759156546234,104.00474184981043,118.82258343453765,-78.52686215018957,17.35177900000005,-0.00033076300000000014,0.8220088132623489,1.0099487597696584,-143.99904701250315,35.90942416891428,-50.970370155528116,134.39149008591417,1,1,1,1,0,1,2,1,1,0,1
4939000.0,101,-61.270163,-144.368773,166.274111,6.431178,102,-61.269891,-144.371508,-173.42868,6.958759,149.303331,3,-1,1,7,-78.31182478720066,101.69057352019784,115.41406421279933,-84.88074647980216,20.297209000000038,0.0034280359999999998,2.322330995331082,0.6655247084594773,-146.20747287771658,30.24664481239734,-55.62703585691026,69.38835527654737,1,1,1,1,1,2,2,0,1,1,1
4940000.0,101,-61.27023,-144.368837,-164.479275,7.591489,102,-61.269928,-144.37155,-167.738662,5.989303,151.53564,3,-1,1,7,-76.9625134922359,103.03986552446311,87.5167615077641,-89.22147247553687,3.259387000000004,-0.000969456,-0.7594286250167708,-1.4619740623115396,-147.62945718036832,34.1846977877441,21.683312945812155,146.78031355780382,1,0,1,1,1,1,2,1,0,0,1
4941000.0,101,-61.270259,-144.368911,-138.362065,5.154733,102,-61.269942,-144.371583,-161.11692,4.427417,150.766323,3,-1,1,7,-76.13698836633215,103.86535469831712,62.225076633667854,-95.0177253016829,22.754854999999992,-0.0015618859999999995,-1.9920333147386264,0.33670499170068036,-146.3747055075699,36.123811240129605,81.29199216866431,17.85411285150217,1,0,1,1,1,2,2,0,0,1,1
4942000.0,101,-61.27027,-144.368973,-116.674557,3.749896,102,-61.270025,-144.371619,-165.335705,6.339107,148.146062,3,-1,1,7,-79.09792722110755,100.90439304525262,37.57662977889244,-93.75990195474742,48.661148,0.0019116900000000002,-1.7460202545646384,4.449203309400383,-145.47230278925693,28.019007964212285,26.678850927312002,134.1726660000988,1,0,1,1,1,0,2,0,0,0,1
4943000.0,101,-61.270357,-144.368935,176.478884,8.391358,102,-61.270173,-144.371617,-174.170827,10.240354,143.277918,3,-1,1,7,-81.87841662169703,98.12393521545083,101.64269937830295,-87.70523778454918,9.350289000000004,0.0039012469999999996,1.5554063892309036,1.8118853557746917,-141.84091353080484,20.241468206665818,-31.978571268619113,120.81066015304208,1,1,1,1,0,0,2,1,1,1,1
4944000.0,101,-61.270407,-144.368972,-167.71165,6.136553,102,-61.270257,-144.371559,178.158816,9.849034,139.338611,3,-1,1,7,-83.1230054959579,96.87926303739265,84.5886445040421,-81.27955296260735,14.129534000000007,-0.00039132000000000034,-1.6224946302740615,3.84799154651079,-138.3361392856853,16.68415664457738,17.069073597213485,121.00550052451501,1,0,1,1,1,0,2,0,0,0,1
4945000.0,101,-61.27044,-144.368854,134.594718,5.881396,102,-61.27038,-144.371531,176.410056,11.393714,142.193959,3,-1,1,7,-87.33149972049651,92.67084773551727,138.0737822795035,-83.73920826448273,41.81533799999994,0.0015446799999999997,3.4746663833328886,7.242102413864683,-142.03976698446942,6.6201639776757775,-8.583078544240161,131.61753133875249,1,1,1,1,0,1,2,0,1,0,1
4946000.0,101,-61.270498,-144.368803,152.575761,6.803725,102,-61.270618,-144.371509,177.137832,17.354203,145.141242,3,-1,1,7,-95.27224285066858,84.7301300388433,112.15199614933141,-92.4077019611567,24.562070999999946,0.005960488999999999,2.2670721372463216,11.293427834343735,-144.5271973894905,-13.33676662620346,-3.8526141843923103,139.1047357835949,1,1,1,1,1,1,2,1,1,0,1
4947000.0,101,-61.270521,-144.368869,-152.060527,3.524988,102,-61.27077,-144.371563,-178.756973,17.195691,152.102363,3,-1,1,7,-100.88562027054212,79.11674209814043,51.17490672945789,-102.12628490185955,26.69644599999998,-0.00015851199999999821,-1.2785630278921405,14.077518275048105,-149.36545433480637,-28.724377826867542,-1.0997521072545264,151.3520026375527,1,0,1,1,1,1,2,0,1,0,1
4948000.0,101,-61.270563,-144.368875,-171.322895,4.448917,102,-61.270936,-144.371622,-175.853158,17.722125,155.833197,3,-1,1,7,-105.77562393686321,74.22678490978167,65.54727106313678,-109.92005709021834,4.530263000000019,0.0005264339999999983,0.6103483339840148,13.27773261359562,-149.96354422793485,-42.36650433818017,-3.713107793765692,147.85998591634873,1,0,1,1,0,1,2,1,1,1,1
4949000.0,101,-61.270616,-144.368931,-157.41968,6.135517,102,-61.271038,-144.371668,-173.786485,15.354834,154.223677,3,-1,1,7,-107.78576155019363,72.21663852936194,49.63391844980637,-113.99687647063806,16.366805,-0.002367290999999998,-0.6939918776549905,9.599449909439624,-146.85260740862333,-47.10896140533225,-3.9599513013603467,149.87702919692038,1,0,1,1,1,0,2,0,1,0,1
4950000.0,101,-61.270658,-144.368956,-161.313456,5.130201,102,-61.271218,-144.371587,179.082377,17.107371,150.580643,3,-1,1,7,-113.88560202872041,66.11670510175263,47.42785397127959,-112.96567189824738,19.604167000000047,0.0017525370000000002,-1.9176399242663291,12.245411781064718,-137.68427453837504,-60.971883611504246,-3.210380523552832,145.4622227440288,1,0,1,1,1,0,2,0,1,1,1
4951000.0,101,-61.270681,-144.368931,170.394229,3.042913,102,-61.27139,-144.371511,175.236822,17.930747,154.638177,3,-1,1,7,-119.7585396557481,60.24372275463937,69.8472313442519,-114.99309924536061,4.842592999999965,0.0008233759999999997,-0.9811578937891198,14.868572884564035,-134.24524362521697,-76.75402497517298,-4.556379539960235,139.00789267814042,1,0,1,1,0,1,2,1,1,1,1
4952000.0,101,-61.270756,-144.368991,-163.768646,7.711568,102,-61.271535,-144.371479,174.791691,17.303094,159.756717,3,-1,1,7,-123.08111105273622,56.92107068497132,40.68753494726377,-117.87062031502867,21.439662999999996,-0.0006276529999999986,-3.726234003235265,9.827462153942149,-133.85994659083102,-87.1993309912293,-3.3237558775744374,156.08236417634296,1,0,1,1,1,1,2,0,1,0,1
4953000.0,101,-61.270796,-144.369008,-165.562136,5.18123,102,-61.271659,-144.371455,174.687508,15.995674,161.594504,3,-1,1,7,-126.26962600613082,53.73251978021956,39.29250999386919,-120.95498821978045,19.75035600000001,-0.0013074200000000023,-2.772838014031216,10.909365630508992,-130.28427782046063,-95.59702231663414,-5.446168966325429,149.8204667240365,1,0,1,1,1,1,2,1,1,1,1
4954000.0,101,-61.27081,-144.369051,-136.309203,2.898389,102,-61.271706,-144.371465,175.960429,11.870152,159.272564,3,-1,1,7,-127.67636850733162,52.325748341610705,8.63283449266838,-123.6346806583893,47.73036800000003,-0.004125522,-2.8383072098392774,9.74490058087206,-126.06036223058868,-97.34749466435622,-6.201928801585458,148.3291173029458,1,0,0,1,1,0,2,0,1,1,1
4955000.0,101,-61.270851,-144.369102,-148.667271,4.874485,102,-61.271782,-144.371403,171.247627,10.67732,158.778767,3,-1,1,7,-130.09063177702834,49.91138598274036,18.576639222971664,-121.33624101725962,40.085102000000035,-0.0011928319999999991,-4.159474044126226,6.38938534395716,-121.46999757513714,-102.2532959817749,-2.7450476628157414,157.59343706208494,1,0,0,1,0,2,2,1,1,0,1
4956000.0,101,-61.270948,-144.369063,175.348376,9.759893,102,-61.271756,-144.371441,175.261616,5.445085,157.307824,3,-1,1,7,-125.25764058771689,54.744444694489715,59.39398341228309,-120.51717130551029,0.0867600000000266,-0.005232235,0.3417004366064476,-4.301270828896549,-128.45199780474644,-90.80658429642861,18.626828985251617,135.23975550292582,1,0,1,1,0,0,2,1,0,1,1
4957000.0,101,-61.270988,-144.369011,157.390159,5.765374,102,-61.271733,-144.371464,-177.824376,2.389885,157.423154,3,-1,1,7,-122.28812121977732,57.714029830651434,80.32171978022268,-124.46159416934856,24.78546499999996,-0.0030551999999999997,2.3072468703264066,-2.9341092860961,-133.0812208442529,-84.09184308784599,-3.962902358958575,156.5975558926292,1,0,1,1,0,2,2,0,1,0,1
4958000.0,101,-61.271018,-144.368891,124.655034,6.367576,102,-61.271745,-144.37145,174.521872,1.983013,157.56955,3,-1,1,7,-120.58636206473429,59.41588193815203,114.75860393526571,-115.10599006184796,49.86683800000003,-0.0004068720000000001,5.048598062297638,-1.6468649989776722,-135.64582201792507,-80.17714173181713,-16.916936893909156,119.14681138509349,1,1,1,1,0,2,2,0,1,1,1
4959000.0,101,-61.27103,-144.368873,127.616789,2.772396,102,-61.271708,-144.371482,-48.72663,0.564547,157.607708,3,-1,1,7,-118.39900787805513,61.60327996978237,113.98420312194486,110.32990996978236,176.34341899999998,-0.001418466,2.6203419214097132,-2.064612373428872,-138.64069342150046,-74.95964079835753,-54.031919191195996,186.53780187739716,1,1,1,1,1,2,2,0,1,0,1
4960000.0,101,-61.271059,-144.36885,153.383484,3.367667,102,-61.271692,-144.371496,-30.767069,1.041982,157.627258,3,-1,1,7,-116.46104556872906,63.54127472500168,90.15547043127094,94.30834372500168,175.84944700000005,0.00047743499999999996,2.0417963928253764,-3.9061061827007264,-141.11383507702533,-70.23701313732427,-999,4402.8505734296905,1,1,1,1,1,2,2,1,1,0,0
4961000.0,101,-61.271103,-144.368806,155.500768,5.106454,102,-61.27163,-144.371545,-20.501432,3.426216,157.582086,3,-1,1,7,-111.817126024235,68.18527582136659,92.68210597576501,88.68670782136658,176.00220000000002,0.0023842340000000003,3.3175160244597652,-7.855915007502009,-146.29523466053078,-58.56464926670039,-999,8517.646984101591,1,1,1,1,0,2,2,0,1,0,0
4962000.0,101,-61.271123,-144.368819,177.703918,2.607723,102,-61.271683,-144.371505,-154.160162,0.290356,157.404141,3,-1,1,7,-113.45013199962764,66.55222337088692,68.84595000037234,-139.28761462911308,28.135920000000056,-0.0031358600000000003,0.2310281125881941,-2.3443043288302228,-144.40362655482647,-62.639095154400955,22.95935765056824,149.96720051359964,1,0,1,1,1,2,2,1,0,1,1
4963000.0,101,-61.271202,-144.368788,171.194773,7.85256,102,-61.271695,-144.371495,173.069476,0.688726,157.235779,3,-1,1,7,-110.75269229629998,69.24968149019656,78.05253470370002,-103.81979450980344,1.8747030000000677,0.00039836999999999994,1.1189327867172167,-7.076319415250897,-147.03409535184866,-55.71413646284328,4.4542695559376835,153.9313943529243,1,0,1,1,0,2,2,1,0,0,1
4964000.0,101,-61.27128,-144.368745,166.84737,8.768184,102,-61.27175,-144.371452,163.81589,2.869616,157.033475,3,-1,1,7,-109.86193152252487,70.14044226561798,83.29069847747513,-93.67544773438202,3.0314799999999877,0.0021808900000000004,1.1953310166291204,-5.782275352522431,-147.69219340834744,-53.35286568504943,3.8602454142246305,155.43563199180167,1,0,1,1,0,2,2,0,0,0,1
4965000.0,101,-61.271271,-144.368697,103.966973,2.493379,102,-61.271729,-144.371452,147.770384,0.990724,157.30419,3,-1,1,7,-109.07989964324165,70.92251623608819,146.95312735675836,-76.84786776391182,43.80341100000004,-0.001878892,1.8912957075767003,0.23626257082588187,-148.6624716063432,-51.42059633502227,-89.51541893238819,36.637054072735374,1,1,1,1,0,2,2,0,1,1,1
4966000.0,101,-61.271286,-144.368622,112.297065,3.85091,102,-61.271807,-144.37139,159.482024,4.115732,157.767208,3,-1,1,7,-111.38615934989254,68.61626793030874,136.31677565010745,-90.86575606969126,47.18495900000005,0.0031250080000000003,2.120405052480275,2.3935702939339767,-146.90397810209916,-57.53010636087196,-88.25501504796743,158.89237320811628,1,1,1,1,1,2,2,0,1,0,1
4967000.0,101,-61.271354,-144.368568,154.772325,7.284713,102,-61.271846,-144.371367,161.335745,4.255986,158.51964,3,-1,1,7,-110.08873050749007,69.91372395802706,95.13894449250995,-91.42202104197294,6.563419999999951,0.00014025399999999965,1.74285423162258,-2.557742270352189,-148.87559491880938,-54.447529818167006,-11.584031930718341,153.71735553962574,1,1,1,1,1,2,2,1,1,1,1
4968000.0,101,-61.271416,-144.368546,166.139952,7.05317,102,-61.271824,-144.371378,154.249199,1.711781,157.520608,3,-1,1,7,-106.68631434267485,73.31616906131462,87.17373365732516,-80.93302993868538,11.890753000000018,-0.002544205,0.9458980067761336,-5.306020439181011,-150.88758947659653,-45.22916411599647,3.6811625311296376,156.49376694922842,1,0,1,1,1,2,2,0,0,0,1
4969000.0,101,-61.271462,-144.368562,-178.58295,5.362939,102,-61.271816,-144.371372,134.969128,0.856805,156.990715,3,-1,1,7,-104.68790171999292,75.31456239237932,73.89504828000709,-59.6545656076207,46.44792199999998,-0.0008549759999999999,-0.7388026769539537,-4.755772785912465,-151.86046462934644,-39.805575975863526,19.21483139933192,147.00876216435665,1,0,1,1,1,2,2,0,0,1,1
4970000.0,101,-61.271515,-144.368513,162.387807,6.124177,102,-61.271857,-144.371348,158.624458,2.275408,156.953059,3,-1,1,7,-104.09028216778883,75.91220386849535,93.52191083221118,-82.71225413150465,3.763349000000062,0.001418603,1.0236698217212639,-3.71822809428859,-152.230862606388,-38.21030227010118,-0.9572442418998602,156.91255135149927,1,1,1,1,0,2,2,1,1,0,1
4971000.0,101,-61.271552,-144.36854,-173.345819,4.497795,102,-61.271889,-144.371331,162.385516,2.841238,156.923443,3,-1,1,7,-104.10264963328883,75.89979781993216,69.24316936671117,-86.48571818006783,24.26866499999994,0.00056583,-1.3809780242289516,-1.7594719167246016,-152.1938878560083,-38.235944636519854,59.21985202525406,96.48116623242456,1,0,1,1,1,2,2,0,0,1,1
4972000.0,101,-61.27162,-144.368513,172.728736,7.128882,102,-61.271887,-144.371331,159.911492,1.669216,156.746911,3,-1,1,7,-101.15254881264885,78.84992231782354,86.11871518735114,-81.06156968217647,12.817244000000073,-0.0011720220000000002,0.32895422365449134,-5.503885678766464,-153.78685214549185,-30.31828186462013,4.104541479387947,155.32938840279994,1,0,1,1,0,2,2,1,0,0,1
4973000.0,101,-61.271626,-144.368461,127.192734,2.827342,102,-61.271812,-144.371349,2.262184,2.239201,156.513812,3,-1,1,7,-97.63302356724215,82.36950894600379,135.17424243275786,80.10732494600379,124.93054999999998,0.000569985,2.1638928353258793,-3.9465787724755907,-155.12696611952472,-20.78936577491419,-107.33005412258707,451.01884395741905,1,1,1,1,0,2,2,0,1,0,0
4974000.0,101,-61.271657,-144.368435,152.648684,3.560302,102,-61.271827,-144.371347,7.119043,0.759523,156.255899,3,-1,1,7,-96.92634023543309,83.07621332409475,110.42497576456691,75.95717032409475,145.52964100000003,-0.0014796780000000001,1.5416351654773504,-3.91594962205203,-155.11554458282578,-18.84340205673044,-999,4167.728229584946,1,1,1,1,1,2,2,0,1,0,0
4975000.0,101,-61.271718,-144.368478,-169.217466,6.277415,102,-61.271814,-144.371348,2.656459,1.007427,155.956093,3,-1,1,7,-93.98213088873369,86.02038584114545,75.23533511126631,83.36392684114546,171.87392499999999,0.0002479040000000001,-1.2210820819590502,-7.172927411964508,-155.57957709932916,-10.830426280555706,-999,7307.202458067695,1,0,1,1,1,2,2,0,1,0,0
4976000.0,101,-61.27174,-144.368434,156.398168,3.341333,102,-61.271847,-144.371339,167.607251,0.821444,155.592854,3,-1,1,7,-94.38333686315174,85.61921055937144,109.21849513684828,-81.98804044062855,11.209083000000078,-0.00018598300000000013,1.1615058220923766,-2.2595263547179947,-155.13774832438108,-11.89181486175701,-22.18805389163909,143.46733112571644,1,1,1,1,0,2,2,1,1,1,1
4977000.0,101,-61.271752,-144.368438,172.075743,1.598204,102,-61.271823,-144.371336,18.955573,0.566938,155.618447,3,-1,1,7,-92.91918898658594,87.08335229756128,95.00506801341407,68.12777929756128,153.12016999999997,-0.0002545059999999999,0.03617335410154601,-2.1191364157455386,-155.41650981806634,-7.925245905503336,-999,2128.2876435991675,1,1,1,1,1,2,2,0,1,0,0
4978000.0,101,-61.271826,-144.368454,-175.734598,7.216351,102,-61.271866,-144.371325,168.207332,1.529527,155.842171,3,-1,1,7,-91.6615905581504,88.34092705061953,84.07300744184961,-79.86640494938048,16.058070000000043,0.000962589,-0.8493180281110656,-5.69911923555928,-155.77664293812052,-4.518824728018494,4.871217582116236,153.41038314675487,1,0,1,1,1,2,2,1,0,1,1
4979000.0,101,-61.271862,-144.368416,163.583263,4.687028,102,-61.271879,-144.371318,167.48031,1.521438,156.147081,3,-1,1,7,-90.69953697879332,89.30300781474676,105.71720002120668,-78.17730218525324,3.8970470000000432,-8.089000000000014e-06,0.9948458160367638,-3.010684107224808,-156.13544310140546,-1.9063872503599784,-14.532320614921973,148.85352439124614,1,1,1,1,0,2,2,1,1,1,1
4980000.0,101,-61.271923,-144.368357,157.742237,6.95509,102,-61.271886,-144.371316,168.113441,1.252038,156.625489,3,-1,1,7,-88.51108117002083,91.4915136083756,113.7466818299792,-76.6219273916244,10.371204000000034,-0.0002694000000000001,2.376519300117918,-5.211669663268468,-156.57260737597701,4.0696958089353235,-11.323767715097894,140.82315250304555,1,1,1,1,0,2,2,0,1,1,1
4981000.0,101,-61.271981,-144.368381,-178.336155,6.526903,102,-61.271931,-144.371313,175.090952,2.64537,155.13584,3,-1,1,7,-87.96932582730633,92.0332452757811,90.36682917269366,-83.05770672421889,6.572892999999993,0.0013933320000000002,-0.4158874272556412,-3.888484894687575,-155.03841466447082,5.497165709089947,2.8336876559404636,154.74382179607724,1,1,1,1,1,0,2,1,0,0,1
4982000.0,101,-61.272023,-144.368405,-168.885934,5.040237,102,-61.27196,-144.371306,174.724605,2.915147,154.826661,3,-1,1,7,-87.41431479695062,92.58822912267523,81.47161920304937,-82.13637587732477,16.38946100000001,0.0002697769999999999,-1.2395978226233573,-2.04290998771457,-154.66902765939477,6.984757641199469,30.285125083594888,135.8669752609902,1,0,1,1,1,2,2,0,0,1,1
4983000.0,101,-61.272089,-144.368444,-165.59855,7.164644,102,-61.27205,-144.371288,174.885578,5.646258,153.623701,3,-1,1,7,-88.36702902034752,91.6354649171602,77.23152097965247,-83.2501130828398,19.515872,0.0027311110000000005,-2.2852858483439262,-1.3157301230712557,-153.56131164459006,4.377793385998427,47.858304196401065,80.55072175943104,1,0,1,1,1,0,2,0,0,1,1
4984000.0,101,-61.272105,-144.36837,138.071924,3.513527,102,-61.272131,-144.371276,175.471838,6.93904,153.181703,3,-1,1,7,-91.06767629923088,88.93487200820849,130.8603997007691,-86.5369659917915,37.39991399999997,0.001292782,1.7998980118031485,4.303372224384498,-153.15510810560446,-2.854294158075283,-16.055122837325133,140.80928966645382,1,1,1,1,0,2,2,0,1,0,1
4985000.0,101,-61.272125,-144.368415,-155.560127,2.526192,102,-61.272118,-144.371269,172.518831,3.750709,153.061477,3,-1,1,7,-89.70888070279108,90.29362200530909,65.85124629720892,-82.22520899469092,31.92104200000003,-0.0031883310000000004,-1.5335254131802234,1.4189468882873313,-153.05950125135246,0.777700526396975,57.87898980455145,103.69334689751791,1,0,1,1,1,2,2,1,0,1,1
4986000.0,101,-61.272198,-144.368438,-170.630204,7.340709,102,-61.272072,-144.37126,123.240354,0.576363,152.91734,3,-1,1,7,-84.69407169302731,95.3084029539439,85.93613230697268,-27.9319510460561,66.12944199999998,-0.0031743459999999998,-1.6771680274306693,-6.926835387139073,-152.2621099047494,14.140818930656517,5.524048814492758,152.29749247723714,1,0,1,1,0,2,2,0,0,0,1
4987000.0,101,-61.27223,-144.368484,-153.022439,4.622785,102,-61.272011,-144.371245,13.766794,2.509924,152.64373,3,-1,1,7,-80.63045661819477,99.37196453673644,72.39198238180522,85.60517053673644,166.789233,0.0019335609999999999,-2.694375298073323,-6.557573008875325,-150.60728574545675,24.850629543318185,-999,7118.246226394987,1,0,1,1,1,2,2,0,1,0,0
4988000.0,101,-61.272296,-144.368477,-177.253958,6.811413,102,-61.272052,-144.371259,148.275228,0.305623,152.359657,3,-1,1,7,-79.6599280173251,100.34251155427576,97.59402998267491,-47.93271644572424,34.47081400000002,-0.002204301,-0.4870374871490133,-6.543633458664748,-149.88529734652434,27.347078829403983,-2.906880130741243,151.52994465484775,1,1,1,1,0,2,2,1,1,1,1
4989000.0,101,-61.272284,-144.368579,-90.253591,4.011891,102,-61.272021,-144.371247,14.48572,1.214375,152.037668,3,-1,1,7,-78.41118049340848,101.59115910967459,11.84241050659152,87.10543910967459,104.73931100000004,0.000908752,-4.3156138908279,-1.1935265980483147,-148.93829934119063,30.54235551217555,39.391673361459965,80.36609165305684,1,0,0,1,1,2,2,0,0,1,1
4990000.0,101,-61.272323,-144.368557,-174.970691,3.670621,102,-61.27202,-144.371244,19.3586,0.782528,151.656147,3,-1,1,7,-76.79780542772215,103.20455083693851,98.17288557227783,83.84595083693851,165.670709,-0.00043184699999999996,-0.581178170282409,-4.3947748119848935,-147.64789865479167,34.63646843588381,-999,4416.202289017348,1,1,1,1,0,2,2,0,1,0,0
4991000.0,101,-61.272391,-144.368563,-177.333865,6.925455,102,-61.272056,-144.371254,179.35617,1.086816,151.667279,3,-1,1,7,-75.48052940963373,104.52183036398593,101.85333559036627,-74.83433963601406,3.309964999999977,0.000304288,-0.33435700560800813,-5.83121110781953,-146.82340510488316,38.024350522674496,-5.054358632205608,148.75935172103289,1,1,1,1,0,2,2,1,1,1,1
4992000.0,101,-61.27245,-144.36858,-173.908182,6.685187,102,-61.272046,-144.37124,136.093501,0.351677,151.880326,3,-1,1,7,-72.46518972968607,107.53714286015376,101.44299227031394,-28.55635813984624,49.998316999999986,-0.000735139,-0.9533281389288506,-6.394062884768081,-144.82306688914844,45.75929110779043,-5.136122516010852,150.27578660998563,1,1,1,1,2,2,2,0,1,0,1
4993000.0,101,-61.272473,-144.368569,176.181453,3.229596,102,-61.27208,-144.371252,-178.231122,1.589756,152.177888,3,-1,1,7,-73.05253404463213,106.94981871478501,110.76601295536787,-74.81905928521496,5.587424999999968,0.001238079,0.2641533899128308,-1.6334277355773923,-145.5691716961541,44.35905598450171,-40.37402615105982,136.6207805693867,1,1,1,1,0,2,2,1,1,1,1
4994000.0,101,-61.272566,-144.368614,-169.7569,9.356618,102,-61.272055,-144.371231,75.246908,0.342095,152.651749,3,-1,1,7,-67.89182523402474,112.11046964998997,101.86507476597527,36.86356164998996,114.99619199999998,-0.001247661,-1.994657834910836,-9.294609249989891,-141.42802046120548,57.45147083568743,-999,9471.420375101094,1,1,1,1,1,2,2,0,1,0,0
4995000.0,101,-61.272559,-144.368608,-162.191566,0.833474,102,-61.272048,-144.371222,47.009312,0.536423,151.853907,3,-1,1,7,-67.86890288687701,112.13338936623914,94.32266311312299,65.12407736623913,150.79912199999998,0.00019432800000000001,-0.6472803005561378,-1.1593134201207442,-140.66596407693217,57.20747871976067,134.28721647664054,219.56767339643164,1,1,1,1,1,2,2,0,0,1,0
4996000.0,101,-61.272599,-144.368585,167.959566,3.944001,102,-61.272079,-144.371225,169.342599,1.142257,150.866767,3,-1,1,7,-67.71727842946987,112.28503662400182,124.32315557053013,-57.05756237599819,1.3830330000000686,0.0006058340000000001,0.6114817580726204,-2.734681758704325,-139.6006564795647,57.20522786867356,-30.593726949637226,123.75470145834439,1,1,1,1,0,2,2,1,1,1,1
4997000.0,101,-61.272637,-144.368561,164.847004,4.375799,102,-61.272178,-144.37127,-172.625273,4.976389,152.017041,3,-1,1,7,-70.58283299900809,109.4195425631839,124.5701630009919,-77.95518443681613,22.527723000000037,0.0038341320000000005,1.7825826890190637,0.7115657038229557,-143.37078193673116,50.53711152456148,-60.9785824430494,100.1222239676352,1,1,1,1,2,1,2,0,1,1,1
4998000.0,101,-61.272713,-144.368618,-166.375416,7.985422,102,-61.272232,-144.371298,-170.215207,5.427804,152.665269,3,-1,1,7,-69.52503888802705,110.4773112450455,96.85037711197295,-79.3074817549545,3.839790999999991,0.0004514149999999999,-0.9585948946882489,-2.4118664214819665,-143.0206626593359,53.402007558956086,1.1861392836136633,152.63181396706008,1,1,1,1,1,2,2,1,0,0,1
4999000.0,101,-61.272759,-144.368702,-145.963269,6.69664,102,-61.27232,-144.371374,-164.698362,7.317032,154.965918,3,-1,1,7,-71.1294259291975,108.87291719001318,74.8338430708025,-86.42872080998683,18.735093000000006,0.0018892280000000002,-1.817302585649056,1.508277916182946,-146.636746511863,50.12085707565615,81.34793648263282,72.58431081752074,1,0,1,1,1,1,2,0,0,1,1
5000000.0,101,-61.272764,-144.368672,176.889302,1.389885,102,-61.272412,-144.37145,-162.410171,8.703777,154.279408,3,-1,1,7,-75.23259181259536,104.76984426084694,107.87810618740465,-92.81998473915309,20.700526999999965,0.0013867450000000004,2.705709773497254,6.908988981841528,-149.18333367783717,39.3251660593767,-2.377907357166093,153.251143300163,1,1,1,1,0,2,2,0,1,0,1
