16170,
33050,
33098,
13044,
33134,
14990,
33120,
14990,
15948,
32162,
14990,
14664,
14976,
30204,
15960,
33122,
15960,
15950,
14666,
15948,
15636,
15636,
14990,
15948,
33120,
14990,
15624,
14666,
14976,
33120,
15950,
32162,
15948,
14990,
14652,
15948,
33132,
15948,
15962,
33134,
14990,
32163,
14976,
14976,
14666,
32162,
32160,
14988,
32148,
15948,
15636,
14990,
32150,
14976,
33134,
15948,
33132,
15950,
15314,
32162,
32160,
14978,
32160,
14988,
32148,
14988,
15636,
32150,
14990,
14652,
32148,
32162,
14990,
15315,
14652,
29232,
14988,
15948,
33120,
15962,
14666,
14976,
33120,
14990,
33120,
15948,
33132,
14990,
11736,
14991,
15948,
14666,
12720,
33120,
29570,
14990,
14666,
14988,
14976,
32150,
32162,
14991,
14989,
14976,
14652,
14976,
15948,
14666,
33132,
33120,
14990,
32163,
14989,
14652,
14978,
14664,
14978,
32148,
32487,
14976,
15312,
14979,
14988,
32148,
14988,
14667,
32148,
14990,
14991,
14988,
32163,
32148,
33444,
14990,
14978,
14654,
14652,
14990,
14990,
14666,
15300,
14988,
14654,
14991,
32161,
14976,
32160,
32162,
14976,
32160,
14991,
14989,
14976,
14666,
14979,
14655,
14976,
32163,
32163,
14976,
11738,
14988,
15300,
15315,
32160,
14976,
14667,
11737,
32161,
32161,
14991,
14655,
11736,
14991,
32161,
32472,
14991,
14667,
14976,
15315,
14976,
14652,
14655,
32148,
32163,
29556,
32162,
29556,
32160,
15948,
15962,
32163,
32472,
29556,
32163,
14977,
14653,
32163,
29556,
32163,
32161,
14977,
32163,
32163,
29557,
29571,
29232,
32163,
32161,
32475,
32161,
29556,
29247,
32163,
32163,
32149,
32487,
29556,
32163,
29559,
32149,
32487,
29557,
29247,
29557,
29559,
29247,
29247,
29559,
29247,
30531,
29559,
16170,
33050,
33098,
13044,
33134,
14990,
33120,
14990,
15948,
32162,
14990,
14664,
14976,
30204,
15960,
33122,
15960,
15950,
14666,
15948,
15636,
15636,
14990,
15948,
33120,
14990,
15624,
14666,
14976,
33120,
15950,
32162,
15948,
14990,
14652,
15948,
33132,
15948,
15962,
33134,
14990,
32163,
14976,
14976,
14666,
32162,
32160,
14988,
32148,
15948,
15636,
14990,
32150,
14976,
33134,
15948,
33132,
15950,
15314,
32162,
32160,
14978,
32160,
14988,
32148,
14988,
15636,
32150,
14990,
14652,
32148,
32162,
14990,
15315,
14652,
29232,
14988,
15948,
33120,
15962,
14666,
14976,
33120,
14990,
33120,
15948,
33132,
14990,
11736,
14991,
15948,
14666,
12720,
33120,
29570,
14990,
14666,
14988,
14976,
32150,
32162,
14991,
14989,
14976,
14652,
14976,
15948,
14666,
33132,
33120,
14990,
32163,
14989,
14652,
14978,
14664,
14978,
32148,
32487,
14976,
15312,
14979,
14988,
32148,
14988,
14667,
32148,
14990,
14991,
14988,
32163,
32148,
33444,
14990,
14978,
14654,
14652,
14990,
14990,
14666,
15300,
14988,
14654,
14991,
32161,
14976,
32160,
32162,
14976,
32160,
14991,
14989,
14976,
14666,
14979,
14655,
14976,
32163,
32163,
14976,
11738,
14988,
15300,
15315,
32160,
14976,
14667,
11737,
32161,
32161,
14991,
14655,
11736,
14991,
32161,
32472,
14991,
14667,
14976,
15315,
14976,
14652,
14655,
32148,
32163,
29556,
32162,
29556,
32160,
15948,
15962,
32163,
32472,
29556,
32163,
14977,
14653,
32163,
29556,
32163,
32161,
14977,
32163,
32163,
29557,
29571,
29232,
32163,
32161,
32475,
32161,
29556,
29247,
32163,
32163,
32149,
32487,
29556,
32163,
29559,
32149,
32487,
29557,
29247,
29557,
29559,
29247,
29247,
29559,
29247,
30531,
29559,
