9000.0,101,-74.708632,-101.382418,-7.42769,0.784752,102,-74.75797,-101.335707,29.138803,19.615201,5655.959423,3,0,0,6,166.02445420716774,-14.020608395033925,173.45214420716775,-43.15941139503393,36.56649299999998,-0.008263301000000002,-9.652620105261553,-16.35458628557001,1365.9580067477536,-5488.536755677618,211.4458260271071,3966.111718708663,1,1,2,1,0,0,2,1,0,1,0
10000.0,101,-74.708625,-101.382459,-18.694777,0.820208,102,-74.757853,-101.33743,3.339809,16.568128,5632.351619,3,0,0,6,166.47975086128437,-13.563689084635053,-174.82547213871564,-16.903498084635054,22.03458599999999,-0.0030470729999999974,-1.2281188685201547,-15.763054948309177,1316.781844489352,-5476.264268100576,339.74334853853884,1738.2346491402625,0,1,2,0,1,0,2,1,0,1,0
11000.0,101,-74.708614,-101.382467,-16.98045,0.880475,102,-74.75749,-101.33544,23.255471,21.424508,5609.160188,3,0,0,6,165.80565139856031,-14.23971599833648,-177.2138986014397,-37.49518699833648,40.23592100000002,0.004856379999999998,-8.71621115842911,-18.841751772968305,1375.4320583516517,-5437.909953971537,209.61398988779027,3531.4594378616353,0,1,2,1,1,0,2,0,0,0,0
12000.0,101,-74.708608,-101.382528,-28.741269,0.940573,102,-74.757271,-101.335585,18.898029,21.410166,5586.495702,3,0,0,6,165.77028410773772,-14.275002229249598,-165.4884468922623,-33.1730312292496,47.639298,-1.434199999999919e-05,-7.386708263640646,-19.431388697226414,1373.2173250054645,-5415.09080318782,220.66492065237222,3207.797509723918,0,1,2,1,0,0,2,0,0,1,0
13000.0,101,-74.70859,-101.382604,-34.353793,1.1753,102,-74.756696,-101.331277,38.822089,32.272986,5564.515059,3,0,0,6,164.33180217134426,-15.717713380116262,-161.31440482865574,-54.53980238011626,73.175882,0.010862820000000002,-20.89529453442324,-24.173474039282475,1502.7866564783944,-5357.7476710786095,95.97487498834876,4640.59990749444,0,1,2,1,0,0,2,0,0,0,0
14000.0,101,-74.708563,-101.382658,-31.548679,1.462602,102,-74.756641,-101.333989,23.097361,25.192037,5543.405353,3,0,0,6,165.09770534536932,-14.94924600386139,-163.3536156546307,-38.04660700386139,54.64603999999997,-0.007080949000000004,-10.647970548833674,-21.926208926061822,1425.6058454212862,-5356.957240931621,172.77597070233873,3622.5580060287607,0,1,2,1,1,0,2,1,0,1,0
15000.0,101,-74.708543,-101.382714,-32.020812,1.624353,102,-74.756594,-101.336998,0.952136,21.438257,5523.1139,3,0,0,6,165.95730141046275,-14.086801150461023,-162.02188658953725,-15.038937150461022,32.972947999999974,-0.003753779999999999,-1.2175188491038251,-20.0580802167797,1340.1555457889635,-5358.0565754258605,265.36035614086956,1663.6142552028984,0,1,2,0,0,0,2,1,0,1,0
16000.0,101,-74.708516,-101.382774,-30.955728,1.852655,102,-74.756502,-101.339257,-15.660347,21.19942,5502.822452,3,0,0,6,166.59018388218692,-13.45179727536417,-162.4540881178131,2.20854972463583,15.29538100000002,-0.00023883700000000018,4.769486390638315,-18.823699811130172,1276.184645149116,-5352.794381416207,286.1385708372276,94.63630064976186,0,1,2,0,2,0,2,1,0,1,1
17000.0,101,-74.708475,-101.382824,-27.073061,2.208658,102,-74.756258,-101.338953,-11.996858,21.471557,5482.531008,3,0,0,6,166.42960665650503,-13.612715978588339,-166.49733234349497,-1.6158579785883393,15.076203000000021,0.00027213700000000075,3.4578176341276285,-19.03594826246336,1286.4201809103854,-5329.471772308019,285.72501209751425,317.91539335140266,0,1,2,0,1,0,2,1,0,0,0
18000.0,101,-74.708433,-101.382917,-26.875577,2.598765,102,-74.75615,-101.341025,-24.06458,22.199325,5462.239568,3,0,0,6,167.00304192370427,-13.037371542933391,-166.12138107629573,11.027208457066608,2.810997000000043,0.000727768000000001,7.8773480748478395,-17.95182924958656,1228.453981871005,-5322.3079498136985,274.49015798273416,1013.7935950533249,0,1,2,0,2,0,2,1,0,0,0
19000.0,101,-74.708384,-101.382996,-25.260124,3.008391,102,-74.755926,-101.341056,-22.203526,22.288808,5441.948133,3,0,0,6,166.94222585366813,-13.098233892523892,-167.79765014633188,9.105292107476108,3.056598000000008,8.948299999999776e-05,7.139124392930333,-17.915305465319996,1229.518089038953,-5301.234266752243,279.8268597106239,820.4300199268907,0,1,2,0,1,0,2,0,0,1,0
20000.0,101,-74.708348,-101.383068,-25.241131,3.191131,102,-74.755665,-101.34054,-17.463487,22.292828,5421.656702,3,0,0,6,166.70467435267616,-13.336352611260383,-168.05419464732384,4.127134388739618,7.777644000000009,4.020000000000579e-06,5.329242291077569,-18.378870103755343,1246.820244457609,-5276.3434945378785,285.2229597703978,275.3427334846397,0,1,2,0,2,0,2,0,0,1,0
21000.0,101,-74.708312,-101.383127,-24.769114,3.337445,102,-74.755406,-101.340086,-13.627699,22.431404,5401.365275,3,0,0,6,166.48854988675384,-13.552971941514608,-168.74233611324615,0.07472705848539185,11.141414999999995,0.00013857600000000047,3.8868423911334906,-18.769485799014607,1261.9732528677816,-5251.8730318832095,284.75378540331417,180.8159664093204,0,1,2,0,1,0,2,0,0,1,1
22000.0,101,-74.70827,-101.383197,-24.206048,3.558602,102,-74.755144,-101.339603,-10.118103,22.651842,5381.073853,3,0,0,6,166.25947636065237,-13.782578918486388,-169.53447563934762,-3.6644759184863887,14.08794499999999,0.0002204379999999979,2.5203297230861113,-19.05383579804318,1278.1408326829717,-5227.074882117985,282.08220823281414,586.109170744002,0,1,2,0,1,0,2,0,0,0,0
23000.0,101,-74.708231,-101.383305,-25.507975,3.753455,102,-74.755035,-101.341771,-19.849141,23.014543,5360.782435,3,0,0,6,166.8666822940743,-13.173385681954233,-167.6253427059257,6.675755318045766,5.658834000000013,0.0003627010000000013,6.198091982809111,-18.259658327763926,1218.0643317262256,-5220.565831323352,278.62706889809334,525.9672237774141,0,1,2,0,0,0,2,1,0,1,0
24000.0,101,-74.708192,-101.383395,-26.032735,3.89938,102,-74.754808,-101.341795,-18.633921,23.084649,5340.491021,3,0,0,6,166.7951677371729,-13.24496388379941,-167.1720972628271,5.38895711620059,7.398814000000016,7.010599999999911e-05,5.664637665213945,-18.370775733956037,1219.9442778901198,-5199.286518766279,279.8044905559336,369.793657139833,0,1,2,0,2,0,2,0,0,1,0
25000.0,101,-74.708139,-101.383498,-25.628993,4.23709,102,-74.754595,-101.342043,-18.528497,23.192346,5320.199611,3,0,0,6,166.7956714800797,-13.244320233675694,-167.5753355199203,5.2841767663243076,7.100495999999964,0.0001076970000000017,5.537257912297598,-18.169968802212153,1215.2635122925328,-5179.542305703754,282.2908052715129,351.47527736186777,0,1,2,0,2,0,2,1,0,1,0
26000.0,101,-74.708098,-101.383579,-25.650462,4.352088,102,-74.754467,-101.343915,-25.086484,23.789507,5299.908206,3,0,0,6,167.3242285003195,-12.714035417058884,-167.0253094996805,12.372448582941114,0.5639780000000201,0.0005971609999999998,8.202481679990509,-17.62221844730081,1162.9782724899626,-5170.735782240512,266.6468394002609,1127.6439041542337,0,1,2,0,0,0,2,1,0,0,0
27000.0,101,-74.708048,-101.383651,-24.707916,4.559162,102,-74.754186,-101.343132,-20.515692,23.588002,5279.616805,3,0,0,6,166.99732351081184,-13.041765195436737,-168.29476048918815,7.4739268045632645,4.19222400000001,-0.00020150500000000094,6.361047270808384,-17.950189522785326,1187.8956740556941,-5144.245083119405,277.2048282649013,599.5433153655953,0,1,2,0,1,0,2,0,0,1,0
28000.0,101,-74.708013,-101.383753,-26.023232,4.572015,102,-74.75399,-101.343682,-21.478221,23.723045,5259.325409,3,0,0,6,167.09256592065944,-12.946090578393912,-166.88420207934055,8.53213042160609,4.545010999999988,0.00013504299999999957,6.68022892202667,-17.967154305976134,1174.8101680885702,-5126.433928834812,273.98538675999924,686.3960501059328,0,1,2,0,0,0,2,0,0,0,0
29000.0,101,-74.707972,-101.383839,-26.269438,4.643786,102,-74.753807,-101.344449,-23.133999,23.916981,5239.034017,3,0,0,6,167.2665339811573,-12.771465536804959,-166.4640280188427,10.36253346319504,3.1354389999999626,0.00019393600000000078,7.341265129449214,-17.829593230166147,1154.7667592324497,-5110.185041958358,269.2382335586866,878.230135841478,0,1,2,0,2,0,2,1,0,0,0
30000.0,101,-74.707923,-101.383936,-26.183437,4.828234,102,-74.753682,-101.346507,-28.925901,24.667901,5218.742629,3,0,0,6,167.86154447984183,-12.174563247182281,-165.95501852015818,16.75133775281772,2.742463999999984,0.0007509200000000007,9.800882206960672,-17.257691426539704,1097.369956816377,-5102.06368106266,249.67789594887412,1565.515461428373,0,1,2,0,0,0,2,1,0,0,0
31000.0,101,-74.707885,-101.38402,-26.570637,4.832848,102,-74.753512,-101.347542,-30.846522,25.003959,5198.451245,3,0,0,6,168.127705475469,-11.907484805141106,-165.30165752453098,18.939037194858894,4.275885000000017,0.00033605799999999775,10.658796671890798,-17.14457540431144,1069.482581184178,-5087.248996774748,240.22967168726876,1778.0667132399212,0,1,2,0,0,0,2,0,0,0,0
32000.0,101,-74.707847,-101.384095,-26.61685,4.831806,102,-74.753258,-101.347145,-28.193522,24.718484,5178.159866,3,0,0,6,167.92285475199049,-12.112790841604003,-165.46029524800952,16.080731158396,1.5766720000000305,-0.00028547499999999814,9.513519913767928,-17.466062427722623,1083.4187127896041,-5063.550482678183,248.96024706802532,1470.6828447672362,0,1,2,0,2,0,2,1,0,1,0
33000.0,101,-74.707799,-101.384166,-25.901014,4.93888,102,-74.752967,-101.346222,-24.008311,24.385237,5157.868491,3,0,0,6,167.54310794428113,-12.493496529604702,-166.55587805571886,11.514814470395297,1.8927029999999831,-0.00033324700000000006,7.764210468445711,-17.83281381494547,1112.578082120272,-5036.444914980823,261.10175493750245,990.5680334988006,0,1,2,0,1,0,2,0,0,1,0
34000.0,101,-74.707767,-101.384256,-26.954184,4.862112,102,-74.752695,-101.345584,-20.938179,24.232105,5137.577121,3,0,0,6,167.24603231111416,-12.791274435350763,-165.79978368888584,8.146904564649239,6.016005000000007,-0.00015313199999999937,6.455707606631652,-18.298038407566526,1134.1970908514077,-5010.817860721626,265.65322532252617,599.8114348056127,0,1,2,0,0,0,2,0,0,1,0
35000.0,101,-74.707737,-101.384385,-29.202714,4.820545,102,-74.752501,-101.346155,-21.736527,24.319319,5117.285754,3,0,0,6,167.34222126422767,-12.694659066640714,-163.45506473577234,9.041867933359285,7.466186999999991,8.721399999999945e-05,6.65444398846271,-18.382285516182566,1121.3368737076469,-4992.916693051759,263.08521325450306,648.5901728541344,0,1,2,0,0,0,2,0,0,0,0
36000.0,101,-74.707699,-101.384438,-28.431757,4.785734,102,-74.752278,-101.346231,-21.032649,24.310113,5096.994392,3,0,0,6,167.29861980263425,-12.738238317281375,-164.26962319736575,8.294410682718624,7.3991080000000125,-9.205999999998937e-06,6.446352617134174,-18.481975802505204,1120.6746478984583,-4972.267105218415,261.9745745001873,582.8926875172453,0,1,2,0,1,0,2,1,0,1,0
37000.0,101,-74.707653,-101.384529,-28.180949,4.907017,102,-74.752038,-101.346078,-19.711051,24.276665,5076.703035,3,0,0,6,167.1659732176837,-12.871120262630155,-164.6530777823163,6.839930737369846,8.469898,-3.344799999999992e-05,5.870580268801145,-18.52884439132814,1127.6757575899194,-4949.874856127397,264.10757576125684,426.51664550826894,0,1,2,0,2,0,2,0,0,1,0
38000.0,101,-74.707618,-101.384641,-29.407513,4.906324,102,-74.751718,-101.344868,-15.447281,24.245804,5056.411681,3,0,0,6,166.65723507680198,-13.381133697574782,-163.93525192319802,2.066147302425218,13.960232000000019,-3.086100000000158e-05,4.048815523404859,-19.095805669577818,1166.8986783484086,-4919.923430524298,265.0009352555101,169.00800562138363,0,1,2,0,0,0,2,0,0,1,1
39000.0,101,-74.707576,-101.384761,-30.103167,5.009434,102,-74.751482,-101.344754,-14.512757,24.262812,5036.120332,3,0,0,6,166.52425440483037,-13.514340082355554,-163.3725785951696,0.9984169176444464,15.590409999999963,1.700800000000058e-05,3.5676284103194114,-19.15485094362565,1173.585855701246,-4897.469166588165,265.0321167091496,290.0219052124153,0,1,2,0,0,0,2,0,0,0,0
40000.0,101,-74.707537,-101.384864,-30.545277,5.040047,102,-74.751245,-101.34464,-13.633668,24.286495,5015.828988,3,0,0,6,166.3945766206856,-13.64422717941877,-163.0601463793144,-0.01055917941877027,16.911609,2.3682999999998343e-05,3.1631996765798487,-19.261537472259754,1179.8940870649938,-4875.07849989825,263.6781508923808,401.3951346627176,0,1,2,0,2,0,2,0,0,0,0
41000.0,101,-74.707497,-101.38496,-30.693732,5.065868,102,-74.75097,-101.344029,-11.497316,24.353367,4995.537648,3,0,0,6,166.09246942912046,-13.94701637907885,-163.21379857087953,-2.44970037907885,19.196416,6.687200000000005e-05,2.2682960555390776,-19.508512361538237,1200.7055727477302,-4849.092958498313,260.3133579443651,651.8727923331643,0,1,2,0,2,0,2,0,0,0,0
42000.0,101,-74.707456,-101.385075,-31.284466,5.125358,102,-74.750814,-101.345309,-14.318399,24.387225,4975.246312,3,0,0,6,166.43882417939378,-13.599537744599505,-162.27670982060621,0.7188612554004941,16.96606700000001,3.385800000000216e-05,3.3696748463075963,-19.24953997279535,1166.6129144120941,-4836.537002132469,261.8112729684938,349.5341239220015,0,1,2,0,0,0,2,1,0,1,0
43000.0,101,-74.707412,-101.385158,-30.677166,5.175257,102,-74.750569,-101.345088,-13.240398,24.410375,4954.95498,3,0,0,6,166.2776130072173,-13.76104215636498,-163.0452209927827,-0.5206441563649786,17.436767999999972,2.314999999999756e-05,2.9504683002506704,-19.31048088449172,1175.4032131962845,-4813.523256434382,260.4024123321609,460.36816148727706,0,1,2,0,1,0,2,0,0,0,0
44000.0,101,-74.707379,-101.385252,-31.352896,5.098681,102,-74.750383,-101.345783,-14.460424,24.431503,4934.663653,3,0,0,6,166.42929341901657,-13.608781945457178,-162.21781058098344,0.8516420545428218,16.892471999999998,2.1128000000000923e-05,3.4479371199673947,-19.303355960577747,1157.894898905945,-4796.893241601995,258.7740522923843,331.51606610996515,0,1,2,0,0,0,2,1,0,1,0
45000.0,101,-74.707342,-101.385302,-30.502046,5.012695,102,-74.750245,-101.347577,-18.170421,24.599875,4914.37233,3,0,0,6,166.97840911863673,-13.057983810624876,-162.51954488136326,5.112437189375125,12.331625000000031,0.0001683720000000015,5.127045317227047,-19.054163837129387,1107.2975872480667,-4788.000360395166,254.42464994321466,206.0330847530632,0,1,2,0,2,0,2,1,0,1,0
46000.0,101,-74.707303,-101.385415,-31.152407,5.055917,102,-74.750055,-101.348202,-19.00101,24.64392,4894.081011,3,0,0,6,167.10518371856784,-12.930715269819695,-161.74240928143215,6.070294730180306,12.151396999999974,4.404500000000056e-05,5.408177933512121,-18.97431791851807,1092.1725423115818,-4770.659082354496,253.3102931173828,280.06325473060986,0,1,2,0,0,0,2,1,0,0,0
47000.0,101,-74.707259,-101.385488,-30.294476,5.10253,102,-74.749899,-101.349578,-21.43497,24.822438,4873.789697,3,0,0,6,167.510477833782,-12.524164147730382,-162.195046166218,8.910805852269618,8.859505999999953,0.00017851799999999684,6.497292739377821,-18.699793136861857,1054.0109866964744,-4758.454250122247,248.60832380724193,571.8574280075286,0,1,2,0,2,0,2,1,0,0,0
48000.0,101,-74.707218,-101.385571,-30.114618,5.106004,102,-74.749629,-101.348985,-19.430302,24.744436,4853.498387,3,0,0,6,167.216350152137,-12.818943932954012,-162.66903184786298,6.611358067045989,10.684316000000024,-7.80019999999979e-05,5.669639495189853,-18.918349426550087,1073.934636903249,-4733.19247319091,250.0131559831143,343.56622010946955,0,1,2,0,2,0,2,0,0,1,0
49000.0,101,-74.707171,-101.385651,-29.287179,5.194079,102,-74.749338,-101.348153,-16.981311,24.704324,4833.207081,3,0,0,6,166.8352249540216,-13.200948897615806,-163.87759604597838,3.7803621023841956,12.305867999999975,-4.0112000000000594e-05,4.674261401673392,-19.09705188135224,1100.7739277269873,-4706.186083004479,251.24690332279246,117.74324380848991,0,1,2,0,1,0,2,0,0,1,1
50000.0,101,-74.707133,-101.385754,-29.982919,5.176747,102,-74.749112,-101.348184,-16.520897,24.695895,4812.91578,3,0,0,6,166.75366414932938,-13.282579136988002,-163.2634168506706,3.238317863012,13.46202199999999,-8.428999999999575e-06,4.4356120150497755,-19.192385903483434,1102.8225766365301,-4684.862929674013,250.25976594290472,118.44011463256754,0,1,2,0,0,0,2,0,0,0,1
51000.0,101,-74.707096,-101.385864,-30.806656,5.1748,102,-74.748852,-101.347753,-15.101262,24.693685,4792.624483,3,0,0,6,166.5004946588821,-13.536270496998508,-162.6928493411179,1.564991503001492,15.705393999999956,-2.2100000000015996e-06,3.783105636161406,-19.39629749861857,1118.7757326907793,-4660.213546072028,249.1189410510869,246.16783259111116,0,1,2,0,0,0,2,0,0,0,0
52000.0,101,-74.707055,-101.385944,-30.472608,5.170893,102,-74.748594,-101.347347,-13.798707,24.706851,4772.33319,3,0,0,6,166.26588487457104,-13.771349092254383,-163.26150712542895,0.027357907745617638,16.673901,1.3166000000001788e-05,3.270572893783429,-19.537156573329426,1133.0310487062745,-4635.88230211285,247.2152754918461,378.06585666813936,0,1,2,0,1,0,2,0,0,0,0
53000.0,101,-74.707017,-101.386037,-30.736997,5.150798,102,-74.748421,-101.348279,-15.27461,24.727286,4752.041902,3,0,0,6,166.51104549337762,-13.525379083967541,-162.75195750662238,1.7492309160324577,15.462386999999978,2.0434999999999092e-05,3.881731737915123,-19.426549843282082,1108.451342454259,-4620.956379341308,246.302300575223,223.74808944533171,0,1,2,0,0,0,2,1,0,1,0
54000.0,101,-74.70698,-101.386141,-31.312048,5.141105,102,-74.748253,-101.349336,-16.924027,24.775626,4731.750618,3,0,0,6,166.79901528571796,-13.236489929431809,-161.88893671428204,3.6875370705681902,14.38802099999998,4.833999999999961e-05,4.540443201420676,-19.310332290848116,1080.578544246302,-4606.714004652114,244.85418976249207,125.43572983735575,0,1,2,0,0,0,2,1,0,1,1
55000.0,101,-74.706934,-101.386243,-31.074706,5.237328,102,-74.747975,-101.348697,-15.173465,24.778901,4711.459338,3,0,0,6,166.46934498430502,-13.566875034115549,-162.45594901569498,1.6065899658844511,15.90124099999997,3.2750000000021375e-06,3.782410345741047,-19.42930900308421,1102.3193092480558,-4580.692222152268,244.69926602950935,247.78831902884335,0,1,2,0,1,0,2,0,0,0,0
56000.0,101,-74.706903,-101.386339,-31.925051,5.133996,102,-74.74773,-101.34846,-14.285352,24.782586,4691.168063,3,0,0,6,166.28479104190285,-13.751750192172116,-161.79015795809715,0.5336018078278837,17.639699000000007,3.6849999999972737e-06,3.4002288501282143,-19.65884920632498,1112.2573328523752,-4557.405119234771,241.97608738875402,351.60668839782437,0,1,2,0,0,0,2,0,0,0,0
57000.0,101,-74.706866,-101.386413,-31.591384,5.08755,102,-74.747566,-101.349616,-16.068872,24.821044,4670.876792,3,0,0,6,166.62205301388042,-13.413444415976636,-161.78656298611958,2.6554275840233625,15.522512000000006,3.8458000000002104e-05,4.205129309424832,-19.517673516140256,1080.7169579340052,-4544.132575407333,240.4295441821622,164.0285180131526,0,1,2,0,2,0,2,1,0,1,1
58000.0,101,-74.706819,-101.386512,-31.161834,5.195131,102,-74.747322,-101.349393,-15.212969,24.817572,4650.585525,3,0,0,6,166.44586427088635,-13.589943761954355,-162.39230172911365,1.6230252380456438,15.948865000000012,-3.47200000000214e-06,3.8240621219374233,-19.502371792459165,1089.929826180052,-4521.0616783386895,240.5315174424221,240.41337462664367,0,1,2,0,1,0,2,0,0,0,0
59000.0,101,-74.706774,-101.386585,-30.274408,5.23469,102,-74.747136,-101.350082,-16.070214,24.828765,4630.294263,3,0,0,6,166.61759565313892,-13.417618116160048,-163.10799634686109,2.652595883839952,14.204193999999973,1.1193000000002229e-05,4.233951404153176,-19.337748805910092,1071.677676392941,-4504.567894914199,239.894188509223,145.63343971645006,0,1,2,0,1,0,2,1,0,1,1
60000.0,101,-74.70674,-101.386661,-30.395135,5.138449,102,-74.74696,-101.35098,-17.263105,24.862088,4610.003005,3,0,0,6,166.86365565118427,-13.170765132667027,-162.74120934881572,4.0923398673329725,13.132029999999986,3.332299999999933e-05,4.7782209885900455,-19.30989969797322,1047.7111535480785,-4489.368446100184,237.22364754642334,125.35641233359067,0,1,2,0,2,0,2,1,0,1,1
61000.0,101,-74.706703,-101.386719,-29.823984,5.062297,102,-74.746721,-101.350831,-16.548238,24.851326,4589.711751,3,0,0,6,166.7256053962324,-13.309015053801993,-163.4504106037676,3.2392229461980087,13.27574599999997,-1.0761999999999717e-05,4.560548011984627,-19.43015807433371,1053.8657553111145,-4467.081925267324,235.25382309490595,105.66310877769216,0,1,2,0,1,0,2,0,0,1,1
62000.0,101,-74.706668,-101.386791,-29.813653,4.991023,102,-74.746557,-101.352016,-18.183475,24.918652,4569.420502,3,0,0,6,167.08292495301035,-12.950621791817879,-163.10342204698966,5.232853208182123,11.630178,6.732600000000133e-05,5.294696994650796,-19.343820548727635,1021.4510021320623,-4453.789574546752,232.2363039637671,211.7088188417796,0,1,2,0,2,0,2,1,0,0,0
63000.0,101,-74.70664,-101.386868,-30.499823,4.847021,102,-74.74634,-101.352177,-18.007617,24.909415,4549.129257,3,0,0,6,167.05362133491838,-12.979844357237948,-162.44655566508163,5.027772642762052,12.49220600000001,-9.237000000002382e-06,5.240545709335027,-19.512895698997788,1019.1827034215366,-4433.491131595927,229.7647516395378,191.52066276553418,0,1,2,0,0,0,2,0,0,1,1
64000.0,101,-74.706598,-101.386933,-29.660746,4.871226,102,-74.746149,-101.352798,-18.619165,24.929339,4528.838016,3,0,0,6,167.20767107230503,-12.825258239818504,-163.13158292769498,5.793906760181494,11.041581000000008,1.9923999999999608e-05,5.548755766144158,-19.3916260324221,1002.7659718941918,-4416.42776243175,228.36244121379426,264.62874789135344,0,1,2,0,1,0,2,1,0,0,0
65000.0,101,-74.706561,-101.387015,-29.749148,4.857616,102,-74.745954,-101.353327,-19.053318,24.943909,4508.54678,3,0,0,6,167.3205850315505,-12.711913051147162,-162.9302669684495,6.341404948852839,10.69583,1.4570000000002637e-05,5.732519921819352,-19.359949658031894,989.6066470569225,-4398.598953251947,226.83169399150185,310.7927857005977,0,1,2,0,2,0,2,1,0,0,0
66000.0,101,-74.706521,-101.38712,-30.142973,4.925991,102,-74.745728,-101.353362,-18.652902,24.929728,4488.255548,3,0,0,6,167.23661847920494,-12.79594711031388,-162.62040852079505,5.85695488968612,11.490071,-1.4181000000000666e-05,5.499748069891389,-19.360382768161124,991.5688522425954,-4377.354118119196,227.0999197212893,258.152513710501,0,1,2,0,2,0,2,0,0,1,0
67000.0,101,-74.706486,-101.387195,-30.179941,4.873908,102,-74.745498,-101.353353,-18.190983,24.916858,4467.964321,3,0,0,6,167.1438975738472,-12.88874902796199,-162.67616142615282,5.3022339720380085,11.988957999999968,-1.2869999999999492e-05,5.328481517971775,-19.458289251884302,994.1364940906562,-4355.961180364919,225.76145250526457,212.07655178381896,0,1,2,0,2,0,2,0,0,1,0
68000.0,101,-74.706457,-101.387288,-31.219392,4.778288,102,-74.745301,-101.353848,-18.565095,24.927763,4447.673098,3,0,0,6,167.2382852242982,-12.79397355993258,-161.5423227757018,5.77112144006742,12.654296999999985,1.09049999999975e-05,5.4598821970042914,-19.544246914031504,982.4769783802634,-4337.803012312305,223.61187325980814,240.62549892790278,0,1,2,0,0,0,2,0,0,0,0
69000.0,101,-74.70642,-101.387382,-31.471029,4.795292,102,-74.745058,-101.353663,-17.829419,24.915522,4427.381879,3,0,0,6,167.0688737036019,-12.963654203665289,-161.4600972963981,4.865764796334712,13.641609999999957,-1.2240999999999502e-05,5.125272282635077,-19.62896198650421,990.7578710286737,-4315.102448782914,223.19751757436254,166.81608590566174,0,1,2,0,2,0,2,0,0,1,1
70000.0,101,-74.706376,-101.387449,-30.342292,4.855996,102,-74.744863,-101.354207,-18.280647,24.928125,4407.090664,3,0,0,6,167.19720956966148,-12.834858168912412,-162.46049843033853,5.445788831087587,12.061644999999999,1.260300000000214e-05,5.366170331664675,-19.4792036905548,976.593615503192,-4297.524058207745,222.35324980447655,219.20402954481605,0,1,2,0,1,0,2,1,0,0,0
71000.0,101,-74.706334,-101.387535,-30.020463,4.918126,102,-74.744644,-101.354368,-18.116589,24.923061,4386.799454,3,0,0,6,167.16789957702485,-12.864095790977776,-162.81163742297514,5.252493209022225,11.90387400000003,-5.0640000000008455e-06,5.2892822318718125,-19.429175177145588,974.2853391176781,-4277.23947512821,222.09185565632504,203.9587088190834,0,1,2,0,2,0,2,1,0,1,0
72000.0,101,-74.706296,-101.387636,-30.568086,4.937268,102,-74.744428,-101.354566,-18.015045,24.919861,4366.508248,3,0,0,6,167.14626720628738,-12.885634568935895,-162.28564679371263,5.129410431064105,12.553041000000007,-3.1999999999996475e-06,5.1959771982833125,-19.44705998444373,971.3861267561261,-4257.0885911145615,221.49845634311106,186.45708846438723,0,1,2,0,0,0,2,0,0,1,1
73000.0,101,-74.706261,-101.387712,-30.503548,4.893532,102,-74.744213,-101.354783,-17.944987,24.917776,4346.217047,3,0,0,6,167.14039029983297,-12.891375437387122,-162.35606170016703,5.053611562612879,12.558560999999997,-2.085000000001003e-06,5.193342357838562,-19.489339481468534,967.3067083257038,-4237.206668509513,219.9748889919436,182.08581361216395,0,1,2,0,2,0,2,0,0,1,1
74000.0,101,-74.706228,-101.387781,-30.509129,4.811264,102,-74.743995,-101.354956,-17.810617,24.915152,4325.92585,3,0,0,6,167.11877601992867,-12.91288937227684,-162.37209498007132,4.89772762772316,12.69851200000005,-2.624000000000848e-06,5.1782791314048815,-19.575900559512363,964.3815546118501,-4217.060905040696,218.0464166025002,172.55501159279314,0,1,2,0,2,0,2,0,0,1,1
75000.0,101,-74.706186,-101.387853,-29.759876,4.859592,102,-74.743817,-101.355871,-18.785779,24.956802,4305.634657,3,0,0,6,167.3948341016088,-12.636018055042731,-162.8452898983912,6.14976094495727,10.974097000000029,4.165000000000063e-05,5.624720058154013,-19.408657351106086,939.623951666516,-4201.856331315256,216.59639504806077,278.67723337827215,0,1,2,0,2,0,2,1,0,0,0
76000.0,101,-74.706148,-101.387943,-29.985679,4.871881,102,-74.743577,-101.355742,-18.179976,24.949012,4285.343469,3,0,0,6,167.2448843829837,-12.786179016351834,-162.76943661701628,5.393796983648166,11.805702999999994,-7.789999999999964e-06,5.349278216586745,-19.48380456880606,946.137487797085,-4179.59238460953,216.09482582586108,212.05623234912105,0,1,2,0,2,0,2,0,0,1,0
77000.0,101,-74.706104,-101.388011,-29.100887,4.919731,102,-74.74337,-101.356085,-18.297136,24.950955,4265.052285,3,0,0,6,167.29658479096415,-12.734213305162916,-163.60252820903585,5.5629226948370825,10.803750999999977,1.943000000000694e-06,5.440521705947248,-19.390776700127237,937.9035602623251,-4160.649937861989,215.32319372468007,234.02494417303816,0,1,2,0,1,0,2,1,0,0,0
78000.0,101,-74.706062,-101.388094,-28.887188,4.967202,102,-74.743198,-101.35718,-19.486547,25.014198,4244.761105,3,0,0,6,167.6448288642486,-12.384992969293558,-163.46798313575138,7.101554030706444,9.400641000000007,6.324299999999994e-05,5.944785451383154,-19.23223496911421,908.256211828696,-4146.452398399794,213.5003137612454,363.2072067737141,0,1,2,0,2,0,2,1,0,0,0
79000.0,101,-74.706023,-101.388164,-28.545926,4.952495,102,-74.743013,-101.357964,-20.20067,25.050315,4224.46993,3,0,0,6,167.8752817553595,-12.153851287653197,-163.57879224464048,8.046818712346802,8.345256000000006,3.611700000000084e-05,6.283489292956016,-19.159002924246813,887.3092419308305,-4130.233467814905,211.31661904937675,447.9939704952035,0,1,2,0,2,0,2,1,0,0,0
80000.0,101,-74.705988,-101.388237,-28.648875,4.895978,102,-74.742754,-101.357595,-19.233459,25.037344,4204.178759,3,0,0,6,167.63039444632105,-12.399164960235119,-163.72073055367895,6.834294039764881,9.415415999999993,-1.2971000000000288e-05,5.900422961529517,-19.343279087089307,900.6073548719719,-4106.583181913803,210.46742289548433,343.07621599135575,0,1,2,0,2,0,2,0,0,1,0
81000.0,101,-74.705947,-101.388293,-27.737165,4.903142,102,-74.742557,-101.358121,-19.583733,25.048214,4183.887593,3,0,0,6,167.7638825344,-12.265223460909459,-164.49895246559998,7.31850953909054,8.15343200000001,1.08700000000006e-05,6.113760908272047,-19.259509930854907,886.7368467616085,-4088.8400745755043,208.90172036191612,395.893574116148,0,1,2,0,1,0,2,1,0,0,0
82000.0,101,-74.705901,-101.388386,-27.671806,5.007973,102,-74.742372,-101.358891,-20.257998,25.080979,4163.596431,3,0,0,6,167.98597120136336,-12.04248169730452,-164.34222279863664,8.21551630269548,7.413808000000017,3.276499999999771e-05,6.358505003038774,-19.094372826068607,866.6575217200012,-4072.3997814902805,208.17464039783368,467.29302898581506,0,1,2,0,2,0,2,1,0,0,0
83000.0,101,-74.705856,-101.388498,-28.169105,5.118078,102,-74.742131,-101.358747,-19.637947,25.067086,4143.305273,3,0,0,6,167.82108453158224,-12.207615302655324,-164.00981046841775,7.430331697344677,8.531158000000005,-1.3892999999999489e-05,6.008312347831293,-19.09717757889809,874.0928049676791,-4050.0543642738103,209.15228190333218,386.61271233696954,0,1,2,0,2,0,2,0,0,1,0
84000.0,101,-74.705819,-101.388587,-28.611266,5.085913,102,-74.741856,-101.358217,-18.476256,25.070891,4123.014119,3,0,0,6,167.49581875902473,-12.533478182829057,-163.89291524097527,5.942777817170942,10.135010000000023,3.804999999999836e-06,5.509793906898816,-19.313747403207756,892.6773324946518,-4025.2170879995506,208.50322116818387,256.13850189199235,0,1,2,0,2,0,2,0,0,1,0
85000.0,101,-74.705784,-101.388679,-29.304175,5.029592,102,-74.741623,-101.358165,-18.029309,25.064637,4102.72297,3,0,0,6,167.37105668206652,-12.658379153041102,-163.3247683179335,5.3709298469589,11.274865999999975,-6.253999999998428e-06,5.29587810907753,-19.447947889871973,897.0037759777496,-4003.463499827028,207.27279072452663,202.57214095357315,0,1,2,0,0,0,2,0,0,1,0
86000.0,101,-74.705747,-101.38875,-29.108429,4.988597,102,-74.741412,-101.358446,-18.056923,25.05991,4082.431826,3,0,0,6,167.3957872932504,-12.633445944587471,-163.4957837067496,5.42347705541253,11.051506000000018,-4.72700000000259e-06,5.340840119543437,-19.467144862214976,890.8478432558329,-3984.0481591095413,205.78370183441908,209.36623133403648,0,1,2,0,2,0,2,1,0,0,0
87000.0,101,-74.705711,-101.38884,-29.574438,4.959423,102,-74.741191,-101.358566,-17.861225,25.054442,4062.140686,3,0,0,6,167.34414773448592,-12.685056545467951,-163.08141426551407,5.17616845453205,11.713212999999996,-5.46799999999692e-06,5.2367693463591305,-19.53358714482882,889.992548663587,-3963.4454980710716,204.6741295993003,185.0964356526354,0,1,2,0,2,0,2,0,0,1,1
88000.0,101,-74.705669,-101.388935,-29.556398,5.024192,102,-74.740979,-101.35883,-17.868508,25.050087,4041.84955,3,0,0,6,167.35371157444746,-12.675329659460779,-163.08989042555254,5.19317834053922,11.687889999999982,-4.355000000000331e-06,5.207873192080897,-19.471354104478078,884.8885851265815,-3943.795123576766,204.39574423287172,183.16457743285318,0,1,2,0,2,0,2,1,0,1,1
89000.0,101,-74.705633,-101.389015,-29.778791,4.967404,102,-74.740743,-101.358767,-17.426829,25.049864,4021.558418,3,0,0,6,167.2254096506934,-12.8037695113503,-162.9957993493066,4.623059488649702,12.351962000000015,-2.2300000000186059e-07,5.035048662792663,-19.58862506200769,889.2309698543271,-3922.014838273639,202.91398592643355,142.58375223394327,0,1,2,0,2,0,2,0,0,1,1
90000.0,101,-74.705595,-101.389076,-29.149845,4.938892,102,-74.740512,-101.358752,-17.062044,25.049944,4001.267291,3,0,0,6,167.12576395720785,-12.903488500542343,-163.72439104279215,4.158555499457657,12.087801000000013,8.000000000052409e-08,4.944119853299522,-19.634060295327625,891.5294737729748,-3900.6813675844583,201.51424929996637,118.74172695845873,0,1,2,0,1,0,2,1,0,1,1
91000.0,101,-74.705552,-101.38919,-29.718202,5.031725,102,-74.740333,-101.359658,-17.928561,25.070165,3980.976168,3,0,0,6,167.40354790337145,-12.624940525752528,-162.87825009662856,5.30362047424747,11.789641000000017,2.022099999999938e-05,5.222972147309779,-19.48286200494823,868.1824679849182,-3885.155138790159,201.21098934944027,186.06058142389475,0,1,2,0,0,0,2,1,0,0,1
92000.0,101,-74.705517,-101.389292,-30.49634,5.010348,102,-74.740142,-101.360285,-18.413567,25.076451,3960.68505,3,0,0,6,167.56630364378762,-12.461678322148797,-161.93735635621238,5.951888677851203,12.082772999999975,6.285999999999347e-06,5.378323597495298,-19.47534350305768,852.7738427303685,-3867.7904336259458,199.9263326804452,223.99055417475026,0,1,2,0,0,0,2,0,0,0,0
93000.0,101,-74.70547,-101.389375,-29.75688,5.105606,102,-74.739943,-101.36076,-18.68755,25.077294,3940.393936,3,0,0,6,167.67658634912704,-12.351017452901756,-162.56653365087297,6.336532547098246,11.069330000000036,8.429999999997051e-07,5.500926350222505,-19.322840289912236,840.9968338282097,-3849.60110873276,199.61230733020125,257.16444647318684,0,1,2,0,1,0,2,1,0,0,0
94000.0,101,-74.705436,-101.389451,-29.890288,5.025093,102,-74.739709,-101.360722,-18.275911,25.075431,3920.102826,3,0,0,6,167.55887867855904,-12.468835077214838,-162.55083332144096,5.807075922785163,11.61437699999999,-1.86300000000017e-06,5.359277323157677,-19.453899895882827,844.5321814588023,-3828.050621516599,197.93505122214216,217.42999869671777,0,1,2,0,2,0,2,0,0,1,0
95000.0,101,-74.705397,-101.389545,-30.216006,5.025253,102,-74.739478,-101.360729,-17.933271,25.074017,3899.811721,3,0,0,6,167.45413470178224,-12.57366296162467,-162.32985929821777,5.359608038375331,12.282735000000002,-1.4139999999969178e-06,5.191503455886265,-19.513321854110504,847.1212745074921,-3806.693710495472,197.11029921537383,180.56947176784226,0,1,2,0,2,0,2,0,0,1,1
96000.0,101,-74.705365,-101.389602,-29.975103,4.903381,102,-74.739283,-101.361263,-18.288949,25.075024,3879.52062,3,0,0,6,167.59773056345878,-12.429606941978236,-162.42716643654123,5.859342058021763,11.686153999999988,1.0069999999977597e-06,5.418931403631067,-19.560867327788618,833.2202087660702,-3788.9872426162915,194.62738206887457,222.19012082706675,0,1,2,0,2,0,2,1,0,0,0
97000.0,101,-74.705328,-101.389706,-30.610242,4.923994,102,-74.739062,-101.361408,-18.130777,25.071467,3859.229524,3,0,0,6,167.54949931415663,-12.477798623410276,-161.84025868584337,5.652978376589722,12.479464999999948,-3.5570000000006984e-06,5.294639234733252,-19.588795908020433,832.0347794148646,-3768.4705975710253,194.05773635472517,198.178676443634,0,1,2,0,0,0,2,0,0,1,1
98000.0,101,-74.705293,-101.389793,-30.953777,4.886001,102,-74.738808,-101.361148,-17.436716,25.087369,3838.938432,3,0,0,6,167.32182374689867,-12.705808908500444,-161.72439925310132,4.730907091499557,13.517061000000012,1.5902000000000526e-05,5.004388883869579,-19.744417755927817,842.549518922656,-3745.3382481225667,192.72650791756277,135.86311957496727,0,1,2,0,2,0,2,0,0,1,1
99000.0,101,-74.705254,-101.389872,-30.672348,4.893934,102,-74.738608,-101.361601,-17.694849,25.083011,3818.647344,3,0,0,6,167.42342865374414,-12.603843203662363,-161.90422334625586,5.0910057963376385,12.977499000000023,-4.357999999999862e-06,5.127384152991068,-19.687038285183355,831.4881728861312,-3727.0222639781396,191.72152016767924,158.78375281980118,0,1,2,0,2,0,2,1,0,0,1
100000.0,101,-74.705214,-101.389964,-30.629083,4.939625,102,-74.738408,-101.362044,-17.935145,25.079353,3798.356261,3,0,0,6,167.51650880898146,-12.510424437909826,-161.85440819101854,5.424720562090172,12.693938000000003,-3.657999999997941e-06,5.206311047650871,-19.610173279599202,821.046238969275,-3708.5567757487966,191.13487063763696,178.51605545668644,0,1,2,0,2,0,2,1,0,0,1
101000.0,101,-74.705174,-101.390063,-30.872414,4.976685,102,-74.738196,-101.362313,-17.946673,25.075007,3778.065182,3,0,0,6,167.52736777404954,-12.49940146491538,-161.60021822595047,5.447271535084621,12.925741000000016,-4.346000000001738e-06,5.17272735329265,-19.58340159395837,815.9610307836309,-3688.9001227578938,190.58322644240673,175.32241546797258,0,1,2,0,2,0,2,0,0,1,1
102000.0,101,-74.705132,-101.390136,-30.209255,4.999242,102,-74.737963,-101.362293,-17.58157,25.079092,3757.774108,3,0,0,6,167.41622325727207,-12.610635677198196,-162.37452174272795,4.970934322801803,12.627684999999985,4.084999999999894e-06,5.060056145507131,-19.58728181599244,818.6946053989224,-3667.506699359375,189.69101619122046,149.0987051611013,0,1,2,0,1,0,2,1,0,1,1
103000.0,101,-74.705092,-101.390214,-29.859651,5.009046,102,-74.737761,-101.362717,-17.797237,25.074706,3737.483038,3,0,0,6,167.50782033808537,-12.518704809878619,-162.63252866191465,5.27853219012138,12.06241399999999,-4.386000000000223e-06,5.17017914968795,-19.530651188781107,808.4413389818302,-3649.0001453498157,188.67837430881457,170.89689308472228,0,1,2,0,2,0,2,1,0,0,1
104000.0,101,-74.705053,-101.390297,-29.851229,5.004906,102,-74.73754,-101.362856,-17.643706,25.073316,3717.191972,3,0,0,6,167.4646503631724,-12.5618207476329,-162.6841206368276,5.081885252367101,12.20752299999998,-1.3900000000006686e-06,5.108454410440563,-19.553001812079984,806.7864664926033,-3628.5826095302873,187.66114226157666,157.24546519156587,0,1,2,0,2,0,2,0,0,1,1
105000.0,101,-74.705011,-101.390391,-29.818066,5.062973,102,-74.737335,-101.363238,-17.803979,25.068862,3696.900911,3,0,0,6,167.53133120206206,-12.494862072533849,-162.65060279793795,5.309116927466153,12.01408699999996,-4.45399999999907e-06,5.147540071463949,-19.47558862830048,798.1820200056676,-3609.706609780399,187.21164716555708,169.44247992366545,0,1,2,0,2,0,2,1,0,0,1
106000.0,101,-74.704984,-101.390463,-30.441808,4.891066,102,-74.737117,-101.363422,-17.708436,25.06692,3676.609854,3,0,0,6,167.50948458941244,-12.516600628585524,-162.04870741058755,5.191835371414475,12.733371999999974,-1.941999999999666e-06,5.146566224383381,-19.662362617451937,795.1698170147968,-3589.591199654712,184.65177325154178,160.50389794346773,0,1,2,0,0,0,2,0,0,1,1
107000.0,101,-74.704946,-101.390558,-30.792634,4.902936,102,-74.736889,-101.363481,-17.452407,25.070207,3656.318802,3,0,0,6,167.4211765310876,-12.60494339789176,-161.7861894689124,4.84746360210824,13.340227000000027,3.2870000000002618e-06,5.0089212392494105,-19.704387107297,796.2823499827184,-3568.5573557061844,183.8407395982975,135.72776881094185,0,1,2,0,2,0,2,0,0,1,1
108000.0,101,-74.704911,-101.390603,-29.856192,4.818701,102,-74.736694,-101.364022,-17.814671,25.067485,3636.027754,3,0,0,6,167.5840125432642,-12.441628903396195,-162.5597954567358,5.373042096603806,12.041521000000046,-2.7219999999985587e-06,5.270254946257683,-19.68637470563975,781.7744857158909,-3550.989507354526,181.75449718969566,178.19048729012738,0,1,2,0,1,0,2,1,0,0,1
109000.0,101,-74.704863,-101.390697,-29.31265,4.968628,102,-74.736506,-101.364737,-18.382446,25.074016,3615.736711,3,0,0,6,167.81313416076247,-12.211908222162876,-162.87421583923754,6.170537777837126,10.930204000000003,6.5309999999989546e-06,5.474783366390577,-19.462105164715044,763.2846722253322,-3534.2535948088057,181.81627862671746,232.15940964353678,0,1,2,0,2,0,2,1,0,0,0
110000.0,101,-74.704817,-101.390778,-28.685387,5.058186,102,-74.73625,-101.364478,-17.70009,25.10009,3595.445671,3,0,0,6,167.57830362124477,-12.447066725306088,-163.73630937875524,5.253023274693911,10.985297000000003,2.6074000000001262e-05,5.203366635701954,-19.474489111455746,773.3988854950028,-3511.2795014108074,181.50888415106624,172.66686479672254,0,1,2,0,1,0,2,0,0,1,1
111000.0,101,-74.704781,-101.390865,-29.167882,5.0116,102,-74.736045,-101.364845,-17.839121,25.094186,3575.154637,3,0,0,6,167.64192454002526,-12.383175689543206,-163.19019345997475,5.4559453104567925,11.328761000000043,-5.9040000000010195e-06,5.244982139872123,-19.511562552793425,765.1568044042549,-3492.3152410881344,180.1534228862849,181.17987463641214,0,1,2,0,0,0,2,0,0,0,1
112000.0,101,-74.704747,-101.390951,-29.671001,4.950136,102,-74.735823,-101.364977,-17.677248,25.093849,3554.863607,3,0,0,6,167.59060434477334,-12.434451495527298,-162.73839465522667,5.2427965044727,11.99375299999997,-3.3700000000180806e-07,5.169454929324471,-19.60788616903543,763.9241353766271,-3471.811512706605,178.69777131511808,163.03210961504288,0,1,2,0,2,0,2,0,0,1,1
113000.0,101,-74.704716,-101.39103,-30.189629,4.851288,102,-74.735611,-101.365247,-17.693667,25.089301,3534.572581,3,0,0,6,167.6089325112338,-12.41593906634251,-162.2014384887662,5.277727933657491,12.49596200000002,-4.547999999999774e-06,5.185799395419618,-19.70916602172658,758.4593990169744,-3452.2373427097696,176.88440333242153,162.4274440699619,0,1,2,0,0,0,2,0,0,1,1
114000.0,101,-74.704688,-101.391099,-30.657972,4.709945,102,-74.735388,-101.365371,-17.524794,25.090104,3514.281559,3,0,0,6,167.55827600928438,-12.466542497663859,-161.78375199071561,5.058251502336141,13.133177999999987,8.030000000012194e-07,5.153436239110187,-19.873970674955064,757.1396740057298,-3431.7509219018166,174.67418896522483,148.44498260013796,0,1,2,0,2,0,2,0,0,1,1
115000.0,101,-74.704643,-101.391193,-30.200509,4.841951,102,-74.735146,-101.365275,-17.073953,25.107267,3493.990542,3,0,0,6,167.39076164088343,-12.634240132386342,-162.40872935911656,4.4397128676136575,13.126555999999994,1.716300000000004e-05,4.936003744640663,-19.815949485578965,762.7402148304832,-3409.720996249664,174.7291765830497,112.79392967769316,0,1,2,0,1,0,2,1,0,1,1
116000.0,101,-74.704609,-101.391287,-30.847619,4.807311,102,-74.734891,-101.365048,-16.459971,25.140996,3473.69953,3,0,0,6,167.14944924192108,-12.875862166233036,-162.00293175807892,3.5841088337669635,14.387648000000013,3.372900000000101e-05,4.658605429997619,-19.9834256883633,772.5812165093722,-3386.6955411756635,173.26014206673727,83.16125215718243,0,1,2,0,2,0,2,0,0,1,1
117000.0,101,-74.704571,-101.391366,-30.630491,4.817524,102,-74.734696,-101.365572,-16.816512,25.128805,3453.408522,3,0,0,6,167.29641670371203,-12.72846542209267,-162.07309229628797,4.088046577907329,13.813979000000018,-1.2191000000001395e-05,4.815430513071153,-19.90886111628441,759.4294474423639,-3368.8718191969865,172.3921799664674,94.87987820591542,0,1,2,0,2,0,2,1,0,0,1
118000.0,101,-74.704523,-101.391446,-29.57924,4.948701,102,-74.734462,-101.365571,-16.503252,25.138769,3433.117518,3,0,0,6,167.1810919065456,-12.843868338938776,-163.2396680934544,3.6593836610612236,13.075988000000052,9.964000000000085e-06,4.698352815090165,-19.79938673301747,761.7067900058519,-3347.551143516326,172.3374568335415,80.49797183292792,0,1,2,0,1,0,2,1,0,1,1
119000.0,101,-74.704492,-101.391525,-30.144248,4.843779,102,-74.734214,-101.365412,-15.989901,25.167168,3412.826519,3,0,0,6,166.975732051751,-13.049457762990874,-162.880019948249,2.9404432370091254,14.15434700000003,2.8399000000000285e-05,4.500304648123749,-20.004731919567487,769.1273279886115,-3325.030526496074,170.2259594074309,80.35239281073513,0,1,2,0,2,0,2,0,0,1,1
120000.0,101,-74.704459,-101.391622,-30.958142,4.80884,102,-74.734,-101.365656,-16.005471,25.158557,3392.535524,3,0,0,6,166.96972942946172,-13.055318567481248,-162.07212857053827,2.9501524325187525,14.95267100000001,-8.611000000001922e-06,4.463223666852615,-20.059506185405052,764.9007468425456,-3305.1814063802412,169.0854722153148,87.19240293106151,0,1,2,0,0,0,2,0,0,0,1
121000.0,101,-74.704422,-101.391709,-30.981923,4.818385,102,-74.733811,-101.366288,-16.502797,25.143562,3372.244534,3,0,0,6,167.17015069589695,-12.854371555776073,-161.84792630410305,3.6484254442239283,14.479126000000008,-1.4994999999998981e-05,4.661985771985609,-19.976849985275596,748.8287838339733,-3288.0524098004594,168.29456900950726,82.13526368151713,0,1,2,0,2,0,2,1,0,1,1
122000.0,101,-74.704375,-101.391779,-29.716001,4.92888,102,-74.733623,-101.366959,-17.038604,25.133,3351.953548,3,0,0,6,167.40509084365854,-12.618851642683623,-162.87890815634145,4.419752357316376,12.677396999999985,-1.0562000000000183e-05,4.921118355355807,-19.749152678828356,730.9153540198522,-3271.2926089250745,168.10244495192842,107.89611631634997,0,1,2,0,1,0,2,1,0,0,1
123000.0,101,-74.704339,-101.391852,-29.640556,4.884749,102,-74.73343,-101.367508,-17.416838,25.12237,3331.662567,3,0,0,6,167.57433262547826,-12.449150677061912,-162.78511137452173,4.967687322938087,12.22371800000002,-1.062999999999903e-05,5.103870389069651,-19.725014200675265,716.8832812828384,-3253.621646929185,166.70131630296353,138.3265689194394,0,1,2,0,2,0,2,1,0,0,1
124000.0,101,-74.704305,-101.391947,-30.3818,4.846543,102,-74.733193,-101.367475,-17.050162,25.135385,3311.37159,3,0,0,6,167.42588874332455,-12.597718018431285,-162.19231125667545,4.452443981568715,13.331637999999998,1.3014999999999332e-05,4.918730391784267,-19.849656709205686,720.8930695544224,-3231.949100670914,165.43414434622125,106.33719102191357,0,1,2,0,0,0,2,0,0,1,1
125000.0,101,-74.704262,-101.392011,-29.385633,4.884455,102,-74.73298,-101.367721,-17.048984,25.128362,3291.080618,3,0,0,6,167.4447292009631,-12.578701981319764,-163.16963779903688,4.470282018680237,12.336648999999966,-7.023000000000223e-06,4.970633513822342,-19.768076501907352,715.4193972225828,-3212.3802266003536,164.64031858762016,111.27689088758187,0,1,2,0,1,0,2,1,0,0,1
126000.0,101,-74.70422,-101.392108,-29.486374,4.957423,102,-74.732754,-101.367807,-16.84395,25.131657,3270.78965,3,0,0,6,167.36064793779792,-12.66279384057069,-163.15297806220207,4.18115615942931,12.642424000000005,3.29500000000138e-06,4.842175160907294,-19.738144503426824,715.6928395692217,-3191.5276426715263,164.27616059221344,94.66090820566573,0,1,2,0,2,0,2,0,0,1,1
127000.0,101,-74.704185,-101.392211,-30.291437,4.946874,102,-74.732524,-101.367841,-16.574157,25.140012,3250.498686,3,0,0,6,167.24137840198273,-12.782129921857624,-162.46718459801727,3.7920270781423753,13.71727999999996,8.354999999998113e-06,4.676145330634196,-19.823996111590724,717.8537735357932,-3170.240947863135,163.24699575550983,80.14394023311442,0,1,2,0,0,0,2,0,0,1,1
128000.0,101,-74.704134,-101.392303,-29.504735,5.107203,102,-74.732284,-101.367776,-16.180829,25.159805,3230.207727,3,0,0,6,167.07840659031515,-12.94525316588402,-163.41685840968483,3.235575834115979,13.323905999999965,1.979299999999995e-05,4.49600287589041,-19.71827380886082,722.330861205354,-3148.4091358209525,163.34091701823507,73.38789226608031,0,1,2,0,1,0,2,1,0,1,1
129000.0,101,-74.704096,-101.392387,-29.568076,5.089423,102,-74.73207,-101.368003,-16.172019,25.152008,3209.916773,3,0,0,6,167.0729306490717,-12.950591149283989,-163.3589933509283,3.22142785071601,13.396057000000042,-7.797000000000054e-06,4.493977105161388,-19.730111015346548,718.0924596305177,-3128.5633937973075,162.2351138794745,73.18307187916989,0,1,2,0,2,0,2,0,0,1,1
130000.0,101,-74.704062,-101.392476,-30.214317,5.014903,102,-74.731856,-101.368246,-16.18327,25.143522,3189.625823,3,0,0,6,167.0712606754969,-12.952112554363094,-162.71442232450312,3.2311574456369065,14.031047000000001,-8.485999999997774e-06,4.4840892813128175,-19.81358884654133,713.643768764831,-3108.7659066020965,160.73428241003845,76.28847802839273,0,1,2,0,0,0,2,0,0,0,1
131000.0,101,-74.704016,-101.392583,-30.111227,5.145231,102,-74.731645,-101.368505,-16.214707,25.134407,3169.334878,3,0,0,6,167.07532011618176,-12.947906474140034,-162.81345288381823,3.266800525859967,13.89652000000001,-9.115000000001316e-06,4.4372104599963365,-19.683713389050066,708.885033986648,-3089.039588204888,160.87901548751432,77.81565640917573,0,1,2,0,2,0,2,1,0,0,1
132000.0,101,-74.703981,-101.392688,-30.964718,5.109283,102,-74.731394,-101.36835,-15.705698,25.170437,3149.043937,3,0,0,6,166.84099512123942,-13.182482259336522,-162.19428687876058,2.5232157406634776,15.259020000000021,3.603000000000023e-05,4.1847632903283625,-19.8495645591242,716.8931291534301,-3066.3564630566134,159.32596138425956,108.48305418121068,0,1,2,0,0,0,2,0,0,0,1
133000.0,101,-74.703936,-101.392765,-30.21407,5.156828,102,-74.731194,-101.368768,-15.948318,25.151657,3128.753,3,0,0,6,166.9476106887355,-13.075537736458015,-162.8383193112645,2.8727802635419852,14.26575200000002,-1.8779999999999576e-05,4.315843214122343,-19.727288736699528,706.6034940438282,-3047.918443333754,158.78021185485676,87.03944151116453,0,1,2,0,1,0,2,1,0,1,1
134000.0,101,-74.703904,-101.392854,-30.900832,5.058453,102,-74.730972,-101.368899,-15.819154,25.151791,3108.462068,3,0,0,6,166.88118566306008,-13.141922233320136,-162.2179823369399,2.6772317666798635,15.081677999999954,1.3399999999919032e-07,4.258638740859361,-19.858771842032056,705.5311225553966,-3027.33583589607,157.0037855105163,97.7985065903959,0,1,2,0,0,0,2,0,0,0,1
135000.0,101,-74.703868,-101.392954,-31.477795,5.040464,102,-74.730775,-101.369377,-16.13653,25.132411,3088.171141,3,0,0,6,167.0063393771984,-13.016403873483029,-161.51586562280158,3.120126126516972,15.341265000000021,-1.9379999999998178e-05,4.353010173521685,-19.84352568788464,694.3544227293786,-3009.098358602024,156.07869607161166,89.31207863743994,0,1,2,0,0,0,2,0,0,1,1
136000.0,101,-74.703842,-101.393016,-31.800854,4.847696,102,-74.730559,-101.369584,-16.102249,25.126783,3067.880218,3,0,0,6,166.9946428066342,-13.027960558603445,-161.20450319336578,3.074288441396556,15.698604999999986,-5.628000000001521e-06,4.414389804648383,-20.021032454416737,690.4023835397669,-2989.1861067518585,153.5630190678841,86.21728685856269,0,1,2,0,2,0,2,0,0,1,1
137000.0,101,-74.703802,-101.393081,-30.899035,4.858974,102,-74.730334,-101.369687,-15.932869,25.130768,3047.589299,3,0,0,6,166.9273978104883,-13.09516888429097,-162.17356718951172,2.83770011570903,14.966166000000044,3.985000000000127e-06,4.403456318763004,-19.995987034142544,689.3206427665982,-2968.608695472537,152.49216517911222,82.57029244719023,0,1,2,0,1,0,2,1,0,1,1
138000.0,101,-74.703762,-101.393187,-31.303059,4.915435,102,-74.730132,-101.370079,-16.139488,25.114491,3027.298385,3,0,0,6,167.00497474460815,-13.01731605140081,-161.69196625539186,3.12217194859919,15.16357099999999,-1.6276999999998764e-05,4.42735798011952,-19.924773212125288,680.7378504906285,-2949.768040157227,152.11015519459704,81.31988080546331,0,1,2,0,2,0,2,0,0,1,1
139000.0,101,-74.703714,-101.393265,-30.205709,5.029739,102,-74.729938,-101.370607,-16.515777,25.097301,3007.007476,3,0,0,6,167.1808673398225,-12.84098935761459,-162.6134236601775,3.674787642385409,13.689931999999999,-1.7189999999999373e-05,4.60415236601555,-19.71499924370444,667.1771220898922,-2932.0587730261723,152.0006417753511,72.41548646298048,0,1,2,0,1,0,2,1,0,1,1
140000.0,101,-74.703681,-101.393358,-30.851966,4.970979,102,-74.72971,-101.370678,-16.294428,25.105718,2986.716571,3,0,0,6,167.07574511149113,-12.946132794287216,-162.07228888850887,3.348295205712784,14.557538000000022,8.416999999997899e-06,4.494769864832303,-19.829724862272382,668.0172100041367,-2911.052882141492,150.52844716105386,74.38057686371273,0,1,2,0,0,0,2,0,0,0,1
141000.0,101,-74.703642,-101.393463,-31.285155,5.008705,102,-74.729485,-101.370784,-16.125013,25.110334,2966.425671,3,0,0,6,166.98625852182204,-13.035618405542916,-161.72858647817796,3.089394594457083,15.16014199999995,4.616000000002174e-06,4.3729860739375646,-19.84203693353166,667.9937785602948,-2890.2362487126443,149.81614565740713,83.41690956797491,0,1,2,0,2,0,2,0,0,0,1
142000.0,101,-74.703605,-101.393531,-30.853862,4.963678,102,-74.729247,-101.370752,-15.772768,25.132469,2946.134775,3,0,0,6,166.83176906059302,-13.190204315721468,-162.314368939407,2.582563684278531,15.081094000000007,2.2134999999998683e-05,4.285957385980579,-19.92495442908328,671.1619391557196,-2868.6672452365465,148.19690346735658,91.52508220445928,0,1,2,0,1,0,2,1,0,0,1
143000.0,101,-74.703565,-101.393594,-30.100136,4.948483,102,-74.729001,-101.37065,-15.334523,25.165815,2925.843884,3,0,0,6,166.6360001199605,-13.386132405704148,-163.2638638800395,1.9483905942958533,14.76561300000003,3.33459999999981e-05,4.173477613606359,-19.988686721872746,676.2697322413575,-2846.6158298573428,146.68482100208112,106.78723350614734,0,1,2,0,1,0,2,1,0,0,1
144000.0,101,-74.703525,-101.393683,-30.076551,4.974104,102,-74.728762,-101.370608,-14.984382,25.189716,2905.552997,3,0,0,6,166.4601981052587,-13.562060772431433,-163.4632508947413,1.4223212275685668,15.092169000000013,2.3901000000002172e-05,4.020140457896007,-20.02879976678364,680.2503563188185,-2824.8004657150213,145.62681204508277,132.06076362696186,0,1,2,0,2,0,2,0,0,0,1
145000.0,101,-74.703481,-101.393769,-29.662273,5.044242,102,-74.728526,-101.370602,-14.689556,25.207934,2885.262115,3,0,0,6,166.30773517423322,-13.714612434648684,-164.02999182576679,0.9749435653513157,14.972717000000046,1.8218000000000956e-05,3.895941077531462,-20.000755023485247,682.961683593945,-2803.2660970726265,144.90578934722382,151.78892956025578,0,1,2,0,1,0,2,1,0,0,1
146000.0,101,-74.703447,-101.39382,-29.169783,4.935092,102,-74.728311,-101.370817,-14.693101,25.196962,2864.971237,3,0,0,6,166.30558594017464,-13.716603456022623,-164.52463105982537,0.9764975439773771,14.476681999999983,-1.0972000000002424e-05,3.9856345637373014,-20.063758615649608,678.2631050514171,-2783.5264232917425,143.11512636225217,139.14032916637115,0,1,2,0,2,0,2,1,0,1,1
147000.0,101,-74.703405,-101.393905,-28.949584,4.988591,102,-74.728091,-101.370971,-14.61638,25.193115,2844.680365,3,0,0,6,166.25020336820822,-13.771919454650885,-164.8002126317918,0.844460545349115,14.333204000000023,-3.8470000000003775e-06,3.9427050800120425,-20.01254551102808,676.1305832576563,-2763.160113601851,142.48575702253143,144.50129381142824,0,1,2,0,2,0,2,1,0,0,1
148000.0,101,-74.703362,-101.393979,-28.412422,5.024533,102,-74.72789,-101.371362,-14.851437,25.168399,2824.389496,3,0,0,6,166.34887167507435,-13.672945347394657,-165.23870632492566,1.1784916526053433,13.560985000000016,-2.4715999999997962e-05,4.060255633566731,-19.908310193970806,666.5823465012518,-2744.6027035707766,141.90594453487344,121.05629726496666,0,1,2,0,2,0,2,1,0,1,1
149000.0,101,-74.703326,-101.394067,-28.936718,4.982574,102,-74.727654,-101.371355,-14.554432,25.188584,2804.098632,3,0,0,6,166.18512076114823,-13.836787886893456,-164.87816123885176,0.7176441131065445,14.382285999999965,2.01849999999979e-05,3.9190971256675797,-20.019742933264343,669.578500632731,-2722.9825136189725,140.42258951770495,148.3470452857802,0,1,2,0,2,0,2,0,0,0,1
150000.0,101,-74.70329,-101.394168,-29.71955,4.966723,102,-74.727458,-101.371814,-14.87982,25.160012,2783.807773,3,0,0,6,166.3078521621842,-13.713711136828652,-163.9725978378158,1.166108863171349,14.839730000000031,-2.8572000000000485e-05,3.998622281813436,-20.002898623586677,658.9412101113962,-2704.696322811888,139.6187130643036,133.7562263650623,0,1,2,0,0,0,2,0,0,1,1
151000.0,101,-74.703247,-101.394258,-29.493472,5.038227,102,-74.727256,-101.372192,-15.094202,25.137522,2763.516919,3,0,0,6,166.3913263740563,-13.62995909958884,-164.1152016259437,1.4642429004111595,14.399270000000001,-2.248999999999768e-05,4.065539793312377,-19.884919833972674,650.2258207503636,-2685.932267133475,139.29260541349154,118.66398673338213,0,1,2,0,2,0,2,1,0,1,1
152000.0,101,-74.703214,-101.394353,-30.311975,4.972542,102,-74.727047,-101.372487,-15.195969,25.12199,2743.226069,3,0,0,6,166.41402373926405,-13.607068796672005,-163.27400126073596,1.588900203327995,15.116006000000027,-1.5532000000000325e-05,4.075326248752199,-19.950851866861147,644.3953484073494,-2666.4665571861506,137.9909989768636,119.26727078999807,0,1,2,0,0,0,2,0,0,0,1
153000.0,101,-74.703175,-101.394425,-29.913252,4.961522,102,-74.726837,-101.372757,-15.262308,25.109312,2722.935223,3,0,0,6,166.43862037751782,-13.582281149834362,-163.64812762248218,1.680026850165639,14.650943999999981,-1.2678000000001077e-05,4.1354839713458444,-19.923171481029836,638.4926577290845,-2647.01782288675,136.95335012266636,108.85129479284154,0,1,2,0,2,0,2,1,0,1,1
154000.0,101,-74.703139,-101.394496,-29.812639,4.906226,102,-74.72662,-101.372953,-15.229627,25.104166,2702.644383,3,0,0,6,166.4136893720907,-13.607091564401973,-163.77367162790932,1.622535435598028,14.583011999999997,-5.145999999999873e-06,4.15536106983701,-19.965612069375293,634.8778703550444,-2627.0167016398836,135.56189426210565,107.01341238087414,0,1,2,0,2,0,2,1,0,1,1
155000.0,101,-74.703093,-101.394602,-29.769599,5.04231,102,-74.72641,-101.373227,-15.300748,25.091941,2682.353547,3,0,0,6,166.4242335131556,-13.596385353584665,-163.8061674868444,1.7043626464153352,14.468850999999972,-1.2225000000000819e-05,4.11782819863401,-19.825659964425142,629.6315216218541,-2607.4095762046345,135.59244265803713,107.75075269332694,0,1,2,0,2,0,2,1,0,0,1
156000.0,101,-74.703049,-101.394711,-30.036928,5.132576,102,-74.7262,-101.373498,-15.36667,25.080589,2662.062715,3,0,0,6,166.43010632967614,-13.590356255357172,-163.53296567032388,1.7763137446428274,14.67025799999999,-1.1351999999998696e-05,4.077084420197874,-19.740664651001797,624.6033933796357,-2587.749698014052,135.31712389419056,110.84807541097102,0,1,2,0,2,0,2,0,0,0,1
157000.0,101,-74.70302,-101.39479,-30.718413,4.985787,102,-74.726003,-101.373959,-15.683818,25.05921,2641.771889,3,0,0,6,166.57153531412246,-13.448558773415376,-162.71005168587754,2.235259226584624,15.034595000000024,-2.1378999999999593e-05,4.2273838997940345,-19.83998680969342,613.5017300355804,-2569.5474972753427,133.49956902888314,93.11014639595635,0,1,2,0,0,0,2,0,0,1,1
158000.0,101,-74.702974,-101.394905,-30.796546,5.127678,102,-74.725764,-101.373933,-15.335186,25.086974,2621.481067,3,0,0,6,166.37356556892513,-13.646664516873713,-162.82988843107486,1.6885214831262871,15.461359999999956,2.7764000000001234e-05,4.009309848694771,-19.789128995965008,617.5960867629702,-2547.6926930567047,133.23495478817551,121.91544544624551,0,1,2,0,2,0,2,0,0,0,1
159000.0,101,-74.702939,-101.394999,-31.342122,5.071652,102,-74.725567,-101.374393,-15.653494,25.064892,2601.190249,3,0,0,6,166.51012638545123,-13.509750637109782,-162.14775161454878,2.143743362890218,15.688627999999994,-2.2082000000001047e-05,4.124977713599231,-19.803682371008012,606.7887659045713,-2529.4264379627034,132.05844542886612,105.90018460059896,0,1,2,0,0,0,2,0,0,1,1
160000.0,101,-74.702899,-101.395088,-31.230558,5.085325,102,-74.725365,-101.374788,-15.878636,25.047333,2580.899436,3,0,0,6,166.6106665903595,-13.408915246240106,-162.1587754096405,2.469720753759894,15.351921999999945,-1.75590000000021e-05,4.21630992288427,-19.74321214750359,597.6506250490745,-2510.748021830062,131.25782740395917,92.02724988207775,0,1,2,0,2,0,2,1,0,1,1
161000.0,101,-74.702863,-101.395152,-30.796656,5.015239,102,-74.725152,-101.375026,-15.889632,25.041332,2560.608628,3,0,0,6,166.61950031433557,-13.399913666415927,-162.58384368566442,2.489718333584074,14.907023999999979,-6.000999999997703e-06,4.288179712771567,-19.776485401084102,592.5678828425229,-2491.1001284596273,129.74211835548832,83.05241486048108,0,1,2,0,2,0,2,1,0,1,1
162000.0,101,-74.702821,-101.395221,-29.995619,5.036422,102,-74.724924,-101.37511,-15.687928,25.05299,2540.317825,3,0,0,6,166.5205007986534,-13.498898700270718,-163.4838802013466,2.189029299729281,14.307690999999977,1.1658000000000612e-05,4.256390995429632,-19.75787261085666,592.141553099375,-2470.340671467357,128.68640141026506,84.78524205053334,0,1,2,0,1,0,2,1,0,0,1
163000.0,101,-74.70279,-101.395277,-29.878042,4.888892,102,-74.724673,-101.374984,-15.192548,25.101424,2520.027026,3,0,0,6,166.27127857312607,-13.74829647370067,-163.85067942687394,1.4442515262993307,14.685494000000006,4.843400000000031e-05,4.142742845450862,-19.985045725249016,598.0657611985938,-2448.030546592986,126.29613568978479,106.67500096899221,0,1,2,0,2,0,2,0,0,0,1
164000.0,101,-74.702755,-101.39536,-30.122189,4.856681,102,-74.72448,-101.375521,-15.618141,25.076505,2499.736232,3,0,0,6,166.4728726957047,-13.546264402933987,-163.4049383042953,2.0718765970660122,14.504048000000012,-2.491900000000058e-05,4.313911428702321,-19.94979367766311,584.7025948862591,-2430.3917595949083,125.29725820701904,82.15418022494758,0,1,2,0,2,0,2,1,0,1,1
165000.0,101,-74.702723,-101.395469,-31.316325,4.825704,102,-74.724273,-101.375828,-15.728619,25.063051,2479.445443,3,0,0,6,166.49798499254678,-13.520961100501625,-162.18569000745322,2.2076578994983755,15.587706000000026,-1.345399999999941e-05,4.285903557503849,-20.00195080434741,578.8998323579855,-2410.9178104840826,124.27530211945641,87.97923073634408,0,1,2,0,0,0,2,0,0,0,1
166000.0,101,-74.702683,-101.395531,-30.488444,4.822295,102,-74.72405,-101.375956,-15.589893,25.068186,2459.154659,3,0,0,6,166.4304974117665,-13.588385004540887,-163.08105858823347,2.0015079954591126,14.898550999999998,5.134999999999223e-06,4.290411204028692,-19.990403626357672,576.9784835677176,-2390.509875817563,123.12013171090427,85.88312719595861,0,1,2,0,1,0,2,1,0,1,1
167000.0,101,-74.702648,-101.395599,-30.215544,4.77648,102,-74.72386,-101.376569,-16.110779,25.047841,2438.863879,3,0,0,6,166.70162268837018,-13.31673400074313,-163.08283331162983,2.7940449992568706,14.104765000000043,-2.03450000000025e-05,4.546876049030054,-19.93659696854003,560.9927750716444,-2373.466689593166,121.94724574879484,58.112613721504324,0,1,2,0,2,0,2,1,0,1,1
168000.0,101,-74.702614,-101.395684,-30.608126,4.739053,102,-74.723621,-101.376537,-15.737322,25.077314,2418.573104,3,0,0,6,166.49681961303358,-13.521649924404946,-162.89505438696642,2.215672075595055,14.870803999999964,2.947300000000297e-05,4.388703886946414,-20.058537880078,564.7352187457766,-2351.7163927864162,120.53291611420272,75.05926903777538,0,1,2,0,2,0,2,0,0,0,1
169000.0,101,-74.702569,-101.395763,-29.726541,4.849748,102,-74.72339,-101.376591,-15.493047,25.092289,2398.282334,3,0,0,6,166.3633589145272,-13.655134726176128,-163.9101000854728,1.8379122738238731,14.233494000000007,1.4974999999999739e-05,4.29788740052575,-19.968976957673256,565.4277761869986,-2330.6757782867853,120.02595729339066,82.63767530968047,0,1,2,0,1,0,2,1,0,0,1
170000.0,101,-74.70253,-101.395855,-29.961792,4.871264,102,-74.723171,-101.376764,-15.422512,25.090456,2377.991569,3,0,0,6,166.3046569772652,-13.713758518109724,-163.7335510227348,1.708753481890275,14.53928000000002,-1.8330000000013058e-06,4.239609627258956,-19.96671188423084,563.0113295779971,-2310.381385183385,119.16474133775374,89.96892708443028,0,1,2,0,2,0,2,0,0,0,1
171000.0,101,-74.702488,-101.395918,-29.049394,4.900365,102,-74.722955,-101.376963,-15.388524,25.085815,2357.700808,3,0,0,6,166.28711358080358,-13.731170715456555,-164.66349241919642,1.6573532845434453,13.660869999999989,-4.640999999999451e-06,4.277409285739754,-19.90254665612934,558.908659059895,-2290.496498768711,118.27723444353744,82.72113784033573,0,1,2,0,1,0,2,1,0,1,1
172000.0,101,-74.702445,-101.395999,-28.672394,4.963465,102,-74.722754,-101.377372,-15.644408,25.065209,2337.410053,3,0,0,6,166.41445278385712,-13.603515107893525,-164.9131532161429,2.0408928921064753,13.027985999999999,-2.0606000000000792e-05,4.37776644824074,-19.78180721094907,549.0504450398233,-2272.0099833995087,117.75717952626042,66.5136571745853,0,1,2,0,2,0,2,1,0,1,1
173000.0,101,-74.702402,-101.396079,-28.30734,5.016669,102,-74.722518,-101.377379,-15.333096,25.089178,2317.119302,3,0,0,6,166.23712035574076,-13.780917940925347,-165.45553964425923,1.5521780590746523,12.974243999999999,2.3969000000001017e-05,4.2554260747788835,-19.779365855437387,551.252498279654,-2250.591598411717,116.86112310572221,81.32606365862942,0,1,2,0,1,0,2,1,0,0,1
174000.0,101,-74.702362,-101.396173,-28.70462,5.029111,102,-74.722296,-101.37751,-15.204681,25.093193,2296.828556,3,0,0,6,166.14252851070015,-13.87547408396532,-165.15285148929985,1.3292069160346802,13.499938999999983,4.014999999998992e-06,4.165689041828692,-19.803736886281783,550.1075502756072,-2229.978273164744,115.90543163560461,93.8171992869746,0,1,2,0,2,0,2,0,0,0,1
175000.0,101,-74.702328,-101.396264,-29.385532,4.970268,102,-74.722088,-101.377819,-15.328033,25.07759,2276.537815,3,0,0,6,166.18202885661887,-13.835763441875121,-164.43243914338112,1.4922695581248782,14.057499000000007,-1.5602999999998702e-05,4.190304452676071,-19.854752838419326,543.7238469472562,-2210.6534783601546,114.68518010055986,91.63454913266771,0,1,2,0,0,0,2,0,0,1,1
176000.0,101,-74.702292,-101.396346,-29.523323,4.946442,102,-74.721875,-101.378056,-15.350096,25.069353,2256.247079,3,0,0,6,166.17441415294016,-13.843228619958117,-164.30226284705984,1.506867380041884,14.173226999999997,-8.23700000000116e-06,4.198769525033083,-19.87086518845357,539.1688232848935,-2190.87833105666,113.58053126584038,90.7865248741717,0,1,2,0,2,0,2,0,0,1,1
177000.0,101,-74.70225,-101.396468,-30.389339,5.032138,102,-74.721662,-101.378293,-15.370048,25.061697,2235.956347,3,0,0,6,166.1414496303024,-13.876082201426138,-163.4692113696976,1.4939657985738624,15.01929100000001,-7.656000000000773e-06,4.097031067789841,-19.824581174351827,535.5690802955914,-2170.867694245994,113.1727539745452,102.27166263418584,0,1,2,0,0,0,2,0,0,0,1
178000.0,101,-74.702216,-101.396546,-30.527958,4.965039,102,-74.721448,-101.378534,-15.396239,25.053987,2215.665621,3,0,0,6,166.13717122828288,-13.880203361327125,-163.3348707717171,1.516035638672875,15.131719000000032,-7.70999999999944e-06,4.12961899345874,-19.878078158945076,530.869560245668,-2151.1279957468564,111.80770154593888,99.38991266348819,0,1,2,0,2,0,2,0,0,1,1
179000.0,101,-74.702174,-101.396656,-30.882788,5.045267,102,-74.721222,-101.37863,-15.213509,25.065539,2195.374899,3,0,0,6,165.99786001064763,-14.019528072408272,-163.11935198935237,1.1939809275917277,15.669279000000017,1.1552000000001783e-05,3.9879639104873084,-19.85716370738577,531.1888180332951,-2130.143043731019,111.17649735727429,117.13169893261575,0,1,2,0,2,0,2,0,0,0,1
180000.0,101,-74.70213,-101.396732,-30.140482,5.08947,102,-74.721017,-101.37898,-15.396037,25.048188,2175.084183,3,0,0,6,166.08925219051153,-13.927871578875038,-163.77026580948848,1.4681654211249615,14.744445000000042,-1.7351000000001447e-05,4.0944949840511935,-19.74794525685791,522.9122707036234,-2111.2920120827334,110.48057644151973,99.71795861632275,0,1,2,0,1,0,2,1,0,1,1
181000.0,101,-74.702099,-101.396814,-30.717975,4.981872,102,-74.720803,-101.379213,-15.409411,25.042171,2154.793471,3,0,0,6,166.0730929898194,-13.943885113424512,-163.2089320101806,1.465525886575488,15.308564000000047,-6.016999999999939e-06,4.10926395089057,-19.85907354509309,518.6240529484691,-2091.450213217501,108.90655108264778,100.71426269239332,0,1,2,0,0,0,2,0,0,0,1
182000.0,101,-74.702053,-101.396914,-30.41007,5.101855,102,-74.72059,-101.379454,-15.433939,25.035692,2134.502765,3,0,0,6,166.0605144961717,-13.956327586629653,-163.52941550382832,1.4776114133703473,14.97613100000001,-6.4789999999987914e-06,4.0801931204649025,-19.73288735400597,514.195220007669,-2071.6431472418003,108.57979575175037,100.49301467140688,0,1,2,0,2,0,2,1,0,1,1
183000.0,101,-74.702014,-101.396999,-30.391291,5.088568,102,-74.720393,-101.379919,-15.772612,25.015501,2114.212063,3,0,0,6,166.2393630778696,-13.777112444022396,-163.3693459221304,1.995499555977604,14.618679000000043,-2.0191000000000515e-05,4.225400056206775,-19.68426746314611,502.89962582147007,-2053.5297937169894,107.62386807276488,80.86253503876272,0,1,2,0,2,0,2,1,0,1,1
184000.0,101,-74.701968,-101.397079,-29.664112,5.157652,102,-74.720193,-101.380338,-16.042234,24.999027,2093.921367,3,0,0,6,166.3923808902013,-13.623767619755313,-163.9435071097987,2.4184663802446877,13.621877999999981,-1.647399999999877e-05,4.355780605023563,-19.543822498202697,492.63972981946006,-2035.1444144783825,107.0356125875519,62.58837818715646,0,1,2,0,1,0,2,1,0,1,1
185000.0,101,-74.701923,-101.39714,-28.612126,5.187494,102,-74.719977,-101.380561,-16.027037,24.99721,2073.630675,3,0,0,6,166.3960857861861,-13.619906447242636,-164.99178821381392,2.407130552757364,12.585088999999982,-1.8170000000026221e-06,4.417327950478203,-19.471600668212176,487.7355875001795,-2015.4548303017882,106.08310780953465,53.678245445499094,0,1,2,0,1,0,2,1,0,1,1
186000.0,101,-74.701886,-101.39722,-28.750935,5.136265,102,-74.719769,-101.380872,-16.139014,24.988132,2053.339989,3,0,0,6,166.45491890401692,-13.560850495780352,-164.79414609598308,2.5781635042196474,12.611921000000052,-9.07799999999881e-06,4.4753619357847905,-19.50029162228448,480.9135090134165,-1996.2282703325598,104.8235863559207,49.29298010151731,0,1,2,0,2,0,2,0,0,1,1
187000.0,101,-74.701838,-101.397273,-27.343639,5.196293,102,-74.719546,-101.381012,-16.000581,24.996798,2033.049308,3,0,0,6,166.3959325034242,-13.61975296539542,-166.2604284965758,2.38082803460458,11.343057999999985,8.665999999998063e-06,4.503501279747622,-19.412695612604686,478.19579091528254,-1976.010696911883,103.94106553756362,42.96875197618746,0,1,2,0,1,0,2,1,0,1,1
188000.0,101,-74.701797,-101.397352,-27.346796,5.184802,102,-74.719334,-101.381273,-16.041464,24.991881,2012.758631,3,0,0,6,166.41606404657225,-13.59944585446896,-166.23713995342774,2.4420181455310406,11.305331999999964,-4.91699999999895e-06,4.524310445463081,-19.413385745053223,472.7358038288901,-1956.4555109798043,102.8672908443081,41.20451244149125,0,1,2,0,2,0,2,1,0,1,1
189000.0,101,-74.701768,-101.397451,-28.774621,5.050907,102,-74.719131,-101.381655,-16.254854,24.979686,1992.46796,3,0,0,6,166.51737699716386,-13.49785991192103,-164.70800200283614,2.7569940880789723,12.519767000000002,-1.2194999999998402e-05,4.560740352581208,-19.55393070634843,464.54479574744687,-1937.5568906152212,101.30312228127997,43.39102139986949,0,1,2,0,0,0,2,0,0,0,1
190000.0,101,-74.701746,-101.397525,-29.982968,4.818725,102,-74.71892,-101.381937,-16.320963,24.97455,1972.177295,3,0,0,6,166.54717879332122,-13.467857469454499,-163.46985320667878,2.8531055305455,13.662005000000022,-5.136000000000251e-06,4.610172660865187,-19.794284754560152,458.816419283983,-1918.0643305971105,99.1767825045114,45.09733432235411,0,1,2,0,0,0,2,0,0,0,1
191000.0,101,-74.701712,-101.397603,-30.159724,4.771771,102,-74.718724,-101.382438,-16.697429,24.962983,1951.886634,3,0,0,6,166.77891334562744,-13.23571488119968,-163.06136265437254,3.4617141188003195,13.462294999999983,-1.1566999999999439e-05,4.774906505728652,-19.78462081633896,446.41435713769846,-1900.1514817848563,97.98292833805215,43.98548797502667,0,1,2,0,2,0,2,1,0,1,1
192000.0,101,-74.701676,-101.397722,-31.307708,4.811659,102,-74.718509,-101.382677,-16.690865,24.963031,1931.595979,3,0,0,6,166.74510373243433,-13.269408733163091,-161.94718826756568,3.4214562668369073,14.616843000000017,4.799999999960391e-08,4.669275449558835,-19.80026783093928,442.8832241298288,-1880.1376215249074,97.26671296267405,47.139295769462336,0,1,2,0,0,0,2,0,0,0,1
193000.0,101,-74.701624,-101.397798,-29.777905,4.987093,102,-74.718297,-101.382943,-16.724276,24.961115,1911.305329,3,0,0,6,166.78525707675968,-13.229072105067536,-163.43683792324032,3.495203894932464,13.053629,-1.916000000001361e-06,4.7061818868394765,-19.576693729099993,436.92702935121235,-1860.694180053811,97.02285162120113,43.40985950947566,0,1,2,0,1,0,2,1,0,1,1
194000.0,101,-74.701596,-101.397903,-31.292991,4.878616,102,-74.718068,-101.383031,-16.490679,24.979494,1891.014684,3,0,0,6,166.6148277061644,-13.399517865123295,-162.0921812938356,3.091161134876705,14.802312000000029,1.837899999999948e-05,4.556638842450099,-19.783099116683015,437.76261673890696,-1839.6468211288613,95.47908934561887,49.299397592942306,0,1,2,0,0,0,2,0,0,0,1
195000.0,101,-74.701553,-101.398,-31.061425,4.969581,102,-74.71783,-101.383035,-16.134697,25.011982,1870.724045,3,0,0,6,166.3786296580636,-13.635805611593147,-162.55994534193638,2.498891388406852,14.926727999999969,3.2488000000000737e-05,4.386651740178259,-19.769770208270884,440.5641581522018,-1818.106618186294,94.72136591030407,59.99498281678151,0,1,2,0,2,0,2,0,0,0,1
196000.0,101,-74.701502,-101.398094,-30.219207,5.133172,102,-74.717595,-101.383071,-15.835528,25.038094,1850.433411,3,0,0,6,166.17726505891392,-13.837226147772238,-163.60352794108607,1.9983018522277618,14.383678999999972,2.6112000000001247e-05,4.248741176077988,-19.65226723209051,442.1033012832629,-1796.8440331702514,94.30029593939383,69.96708419105111,0,1,2,0,1,0,2,1,0,0,1
197000.0,101,-74.701465,-101.398161,-29.844781,5.075529,102,-74.717375,-101.383246,-15.751831,25.041671,1830.142782,3,0,0,6,166.12085514137607,-13.893531879532631,-164.03436385862392,1.8582991204673682,14.09295000000003,3.5769999999999414e-06,4.2722453197730506,-19.6988742220862,439.00494094687383,-1776.7096736188869,92.93200599973734,68.35372060290662,0,1,2,0,2,0,2,1,0,1,1
198000.0,101,-74.701419,-101.398243,-29.224857,5.154963,102,-74.717176,-101.38369,-16.06536,25.024975,1809.852159,3,0,0,6,166.3182632206036,-13.695774606607339,-164.4568797793964,2.3695853933926596,13.159496999999988,-1.66959999999996e-05,4.408404277623221,-19.54887606070269,428.08152502920905,-1758.4968141471363,92.34461331361307,51.23331305350915,0,1,2,0,2,0,2,1,0,1,1
199000.0,101,-74.701391,-101.398303,-29.503641,4.967972,102,-74.716957,-101.383877,-15.995076,25.02772,1789.561541,3,0,0,6,166.27283445521223,-13.74108085956692,-164.22352454478778,2.25399514043308,13.508565000000033,2.744999999997333e-06,4.449885749696509,-19.73503408771939,424.66073151483243,-1738.4457921188057,90.41471329042275,51.03406707309389,0,1,2,0,2,0,2,0,0,1,1
200000.0,101,-74.701349,-101.39838,-29.128723,4.994018,102,-74.716749,-101.384185,-16.106458,25.018733,1769.270929,3,0,0,6,166.34407677019863,-13.669615713885129,-164.52720022980137,2.436842286114871,13.022265000000004,-8.986999999997636e-06,4.509815692695054,-19.674278871200443,417.70837341256885,-1719.255459489819,89.53053455223198,44.43707724354045,0,1,2,0,2,0,2,1,0,1,1
201000.0,101,-74.701311,-101.398465,-29.237812,4.989628,102,-74.716553,-101.38471,-16.530482,25.00569,1748.980323,3,0,0,6,166.6196224099071,-13.393645643170633,-164.14256559009291,3.1368363568293667,12.707330000000013,-1.3042999999999694e-05,4.67764202627402,-19.61821828978985,404.7398229499089,-1701.5045829969606,88.55405342348901,37.00424965081872,0,1,2,0,2,0,2,1,0,1,1
202000.0,101,-74.701273,-101.398551,-29.39767,4.982281,102,-74.716348,-101.385077,-16.717465,24.996262,1728.689722,3,0,0,6,166.743046934681,-13.269950058663827,-163.859283065319,3.4475149413361734,12.680205,-9.42799999999977e-06,4.74459262019732,-19.59905992571859,396.42055577348304,-1682.6226249247572,87.54333733004603,38.172817421435816,0,1,2,0,2,0,2,1,0,0,1
203000.0,101,-74.701234,-101.398629,-29.306909,4.967343,102,-74.71614,-101.3854,-16.835293,24.989945,1708.399127,3,0,0,6,166.83308489318338,-13.179675766128991,-163.86000610681663,3.655617233871009,12.47161600000004,-6.3170000000027925e-06,4.806170791612269,-19.587333873092028,389.1539279980047,-1663.4863382240583,86.46257881922241,40.02587285895291,0,1,2,0,2,0,2,1,0,0,1
204000.0,101,-74.701197,-101.398695,-28.991585,4.921254,102,-74.715942,-101.385888,-17.191783,24.982549,1688.108537,3,0,0,6,167.10426164718697,-12.90809194508693,-163.904153352813,4.283691054913071,11.799802,-7.3959999999999585e-06,4.9988790666739025,-19.56177162210085,376.7480335618978,-1645.5307204362741,85.20555397433058,53.57483166846056,0,1,2,0,2,0,2,1,0,0,1
205000.0,101,-74.701152,-101.398785,-28.669618,5.023366,102,-74.715712,-101.385962,-16.921435,25.002568,1667.817953,3,0,0,6,166.93005657021314,-13.082312447492873,-164.40032542978685,3.839122552507126,11.74818300000004,2.001900000000134e-05,4.8672490647653355,-19.512571093702952,377.160922298846,-1624.6126809303792,84.54681256204093,42.55055228237192,0,1,2,0,2,0,2,1,0,1,1
206000.0,101,-74.70112,-101.398887,-29.840803,4.957478,102,-74.715503,-101.38628,-17.027412,24.997128,1647.527375,3,0,0,6,166.989794827581,-13.022365830338666,-163.169402172419,4.005046169661336,12.813390999999967,-5.440000000000111e-06,4.853088432231947,-19.60120056447379,370.89894060628535,-1605.2353183354537,83.34156012021964,43.94156886407851,0,1,2,0,0,0,2,0,0,0,1
207000.0,101,-74.701076,-101.398958,-29.062426,5.008379,102,-74.715297,-101.386625,-17.173199,24.991375,1627.236803,3,0,0,6,167.12278238628053,-12.88911396532283,-163.81479161371948,4.284085034677171,11.889227000000005,-5.752999999998565e-06,4.946101128037628,-19.49939517092973,362.6500723698815,-1586.3116144212588,82.48514844774031,50.42968335097548,0,1,2,0,1,0,2,1,0,0,1
208000.0,101,-74.701046,-101.399055,-30.222228,4.912629,102,-74.715093,-101.387016,-17.383964,24.985679,1606.946237,3,0,0,6,167.26891986435623,-12.742692889793712,-162.50885213564376,4.6412711102062865,12.838263999999981,-5.696000000000368e-06,4.9922665510898065,-19.599530351238855,354.1313416226997,-1567.4396962846665,81.1464020985036,55.918483584258176,0,1,2,0,0,0,2,0,0,0,1
209000.0,101,-74.701008,-101.399156,-30.689139,4.933651,102,-74.714882,-101.387311,-17.446576,24.983885,1586.655677,3,0,0,6,167.31612397175812,-12.695301644252574,-161.99473702824187,4.751274355747427,13.242563000000018,-1.7940000000002953e-06,4.972542072700267,-19.591860965115707,348.3846275681718,-1547.9355247007268,80.25325279604026,56.235286645289925,0,1,2,0,0,0,2,0,0,0,1
210000.0,101,-74.700965,-101.399265,-30.902219,5.03108,102,-74.714671,-101.387603,-17.501943,24.982745,1566.365123,3,0,0,6,167.35746388065368,-12.6537852078352,-161.74031711934632,4.8481577921648,13.40027600000002,-1.1399999999994747e-06,4.92942998918404,-19.509319488321452,342.8267275474342,-1528.3878870986653,79.66090572833104,56.109653409917925,0,1,2,0,2,0,2,0,0,1,1
211000.0,101,-74.700934,-101.399344,-31.316097,4.923581,102,-74.714455,-101.387826,-17.452102,24.986401,1546.074576,3,0,0,6,167.3430293060643,-12.668080874419859,-161.3408736939357,4.784021125580141,13.863994999999989,3.6559999999994374e-06,4.934555488515325,-19.629948544076132,338.765831693882,-1508.5039959610092,78.1984091931073,54.063710637280145,0,1,2,0,2,0,2,0,0,1,1
212000.0,101,-74.700891,-101.399436,-31.072119,4.986115,102,-74.714249,-101.388198,-17.629255,24.983348,1525.784034,3,0,0,6,167.49488952417698,-12.515950563869026,-161.43299147582303,5.113304436130974,13.442863999999986,-3.0530000000013047e-06,4.99295380431393,-19.539334984739277,330.372971781931,-1489.5873985521255,77.40790797194006,60.617864604692805,0,1,2,0,2,0,2,1,0,0,1
213000.0,101,-74.700862,-101.399514,-31.554871,4.869424,102,-74.714034,-101.388438,-17.601924,24.986317,1505.493499,3,0,0,6,167.50075218200132,-12.509931635870144,-160.9443768179987,5.091992364129856,13.952946999999995,2.9690000000002214e-06,5.007667664559868,-19.667042488465082,325.8291359745171,-1469.8115694473775,75.92996459827596,59.26398117516427,0,1,2,0,2,0,2,0,0,1,1
214000.0,101,-74.700827,-101.399574,-31.100631,4.793694,102,-74.71381,-101.388578,-17.419871,24.998694,1485.20297,3,0,0,6,167.41308371808103,-12.59752292589717,-161.48628528191898,4.82234807410283,13.68076000000002,1.2377000000000749e-05,5.0077540595392716,-19.747512768558142,323.6559974630427,-1449.5084192246086,74.53601746095588,54.42231848889246,0,1,2,0,1,0,2,1,0,1,1
215000.0,101,-74.700789,-101.399638,-30.373926,4.788191,102,-74.713562,-101.388511,-16.904899,25.047891,1464.912448,3,0,0,6,167.06546326092302,-12.945269737164821,-162.56061073907696,3.959629262835179,13.469026999999983,4.919699999999949e-05,4.862419377040029,-19.834557273817893,327.90254778087774,-1427.7424135551069,73.29449972193977,38.582060839187534,0,1,2,0,1,0,2,1,0,1,1
216000.0,101,-74.700748,-101.399724,-30.11957,4.841144,102,-74.713341,-101.388678,-16.78136,25.054176,1444.621932,3,0,0,6,166.97894364697106,-13.031711212623561,-162.90148635302893,3.7496487873764384,13.338210000000004,6.2849999999983195e-06,4.804334028711731,-19.79971267403854,325.48650022422436,-1407.4768433573602,72.44644470101403,35.14672503976811,0,1,2,0,2,0,2,1,0,1,1
217000.0,101,-74.700713,-101.399812,-30.473246,4.822853,102,-74.713114,-101.388792,-16.575024,25.067679,1424.331423,3,0,0,6,166.8142046851537,-13.196425088460593,-162.7125493148463,3.378598911539406,13.898222000000032,1.3503000000000043e-05,4.705229440294541,-19.869388896790216,324.903521399208,-1386.7796163513508,71.33890056303704,32.51363781021851,0,1,2,0,2,0,2,0,0,1,1
218000.0,101,-74.700681,-101.399896,-31.032347,4.75113,102,-74.712904,-101.389088,-16.65948,25.061087,1404.040921,3,0,0,6,166.87709991533288,-13.13332535933542,-162.09055308466714,3.526154640664579,14.372867000000042,-6.591999999997711e-06,4.735277686967799,-19.938028733460257,318.77425081819916,-1367.3748150590693,70.11358282281985,33.29454167897992,0,1,2,0,0,0,2,0,0,0,1
219000.0,101,-74.70065,-101.399997,-32.021074,4.712429,102,-74.712677,-101.3892,-16.45096,25.075101,1383.750425,3,0,0,6,166.6837158682276,-13.326698789553207,-161.2952101317724,3.1242612104467913,15.57011399999999,1.4013999999999527e-05,4.6024559973662456,-20.053140755250965,318.71413866351963,-1346.546150900017,68.96612748238805,36.46451182885526,0,1,2,0,0,0,2,0,0,0,1
220000.0,101,-74.70061,-101.40012,-32.674123,4.823419,102,-74.712466,-101.389476,-16.507653,25.069192,1363.459937,3,0,0,6,166.68292137238691,-13.327345697262682,-160.64295562761308,3.1803073027373188,16.166470000000004,-5.9089999999990535e-06,4.519273768101177,-19.975749225641756,314.05910344717245,-1326.7968493126605,68.40896521971908,40.024589928295526,0,1,2,0,0,0,2,0,0,0,1
221000.0,101,-74.700568,-101.400227,-32.696145,4.912589,102,-74.712248,-101.389686,-16.459911,25.069791,1343.169456,3,0,0,6,166.6153886632483,-13.394779047573941,-160.6884663367517,3.0651319524260607,16.236234000000024,5.989999999975737e-07,4.449684470152469,-19.90821120915236,310.92576313740517,-1306.6864035983378,67.70656114916984,42.345029377838145,0,1,2,0,2,0,2,0,0,0,1
222000.0,101,-74.700528,-101.400308,-32.135144,4.943104,102,-74.712035,-101.389937,-16.476629,25.066368,1322.878982,3,0,0,6,166.6324435941181,-13.37756013088299,-161.23241240588192,3.0990688691170085,15.658514999999966,-3.4229999999979554e-06,4.480102595340181,-19.851230488691336,305.84569753972943,-1287.038154179507,66.77480041323541,39.099987450847706,0,1,2,0,1,0,2,1,0,1,1
223000.0,101,-74.700484,-101.400374,-31.008253,4.981339,102,-74.7118,-101.389982,-16.161115,25.093511,1302.588515,3,0,0,6,166.38843569646016,-13.621588278179106,-162.60331130353984,2.5395267218208932,14.84713800000003,2.7142999999998808e-05,4.418316481381541,-19.83241459285086,306.5489461750693,-1266.0033898093873,65.72335722426074,40.788296887382884,0,1,2,0,1,0,2,1,0,0,1
224000.0,101,-74.700443,-101.400455,-30.599984,5.00776,102,-74.711593,-101.390316,-16.316293,25.082283,1282.298056,3,0,0,6,166.51702010650726,-13.49275982216157,-162.88299589349273,2.8235331778384314,14.283691000000033,-1.1227999999999127e-05,4.497451370355673,-19.76171490747507,298.976132295294,-1246.9569265773082,64.8115542131301,34.64959873196176,0,1,2,0,2,0,2,1,0,1,1
225000.0,101,-74.700412,-101.400528,-30.868928,4.894236,102,-74.711374,-101.390507,-16.241178,25.084457,1262.007605,3,0,0,6,166.44784496875687,-13.561821133099198,-162.68322703124312,2.679356866900804,14.627749999999992,2.17400000000012e-06,4.504536510128007,-19.88247522737203,295.7267380574826,-1226.8695494940434,63.409315576207995,35.33784889769517,0,1,2,0,2,0,2,0,0,0,1
226000.0,101,-74.700368,-101.400587,-29.577384,4.941482,102,-74.711172,-101.390938,-16.544281,25.072287,1241.717161,3,0,0,6,166.74877757877672,-13.260529692155904,-163.67383842122328,3.2837513078440974,13.033102999999983,-1.2170000000001124e-05,4.700382564867539,-19.73673634986411,284.6278457821047,-1208.655657053463,62.519136039953146,26.903125143539345,0,1,2,0,1,0,2,1,0,1,1
227000.0,101,-74.700332,-101.40067,-29.782754,4.910921,102,-74.710967,-101.3913,-16.735868,25.062611,1221.426726,3,0,0,6,166.9210927427932,-13.087945404006904,-163.29615325720678,3.647922595993096,13.046886000000029,-9.675999999998908e-06,4.777714296226603,-19.738757316650116,276.3999940705623,-1189.7421108227077,61.435926579775696,28.61543151210925,0,1,2,0,2,0,2,0,0,0,1
228000.0,101,-74.70029,-101.400751,-29.459885,4.94921,102,-74.710749,-101.391505,-16.672856,25.064243,1201.136299,3,0,0,6,166.87834570740543,-13.130572825515856,-163.66176929259456,3.542283174484144,12.787028999999961,1.632000000000744e-06,4.75700856489474,-19.701226883448975,272.6812352565558,-1169.7749154065393,60.51605885307971,27.121397244561138,0,1,2,0,2,0,2,1,0,1,1
229000.0,101,-74.700249,-101.400829,-29.139786,4.976676,102,-74.710535,-101.391749,-16.674224,25.061955,1180.84588,3,0,0,6,166.89636929612902,-13.112389110704303,-163.96384470387096,3.561834889295696,12.465562000000034,-2.2880000000000677e-06,4.767663853939125,-19.661342227460132,267.7131422627367,-1150.0985461136738,59.568858203671205,26.661383845065867,0,1,2,0,2,0,2,1,0,1,1
230000.0,101,-74.700207,-101.400942,-29.701955,5.058544,102,-74.7103,-101.391795,-16.346893,25.089927,1160.55547,3,0,0,6,166.55958573826877,-13.449237289743495,-163.73845926173124,2.8976557102565064,13.355061999999975,2.7971999999998332e-05,4.555164626920905,-19.68174807089406,269.7525557527626,-1128.7703741734958,58.74973996275008,27.61009585441741,0,1,2,0,2,0,2,0,0,0,1
231000.0,101,-74.700162,-101.401003,-28.635692,5.092017,102,-74.710088,-101.392069,-16.405216,25.083101,1140.265069,3,0,0,6,166.64821021743586,-13.360407349411151,-164.71609778256413,3.0448086505888483,12.23047600000001,-6.826000000000221e-06,4.6438982193771725,-19.592739553383,263.3206160647418,-1109.444311688,57.789812161776425,23.368475993327657,0,1,2,0,1,0,2,1,0,1,1
232000.0,101,-74.700123,-101.40109,-28.813348,5.089507,102,-74.709883,-101.39243,-16.601355,25.072559,1119.974677,3,0,0,6,166.83075546833823,-13.177597798440674,-164.35589653166178,3.4237572015593276,12.211993000000007,-1.054200000000094e-05,4.710579025494662,-19.56803223158528,255.16185444225508,-1090.5208412308514,56.790721427338234,24.16003979403038,0,1,2,0,2,0,2,1,0,0,1
233000.0,101,-74.700085,-101.401174,-28.933607,5.072387,102,-74.70966,-101.392579,-16.447235,25.081238,1099.684294,3,0,0,6,166.6823298929234,-13.325960670962584,-164.3840631070766,3.1212743290374156,12.486372000000017,8.67900000000077e-06,4.647307169001545,-19.615679676305668,253.3121188933718,-1070.111450687277,55.695530433514634,23.065027658321092,0,1,2,0,2,0,2,0,0,1,1
234000.0,101,-74.700046,-101.40123,-28.276489,5.022769,102,-74.709429,-101.392661,-16.182676,25.101696,1079.393922,3,0,0,6,166.4591896792163,-13.549075800263982,-165.2643213207837,2.633600199736019,12.093813000000011,2.045800000000142e-05,4.616440564158829,-19.683705434345306,252.72702492434883,-1049.3904372174495,54.43678654196495,22.172932576305953,0,1,2,0,1,0,2,1,0,1,1
235000.0,101,-74.699998,-101.401308,-27.593219,5.1199,102,-74.70922,-101.392965,-16.295447,25.091614,1059.103559,3,0,0,6,166.58136004514975,-13.42668743448111,-165.82542095485024,2.8687595655188893,11.297771999999952,-1.008200000000059e-05,4.6689745800852425,-19.546069041976523,245.78019279597683,-1030.190489917102,53.68090583976072,19.66871522468772,0,1,2,0,1,0,2,1,0,1,1
236000.0,101,-74.699961,-101.401392,-27.919038,5.084118,102,-74.709009,-101.393255,-16.381849,25.083313,1038.813207,3,0,0,6,166.65796943936422,-13.349879332423122,-165.42299256063578,3.0319696675768775,11.537189000000012,-8.300999999999448e-06,4.693932589237797,-19.572637027905774,239.7202459520642,-1010.7754858119118,52.59023787929056,19.878674472322068,0,1,2,0,2,0,2,0,0,0,1
237000.0,101,-74.699929,-101.401472,-28.576889,4.971269,102,-74.708773,-101.393288,-16.029765,25.115686,1018.522865,3,0,0,6,166.28558622675152,-13.722307875154359,-165.1375247732485,2.3074571248456426,12.547123999999997,3.2372999999999766e-05,4.5574171885967925,-19.77349819612827,241.47399709403933,-989.4842774168957,51.203292103367694,24.37586586210748,0,1,2,0,2,0,2,0,0,0,1
238000.0,101,-74.699899,-101.40154,-28.962283,4.843102,102,-74.708567,-101.393633,-16.214109,25.102011,998.232535,3,0,0,6,166.47333041420717,-13.534296495450977,-164.56438658579282,2.679812504549023,12.748174000000006,-1.3674999999999216e-05,4.663979976961526,-19.86616021485507,233.4845431619796,-970.5427152047291,49.90044092649794,20.800960322114303,0,1,2,0,0,0,2,0,0,1,1
239000.0,101,-74.699861,-101.401629,-29.214183,4.854734,102,-74.708357,-101.393926,-16.309532,25.092275,977.942216,3,0,0,6,166.55236288616587,-13.455067245398542,-164.23345411383414,2.8544647546014588,12.904651000000001,-9.73600000000019e-06,4.677094997185714,-19.84530828735936,227.42692944542353,-951.1298384542549,48.9504370700388,20.36340326820493,0,1,2,0,2,0,2,0,0,1,1
240000.0,101,-74.699815,-101.401711,-28.600315,4.962209,102,-74.708137,-101.394111,-16.221405,25.094449,957.651909,3,0,0,6,166.4581648029451,-13.54916597260556,-164.9415201970549,2.67223902739444,12.378910000000019,2.17400000000012e-06,4.634737327431971,-19.738701739949235,224.23925957385381,-931.0284277491822,48.17473089043847,19.901482672547324,0,1,2,0,1,0,2,1,0,1,1
241000.0,101,-74.699775,-101.401821,-29.353326,5.007349,102,-74.707926,-101.394389,-16.291343,25.086237,937.361615,3,0,0,6,166.47872487068463,-13.528443851846179,-164.16794912931536,2.7628991481538225,13.061982999999998,-8.21200000000033e-06,4.582661621495467,-19.714493996182892,219.16115330536667,-911.3809226428157,47.316796599144666,21.571364710788007,0,1,2,0,0,0,2,0,0,0,1
242000.0,101,-74.699734,-101.401923,-29.678709,5.065207,102,-74.707692,-101.394444,-15.973685,25.114966,917.071333,3,0,0,6,166.07896133692245,-13.928252715903115,-164.24232966307756,2.0454322840968846,13.705024000000037,2.872899999999845e-05,4.40356845928881,-19.744501023605864,220.63311829510664,-890.1353025926869,46.369612759689744,30.264898262239445,0,1,2,0,2,0,2,0,0,0,1
243000.0,101,-74.699694,-101.402023,-30.068923,5.085209,102,-74.707474,-101.394638,-15.907123,25.114714,896.781066,3,0,0,6,165.94474595266593,-14.062377425773718,-163.98633104733406,1.8447455742262822,14.161799999999971,-2.519999999996969e-07,4.335509893564734,-19.75214396539267,217.7900097525529,-869.9332112226083,45.40074011091865,34.042310665499826,0,1,2,0,2,0,2,0,0,0,1
244000.0,101,-74.699649,-101.40213,-30.16439,5.180881,102,-74.70726,-101.394876,-15.918227,25.108391,876.490813,3,0,0,6,165.88960464647374,-14.117392368454436,-163.94600535352626,1.8008346315455643,14.246163000000024,-6.322999999998302e-06,4.283053716868748,-19.66626361835103,213.68054962238173,-850.0451564396316,44.61458125210943,35.48080651821138,0,1,2,0,2,0,2,0,0,0,1
245000.0,101,-74.699609,-101.402198,-29.566723,5.162356,102,-74.70705,-101.395181,-16.043994,25.096016,856.200575,3,0,0,6,166.03271731100307,-13.974051096006106,-164.40055968899694,2.069942903993896,13.522729000000027,-1.2375000000002246e-05,4.388624347234398,-19.6283977574941,206.6592433805455,-830.8859017673311,43.55305150931344,28.573834886853295,0,1,2,0,2,0,2,1,0,1,1
246000.0,101,-74.699584,-101.402272,-30.530714,4.950842,102,-74.706845,-101.395548,-16.271919,25.082163,835.910352,3,0,0,6,166.2743656406816,-13.73212014294356,-163.19492035931842,2.539798857056441,14.258794999999964,-1.3852999999997451e-05,4.512899886804556,-19.812997861047698,198.33878749616122,-812.0393105972867,42.11775262453724,23.9135318695109,0,1,2,0,0,0,2,0,0,1,1
247000.0,101,-74.69954,-101.402356,-30.006256,5.019466,102,-74.706631,-101.39579,-16.280915,25.077555,815.620147,3,0,0,6,166.2753326608099,-13.73100071650565,-163.71841133919008,2.549914283494351,13.725341000000014,-4.608000000001056e-06,4.520209336944047,-19.725202127264875,193.51110109930806,-792.3317978874979,41.23676179970528,22.239602028692655,0,1,2,0,1,0,2,1,0,1,1
248000.0,101,-74.6995,-101.402441,-29.938647,5.031424,102,-74.706428,-101.396202,-16.578147,25.066532,795.329959,3,4,2,6,166.63815104526728,-13.367866913628102,-163.42320195473272,3.210280086371899,13.360500000000002,-1.102300000000156e-05,4.6410093298919035,-19.66452071177899,183.80084761594335,-773.800356744944,40.25988751205018,18.148421905099227,0,1,2,0,2,0,2,1,0,1,1
249000.0,101,-74.699469,-101.402541,-31.019755,4.948783,102,-74.706221,-101.396558,-16.775878,25.057024,775.03979,3,4,2,6,166.84472890991375,-13.161042115511686,-162.13551609008624,3.614835884488313,14.243876999999998,-9.508000000000294e-06,4.68190296763151,-19.749568648616897,176.39189478045074,-754.7003216767611,39.11708760274821,19.07940361227503,0,1,2,0,0,0,2,0,0,0,1
250000.0,101,-74.699438,-101.402626,-31.563224,4.86202,102,-74.706011,-101.396861,-16.878951,25.050251,754.74964,3,4,2,6,166.97409091501842,-13.031469830839185,-161.4626850849816,3.8474811691608153,14.684272999999962,-6.7729999999990295e-06,4.728385636261497,-19.828346340482483,170.1142594068202,-735.328605336824,37.948339456016704,19.496239621871325,0,1,2,0,0,0,2,0,0,0,1
251000.0,101,-74.699394,-101.402726,-31.334244,4.966743,102,-74.7058,-101.397137,-16.932134,25.045778,734.459512,3,4,2,6,167.0400594336017,-12.965331544663835,-161.6256965663983,3.9668024553361665,14.402109999999993,-4.473000000000837e-06,4.711447714276817,-19.717718940702632,164.7170511860215,-715.7507022810803,37.13457272965311,19.384184260240524,0,1,2,0,2,0,2,1,0,1,1
252000.0,101,-74.699357,-101.402807,-31.201874,4.949938,102,-74.705592,-101.397476,-17.092506,25.039836,714.169407,3,4,2,6,167.2906149732662,-12.714527143083101,-161.5075110267338,4.377978856916899,14.10936799999996,-5.94199999999745e-06,4.795251094371624,-19.699946958351067,157.12154997677018,-696.6711996542048,36.07876437566902,21.226033741603686,0,1,2,0,2,0,2,1,0,0,1
253000.0,101,-74.69931,-101.402866,-29.661158,5.026432,102,-74.705372,-101.397663,-16.980209,25.045424,694.091601,3,4,2,6,167.24319586851854,-12.761822779825586,-163.09564613148146,4.218386220174413,12.680948999999998,5.587999999999482e-06,4.82687089242575,-19.58578148321655,153.26462898314495,-676.9587166743642,35.146328500346264,19.963817737187675,0,1,2,0,1,0,2,1,0,1,1
254000.0,101,-74.699264,-101.402906,-27.976236,5.044837,102,-74.705156,-101.397886,-16.937027,25.046433,675.058394,3,4,2,6,167.33355278189842,-12.671289347440137,-164.69021121810158,4.265737652559864,11.039208999999971,1.0089999999998156e-06,4.929978728061062,-19.50474836955683,148.02335326675146,-658.6295788966099,34.15305551545874,21.69447200622528,0,1,2,0,1,0,2,1,0,0,1
255000.0,101,-74.699218,-101.402951,-26.501066,5.085341,102,-74.704946,-101.398192,-17.041075,25.042366,657.466203,3,4,2,6,167.63834262115373,-12.366247753234719,-165.86059137884627,4.674827246765281,9.459991000000002,-4.066999999999155e-06,5.069692922033119,-19.391874500967802,140.75147268544043,-642.2233497967175,33.27520896914054,28.109070421470573,0,1,2,0,1,0,2,1,0,0,1
256000.0,101,-74.699161,-101.403003,-24.72295,5.259005,102,-74.704723,-101.398348,-16.870938,25.052423,641.228651,3,4,2,6,167.5502561757064,-12.454233880712032,-167.7267938242936,4.416704119287967,7.852012000000002,1.005699999999976e-05,5.071156250340446,-19.197221166940693,138.23811596722962,-626.1504660679497,32.67409738466611,27.47941895104532,0,1,2,0,1,0,2,1,0,1,1
257000.0,101,-74.699097,-101.403061,-22.924258,5.532737,102,-74.704497,-101.398463,-16.627641,25.069502,625.825875,3,4,2,6,167.34052690870078,-12.663908164360194,-169.7352150912992,3.9637328356398065,6.296617000000026,1.7078999999998957e-05,5.018576275999319,-18.925447119184835,137.15357464340872,-610.6119248606684,32.26739639224594,24.78289540172278,0,1,2,0,1,0,2,1,0,1,1
258000.0,101,-74.699022,-101.4031,-20.510394,5.883031,102,-74.704287,-101.398775,-16.754254,25.062789,611.865229,3,4,2,6,167.77300841144472,-12.231163332350924,-171.7165975885553,4.523090667649075,3.7561400000000162,-6.713000000001301e-06,5.163503607913695,-18.48877493996278,129.58401573555173,-597.9858203377992,32.016743569317796,36.24065593096696,0,1,2,0,1,0,2,1,0,0,1
259000.0,101,-74.698931,-101.403092,-16.769936,6.399034,102,-74.704073,-101.399026,-16.766322,25.059221,598.621744,3,4,2,6,168.21706677491213,-11.786855143675988,-175.01299722508787,4.979466856324011,0.0036140000000273176,-3.567999999997795e-06,5.3824998087903175,-17.867044392437435,122.24123366516847,-586.0077415714056,31.959143604941897,51.987528842336744,0,1,2,0,1,0,2,1,0,0,1
260000.0,101,-74.698829,-101.403108,-14.189577,7.013049,102,-74.703859,-101.399268,-16.762605,25.055956,586.441489,3,4,2,6,168.61323909238666,-11.390464831868211,-177.19718390761335,5.372140168131789,2.573028000000022,-3.2650000000025158e-06,5.507195353102853,-17.192196096073086,115.78162875168687,-574.8984557851445,32.14157454525404,65.16769554638985,0,1,2,0,1,0,2,0,0,0,1
261000.0,101,-74.698724,-101.403123,-12.135333,7.609127,102,-74.703643,-101.399489,-16.721157,25.053731,575.660424,3,4,2,6,168.9716140225569,-11.031891198916577,-178.8930529774431,5.689265801083424,4.585824000000002,-2.2249999999992553e-06,5.608711710230712,-16.555275227104445,110.12113252027319,-565.0294328017898,32.37128460930471,77.14469028417798,0,1,2,0,1,0,2,0,0,0,1
262000.0,101,-74.698609,-101.40317,-10.955182,8.302476,102,-74.703431,-101.399774,-16.79648,25.050496,563.290742,3,4,2,6,169.4746479952172,-10.528627657738129,-179.5701700047828,6.26785234226187,5.841297999999995,-3.235000000000099e-06,5.6611049884401154,-15.830600192498071,102.89664333514287,-553.8129113818773,32.70634158400058,89.81100877576648,0,1,2,0,1,0,2,0,0,0,1
263000.0,101,-74.698495,-101.403209,-9.990884,8.870323,102,-74.703206,-101.399882,-16.535231,25.063333,552.429872,3,4,2,6,169.44604798612735,-10.557161109438534,179.43693198612735,5.978069890561466,6.544347000000016,1.2837000000001097e-05,5.594220997671647,-15.291028872230319,101.18378289962398,-543.0843447900686,33.01665864706213,91.85083022620704,1,1,2,0,0,0,2,0,0,0,1
264000.0,101,-74.698371,-101.403236,-8.881194,9.511663,102,-74.702984,-101.400036,-16.371691,25.067918,540.815153,3,4,2,6,169.62902176442824,-10.374064829293408,178.51021576442824,5.9976261707065905,7.490497000000005,4.584999999998729e-06,5.597361274480687,-14.653874310570089,97.35804043929478,-531.9797380316604,33.355795772426205,99.2370442359502,1,1,2,0,1,0,2,0,0,0,1
265000.0,101,-74.698246,-101.403226,-7.442605,10.081973,102,-74.70276,-101.400156,-16.144059,25.07662,528.073759,3,4,2,6,169.82770189619708,-10.17525930219152,177.2703068961971,5.968799697808478,8.701453999999956,8.701999999999543e-06,5.666691243890951,-14.090705544212252,93.26251069698061,-519.7730264672126,33.40552750719545,107.84433901889719,1,1,2,0,1,0,2,0,0,0,1
266000.0,101,-74.69811,-101.403209,-6.073183,10.726418,102,-74.702531,-101.400212,-15.796056,25.094658,517.516721,3,4,2,6,169.85985614482968,-10.143034638182904,175.93303914482968,5.653021361817096,9.72287300000005,1.8038000000000663e-05,5.696276814803303,-13.4807850048413,91.11216587963733,-509.4331455091171,33.75506494126882,114.85930627699972,1,1,2,0,1,0,2,0,0,0,1
267000.0,101,-74.697976,-101.403213,-5.30477,11.273168,102,-74.702307,-101.400319,-15.560586,25.099093,506.725217,3,4,2,6,170.001786275145,-10.001005155911843,175.306556275145,5.559580844088158,10.255815999999982,4.4350000000008545e-06,5.690768599202231,-12.954259151076405,87.97635261289759,-499.0296653753444,33.98911533994184,120.6978572513286,1,1,2,0,1,0,2,0,0,0,1
268000.0,101,-74.697837,-101.40324,-4.939348,11.821181,102,-74.702084,-101.400439,-15.355259,25.101281,495.23574,3,4,2,6,170.1289759477376,-9.873725777080633,175.06832394773758,5.481533222919367,10.415910999999994,2.1880000000003008e-06,5.629082209015364,-12.4279455738081,84.89870030977089,-487.90434396412104,34.27780363140356,124.5289364162883,1,1,2,0,2,0,2,0,0,0,1
269000.0,101,-74.697712,-101.403311,-5.291405,12.119253,102,-74.701856,-101.400507,-15.050265,25.114213,484.373679,3,4,2,6,169.87788349907837,-10.124821117134587,175.16928849907836,4.925443882865412,9.758860000000027,1.2931999999999278e-05,5.403663570292132,-12.185147862132917,85.12709353224786,-476.83460324807277,34.43070079237105,116.05226615111549,1,1,2,0,2,0,2,1,0,1,1
270000.0,101,-74.697576,-101.403326,-4.834982,12.516052,102,-74.701634,-101.400623,-14.849553,25.115852,472.759154,3,4,2,6,170.03236416312146,-9.970243030668483,174.86734616312145,4.879309969331517,10.01457099999999,1.6390000000008342e-06,5.381805633439944,-11.80552064382766,81.83076616661747,-465.6231774722776,34.37079872460567,119.25651984045244,1,1,2,0,2,0,2,0,0,0,1
271000.0,101,-74.697442,-101.403339,-4.433451,12.838289,102,-74.701417,-101.400815,-14.80499,25.106488,460.022135,3,4,2,6,170.48925817148603,-9.513176364806286,174.92270917148602,5.291813635193714,10.371538999999984,-9.364000000001483e-06,5.423045686100246,-11.473106999815057,76.01061296696902,-453.69896562185795,33.94474145992023,125.72807685988039,1,1,2,0,2,0,2,0,0,0,1
272000.0,101,-74.697309,-101.403333,-3.869977,13.092861,102,-74.7012,-101.400988,-14.724917,25.096004,449.466972,3,4,2,6,170.96467840504414,-9.03758347404675,174.83465540504415,5.68733352595325,10.85494,-1.0483999999998162e-05,5.495196547824562,-11.208777201819288,70.58578710247676,-443.88985748490876,33.4541948620471,132.56849506249202,1,1,2,0,2,0,2,0,0,0,1
273000.0,101,-74.697173,-101.403343,-3.555939,13.357757,102,-74.700982,-101.401154,-14.634868,25.086271,438.676527,3,4,2,6,171.37760114153576,-8.624510265352603,174.93354014153576,6.010357734647398,11.07892899999996,-9.733000000000657e-06,5.509764344616508,-10.940322203530489,65.76720539554063,-433.7185378044643,33.05574457201514,136.8773018072312,1,1,2,0,2,0,2,0,0,0,1
274000.0,101,-74.697041,-101.403383,-3.640072,13.551609,102,-74.700758,-101.401245,-14.390757,25.088649,427.191322,3,4,2,6,171.37003810175042,-8.632024111176026,175.01011010175043,5.758732888823975,10.750685000000033,2.3780000000002134e-06,5.375001545644968,-10.777179599211653,64.10107333434689,-422.35468268919715,32.789547315202725,131.65740808563345,1,1,2,0,2,0,2,1,0,1,1
275000.0,101,-74.696909,-101.403441,-3.934402,13.713378,102,-74.700532,-101.401313,-14.105267,25.095609,416.327669,3,4,2,6,171.19025179308855,-8.81180077255629,175.12465379308856,5.293466227443709,10.170865000000049,6.959999999999411e-06,5.174970450892978,-10.657907621662542,63.762235150217954,-411.4159760432522,32.643399979595436,122.85331211471741,1,1,2,0,2,0,2,1,0,1,1
276000.0,101,-74.696785,-101.403508,-4.329828,13.738515,102,-74.700313,-101.40145,-13.971131,25.089102,404.713428,3,4,2,6,171.24956675628226,-8.752418289136797,175.57939475628226,5.218712710863203,9.641302999999994,-6.506999999999153e-06,5.02010815740108,-10.647598787828299,61.5694017378721,-400.00270945726317,32.06109925566932,115.38586777829421,1,1,2,0,2,0,2,1,0,1,1
277000.0,101,-74.696657,-101.403534,-4.198012,13.807439,102,-74.700091,-101.401568,-13.797802,25.085374,391.982308,3,4,2,6,171.4093560720646,-8.592540233090094,175.60736807206462,5.205261766909906,9.599789999999985,-3.7279999999988435e-06,4.972012288792816,-10.591102259915479,58.55191949425732,-387.5845746524813,31.23985689931191,112.17033748288574,1,1,2,0,2,0,2,1,0,1,1
278000.0,101,-74.696523,-101.403553,-3.976005,13.962639,102,-74.699868,-101.40165,-13.557804,25.084684,381.429658,3,4,2,6,171.46247621062307,-8.539359326325284,175.43848121062305,5.018444673674717,9.58179899999999,-6.900000000022999e-07,4.912356966297147,-10.456638538061915,56.62594065024572,-377.202978312038,30.7781381269276,109.58322856086376,1,1,2,0,2,0,2,1,0,1,1
279000.0,101,-74.696394,-101.403572,-3.806424,14.024648,102,-74.699644,-101.401732,-13.322423,25.08338,370.640694,3,4,2,6,171.50309431455295,-8.498680454314362,175.30951831455295,4.823742545685638,9.515999000000022,-1.304000000001082e-06,4.848940650782893,-10.414645252049542,54.76438569552304,-366.57248411220615,30.115830851971996,105.50182382418419,1,1,2,0,2,0,2,1,0,1,1
280000.0,101,-74.696267,-101.4036,-3.762265,14.037815,102,-74.699424,-101.401849,-13.166883,25.075733,359.161421,3,4,2,6,171.67332456691432,-8.328364355752214,175.43558956691433,4.838518644247786,9.40461799999997,-7.646999999998628e-06,4.790838071152022,-10.408948111231027,52.012637466580024,-355.3753112956911,29.284431577523122,101.7347030185143,1,1,2,0,2,0,2,1,0,1,1
281000.0,101,-74.69615,-101.403658,-4.100645,13.916882,102,-74.699207,-101.402018,-13.123865,25.06182,348.295538,3,4,2,6,171.94230553140466,-8.059276325231851,176.04295053140464,5.0645886747681494,9.023220000000038,-1.3912999999998732e-05,4.695283173996298,-10.52598781086397,48.82065139631632,-344.8569642445239,28.315338049064785,96.27399352066642,1,1,2,0,0,0,2,1,0,1,1
282000.0,101,-74.696037,-101.403703,-4.269659,13.767105,102,-74.698981,-101.402075,-12.842442,25.068433,336.681751,3,4,2,6,171.69753715625407,-8.304033124540071,175.96719615625406,4.538408875459929,8.572783000000015,6.6129999999979816e-06,4.547010180337459,-10.712448364568338,48.616419066144125,-333.15318586741904,27.3224552116423,85.76409782559908,1,1,2,0,2,0,2,1,0,1,1
283000.0,101,-74.695914,-101.403732,-4.215084,13.759475,102,-74.698766,-101.402272,-12.866609,25.053827,323.959027,3,4,2,6,172.30633677134105,-7.695071464600046,176.52142077134104,5.171537535399954,8.651524999999992,-1.4606000000000563e-05,4.567704629839659,-10.702495996801618,43.370527991476884,-321.0427517894264,26.199640593013807,86.4503068098948,1,1,2,0,0,0,2,0,0,0,1
284000.0,101,-74.69579,-101.40376,-4.138823,13.772229,102,-74.698548,-101.40241,-12.767699,25.03996,313.409927,3,4,2,6,172.63964887554866,-7.361653259365572,176.77847187554866,5.406045740634428,8.628875999999991,-1.3866999999997631e-05,4.539811963441593,-10.684511919241265,40.15073449568375,-310.8274454767507,25.382056876647344,84.89758774975816,1,1,2,0,2,0,2,1,0,1,1
285000.0,101,-74.695669,-101.403775,-3.932697,13.74121,102,-74.698327,-101.402507,-12.580657,25.032478,302.623175,3,4,2,6,172.82455401250246,-7.176669028770453,176.75725101250245,5.403987971229547,8.647959999999955,-7.481999999999545e-06,4.509982384669497,-10.722603395078881,37.80007156300227,-300.2531276055464,24.475483289460005,81.84247667667954,1,1,2,0,2,0,2,0,0,1,1
286000.0,101,-74.695553,-101.403832,-4.245351,13.652905,102,-74.698111,-101.402687,-12.579058,25.018291,291.152673,3,4,2,6,173.26300077431108,-6.738103627219634,177.50835177431108,5.840954372780366,8.333706999999947,-1.4186999999999727e-05,4.437955179858303,-10.802318599552507,34.155720114280825,-289.14229330646157,23.473090155250755,78.53777342070333,1,1,2,0,0,0,2,1,0,1,1
287000.0,101,-74.695416,-101.403905,-4.613191,13.873508,102,-74.697891,-101.402808,-12.447856,25.008801,280.283455,3,4,2,6,173.32827800094637,-6.672780101641416,177.94146900094637,5.775075898358584,7.8346650000000295,-9.490000000003108e-06,4.274848231034681,-10.592345420304717,32.56348575420991,-278.3854064822228,23.13934976647272,74.23433005868621,1,1,2,0,2,0,2,1,0,1,1
288000.0,101,-74.695283,-101.403935,-4.487836,13.998604,102,-74.697668,-101.402881,-12.212703,25.00924,268.67049,3,4,2,6,173.3476301728429,-6.653386453561968,177.8354661728429,5.559316546438032,7.724866999999961,4.390000000000782e-07,4.195136958178852,-10.487572494100927,31.1241519368141,-266.861610882971,22.453508112024306,70.44593922893951,1,1,2,0,2,0,2,1,0,1,1
289000.0,101,-74.695158,-101.40395,-4.235044,14.00236,102,-74.69745,-101.403034,-12.160199,24.998553,255.96068,3,4,2,6,173.97903566200168,-6.021847856997625,178.21407966200167,6.138351143002375,7.925154999999961,-1.0686999999997226e-05,4.2317908593062015,-10.473520395660923,26.8483168656,-254.5486939419386,21.301078762400017,70.67704665363297,1,1,2,0,2,0,2,0,0,0,1
290000.0,101,-74.695035,-101.403957,-3.929697,13.954938,102,-74.69723,-101.403137,-12.001137,24.989111,245.416975,3,4,2,6,174.36917399531214,-5.631616927167588,178.29887099531214,6.369520072832412,8.071439999999996,-9.441999999999951e-06,4.2396480995363675,-10.520807431487198,24.079904515050494,-244.23277793264498,20.312498730625435,69.14274660603331,1,1,2,0,2,0,2,0,0,1,1
291000.0,101,-74.694912,-101.403966,-3.673436,13.932665,102,-74.697009,-101.403223,-11.806694,24.982741,234.633863,3,4,2,6,174.6576844696794,-5.343032182659205,178.3311204696794,6.463661817340795,8.133258000000012,-6.370000000000431e-06,4.219068164988319,-10.550154032756943,21.84580871974479,-233.61466201350268,19.38260846906683,66.63308554343506,1,1,2,0,2,0,2,0,0,1,1
292000.0,101,-74.694792,-101.404032,-4.099028,13.876798,102,-74.69678,-101.403233,-11.439027,24.999736,223.177611,3,4,2,6,173.94497466595433,-6.0557959999133155,178.04400266595434,5.383231000086684,7.339999000000034,1.699499999999787e-05,3.9661520076557677,-10.661847977757471,23.54156158754173,-221.93251435895394,18.63801468080167,55.471878807527595,1,1,2,0,2,0,2,1,0,1,1
293000.0,101,-74.694672,-101.404082,-4.301328,13.82137,102,-74.696559,-101.403325,-11.275102,24.991521,212.302893,3,4,2,6,173.95603949440044,-6.044690660282538,178.25736749440046,5.230411339717462,6.973773999999992,-8.214999999999861e-06,3.849713951495103,-10.726736850418057,22.353686848952425,-211.12278669160378,17.76442819206394,50.42038957676458,1,1,2,0,2,0,2,1,0,1,1
294000.0,101,-74.694553,-101.404157,-4.780886,13.757749,102,-74.696342,-101.403483,-11.263121,24.97858,200.691701,3,4,2,6,174.3213769788872,-5.679273118672324,179.1022629788872,5.583847881327676,6.482235000000003,-1.294099999999787e-05,3.732044204535336,-10.787625065063354,19.858140555545614,-199.7068178704713,16.800538609038817,46.653570620455405,1,1,2,0,0,0,2,1,0,1,1
295000.0,101,-74.694427,-101.404173,-4.493048,13.806109,102,-74.696122,-101.403583,-11.117345,24.971382,188.00431,3,4,2,6,174.75084048160085,-5.249728594436891,179.24388848160083,5.867616405563109,6.624297000000013,-7.1980000000024805e-06,3.733412635691311,-10.739096765404806,17.199952380882163,-187.21587063246398,15.76634305403479,45.34471803197964,1,1,2,0,2,0,2,0,0,1,1
296000.0,101,-74.694318,-101.404159,-3.981692,13.580434,102,-74.695899,-101.403645,-10.888366,24.96693,173.928981,3,4,2,6,175.0954429456926,-4.905052825235607,179.07713494569262,5.983313174764392,6.9066740000000095,-4.451999999997014e-06,3.773160189865825,-10.969797814427176,14.870261343102877,-173.2921399235585,14.296205709277958,42.399394917855346,1,1,2,0,2,0,2,0,0,1,1
297000.0,101,-74.694203,-101.404112,-3.0887,13.483367,102,-74.69568,-101.403705,-10.667661,24.94947,163.11055,3,4,2,6,175.84005973436774,-4.160332831017466,178.92875973436773,6.507328168982535,7.5789609999999925,-1.745999999999981e-05,3.8919365899713423,-11.054499212215633,11.832183269725146,-162.6808254232014,13.201801506826628,42.94594001409775,1,1,2,0,2,0,2,0,0,0,1
298000.0,101,-74.694089,-101.404045,-2.034355,13.365162,102,-74.69546,-101.403758,-10.432992,24.92907,151.797052,3,4,2,6,176.83738418763494,-3.1628926334375835,178.87173918763494,7.270099366562417,8.398637000000008,-2.0400000000002193e-05,4.039846151538211,-11.160188471296555,8.374648422849114,-151.56586112870002,12.044891718942566,43.7805749582948,1,1,2,0,2,0,2,0,0,0,1
299000.0,101,-74.693985,-101.403987,-1.177591,13.143158,102,-74.695236,-101.403763,-10.088243,24.924201,134.544711,3,4,2,6,177.29406562987185,-2.7061504254343647,178.47165662987186,7.382092574565636,8.91065199999997,-4.868999999999346e-06,4.095730081257989,-11.398469386394389,6.3518436668969445,-134.39469238070686,10.456841160826926,39.517862140386605,1,1,2,0,2,0,2,0,0,1,1
300000.0,101,-74.693896,-101.403912,-0.163316,12.719909,102,-74.695015,-101.403793,-9.810605,24.913218,113.687209,3,4,2,6,178.39210160908956,-1.6080131702045537,178.55541760908957,8.202591829795447,9.647289,-1.098299999999952e-05,4.208753435583209,-11.829039169479117,3.1899991511786507,-113.64244539618619,8.494188854011542,35.12051189199119,1,1,2,0,2,0,2,0,0,1,1
301000.0,101,-74.693832,-101.403806,1.227041,11.999974,102,-74.69479,-101.403787,-9.448409,24.912957,93.057761,3,4,2,6,179.7000518946798,-0.29996643141289026,178.4730108946798,9.14844256858711,10.675450000000012,-2.610000000018431e-07,4.346668112686021,-12.577760975459531,0.4871627864965368,-93.0564858285148,6.546715704656258,29.95090130208429,1,1,2,0,2,0,2,0,0,1,1
302000.0,101,-74.693767,-101.403691,2.764239,11.395847,102,-74.694564,-101.40375,-9.019234,24.916934,73.346944,3,4,2,6,-178.88054490609034,1.1195120012093915,178.35521609390966,10.138746001209393,11.783472999999958,3.977000000002562e-06,4.455708770676932,-13.226268147805504,-1.4329744154358255,-73.33294470061762,4.904098344774503,24.776918388804727,1,1,2,0,2,0,2,0,0,1,1
303000.0,101,-74.693713,-101.403607,3.905163,10.704134,102,-74.694342,-101.403733,-8.652306,24.904878,50.548356,3,4,2,6,-176.9731562423651,3.0269652884101665,179.12168075763492,11.679271288410167,12.557469000000026,-1.2056000000001177e-05,4.475645368313711,-13.942166389417656,-2.6691463095581915,-50.47783624800995,3.206344044533823,17.97251458290785,1,1,2,0,0,0,2,0,0,1,1
304000.0,101,-74.69368,-101.403463,6.189976,9.824547,102,-74.694116,-101.403646,-8.11217,24.903763,28.666293,3,4,2,6,-173.67766519767974,6.322511311214357,-179.86764119767975,14.434681311214359,14.302145999999993,-1.1149999999986449e-06,4.573543719281754,-14.887300298663392,-3.156782765884472,-28.491947580515863,1.685025506517903,11.384891331350088,0,1,2,0,1,0,2,0,0,1,1
305000.0,101,-74.69365,-101.403325,8.535431,9.030995,102,-74.693887,-101.403494,-7.406881,24.910797,5.019888,3,4,2,6,-169.33961425072624,10.660548754582555,-177.87504525072623,18.067429754582555,15.942312000000015,7.03399999999732e-06,4.551756820163301,-15.771963377673607,-0.9286149925703381,-4.933249408667434,0.27344668131095695,2.2601117078561184,0,1,2,0,0,0,2,0,0,1,1
