frame,t,intent_state
1,0.0,3745_3745
2,1000.0,3745_3745
3,2000.0,3745_3745
4,3000.0,3745_3745
5,4000.0,3745_3745
6,5000.0,3745_3745
7,6000.0,3745_3745
8,7000.0,3745_3745
9,8000.0,3745_3745
10,9000.0,3745_3745
11,10000.0,3745_3745
12,11000.0,3745_3745
13,12000.0,3745_3745
14,13000.0,3745_3745
15,14000.0,3745_3745
16,15000.0,3745_3745
17,16000.0,3745_3745
18,17000.0,3745_3745
19,18000.0,3745_3745
20,19000.0,3745_3745
21,20000.0,3745_3745
22,21000.0,3745_3745
23,22000.0,3745_3745
24,23000.0,3745_3745
25,24000.0,3745_3745
26,25000.0,3745_3745
27,26000.0,3745_3745
28,27000.0,3745_3745
29,28000.0,3745_3745
30,29000.0,3745_3745
31,30000.0,3745_3745
32,31000.0,3745_3745
33,32000.0,3745_3745
34,33000.0,3745_3745
35,34000.0,3745_3745
36,35000.0,3745_3745
37,36000.0,3745_3745
38,37000.0,3745_3745
39,38000.0,3745_3745
40,39000.0,3745_3745
41,40000.0,3745_3745
42,41000.0,3745_3745
43,42000.0,3745_3745
44,43000.0,3745_3745
45,44000.0,3745_3745
46,45000.0,3745_3745
47,46000.0,3745_3745
48,47000.0,3745_3745
49,48000.0,3745_3745
50,49000.0,3745_3745
51,50000.0,3745_3745
52,51000.0,3745_3745
53,52000.0,3745_3745
54,53000.0,3745_3745
55,54000.0,3745_3745
56,55000.0,3745_3745
57,56000.0,3745_3745
58,57000.0,3745_3745
59,58000.0,3745_3745
60,59000.0,3745_3745
61,60000.0,3745_3745
62,61000.0,3745_3745
63,62000.0,3745_3745
64,63000.0,3745_3745
65,64000.0,3745_3745
66,65000.0,3745_3745
67,66000.0,3745_3745
68,67000.0,3745_3745
69,68000.0,3745_3745
70,69000.0,3745_3745
71,70000.0,3745_3745
72,71000.0,3745_3745
73,72000.0,3745_3745
74,73000.0,3745_3745
75,74000.0,3745_3745
76,75000.0,3745_3745
77,76000.0,3745_3745
78,77000.0,3745_3745
79,78000.0,3745_3745
80,79000.0,3745_3745
81,80000.0,3745_3745
82,81000.0,3745_3745
83,82000.0,3745_3745
84,83000.0,3745_3745
85,84000.0,3745_3745
86,85000.0,3745_3745
87,86000.0,3745_3745
88,87000.0,3745_3745
89,88000.0,3745_3745
90,89000.0,3745_3745
91,90000.0,3745_3745
92,91000.0,3745_3745
93,92000.0,3745_3745
94,93000.0,3745_3745
95,94000.0,3745_3745
96,95000.0,3745_3745
97,96000.0,3745_3745
98,97000.0,3745_3745
99,98000.0,3745_3745
100,99000.0,3745_3745
101,100000.0,3745_3745
102,101000.0,3745_3745
103,102000.0,3745_3745
104,103000.0,3745_3745
105,104000.0,3745_3745
106,105000.0,3745_3745
107,106000.0,3745_3745
108,107000.0,3745_3745
109,108000.0,3745_3745
110,109000.0,3745_3745
111,110000.0,3745_3745
112,111000.0,3745_3745
113,112000.0,3745_3745
114,113000.0,3745_3745
115,114000.0,3745_3745
116,115000.0,3745_3745
117,116000.0,3745_3745
118,117000.0,3745_3745
119,118000.0,3745_3745
120,119000.0,3745_3745
121,120000.0,3745_3745
122,121000.0,3745_3745
123,122000.0,3745_3745
124,123000.0,3745_3745
125,124000.0,3745_3745
126,125000.0,3745_3745
127,126000.0,3745_3745
128,127000.0,3745_3745
129,128000.0,3745_3745
130,129000.0,3745_3745
131,130000.0,3745_3745
132,131000.0,3745_3745
133,132000.0,3745_3745
134,133000.0,3745_3745
135,134000.0,3745_3745
136,135000.0,3745_3745
137,136000.0,3745_3745
138,137000.0,3745_3745
139,138000.0,3745_3745
140,139000.0,3745_3745
141,140000.0,3745_3745
142,141000.0,3745_3745
143,142000.0,3745_3745
144,143000.0,3745_3745
145,144000.0,3745_3745
146,145000.0,3745_3745
147,146000.0,3745_3745
148,147000.0,3745_3745
149,148000.0,3745_3745
150,149000.0,3745_3745
151,150000.0,3745_3745
152,151000.0,3745_3745
153,152000.0,3745_3745
154,153000.0,3745_3745
155,154000.0,3745_3745
156,155000.0,3745_3745
157,156000.0,3745_3745
158,157000.0,3745_3745
159,158000.0,3745_3745
160,159000.0,3745_3745
161,160000.0,3745_3745
162,161000.0,3745_3745
163,162000.0,3745_3745
164,163000.0,3745_3745
165,164000.0,3745_3745
166,165000.0,3745_3745
167,166000.0,3745_3745
168,167000.0,3745_3745
169,168000.0,3745_3745
170,169000.0,3745_3745
171,170000.0,3745_3745
172,171000.0,3745_3745
173,172000.0,3745_3745
174,173000.0,3745_3745
175,174000.0,3745_3745
176,175000.0,3745_3745
177,176000.0,3745_3745
178,177000.0,3745_3745
179,178000.0,3745_3745
180,179000.0,3745_3745
181,180000.0,3745_3745
182,181000.0,3745_3745
183,182000.0,3745_3745
184,183000.0,3745_3745
185,184000.0,3745_3745
186,185000.0,3745_3745
187,186000.0,3745_3745
188,187000.0,3745_3745
189,188000.0,3745_3745
190,189000.0,3745_3745
191,190000.0,3745_3745
192,191000.0,3745_3745
193,192000.0,3745_3745
194,193000.0,3745_3745
195,194000.0,3745_3745
196,195000.0,3745_3745
197,196000.0,3745_3745
198,197000.0,3745_3745
199,198000.0,3745_3745
200,199000.0,3745_3745
201,200000.0,3745_3745
202,201000.0,3745_3745
203,202000.0,3745_3745
204,203000.0,3745_3745
205,204000.0,3745_3745
206,205000.0,3745_3745
207,206000.0,3745_3745
208,207000.0,3745_3745
209,208000.0,3745_3745
210,209000.0,3745_3745
211,210000.0,3745_3745
212,211000.0,3745_3745
213,212000.0,3745_3745
214,213000.0,3745_3745
215,214000.0,3745_3745
216,215000.0,3745_3745
217,216000.0,3745_3745
218,217000.0,3745_3745
219,218000.0,3745_3745
220,219000.0,3745_3745
221,220000.0,3745_3745
222,221000.0,3745_3745
223,222000.0,3745_3745
224,223000.0,3745_3745
225,224000.0,3745_3745
226,225000.0,3745_3745
227,226000.0,3745_3745
228,227000.0,3745_3745
229,228000.0,3745_3745
230,229000.0,3745_3745
231,230000.0,3745_3745
232,231000.0,3745_3745
233,232000.0,3745_3745
234,233000.0,3745_3745
235,234000.0,3745_3745
236,235000.0,3745_3745
237,236000.0,3745_3745
238,237000.0,3745_3745
239,238000.0,3745_3745
240,239000.0,3745_3745
241,240000.0,3745_3745
242,241000.0,3745_3745
243,242000.0,3745_3745
244,243000.0,3745_3745
245,244000.0,3745_3745
246,245000.0,3745_3745
247,246000.0,3745_3745
248,247000.0,3745_3745
249,248000.0,3745_3745
250,249000.0,3745_3745
251,250000.0,3745_3745
252,251000.0,3745_3745
253,252000.0,3745_3745
254,253000.0,3745_3745
255,254000.0,3745_3745
256,255000.0,3745_3745
257,256000.0,3745_3745
258,257000.0,3745_3745
259,258000.0,3745_3745
260,259000.0,3745_3745
261,260000.0,3745_3745
262,261000.0,3745_3745
263,262000.0,3745_3745
264,263000.0,3745_3745
265,264000.0,3745_3745
266,265000.0,3745_3745
267,266000.0,3745_3745
268,267000.0,3745_3745
269,268000.0,3745_3745
270,269000.0,3745_3745
271,270000.0,3745_3745
272,271000.0,3745_3745
273,272000.0,3745_3745
274,273000.0,3745_3745
275,274000.0,3745_3745
276,275000.0,3745_3745
277,276000.0,3745_3745
278,277000.0,3745_3745
279,278000.0,3745_3745
280,279000.0,3745_3745
281,280000.0,3745_3745
282,281000.0,3745_3745
283,282000.0,3745_3745
284,283000.0,3745_3745
285,284000.0,3745_3745
286,285000.0,3745_3745
287,286000.0,3745_3745
288,287000.0,3745_3745
289,288000.0,3745_3745
290,289000.0,3745_3745
291,290000.0,3745_3745
292,291000.0,3745_3745
293,292000.0,3745_3745
294,293000.0,3745_3745
295,294000.0,3745_3745
296,295000.0,3745_3745
297,296000.0,3745_3745
298,297000.0,3745_3745
299,298000.0,3745_3745
300,299000.0,3745_3745
301,300000.0,3745_3745
302,301000.0,3745_3745
303,302000.0,3745_3745
304,303000.0,3745_3745
305,304000.0,3745_3745
306,305000.0,3745_3745
307,306000.0,3745_3745
308,307000.0,3745_3745
309,308000.0,3745_3745
310,309000.0,3745_3745
311,310000.0,3745_3745
312,311000.0,3745_3745
313,312000.0,3745_3745
314,313000.0,3745_3745
315,314000.0,3745_3745
316,315000.0,3745_3745
317,316000.0,3745_3745
318,317000.0,3745_3745
319,318000.0,3745_3745
320,319000.0,3745_3745
321,320000.0,3745_3745
322,321000.0,3745_3745
323,322000.0,3745_3745
324,323000.0,3745_3745
325,324000.0,3745_3745
326,325000.0,3745_3745
327,326000.0,3745_3745
328,327000.0,3745_3745
329,328000.0,3745_3745
330,329000.0,3745_3745
331,330000.0,3745_3745
332,331000.0,3745_3745
333,332000.0,3745_3745
334,333000.0,3745_3745
335,334000.0,3745_3745
336,335000.0,3745_3745
337,336000.0,3745_3745
338,337000.0,3745_3745
339,338000.0,3745_3745
340,339000.0,3745_3745
341,340000.0,3745_3745
342,341000.0,3745_3745
343,342000.0,3745_3745
344,343000.0,3745_3745
345,344000.0,3745_3745
346,345000.0,3745_3745
347,346000.0,3745_3745
348,347000.0,3745_3745
349,348000.0,3745_3745
350,349000.0,3745_3745
351,350000.0,3745_3745
352,351000.0,3745_3745
353,352000.0,3745_3745
354,353000.0,3745_3745
355,354000.0,3745_3745
356,355000.0,3745_3745
357,356000.0,3745_3745
358,357000.0,3745_3745
359,358000.0,3745_3745
360,359000.0,3745_3745
361,360000.0,3745_3745
362,361000.0,3745_3745
363,362000.0,3745_3745
364,363000.0,3745_3745
365,364000.0,3745_3745
366,365000.0,3745_3745
367,366000.0,3745_3745
368,367000.0,3745_3745
369,368000.0,3745_3745
370,369000.0,3745_3745
371,370000.0,3745_3745
372,371000.0,3745_3745
373,372000.0,3745_3745
374,373000.0,3745_3745
375,374000.0,3745_3745
376,375000.0,3745_3745
377,376000.0,3745_3745
378,377000.0,3745_3745
379,378000.0,3745_3745
380,379000.0,3745_3745
381,380000.0,3745_3745
382,381000.0,3745_3745
383,382000.0,3745_3745
384,383000.0,3745_3745
385,384000.0,3745_3745
386,385000.0,3745_3745
387,386000.0,3745_3745
388,387000.0,3745_3745
389,388000.0,3745_3745
390,389000.0,3745_3745
391,390000.0,3745_3745
392,391000.0,3745_3745
393,392000.0,3745_3745
394,393000.0,3745_3745
395,394000.0,3745_3745
396,395000.0,3745_3745
397,396000.0,3745_3745
398,397000.0,3745_3745
399,398000.0,3745_3745
400,399000.0,3745_3745
401,400000.0,3745_3745
402,401000.0,3745_3745
403,402000.0,3745_3745
404,403000.0,3745_3745
405,404000.0,3745_3745
406,405000.0,3745_3745
407,406000.0,3745_3745
408,407000.0,3745_3745
409,408000.0,3745_3745
410,409000.0,3745_3745
411,410000.0,3745_3745
412,411000.0,3745_3745
413,412000.0,3745_3745
414,413000.0,3745_3745
415,414000.0,3745_3745
416,415000.0,3745_3745
417,416000.0,3745_3745
418,417000.0,3745_3745
419,418000.0,3745_3745
420,419000.0,3745_3745
421,420000.0,3745_3745
422,421000.0,3745_3745
423,422000.0,3745_3745
424,423000.0,3745_3745
425,424000.0,3745_3745
426,425000.0,3745_3745
427,426000.0,3745_3745
428,427000.0,3745_3745
429,428000.0,3745_3745
430,429000.0,3745_3745
431,430000.0,3745_3745
432,431000.0,3745_3745
433,432000.0,3745_3745
434,433000.0,3745_3745
435,434000.0,3745_3745
436,435000.0,3745_3745
437,436000.0,3745_3745
438,437000.0,3745_3745
439,438000.0,3745_3745
440,439000.0,3745_3745
441,440000.0,3745_3745
442,441000.0,3745_3745
443,442000.0,3745_3745
444,443000.0,3745_3745
445,444000.0,3745_3745
446,445000.0,3745_3745
447,446000.0,3745_3745
448,447000.0,3745_3745
449,448000.0,3745_3745
450,449000.0,3745_3745
451,450000.0,3745_3745
452,451000.0,3745_3745
453,452000.0,3745_3745
454,453000.0,3745_3745
455,454000.0,3745_3745
456,455000.0,3745_3745
457,456000.0,3745_3745
458,457000.0,3745_3745
459,458000.0,3745_3745
460,459000.0,3745_3745
461,460000.0,3745_3745
462,461000.0,3745_3745
463,462000.0,3745_3745
464,463000.0,3745_3745
465,464000.0,3745_3745
466,465000.0,3745_3745
467,466000.0,3745_3745
468,467000.0,3745_3745
469,468000.0,3745_3745
470,469000.0,3745_3745
471,470000.0,3745_3745
472,471000.0,3745_3745
473,472000.0,3745_3745
474,473000.0,3745_3745
475,474000.0,3745_3745
476,475000.0,3745_3745
477,476000.0,3745_3745
478,477000.0,3745_3745
479,478000.0,3745_3745
480,479000.0,3745_3745
481,480000.0,3745_3745
482,481000.0,3745_3745
483,482000.0,3745_3745
484,483000.0,3745_3745
485,484000.0,3745_3745
486,485000.0,3745_3745
487,486000.0,3745_3745
488,487000.0,3745_3745
489,488000.0,3745_3745
490,489000.0,3745_3745
491,490000.0,3745_3745
492,491000.0,3745_3745
493,492000.0,3745_3745
494,493000.0,3745_3745
495,494000.0,3745_3745
496,495000.0,3745_3745
497,496000.0,3745_3745
498,497000.0,3745_3745
499,498000.0,3745_3745
500,499000.0,3745_3745
501,500000.0,3745_3745
502,501000.0,3745_3745
503,502000.0,3745_3745
504,503000.0,3745_3745
505,504000.0,3745_3745
506,505000.0,3745_3745
507,506000.0,3745_3745
508,507000.0,3745_3745
509,508000.0,3745_3745
510,509000.0,3745_3745
511,510000.0,3745_3745
512,511000.0,3745_3745
513,512000.0,3745_3745
514,513000.0,3745_3745
515,514000.0,3745_3745
516,515000.0,3745_3745
517,516000.0,3745_3745
518,517000.0,3745_3745
519,518000.0,3745_3745
520,519000.0,3745_3745
521,520000.0,3745_3745
522,521000.0,3745_3745
523,522000.0,3745_3745
524,523000.0,3745_3745
525,524000.0,3745_3745
526,525000.0,3745_3745
527,526000.0,3745_3745
528,527000.0,3745_3745
529,528000.0,3745_3745
530,529000.0,3745_3745
531,530000.0,3745_3745
532,531000.0,3745_3745
533,532000.0,3745_3745
534,533000.0,3745_3745
535,534000.0,3745_3745
536,535000.0,3745_3745
537,536000.0,3745_3745
538,537000.0,3745_3745
539,538000.0,3745_3745
540,539000.0,3745_3745
541,540000.0,3745_3745
542,541000.0,3745_3745
543,542000.0,3745_3745
544,543000.0,3745_3745
545,544000.0,3745_3745
546,545000.0,3745_3745
547,546000.0,3745_3745
548,547000.0,3745_3745
549,548000.0,3745_3745
550,549000.0,3745_3745
551,550000.0,3745_3745
552,551000.0,3745_3745
553,552000.0,3745_3745
554,553000.0,3745_3745
555,554000.0,3745_3745
556,555000.0,3745_3745
557,556000.0,3745_3745
558,557000.0,3745_3745
559,558000.0,3745_3745
560,559000.0,3745_3745
561,560000.0,3745_3745
562,561000.0,3745_3745
563,562000.0,3745_3745
564,563000.0,3745_3745
565,564000.0,3745_3745
566,565000.0,3745_3745
567,566000.0,3745_3745
568,567000.0,3745_3745
569,568000.0,3745_3745
570,569000.0,3745_3745
571,570000.0,3745_3745
572,571000.0,3745_3745
573,572000.0,3745_3745
574,573000.0,3745_3745
575,574000.0,3745_3745
576,575000.0,3745_3745
577,576000.0,3745_3745
578,577000.0,3745_3745
579,578000.0,3745_3745
580,579000.0,3745_3745
581,580000.0,3745_3745
582,581000.0,3745_3745
583,582000.0,3745_3745
584,583000.0,3745_3745
585,584000.0,3745_3745
586,585000.0,3745_3745
587,586000.0,3745_3745
588,587000.0,3745_3745
589,588000.0,3745_3745
590,589000.0,3745_3745
591,590000.0,3745_3745
592,591000.0,3745_3745
593,592000.0,3745_3745
594,593000.0,3745_3745
595,594000.0,3745_3745
596,595000.0,3745_3745
597,596000.0,3745_3745
598,597000.0,3745_3745
599,598000.0,3745_3745
600,599000.0,3745_3745
601,600000.0,3745_3745
602,601000.0,3745_3745
603,602000.0,3745_3745
604,603000.0,3745_3745
605,604000.0,3745_3745
606,605000.0,3745_3745
607,606000.0,3745_3745
608,607000.0,3745_3745
609,608000.0,3745_3745
610,609000.0,3745_3745
611,610000.0,3745_3745
612,611000.0,3745_3745
613,612000.0,3745_3745
614,613000.0,3745_3745
615,614000.0,3745_3745
616,615000.0,3745_3745
617,616000.0,3745_3745
618,617000.0,3745_3745
619,618000.0,3745_3745
620,619000.0,3745_3745
621,620000.0,3745_3745
622,621000.0,3745_3745
623,622000.0,3745_3745
624,623000.0,3745_3745
625,624000.0,3745_3745
626,625000.0,3745_3745
627,626000.0,3745_3745
628,627000.0,3745_3745
629,628000.0,3745_3745
630,629000.0,3745_3745
631,630000.0,3745_3745
632,631000.0,3745_3745
633,632000.0,3745_3745
634,633000.0,3745_3745
635,634000.0,3745_3745
636,635000.0,3745_3745
637,636000.0,3745_3745
638,637000.0,3745_3745
639,638000.0,3745_3745
640,639000.0,3745_3745
641,640000.0,3745_3745
642,641000.0,3745_3745
643,642000.0,3745_3745
644,643000.0,3745_3745
645,644000.0,3745_3745
646,645000.0,3745_3745
647,646000.0,3745_3745
648,647000.0,3745_3745
649,648000.0,3745_3745
650,649000.0,3745_3745
651,650000.0,3745_3745
652,651000.0,3745_3745
653,652000.0,3745_3745
654,653000.0,3745_3745
655,654000.0,3745_3745
656,655000.0,3745_3745
657,656000.0,3745_3745
658,657000.0,3745_3745
659,658000.0,3745_3745
660,659000.0,3745_3745
661,660000.0,3745_3745
662,661000.0,3745_3745
663,662000.0,3745_3745
664,663000.0,3745_3745
665,664000.0,3745_3745
666,665000.0,3745_3745
667,666000.0,3745_3745
668,667000.0,3745_3745
669,668000.0,3745_3745
670,669000.0,3745_3745
671,670000.0,3745_3745
672,671000.0,3745_3745
673,672000.0,3745_3745
674,673000.0,3745_3745
675,674000.0,3745_3745
676,675000.0,3745_3745
677,676000.0,3745_3745
678,677000.0,3745_3745
679,678000.0,3745_3745
680,679000.0,3745_3745
681,680000.0,3745_3745
682,681000.0,3745_3745
683,682000.0,3745_3745
684,683000.0,3745_3745
685,684000.0,3745_3745
686,685000.0,3745_3745
687,686000.0,3745_3745
688,687000.0,3745_3745
689,688000.0,3745_3745
690,689000.0,3745_3745
691,690000.0,3745_3745
692,691000.0,3745_3745
693,692000.0,3745_3745
694,693000.0,3745_3745
695,694000.0,3745_3745
696,695000.0,3745_3745
697,696000.0,3745_3745
698,697000.0,3745_3745
699,698000.0,3745_3745
700,699000.0,3745_3745
701,700000.0,3745_3745
702,701000.0,3745_3745
703,702000.0,3745_3745
704,703000.0,3745_3745
705,704000.0,3745_3745
706,705000.0,3745_3745
707,706000.0,3745_3745
708,707000.0,3745_3745
709,708000.0,3745_3745
710,709000.0,3745_3745
711,710000.0,3745_3745
712,711000.0,3745_3745
713,712000.0,3745_3745
714,713000.0,3745_3745
715,714000.0,3745_3745
716,715000.0,3745_3745
717,716000.0,3745_3745
718,717000.0,3745_3745
719,718000.0,3745_3745
720,719000.0,3745_3745
721,720000.0,3745_3745
722,721000.0,3745_3745
723,722000.0,3745_3745
724,723000.0,3745_3745
725,724000.0,3745_3745
726,725000.0,3745_3745
727,726000.0,3745_3745
728,727000.0,3745_3745
729,728000.0,3745_3745
730,729000.0,3745_3745
731,730000.0,3745_3745
732,731000.0,3745_3745
733,732000.0,3745_3745
734,733000.0,3745_3745
735,734000.0,3745_3745
736,735000.0,3745_3745
737,736000.0,3745_3745
738,737000.0,3745_3745
739,738000.0,3745_3745
740,739000.0,3745_3745
741,740000.0,3745_3745
742,741000.0,3745_3745
743,742000.0,3745_3745
744,743000.0,3745_3745
745,744000.0,3745_3745
746,745000.0,3745_3745
747,746000.0,3745_3745
748,747000.0,3745_3745
749,748000.0,3745_3745
750,749000.0,3745_3745
751,750000.0,3745_3745
752,751000.0,3745_3745
753,752000.0,3745_3745
754,753000.0,3745_3745
755,754000.0,3745_3745
756,755000.0,3745_3745
757,756000.0,3745_3745
758,757000.0,3745_3745
759,758000.0,3745_3745
760,759000.0,3745_3745
761,760000.0,3745_3745
762,761000.0,3745_3745
763,762000.0,3745_3745
764,763000.0,3745_3745
765,764000.0,3745_3745
766,765000.0,3745_3745
767,766000.0,3745_3745
768,767000.0,3745_3745
769,768000.0,3745_3745
770,769000.0,3745_3745
771,770000.0,3745_3745
772,771000.0,3745_3745
773,772000.0,3745_3745
774,773000.0,3745_3745
775,774000.0,3745_3745
776,775000.0,3745_3745
777,776000.0,3745_3745
778,777000.0,3745_3745
779,778000.0,3745_3745
780,779000.0,3745_3745
781,780000.0,3745_3745
782,781000.0,3745_3745
783,782000.0,3745_3745
784,783000.0,3745_3745
785,784000.0,3745_3745
786,785000.0,3745_3745
787,786000.0,3745_3745
788,787000.0,3745_3745
789,788000.0,3745_3745
790,789000.0,3745_3745
791,790000.0,3745_3745
792,791000.0,3745_3745
793,792000.0,3745_3745
794,793000.0,3745_3745
795,794000.0,3745_3745
796,795000.0,3745_3745
797,796000.0,3745_3745
798,797000.0,3745_3745
799,798000.0,3745_3745
800,799000.0,3745_3745
801,800000.0,3745_3745
802,801000.0,3745_3745
803,802000.0,3745_3745
804,803000.0,3745_3745
805,804000.0,3745_3745
806,805000.0,3745_3745
807,806000.0,3745_3745
808,807000.0,3745_3745
809,808000.0,3745_3745
810,809000.0,3745_3745
811,810000.0,3745_3745
812,811000.0,3745_3745
813,812000.0,3745_3745
814,813000.0,3745_3745
815,814000.0,3745_3745
816,815000.0,3745_3745
817,816000.0,3745_3745
818,817000.0,3745_3745
819,818000.0,3745_3745
820,819000.0,3745_3745
821,820000.0,3745_3745
822,821000.0,3745_3745
823,822000.0,3745_3745
824,823000.0,3745_3745
825,824000.0,3745_3745
826,825000.0,3745_3745
827,826000.0,3745_3745
828,827000.0,3745_3745
829,828000.0,3745_3745
830,829000.0,3745_3745
831,830000.0,3745_3745
832,831000.0,3745_3745
833,832000.0,3745_3745
834,833000.0,3745_3745
835,834000.0,3745_3745
836,835000.0,3745_3745
837,836000.0,3745_3745
838,837000.0,3745_3745
839,838000.0,3745_3745
840,839000.0,3745_3745
841,840000.0,3745_3745
842,841000.0,3745_3745
843,842000.0,3745_3745
844,843000.0,3745_3745
845,844000.0,3745_3745
846,845000.0,3745_3745
847,846000.0,3745_3745
848,847000.0,3745_3745
849,848000.0,3745_3745
850,849000.0,3745_3745
851,850000.0,3745_3745
852,851000.0,3745_3745
853,852000.0,3745_3745
854,853000.0,3745_3745
855,854000.0,3745_3745
856,855000.0,3745_3745
857,856000.0,3745_3745
858,857000.0,3745_3745
859,858000.0,3745_3745
860,859000.0,3745_3745
861,860000.0,3745_3745
862,861000.0,3745_3745
863,862000.0,3745_3745
864,863000.0,3745_3745
865,864000.0,3745_3745
866,865000.0,3745_3745
867,866000.0,3745_3745
868,867000.0,3745_3745
869,868000.0,3745_3745
870,869000.0,3745_3745
871,870000.0,3745_3745
872,871000.0,3745_3745
873,872000.0,3745_3745
874,873000.0,3745_3745
875,874000.0,3745_3745
876,875000.0,3745_3745
877,876000.0,3745_3745
878,877000.0,3745_3745
879,878000.0,3745_3745
880,879000.0,3745_3745
881,880000.0,3745_3745
882,881000.0,3745_3745
883,882000.0,3745_3745
884,883000.0,3745_3745
885,884000.0,3745_3745
886,885000.0,3745_3745
887,886000.0,3745_3745
888,887000.0,3745_3745
889,888000.0,3745_3745
890,889000.0,3745_3745
891,890000.0,3745_3745
892,891000.0,3745_3745
893,892000.0,3745_3745
894,893000.0,3745_3745
895,894000.0,3745_3745
896,895000.0,3745_3745
897,896000.0,3745_3745
898,897000.0,3745_3745
899,898000.0,3745_3745
900,899000.0,3745_3745
901,900000.0,3745_3745
902,901000.0,3745_3745
903,902000.0,3745_3745
904,903000.0,3745_3745
905,904000.0,3745_3745
906,905000.0,3745_3745
907,906000.0,3745_3745
908,907000.0,3745_3745
909,908000.0,3745_3745
910,909000.0,3745_3745
911,910000.0,3745_3745
912,911000.0,3745_3745
913,912000.0,3745_3745
914,913000.0,3745_3745
915,914000.0,3745_3745
916,915000.0,3745_3745
917,916000.0,3745_3745
918,917000.0,3745_3745
919,918000.0,3745_3745
920,919000.0,3745_3745
921,920000.0,3745_3745
922,921000.0,3745_3745
923,922000.0,3745_3745
924,923000.0,3745_3745
925,924000.0,3745_3745
926,925000.0,3745_3745
927,926000.0,3745_3745
928,927000.0,3745_3745
929,928000.0,3745_3745
930,929000.0,3745_3745
931,930000.0,3745_3745
932,931000.0,3745_3745
933,932000.0,3745_3745
934,933000.0,3745_3745
935,934000.0,3745_3745
936,935000.0,3745_3745
937,936000.0,3745_3745
938,937000.0,3745_3745
939,938000.0,3745_3745
940,939000.0,3745_3745
941,940000.0,3745_3745
942,941000.0,3745_3745
943,942000.0,3745_3745
944,943000.0,3745_3745
945,944000.0,3745_3745
946,945000.0,3745_3745
947,946000.0,3745_3745
948,947000.0,3745_3745
949,948000.0,3745_3745
950,949000.0,3745_3745
951,950000.0,3745_3745
952,951000.0,3745_3745
953,952000.0,3745_3745
954,953000.0,3745_3745
955,954000.0,3745_3745
956,955000.0,3745_3745
957,956000.0,3745_3745
958,957000.0,3745_3745
959,958000.0,3745_3745
960,959000.0,3745_3745
961,960000.0,3745_3745
962,961000.0,3745_3745
963,962000.0,3745_3745
964,963000.0,3745_3745
965,964000.0,3745_3745
966,965000.0,3745_3745
967,966000.0,3745_3745
968,967000.0,3745_3745
969,968000.0,3745_3745
970,969000.0,3745_3745
971,970000.0,3745_3745
972,971000.0,3745_3745
973,972000.0,3745_3745
974,973000.0,3745_3745
975,974000.0,3745_3745
976,975000.0,3745_3745
977,976000.0,3745_3745
978,977000.0,3745_3745
979,978000.0,3745_3745
980,979000.0,3745_3745
981,980000.0,3745_3745
982,981000.0,3745_3745
983,982000.0,3745_3745
984,983000.0,3745_3745
985,984000.0,3745_3745
986,985000.0,3745_3745
987,986000.0,3745_3745
988,987000.0,3745_3745
989,988000.0,3745_3745
990,989000.0,3745_3745
991,990000.0,3745_3745
992,991000.0,3745_3745
993,992000.0,3745_3745
994,993000.0,3745_3745
995,994000.0,3745_3745
996,995000.0,3745_3745
997,996000.0,3745_3745
998,997000.0,3745_3745
999,998000.0,3745_3745
1000,999000.0,3745_3745
1001,1000000.0,3745_3745
1002,1001000.0,3745_3745
1003,1002000.0,3745_3745
1004,1003000.0,3745_3745
1005,1004000.0,3745_3745
1006,1005000.0,3745_3745
1007,1006000.0,3745_3745
1008,1007000.0,3745_3745
1009,1008000.0,3745_3745
1010,1009000.0,3745_3745
1011,1010000.0,3745_3745
1012,1011000.0,3745_3745
1013,1012000.0,3745_3745
1014,1013000.0,3745_3745
1015,1014000.0,3745_3745
1016,1015000.0,3745_3745
1017,1016000.0,3745_3745
1018,1017000.0,3745_3745
1019,1018000.0,3745_3745
1020,1019000.0,3745_3745
1021,1020000.0,3745_3745
1022,1021000.0,3745_3745
1023,1022000.0,3745_3745
1024,1023000.0,3745_3745
1025,1024000.0,3745_3745
1026,1025000.0,3745_3745
1027,1026000.0,3745_3745
1028,1027000.0,3745_3745
1029,1028000.0,3745_3745
1030,1029000.0,3745_3745
1031,1030000.0,3745_3745
1032,1031000.0,3745_3745
1033,1032000.0,3745_3745
1034,1033000.0,3745_3745
1035,1034000.0,3745_3745
1036,1035000.0,3745_3745
1037,1036000.0,3745_3745
1038,1037000.0,3745_3745
1039,1038000.0,3745_3745
1040,1039000.0,3745_3745
1041,1040000.0,3745_3745
1042,1041000.0,3745_3745
1043,1042000.0,3745_3745
1044,1043000.0,3745_3745
1045,1044000.0,3745_3745
1046,1045000.0,3745_3745
1047,1046000.0,3745_3745
1048,1047000.0,3745_3745
1049,1048000.0,3745_3745
1050,1049000.0,3745_3745
1051,1050000.0,3745_3745
1052,1051000.0,3745_3745
1053,1052000.0,3745_3745
1054,1053000.0,3745_3745
1055,1054000.0,3745_3745
1056,1055000.0,3745_3745
1057,1056000.0,3745_3745
1058,1057000.0,3745_3745
1059,1058000.0,3745_3745
1060,1059000.0,3745_3745
1061,1060000.0,3745_3745
1062,1061000.0,3745_3745
1063,1062000.0,3745_3745
1064,1063000.0,3745_3745
1065,1064000.0,3745_3745
1066,1065000.0,3745_3745
1067,1066000.0,3745_3745
1068,1067000.0,3745_3745
1069,1068000.0,3745_3745
1070,1069000.0,3745_3745
1071,1070000.0,3745_3745
1072,1071000.0,3745_3745
1073,1072000.0,3745_3745
1074,1073000.0,3745_3745
1075,1074000.0,3745_3745
1076,1075000.0,3745_3745
1077,1076000.0,3745_3745
1078,1077000.0,3745_3745
1079,1078000.0,3745_3745
1080,1079000.0,3745_3745
1081,1080000.0,3745_3745
1082,1081000.0,3745_3745
1083,1082000.0,3745_3745
1084,1083000.0,3745_3745
1085,1084000.0,3745_3745
1086,1085000.0,3745_3745
1087,1086000.0,3745_3745
1088,1087000.0,3745_3745
1089,1088000.0,3745_3745
1090,1089000.0,3745_3745
1091,1090000.0,3745_3745
1092,1091000.0,3745_3745
1093,1092000.0,3745_3745
1094,1093000.0,3745_3745
1095,1094000.0,3745_3745
1096,1095000.0,3745_3745
1097,1096000.0,3745_3745
1098,1097000.0,3745_3745
1099,1098000.0,3745_3745
1100,1099000.0,3745_3745
1101,1100000.0,3745_3745
1102,1101000.0,3745_3745
1103,1102000.0,3745_3745
1104,1103000.0,3745_3745
1105,1104000.0,3745_3745
1106,1105000.0,3745_3745
1107,1106000.0,3745_3745
1108,1107000.0,3745_3745
1109,1108000.0,3745_3745
1110,1109000.0,3745_3745
1111,1110000.0,3745_3745
1112,1111000.0,3745_3745
1113,1112000.0,3745_3745
1114,1113000.0,3745_3745
1115,1114000.0,3745_3745
1116,1115000.0,3745_3745
1117,1116000.0,3745_3745
1118,1117000.0,3745_3745
1119,1118000.0,3745_3745
1120,1119000.0,3745_3745
1121,1120000.0,3745_3745
1122,1121000.0,3745_3745
1123,1122000.0,3745_3745
1124,1123000.0,3745_3745
1125,1124000.0,3745_3745
1126,1125000.0,3745_3745
1127,1126000.0,3745_3745
1128,1127000.0,3745_3745
1129,1128000.0,3745_3745
1130,1129000.0,3745_3745
1131,1130000.0,3745_3745
1132,1131000.0,3745_3745
1133,1132000.0,3745_3745
1134,1133000.0,3745_3745
1135,1134000.0,3745_3745
1136,1135000.0,3745_3745
1137,1136000.0,3745_3745
1138,1137000.0,3745_3745
1139,1138000.0,3745_3745
1140,1139000.0,3745_3745
1141,1140000.0,3745_3745
1142,1141000.0,3745_3745
1143,1142000.0,3745_3745
1144,1143000.0,3745_3745
1145,1144000.0,3745_3745
1146,1145000.0,3745_3745
1147,1146000.0,3745_3745
1148,1147000.0,3745_3745
1149,1148000.0,3745_3745
1150,1149000.0,3745_3745
1151,1150000.0,3745_3745
1152,1151000.0,3745_3745
1153,1152000.0,3745_3745
1154,1153000.0,3745_3745
1155,1154000.0,3745_3745
1156,1155000.0,3745_3745
1157,1156000.0,3745_3745
1158,1157000.0,3745_3745
1159,1158000.0,3745_3745
1160,1159000.0,3745_3745
1161,1160000.0,3745_3745
1162,1161000.0,3745_3745
1163,1162000.0,3745_3745
1164,1163000.0,3745_3745
1165,1164000.0,3745_3745
1166,1165000.0,3745_3745
1167,1166000.0,3745_3745
1168,1167000.0,3745_3745
1169,1168000.0,3745_3745
1170,1169000.0,3745_3745
1171,1170000.0,3745_3745
1172,1171000.0,3745_3745
1173,1172000.0,3745_3745
1174,1173000.0,3745_3745
1175,1174000.0,3745_3745
1176,1175000.0,3745_3745
1177,1176000.0,3745_3745
1178,1177000.0,3745_3745
1179,1178000.0,3745_3745
1180,1179000.0,3745_3745
1181,1180000.0,3745_3745
1182,1181000.0,3745_3745
1183,1182000.0,3745_3745
1184,1183000.0,3745_3745
1185,1184000.0,3745_3745
1186,1185000.0,3745_3745
1187,1186000.0,3745_3745
1188,1187000.0,3745_3745
1189,1188000.0,3745_3745
1190,1189000.0,3745_3745
1191,1190000.0,3745_3745
1192,1191000.0,3745_3745
1193,1192000.0,3745_3745
1194,1193000.0,3745_3745
1195,1194000.0,3745_3745
1196,1195000.0,3745_3745
1197,1196000.0,3745_3745
1198,1197000.0,3745_3745
1199,1198000.0,3745_3745
1200,1199000.0,3745_3745
1201,1200000.0,3745_3745
1202,1201000.0,3745_3745
1203,1202000.0,3745_3745
1204,1203000.0,3745_3745
1205,1204000.0,3745_3745
1206,1205000.0,3745_3745
1207,1206000.0,3745_3745
1208,1207000.0,3745_3745
1209,1208000.0,3745_3745
1210,1209000.0,3745_3745
1211,1210000.0,3745_3745
1212,1211000.0,3745_3745
1213,1212000.0,3745_3745
1214,1213000.0,3745_3745
1215,1214000.0,3745_3745
1216,1215000.0,3745_3745
1217,1216000.0,3745_3745
1218,1217000.0,3745_3745
1219,1218000.0,3745_3745
1220,1219000.0,3745_3745
1221,1220000.0,3745_3745
1222,1221000.0,3745_3745
1223,1222000.0,3745_3745
1224,1223000.0,3745_3745
1225,1224000.0,3745_3745
1226,1225000.0,3745_3745
1227,1226000.0,3745_3745
1228,1227000.0,3745_3745
1229,1228000.0,3745_3745
1230,1229000.0,3745_3745
1231,1230000.0,3745_3745
1232,1231000.0,3745_3745
1233,1232000.0,3745_3745
1234,1233000.0,3745_3745
1235,1234000.0,3745_3745
1236,1235000.0,3745_3745
1237,1236000.0,3745_3745
1238,1237000.0,3745_3745
1239,1238000.0,3745_3745
1240,1239000.0,3745_3745
1241,1240000.0,3745_3745
1242,1241000.0,3745_3745
1243,1242000.0,3745_3745
1244,1243000.0,3745_3745
1245,1244000.0,3745_3745
1246,1245000.0,3745_3745
1247,1246000.0,3745_3745
1248,1247000.0,3745_3745
1249,1248000.0,3745_3745
1250,1249000.0,3745_3745
1251,1250000.0,3745_3745
1252,1251000.0,3745_3745
1253,1252000.0,3745_3745
1254,1253000.0,3745_3745
1255,1254000.0,3745_3745
1256,1255000.0,3745_3745
1257,1256000.0,3745_3745
1258,1257000.0,3745_3745
1259,1258000.0,3745_3745
1260,1259000.0,3745_3745
1261,1260000.0,3745_3745
1262,1261000.0,3745_3745
1263,1262000.0,3745_3745
1264,1263000.0,3745_3745
1265,1264000.0,3745_3745
1266,1265000.0,3745_3745
1267,1266000.0,3745_3745
1268,1267000.0,3745_3745
1269,1268000.0,3745_3745
1270,1269000.0,3745_3745
1271,1270000.0,3745_3745
1272,1271000.0,3745_3745
1273,1272000.0,3745_3745
1274,1273000.0,3745_3745
1275,1274000.0,3745_3745
1276,1275000.0,3745_3745
1277,1276000.0,3745_3745
1278,1277000.0,3745_3745
1279,1278000.0,3745_3745
1280,1279000.0,3745_3745
1281,1280000.0,3745_3745
1282,1281000.0,3745_3745
1283,1282000.0,3745_3745
1284,1283000.0,3745_3745
1285,1284000.0,3745_3745
1286,1285000.0,3745_3745
1287,1286000.0,3745_3745
1288,1287000.0,3745_3745
1289,1288000.0,3745_3745
1290,1289000.0,3745_3745
1291,1290000.0,3745_3745
1292,1291000.0,3745_3745
1293,1292000.0,3745_3745
1294,1293000.0,3745_3745
1295,1294000.0,3745_3745
1296,1295000.0,3745_3745
1297,1296000.0,3745_3745
1298,1297000.0,3745_3745
1299,1298000.0,3745_3745
1300,1299000.0,3745_3745
1301,1300000.0,3745_3745
1302,1301000.0,3745_3745
1303,1302000.0,3745_3745
1304,1303000.0,3745_3745
1305,1304000.0,3745_3745
1306,1305000.0,3745_3745
1307,1306000.0,3745_3745
1308,1307000.0,3745_3745
1309,1308000.0,3745_3745
1310,1309000.0,3745_3745
1311,1310000.0,3745_3745
1312,1311000.0,3745_3745
1313,1312000.0,3745_3745
1314,1313000.0,3745_3745
1315,1314000.0,3745_3745
1316,1315000.0,3745_3745
1317,1316000.0,3745_3745
1318,1317000.0,3745_3745
1319,1318000.0,3745_3745
1320,1319000.0,3745_3745
1321,1320000.0,3745_3745
1322,1321000.0,3745_3745
1323,1322000.0,3745_3745
1324,1323000.0,3745_3745
1325,1324000.0,3745_3745
1326,1325000.0,3745_3745
1327,1326000.0,3745_3745
1328,1327000.0,3745_3745
1329,1328000.0,3745_3745
1330,1329000.0,3745_3745
1331,1330000.0,3745_3745
1332,1331000.0,3745_3745
1333,1332000.0,3745_3745
1334,1333000.0,3745_3745
1335,1334000.0,3745_3745
1336,1335000.0,3745_3745
1337,1336000.0,3745_3745
1338,1337000.0,3745_3745
1339,1338000.0,3745_3745
1340,1339000.0,3745_3745
1341,1340000.0,3745_3745
1342,1341000.0,3745_3745
1343,1342000.0,3745_3745
1344,1343000.0,3745_3745
1345,1344000.0,3745_3745
1346,1345000.0,3745_3745
1347,1346000.0,3745_3745
1348,1347000.0,3745_3745
1349,1348000.0,3745_3745
1350,1349000.0,3745_3745
1351,1350000.0,3745_3745
1352,1351000.0,3745_3745
1353,1352000.0,3745_3745
1354,1353000.0,3745_3745
1355,1354000.0,3745_3745
1356,1355000.0,3745_3745
1357,1356000.0,3745_3745
1358,1357000.0,3745_3745
1359,1358000.0,3745_3745
1360,1359000.0,3745_3745
1361,1360000.0,3745_3745
1362,1361000.0,3745_3745
1363,1362000.0,3745_3745
1364,1363000.0,3745_3745
1365,1364000.0,3745_3745
1366,1365000.0,3745_3745
1367,1366000.0,3745_3745
1368,1367000.0,3745_3745
1369,1368000.0,3745_3745
1370,1369000.0,3745_3745
1371,1370000.0,3745_3745
1372,1371000.0,3745_3745
1373,1372000.0,3745_3745
1374,1373000.0,3745_3745
1375,1374000.0,3745_3745
1376,1375000.0,3745_3745
1377,1376000.0,3745_3745
1378,1377000.0,3745_3745
1379,1378000.0,3745_3745
1380,1379000.0,3745_3745
1381,1380000.0,3745_3745
1382,1381000.0,3745_3745
1383,1382000.0,3745_3745
1384,1383000.0,3745_3745
1385,1384000.0,3745_3745
1386,1385000.0,3745_3745
1387,1386000.0,3745_3745
1388,1387000.0,3745_3745
1389,1388000.0,3745_3745
1390,1389000.0,3745_3745
1391,1390000.0,3745_3745
1392,1391000.0,3745_3745
1393,1392000.0,3745_3745
1394,1393000.0,3745_3745
1395,1394000.0,3745_3745
1396,1395000.0,3745_3745
1397,1396000.0,3745_3745
1398,1397000.0,3745_3745
1399,1398000.0,3745_3745
1400,1399000.0,3745_3745
1401,1400000.0,3745_3745
1402,1401000.0,3745_3745
1403,1402000.0,3745_3745
1404,1403000.0,3745_3745
1405,1404000.0,3745_3745
1406,1405000.0,3745_3745
1407,1406000.0,3745_3745
1408,1407000.0,3745_3745
1409,1408000.0,3745_3745
1410,1409000.0,3745_3745
1411,1410000.0,3745_3745
1412,1411000.0,3745_3745
1413,1412000.0,3745_3745
1414,1413000.0,3745_3745
1415,1414000.0,3745_3745
1416,1415000.0,3745_3745
1417,1416000.0,3745_3745
1418,1417000.0,3745_3745
1419,1418000.0,3745_3745
1420,1419000.0,3745_3745
1421,1420000.0,3745_3745
1422,1421000.0,3745_3745
1423,1422000.0,3745_3745
1424,1423000.0,3745_3745
1425,1424000.0,3745_3745
1426,1425000.0,3745_3745
1427,1426000.0,3745_3745
1428,1427000.0,3745_3745
1429,1428000.0,3745_3745
1430,1429000.0,3745_3745
1431,1430000.0,3745_3745
1432,1431000.0,3745_3745
1433,1432000.0,3745_3745
1434,1433000.0,3745_3745
1435,1434000.0,3745_3745
1436,1435000.0,3745_3745
1437,1436000.0,3745_3745
1438,1437000.0,3745_3745
1439,1438000.0,3745_3745
1440,1439000.0,3745_3745
1441,1440000.0,3745_3745
1442,1441000.0,3745_3745
1443,1442000.0,3745_3745
1444,1443000.0,3745_3745
1445,1444000.0,3745_3745
1446,1445000.0,3745_3745
1447,1446000.0,3745_3745
1448,1447000.0,3745_3745
1449,1448000.0,3745_3745
1450,1449000.0,3745_3745
1451,1450000.0,3745_3745
1452,1451000.0,3745_3745
1453,1452000.0,3745_3745
1454,1453000.0,3745_3745
1455,1454000.0,3745_3745
1456,1455000.0,3745_3745
1457,1456000.0,3745_3745
1458,1457000.0,3745_3745
1459,1458000.0,3745_3745
1460,1459000.0,3745_3745
1461,1460000.0,3745_3745
1462,1461000.0,3745_3745
1463,1462000.0,3745_3745
1464,1463000.0,3745_3745
1465,1464000.0,3745_3745
1466,1465000.0,3745_3745
1467,1466000.0,3745_3745
1468,1467000.0,3745_3745
1469,1468000.0,3745_3745
1470,1469000.0,3745_3745
1471,1470000.0,3745_3745
1472,1471000.0,3745_3745
1473,1472000.0,3745_3745
1474,1473000.0,3745_3745
1475,1474000.0,3745_3745
