13254,
18554,
19190,
30216,
4406,
16064,
4086,
18648,
30320,
21906,
18992,
13160,
18654,
18654,
18656,
1496,
21570,
30320,
21908,
21906,
1482,
1172,
21584,
21582,
21894,
18978,
21584,
1484,
19626,
21582,
1482,
18668,
21584,
18978,
21584,
18978,
18654,
19964,
22542,
5372,
5058,
21564,
21894,
4412,
18656,
22556,
22542,
18992,
21582,
2454,
21570,
2468,
1158,
21584,
22868,
18978,
21570,
18992,
21582,
18978,
1482,
18668,
18654,
21582,
21908,
1482,
21584,
5372,
21582,
21894,
21584,
22866,
18980,
30320,
18990,
21584,
19950,
19962,
18656,
21584,
21894,
21572,
21906,
13148,
1170,
21584,
18978,
1482,
21584,
21896,
4400,
21570,
19965,
21570,
21572,
19962,
18668,
18654,
21584,
4398,
18668,
18666,
21584,
19964,
18654,
19316,
22556,
18978,
18990,
18666,
21572,
18992,
22548,
21584,
13148,
5061,
18648,
18984,
19304,
18668,
21584,
18980,
21570,
21572,
21584,
2454,
1160,
22556,
22868,
31292,
18990,
18654,
22544,
18990,
19638,
18656,
18654,
21584,
21894,
18978,
21584,
4400,
21584,
18978,
19640,
1482,
21572,
21906,
21894,
21584,
4398,
2138,
4398,
22544,
18990,
22542,
4412,
18654,
21570,
5384,
22544,
1482,
21572,
22880,
2454,
19740,
21464,
1374,
1056,
21464,
18878,
21474,
18864,
18542,
1382,
21456,
4298,
21470,
21468,
18864,
1368,
1058,
21456,
21798,
18878,
21470,
21794,
4298,
21462,
18878,
4284,
21462,
1382,
1368,
21470,
18864,
21470,
21780,
18876,
1370,
1058,
1044,
21458,
21470,
1368,
18554,
21456,
4298,
1046,
21458,
18876,
21456,
1382,
4284,
18554,
21468,
21782,
21470,
1368,
18554,
1368,
1704,
18540,
21462,
1382,
30222,
21782,
18864,
4296,
1044,
21470,
18864,
18552,
21470,
18866,
4284,
21468,
18866,
18554,
1368,
21458,
21792,
18878,
18540,
21474,
1380,
21470,
21468,
18866,
18540,
1382,
21470,
21780,
1368,
21462,
21458,
1382,
18540,
18548,
21470,
18864,
4298,
18540,
18540,
18878,
18542,
21456,
18878,
18554,
1368,
1380,
21456,
21798,
21794,
18864,
18878,
4284,
21470,
21782,
18864,
21470,
1368,
21470,
1368,
1380,
18540,
21458,
21794,
1382,
18540,
1380,
21462,
21794,
21456,
21782,
18866,
18552,
21468,
18866,
21470,
1370,
21468,
21782,
18866,
4284,
18540,
1382,
21456,
18876,
21456,
21794,
4298,
1046,
4284,
18554,
21468,
21782,
21462,
1382,
18554,
21462,
21782,
21470,
399,
1056,
21468,
18866,
21468,
18866,
21456,
1382,
18542,
21470,
21456,
18876,
18554,
21468,
18866,
1368,
21470,
4284,
18554,
18552,
1368,
21458,
18878,
18866,
21470,
21468,
1370,
21470,
1368,
21468,
21782,
21462,
1382,
18540,
21458,
18878,
21462,
22106,
21456,
1382,
21462,
21464,
21794,
1368,
18554,
1368,
4284,
21470,
18864,
1370,
21468,
21468,
18864,
18876,
1382,
21462,
21470,
18864,
1368,
1058,
21470,
4284,
18554,
21456,
21458,
18878,
21462,
1382,
21456,
17894,
1380,
18554,
21470,
18864,
21458,
21456,
21470,
21780,
18864,
1368,
1370,
21470,
21780,
21458,
18878,
18540,
21458,
21456,
18876,
21456,
18878,
21470,
18866,
21456,
18866,
18552,
18866,
18552,
1370,
21470,
1368,
21462,
21800,
18878,
21458,
21462,
18878,
18554,
18552,
21470,
22119,
18864,
1368,
18554,
21471,
21462,
21458,
18876,
21470,
18864,
21471,
1368,
21470,
21780,
18864,
4298,
18540,
21458,
21794,
21456,
22118,
1370,
18540,
21470,
21468,
21468,
21782,
18866,
18554,
18864,
21456,
18876,
21458,
21464,
18878,
1382,
18540,
21462,
18878,
21462,
21794,
21468,
18866,
21468,
18866,
21468,
1368,
18555,
21468,
21786,
21792,
1383,
21462,
18878,
21462,
21794,
21780,
4290,
21470,
18878,
1382,
21470,
21783,
21780,
21462,
21780,
22106,
18878,
21462,
21794,
18866,
4284,
21470,
21782,
4284,
1056,
21456,
21458,
21792,
21476,
1382,
21458,
21794,
21780,
18866,
18540,
19202,
18878,
21456,
21470,
1368,
21470,
21780,
21792,
21462,
1382,
21468,
21782,
21470,
21468,
1368,
1058,
21470,
21780,
18876,
21470,
18866,
1368,
21456,
4298,
21456,
21792,
21456,
21470,
18866,
18554,
21468,
21476,
21782,
21470,
21468,
18866,
21456,
21792,
18878,
1382,
21456,
30210,
18878,
21462,
21794,
21468,
21782,
18866,
21462,
18878,
21456,
18878,
21456,
18878,
19202,
18864,
21470,
21782,
21780,
18864,
21462,
21464,
4298,
21470,
21462,
21794,
18878,
18552,
18864,
21456,
21462,
21794,
21470,
18866,
30210,
18878,
18878,
21456,
21458,
18878,
21468,
21780,
21456,
18879,
4296,
21470,
21468,
21780,
21470,
1368,
21456,
21458,
398,
4296,
21456,
21456,
21458,
21792,
21470,
21468,
21782,
4284,
21470,
21470,
21456,
1368,
21470,
21782,
21462,
18878,
18540,
21462,
22118,
22118,
22116,
1368,
21470,
1368,
21462,
21794,
21794,
18878,
21456,
21792,
18878,
21462,
21470,
21783,
21456,
21794,
21468,
21782,
21468,
4284,
18554,
21468,
21780,
21456,
21794,
18878,
21468,
1368,
21470,
21782,
21468,
21462,
21795,
18864,
21471,
18864,
21462,
21794,
21794,
22116,
21794,
30222,
18866,
21470,
21780,
21456,
18878,
21468,
18864,
21470,
21471,
18864,
21471,
21780,
21456,
21456,
30222,
21794,
20498,
1380,
21468,
21782,
21458,
21468,
21783,
21456,
21794,
21456,
21794,
21456,
21780,
21794,
18864,
30218,
30212,
4284,
4502,
21686,
13266,
21458,
21468,
21782,
21780,
21470,
18864,
21686,
21468,
18866,
13038,
21687,
19080,
30428,
4298,
30210,
4298,
21456,
30216,
19082,
4500,
30225,
19080,
33357,
21997,
13248,
21686,
30426,
4284,
21468,
30224,
21783,
30204,
21792,
30224,
21792,
30206,
21794,
30440,
21996,
30438,
29772,
21794,
20810,
30440,
30753,
30762,
21783,
18864,
16184,
1260,
21674,
13266,
21686,
21998,
30441,
22002,
4515,
18756,
30440,
30429,
30762,
18866,
21456,
30440,
4500,
13268,
21672,
30434,
22010,
21687,
30426,
16172,
21686,
30426,
22010,
30438,
30426,
30744,
31068,
33354,
30764,
22010,
30432,
30744,
30440,
33126,
21782,
4506,
18771,
1596,
33342,
22011,
13254,
21684,
21996,
30434,
33344,
30765,
30762,
21996,
22332,
29468,
30440,
30756,
30756,
21026,
30440,
30762,
21998,
29466,
30440,
30428,
21996,
30432,
30744,
29454,
30746,
30440,
30756,
21998,
21684,
21998,
30429,
30762,
21996,
21686,
30426,
30764,
30440,
21998,
33342,
30746,
29468,
30764,
29772,
30441,
33336,
33342,
30656,
30638,
29346,
30332,
21996,
20810,
29250,
21780,
30440,
21998,
30438,
30764,
33129,
21792,
4284,
30218,
21780,
1370,
13050,
21674,
21026,
30420,
19080,
30441,
30753,
21996,
21684,
30440,
30428,
30750,
30438,
30438,
30441,
30762,
30744,
30764,
33342,
33234,
30657,
30648,
30636,
21996,
30434,
30426,
30440,
30750,
22010,
30438,
30440,
30440,
21998,
33342,
30756,
30440,
30210,
30656,
33357,
33342,
30540,
33228,
30656,
13140,
30326,
30744,
30420,
30438,
22010,
30438,
30428,
21996,
30224,
4284,
33134,
33458,
30543,
3312,
4299,
30216,
30747,
33336,
22010,
30438,
13254,
20702,
30426,
21996,
22010,
30438,
21794,
33140,
21780,
33128,
29558,
29247,
21780,
16164,
12936,
30435,
21996,
30435,
21996,
30428,
30756,
21996,
30438,
33134,
21782,
29247,
15948,
15630,
3962,
1056,
21686,
30435,
32370,
30759,
21996,
21998,
30438,
30440,
30750,
30438,
13044,
30218,
30210,
33128,
4500,
17786,
29466,
21998,
1596,
21684,
21686,
30438,
30426,
30764,
21998,
30438,
22014,
21996,
30440,
1584,
21692,
30428,
21998,
21684,
22332,
21998,
30438,
21998,
30438,
22016,
30318,
21902,
21582,
30318,
30656,
30330,
21902,
21570,
30320,
30654,
21908,
30320,
21906,
21908,
21680,
30428,
22014,
21692,
21998,
30426,
30440,
22016,
30426,
30654,
30332,
21900,
30320,
30654,
30656,
21906,
33236,
21906,
30318,
30332,
21906,
30320,
30654,
22014,
21692,
31398,
30764,
19082,
30438,
22016,
21998,
30320,
30654,
30318,
30654,
21894,
21902,
30318,
30318,
21908,
30320,
21906,
30318,
21902,
30426,
30426,
30764,
30428,
30762,
21996,
31302,
30656,
21894,
21902,
30318,
31302,
30656,
21900,
30320,
21908,
30318,
21896,
21582,
30320,
31074,
31724,
30764,
21902,
30332,
21902,
33236,
30642,
21900,
30330,
30644,
30330,
30330,
30644,
30642,
21900,
30320,
30320,
30318,
21900,
21888,
30318,
30318,
21902,
30318,
31626,
30330,
21890,
30332,
30318,
30644,
30330,
30330,
21908,
30320,
30966,
21906,
22220,
21570,
30318,
31616,
16064,
30320,
30642,
30642,
30654,
30642,
30332,
30656,
30320,
21900,
30318,
21900,
30318,
30656,
21902,
30318,
30332,
30654,
30656,
30318,
30656,
21888,
30332,
30318,
30654,
21902,
30318,
30642,
30644,
30642,
30330,
30654,
30320,
30980,
30320,
30654,
30318,
30320,
21888,
21570,
30332,
30644,
30330,
30656,
21888,
30318,
30320,
30318,
30978,
21890,
30330,
30330,
13148,
30332,
30654,
30320,
30656,
30320,
21894,
30332,
30330,
30644,
30330,
30656,
30320,
30654,
18974,
21576,
30318,
30332,
21894,
30330,
30332,
30654,
21902,
30330,
30318,
30320,
30318,
30644,
30654,
30320,
21900,
30318,
30320,
30656,
30318,
30968,
21902,
30320,
30642,
21900,
30332,
30318,
33236,
4410,
30320,
30642,
30654,
31290,
18986,
30330,
30656,
30332,
33236,
30654,
16064,
21578,
30330,
30318,
30320,
21888,
30332,
30642,
30332,
30318,
30656,
30656,
29348,
30330,
33236,
21902,
30320,
30332,
21900,
30318,
30656,
30654,
30656,
30318,
16064,
30330,
30320,
30642,
33246,
33236,
30642,
30642,
30332,
30642,
30332,
30642,
30318,
30654,
30656,
30320,
30654,
33236,
30654,
21890,
30320,
30332,
30330,
30332,
30330,
33248,
30644,
30332,
30656,
21900,
30320,
30320,
30654,
30332,
30642,
30320,
30654,
30656,
21888,
30332,
30642,
33248,
30642,
30654,
30320,
30656,
30320,
30320,
30654,
30656,
30654,
33234,
30656,
30656,
30318,
30330,
21890,
30330,
16064,
30330,
16064,
30330,
30318,
30654,
30320,
16062,
30320,
30656,
30318,
33248,
30642,
30332,
30644,
16074,
30332,
33234,
30654,
30320,
30642,
30320,
33248,
21900,
33234,
30656,
30320,
33248,
30642,
30332,
30642,
33246,
30644,
30654,
13146,
30318,
30330,
16076,
30330,
30656,
16062,
30330,
30318,
30644,
30330,
30642,
30332,
30654,
30318,
30318,
30656,
30642,
30330,
30320,
16064,
29358,
30320,
30654,
30330,
16076,
30332,
30318,
30648,
16064,
30330,
30320,
30654,
33234,
1478,
30330,
30332,
30656,
30318,
30644,
30656,
30318,
30656,
30318,
30642,
30332,
33246,
30644,
30332,
30642,
33234,
21906,
30318,
30318,
30320,
30642,
32276,
30642,
16076,
33234,
30656,
30318,
30318,
30644,
30978,
13160,
30318,
30330,
30656,
30656,
30318,
33234,
33570,
30656,
30318,
33234,
21902,
30320,
33236,
30642,
30654,
30644,
30642,
16076,
30320,
30330,
30656,
30320,
30330,
30644,
30332,
30330,
21888,
16076,
33234,
30644,
30656,
32264,
30642,
33236,
30654,
30656,
30320,
30320,
33234,
30638,
30332,
30654,
30320,
30320,
30642,
29360,
30318,
30644,
33248,
30654,
30656,
30318,
16062,
30332,
30656,
30320,
33248,
16074,
30320,
33246,
33560,
30642,
30642,
30332,
21900,
33234,
33248,
30642,
30654,
33236,
30654,
30320,
30654,
30320,
30642,
30332,
33248,
33246,
13160,
30330,
30656,
33234,
30644,
30656,
30642,
13148,
30332,
33234,
30654,
33236,
30654,
33234,
32600,
30654,
30314,
30332,
30332,
33246,
33570,
30644,
16074,
30330,
30318,
33236,
30654,
30656,
30644,
33246,
30644,
16074,
30332,
30642,
16062,
30330,
30656,
30656,
30320,
30642,
16074,
30318,
30644,
30332,
13158,
30318,
30330,
30318,
30656,
33234,
16062,
30326,
30320,
30318,
33236,
33234,
33246,
29684,
30318,
30332,
33246,
21890,
30330,
30644,
16076,
30320,
30654,
16064,
30332,
30654,
16062,
30320,
30332,
33246,
30656,
13142,
33246,
30656,
30318,
30644,
30330,
30968,
30656,
30318,
33248,
30642,
30642,
30332,
33234,
33560,
30654,
30318,
30644,
16062,
30330,
30656,
16062,
30320,
30642,
33248,
16076,
30318,
30332,
33234,
30644,
30330,
21902,
16062,
30332,
30654,
30330,
30318,
33236,
33234,
30642,
30332,
30330,
13160,
33234,
30644,
33246,
30656,
30654,
30644,
30320,
16076,
30324,
30320,
33248,
12186,
33236,
33570,
30654,
30320,
30654,
16076,
30318,
30332,
30978,
33236,
30642,
32276,
29670,
30642,
33246,
30644,
13146,
30326,
30320,
33234,
33570,
30656,
33234,
30644,
30654,
33234,
30638,
30332,
33248,
16076,
30320,
33246,
30654,
30654,
30320,
30656,
33236,
33558,
30642,
30330,
30656,
30318,
16064,
30318,
30330,
33246,
30654,
33236,
30656,
30320,
16077,
30318,
21888,
16076,
30332,
16062,
33246,
30656,
33234,
33882,
33572,
30656,
33234,
33560,
33248,
30654,
33234,
16064,
30320,
30642,
21888,
33248,
30642,
16076,
30332,
30330,
33234,
30654,
33236,
30656,
15104,
33234,
16074,
30318,
30642,
30330,
30654,
30968,
30320,
30980,
33248,
34206,
33248,
30644,
33248,
30654,
16064,
33246,
16064,
30330,
30644,
16074,
33248,
30642,
33248,
30654,
30320,
30654,
30320,
30642,
13158,
33236,
30654,
16062,
30320,
16076,
33234,
33570,
30644,
30330,
30638,
30332,
16074,
33236,
33248,
30654,
30318,
33236,
13146,
30330,
30656,
30320,
33234,
33570,
33236,
30656,
33236,
30654,
30654,
13148,
30318,
33248,
33558,
30644,
33248,
33246,
30642,
33248,
30644,
33246,
30654,
30656,
33234,
30656,
30318,
30968,
13146,
30332,
30320,
30654,
33236,
33570,
30656,
30644,
33246,
13158,
33236,
30642,
33246,
16076,
29358,
30330,
16064,
33248,
30654,
30654,
30644,
33248,
33234,
30642,
33248,
13158,
30318,
33248,
30644,
33246,
33248,
33236,
30654,
30318,
33236,
33234,
30654,
13148,
30332,
30656,
33236,
33246,
30644,
30332,
33248,
33246,
18974,
33246,
30656,
16062,
30320,
30330,
30656,
33236,
33236,
33234,
33560,
30642,
30332,
33248,
21894,
30332,
16076,
33246,
30656,
30656,
16064,
12822,
30330,
33234,
30656,
16062,
12824,
30332,
30318,
16064,
30318,
33248,
30644,
13146,
30332,
33234,
16062,
30320,
30654,
33236,
30654,
33236,
33558,
33246,
30642,
33246,
30644,
33246,
33570,
33570,
21900,
30332,
33234,
30654,
30656,
33234,
33572,
30656,
4392,
33248,
33246,
30642,
30332,
33246,
33560,
30642,
13152,
30320,
33248,
30654,
16064,
30332,
30318,
30642,
30330,
33248,
16074,
30332,
30318,
30332,
13158,
33246,
30654,
33236,
16074,
30320,
30332,
16074,
30330,
30654,
30320,
16064,
30318,
30642,
16076,
16064,
30318,
33246,
13160,
30318,
30320,
30320,
30642,
30330,
33236,
33248,
16062,
15738,
33248,
30654,
30320,
30654,
33236,
13146,
30330,
30644,
33248,
16076,
33234,
33558,
21888,
33248,
13146,
30332,
33234,
16064,
15750,
30330,
30654,
30644,
16076,
30318,
30642,
16076,
33234,
30642,
30644,
33246,
33882,
33572,
30654,
33236,
13158,
16064,
30330,
30656,
16064,
30318,
16074,
33248,
30654,
33236,
30642,
33248,
33570,
30654,
33236,
16074,
16062,
30330,
30656,
33236,
30644,
30330,
16076,
30318,
30978,
33236,
33234,
30654,
16064,
30320,
30978,
16064,
33234,
16074,
30318,
30332,
16076,
30320,
21906,
33248,
33246,
30642,
33246,
33570,
33236,
30642,
33248,
32924,
16064,
30330,
30656,
30654,
33236,
30656,
13146,
30332,
33234,
30654,
30320,
33236,
33570,
33234,
30656,
21894,
16076,
33236,
33246,
30644,
33248,
33570,
30644,
33246,
16074,
30320,
13160,
30318,
30642,
33248,
16074,
33234,
30642,
16074,
15752,
33236,
33248,
30654,
30966,
33234,
33234,
13148,
33246,
16064,
30330,
33236,
33246,
30656,
30320,
33236,
33560,
16062,
33248,
33558,
30642,
33248,
33236,
33248,
30654,
33236,
30656,
30654,
16064,
30318,
30644,
30654,
33236,
33248,
30654,
30320,
16064,
30318,
33246,
33558,
33560,
33570,
30642,
16074,
33236,
33560,
30642,
16076,
30320,
33248,
30654,
13146,
33248,
33240,
13148,
30332,
30654,
33234,
33236,
30654,
30320,
13146,
30330,
13146,
33248,
30644,
16074,
33236,
13158,
30320,
30642,
30644,
33248,
30642,
13158,
16064,
30318,
16076,
12834,
30320,
30332,
16076,
30318,
30654,
16064,
33246,
33572,
33248,
30642,
30642,
33246,
16064,
30320,
33248,
33572,
30654,
30318,
33236,
13148,
30332,
13148,
30330,
30656,
16062,
33246,
16064,
30330,
30656,
13146,
16074,
33236,
30642,
33246,
13158,
30320,
33246,
33248,
33246,
30644,
16076,
30330,
33236,
13146,
33246,
30644,
30332,
13160,
33234,
21890,
16074,
33248,
30656,
30318,
16062,
12824,
33248,
30656,
30654,
13148,
30318,
30332,
16076,
30318,
33248,
30654,
33234,
16064,
33248,
16062,
30330,
16064,
33246,
30644,
30642,
30332,
33248,
13160,
17036,
12834,
30320,
33234,
33572,
30642,
33246,
16062,
33246,
30656,
33234,
33570,
13160,
33234,
30656,
33236,
33236,
33558,
33246,
30644,
33248,
13158,
33236,
33248,
33884,
33570,
30656,
33236,
16062,
33248,
30654,
33236,
16062,
33248,
30654,
30654,
13148,
16074,
30320,
30330,
16076,
33248,
16064,
33246,
30654,
33234,
33570,
13160,
33236,
30642,
33248,
33570,
33560,
30656,
16062,
15740,
33246,
30644,
33248,
33248,
30654,
16062,
16076,
30318,
33248,
30642,
33248,
33884,
33570,
30644,
13160,
16062,
33246,
30644,
16062,
30320,
33246,
16064,
30332,
30320,
33246,
33236,
16074,
33236,
33248,
30642,
13160,
30318,
30980,
33234,
16062,
12824,
33234,
30644,
16064,
16074,
33246,
30656,
16064,
33246,
30656,
16062,
30320,
16074,
15752,
30318,
33246,
30644,
34218,
30656,
30320,
33234,
30656,
31292,
16074,
21570,
30318,
33248,
16076,
33234,
16064,
34208,
31626,
33246,
30654,
33234,
34532,
33248,
16062,
33236,
31616,
30642,
13160,
30318,
33248,
33246,
4410,
34208,
34532,
33246,
34532,
33246,
16074,
30320,
16076,
33234,
33560,
33560,
16074,
34208,
30654,
30656,
16062,
15750,
33248,
30656,
16062,
30332,
33236,
31628,
33236,
33246,
31616,
30654,
33236,
33570,
30656,
33234,
30644,
33248,
30642,
13146,
30332,
33234,
30654,
16062,
15738,
30332,
30320,
16064,
15750,
33236,
30654,
33234,
17036,
34220,
30642,
16076,
30318,
30332,
30654,
16076,
33234,
30642,
13160,
16074,
30318,
34208,
13158,
30318,
30332,
33234,
30644,
16076,
33246,
30656,
17036,
33246,
33236,
30656,
34206,
30642,
34208,
30654,
13158,
33236,
33558,
33894,
16074,
33236,
30644,
16074,
12836,
30330,
33236,
33882,
13146,
30332,
30656,
33236,
33894,
30656,
33234,
4398,
33248,
33234,
30656,
13158,
16064,
33234,
30644,
33236,
33246,
13146,
16076,
30320,
30642,
33246,
21890,
13160,
16062,
33234,
30642,
33248,
33236,
33234,
33560,
30642,
33248,
33572,
33234,
33570,
30654,
33236,
30642,
16076,
30320,
33246,
13148,
33246,
31616,
34218,
16076,
30318,
13158,
16064,
30318,
33248,
30642,
33248,
33558,
30656,
13146,
13160,
30318,
33234,
33560,
30654,
16064,
30318,
33248,
30644,
16074,
12824,
16076,
30332,
30318,
33236,
16076,
16062,
30318,
16076,
33236,
30644,
16076,
30330,
33236,
30654,
13146,
30330,
30968,
33234,
13146,
30320,
33248,
33246,
16064,
12824,
30332,
33234,
30644,
30642,
33248,
30654,
13148,
16076,
33248,
30656,
16062,
33248,
30656,
33236,
33570,
30656,
16064,
30330,
33236,
13160,
33236,
30642,
30332,
30656,
16074,
30332,
33234,
33236,
16062,
33246,
30656,
21906,
33236,
13158,
16062,
30320,
30642,
13160,
33236,
30642,
16076,
16064,
30330,
30318,
30644,
16074,
33246,
13160,
16062,
30330,
33236,
30656,
33236,
16062,
15738,
30332,
33234,
16076,
30318,
30656,
16062,
16064,
15752,
30318,
30332,
13146,
33246,
16064,
30330,
30644,
30330,
16076,
33236,
33570,
16064,
16076,
30318,
13158,
30332,
33248,
33884,
16074,
30318,
33248,
13158,
16064,
30330,
33236,
33558,
30642,
16076,
30320,
13160,
33234,
33248,
33570,
33236,
16062,
30318,
33246,
33236,
33884,
13146,
30332,
13146,
30320,
30642,
33248,
13148,
30330,
16062,
15752,
12824,
30332,
33236,
30654,
30656,
16064,
30318,
16074,
33248,
30642,
33248,
4392,
33248,
30642,
33246,
33558,
13158,
30318,
13254,
18554,
19190,
30216,
4406,
16064,
4086,
18648,
30320,
21906,
18992,
13160,
18654,
18654,
18656,
1496,
21570,
30320,
21908,
21906,
1482,
1172,
21584,
21582,
21894,
18978,
21584,
1484,
19626,
21582,
1482,
18668,
21584,
18978,
21584,
18978,
18654,
19964,
22542,
5372,
5058,
21564,
21894,
4412,
18656,
22556,
22542,
18992,
21582,
2454,
21570,
2468,
1158,
21584,
22868,
18978,
21570,
18992,
21582,
18978,
1482,
18668,
18654,
21582,
21908,
1482,
21584,
5372,
21582,
21894,
21584,
22866,
18980,
30320,
18990,
21584,
19950,
19962,
18656,
21584,
21894,
21572,
21906,
13148,
1170,
21584,
18978,
1482,
21584,
21896,
4400,
21570,
19965,
21570,
21572,
19962,
18668,
18654,
21584,
4398,
18668,
18666,
21584,
19964,
18654,
19316,
22556,
18978,
18990,
18666,
21572,
18992,
22548,
21584,
13148,
5061,
18648,
18984,
19304,
18668,
21584,
18980,
21570,
21572,
21584,
2454,
1160,
22556,
22868,
31292,
18990,
18654,
22544,
18990,
19638,
18656,
18654,
21584,
21894,
18978,
21584,
4400,
21584,
18978,
19640,
1482,
21572,
21906,
21894,
21584,
4398,
2138,
4398,
22544,
18990,
22542,
4412,
18654,
21570,
5384,
22544,
1482,
21572,
22880,
2454,
19740,
21464,
1374,
1056,
21464,
18878,
21474,
18864,
18542,
1382,
21456,
4298,
21470,
21468,
18864,
1368,
1058,
21456,
21798,
18878,
21470,
21794,
4298,
21462,
18878,
4284,
21462,
1382,
1368,
21470,
18864,
21470,
21780,
18876,
1370,
1058,
1044,
21458,
21470,
1368,
18554,
21456,
4298,
1046,
21458,
18876,
21456,
1382,
4284,
18554,
21468,
21782,
21470,
1368,
18554,
1368,
1704,
18540,
21462,
1382,
30222,
21782,
18864,
4296,
1044,
21470,
18864,
18552,
21470,
18866,
4284,
21468,
18866,
18554,
1368,
21458,
21792,
18878,
18540,
21474,
1380,
21470,
21468,
18866,
18540,
1382,
21470,
21780,
1368,
21462,
21458,
1382,
18540,
18548,
21470,
18864,
4298,
18540,
18540,
18878,
18542,
21456,
18878,
18554,
1368,
1380,
21456,
21798,
21794,
18864,
18878,
4284,
21470,
21782,
18864,
21470,
1368,
21470,
1368,
1380,
18540,
21458,
21794,
1382,
18540,
1380,
21462,
21794,
21456,
21782,
18866,
18552,
21468,
18866,
21470,
1370,
21468,
21782,
18866,
4284,
18540,
1382,
21456,
18876,
21456,
21794,
4298,
1046,
4284,
18554,
21468,
21782,
21462,
1382,
18554,
21462,
21782,
21470,
399,
1056,
21468,
18866,
21468,
18866,
21456,
1382,
18542,
21470,
21456,
18876,
18554,
21468,
18866,
1368,
21470,
4284,
18554,
18552,
1368,
21458,
18878,
18866,
21470,
21468,
1370,
21470,
1368,
21468,
21782,
21462,
1382,
18540,
21458,
18878,
21462,
22106,
21456,
1382,
21462,
21464,
21794,
1368,
18554,
1368,
4284,
21470,
18864,
1370,
21468,
21468,
18864,
18876,
1382,
21462,
21470,
18864,
1368,
1058,
21470,
4284,
18554,
21456,
21458,
18878,
21462,
1382,
21456,
17894,
1380,
18554,
21470,
18864,
21458,
21456,
21470,
21780,
18864,
1368,
1370,
21470,
21780,
21458,
18878,
18540,
21458,
21456,
18876,
21456,
18878,
21470,
18866,
21456,
18866,
18552,
18866,
18552,
1370,
21470,
1368,
21462,
21800,
18878,
21458,
21462,
18878,
18554,
18552,
21470,
22119,
18864,
1368,
18554,
21471,
21462,
21458,
18876,
21470,
18864,
21471,
1368,
21470,
21780,
18864,
4298,
18540,
21458,
21794,
21456,
22118,
1370,
18540,
21470,
21468,
21468,
21782,
18866,
18554,
18864,
21456,
18876,
21458,
21464,
18878,
1382,
18540,
21462,
18878,
21462,
21794,
21468,
18866,
21468,
18866,
21468,
1368,
18555,
21468,
21786,
21792,
1383,
21462,
18878,
21462,
21794,
21780,
4290,
21470,
18878,
1382,
21470,
21783,
21780,
21462,
21780,
22106,
18878,
21462,
21794,
18866,
4284,
21470,
21782,
4284,
1056,
21456,
21458,
21792,
21476,
1382,
21458,
21794,
21780,
18866,
18540,
19202,
18878,
21456,
21470,
1368,
21470,
21780,
21792,
21462,
1382,
21468,
21782,
21470,
21468,
1368,
1058,
21470,
21780,
18876,
21470,
18866,
1368,
21456,
4298,
21456,
21792,
21456,
21470,
18866,
18554,
21468,
21476,
21782,
21470,
21468,
18866,
21456,
21792,
18878,
1382,
21456,
30210,
18878,
21462,
21794,
21468,
21782,
18866,
21462,
18878,
21456,
18878,
21456,
18878,
19202,
18864,
21470,
21782,
21780,
18864,
21462,
21464,
4298,
21470,
21462,
21794,
18878,
18552,
18864,
21456,
21462,
21794,
21470,
18866,
30210,
18878,
18878,
21456,
21458,
18878,
21468,
21780,
21456,
18879,
4296,
21470,
21468,
21780,
21470,
1368,
21456,
21458,
398,
4296,
21456,
21456,
21458,
21792,
21470,
21468,
21782,
4284,
21470,
21470,
21456,
1368,
21470,
21782,
21462,
18878,
18540,
21462,
22118,
22118,
22116,
1368,
21470,
1368,
21462,
21794,
21794,
18878,
21456,
21792,
18878,
21462,
21470,
21783,
21456,
21794,
21468,
21782,
21468,
4284,
18554,
21468,
21780,
21456,
21794,
18878,
21468,
1368,
21470,
21782,
21468,
21462,
21795,
18864,
21471,
18864,
21462,
21794,
21794,
22116,
21794,
30222,
18866,
21470,
21780,
21456,
18878,
21468,
18864,
21470,
21471,
18864,
21471,
21780,
21456,
21456,
30222,
21794,
20498,
1380,
21468,
21782,
21458,
21468,
21783,
21456,
21794,
21456,
21794,
21456,
21780,
21794,
18864,
30218,
30212,
4284,
4502,
21686,
13266,
21458,
21468,
21782,
21780,
21470,
18864,
21686,
21468,
18866,
13038,
21687,
19080,
30428,
4298,
30210,
4298,
21456,
30216,
19082,
4500,
30225,
19080,
33357,
21997,
13248,
21686,
30426,
4284,
21468,
30224,
21783,
30204,
21792,
30224,
21792,
30206,
21794,
30440,
21996,
30438,
29772,
21794,
20810,
30440,
30753,
30762,
21783,
18864,
16184,
1260,
21674,
13266,
21686,
21998,
30441,
22002,
4515,
18756,
30440,
30429,
30762,
18866,
21456,
30440,
4500,
13268,
21672,
30434,
22010,
21687,
30426,
16172,
21686,
30426,
22010,
30438,
30426,
30744,
31068,
33354,
30764,
22010,
30432,
30744,
30440,
33126,
21782,
4506,
18771,
1596,
33342,
22011,
13254,
21684,
21996,
30434,
33344,
30765,
30762,
21996,
22332,
29468,
30440,
30756,
30756,
21026,
30440,
30762,
21998,
29466,
30440,
30428,
21996,
30432,
30744,
29454,
30746,
30440,
30756,
21998,
21684,
21998,
30429,
30762,
21996,
21686,
30426,
30764,
30440,
21998,
33342,
30746,
29468,
30764,
29772,
30441,
33336,
33342,
30656,
30638,
29346,
30332,
21996,
20810,
29250,
21780,
30440,
21998,
30438,
30764,
33129,
21792,
4284,
30218,
21780,
1370,
13050,
21674,
21026,
30420,
19080,
30441,
30753,
21996,
21684,
30440,
30428,
30750,
30438,
30438,
30441,
30762,
30744,
30764,
33342,
33234,
30657,
30648,
30636,
21996,
30434,
30426,
30440,
30750,
22010,
30438,
30440,
30440,
21998,
33342,
30756,
30440,
30210,
30656,
33357,
33342,
30540,
33228,
30656,
13140,
30326,
30744,
30420,
30438,
22010,
30438,
30428,
21996,
30224,
4284,
33134,
33458,
30543,
3312,
4299,
30216,
30747,
33336,
22010,
30438,
13254,
20702,
30426,
21996,
22010,
30438,
21794,
33140,
21780,
33128,
29558,
29247,
21780,
16164,
12936,
30435,
21996,
30435,
21996,
30428,
30756,
21996,
30438,
33134,
21782,
29247,
15948,
15630,
3962,
1056,
21686,
30435,
32370,
30759,
21996,
21998,
30438,
30440,
30750,
30438,
13044,
30218,
30210,
33128,
4500,
17786,
29466,
21998,
1596,
21684,
21686,
30438,
30426,
30764,
21998,
30438,
22014,
21996,
30440,
1584,
21692,
30428,
21998,
21684,
22332,
21998,
30438,
21998,
30438,
22016,
30318,
21902,
21582,
30318,
30656,
30330,
21902,
21570,
30320,
30654,
21908,
30320,
21906,
21908,
21680,
30428,
22014,
21692,
21998,
30426,
30440,
22016,
30426,
30654,
30332,
21900,
30320,
30654,
30656,
21906,
33236,
21906,
30318,
30332,
21906,
30320,
30654,
22014,
21692,
31398,
30764,
19082,
30438,
22016,
21998,
30320,
30654,
30318,
30654,
21894,
21902,
30318,
30318,
21908,
30320,
21906,
30318,
21902,
30426,
30426,
30764,
30428,
30762,
21996,
31302,
30656,
21894,
21902,
30318,
31302,
30656,
21900,
30320,
21908,
30318,
21896,
21582,
30320,
31074,
31724,
30764,
21902,
30332,
21902,
33236,
30642,
21900,
30330,
30644,
30330,
30330,
30644,
30642,
21900,
30320,
30320,
30318,
21900,
21888,
30318,
30318,
21902,
30318,
31626,
30330,
21890,
30332,
30318,
30644,
30330,
30330,
21908,
30320,
30966,
21906,
22220,
21570,
30318,
31616,
16064,
30320,
30642,
30642,
30654,
30642,
30332,
30656,
30320,
21900,
30318,
21900,
30318,
30656,
21902,
30318,
30332,
30654,
30656,
30318,
30656,
21888,
30332,
30318,
30654,
21902,
30318,
30642,
30644,
30642,
30330,
30654,
30320,
30980,
30320,
30654,
30318,
30320,
21888,
21570,
30332,
30644,
30330,
30656,
21888,
30318,
30320,
30318,
30978,
21890,
30330,
30330,
13148,
30332,
30654,
30320,
30656,
30320,
21894,
30332,
30330,
30644,
30330,
30656,
30320,
30654,
18974,
21576,
30318,
30332,
21894,
30330,
30332,
30654,
21902,
30330,
30318,
30320,
30318,
30644,
30654,
30320,
21900,
30318,
30320,
30656,
30318,
30968,
21902,
30320,
30642,
21900,
30332,
30318,
33236,
4410,
30320,
30642,
30654,
31290,
18986,
30330,
30656,
30332,
33236,
30654,
16064,
21578,
30330,
30318,
30320,
21888,
30332,
30642,
30332,
30318,
30656,
30656,
29348,
30330,
33236,
21902,
30320,
30332,
21900,
30318,
30656,
30654,
30656,
30318,
16064,
30330,
30320,
30642,
33246,
33236,
30642,
30642,
30332,
30642,
30332,
30642,
30318,
30654,
30656,
30320,
30654,
33236,
30654,
21890,
30320,
30332,
30330,
30332,
30330,
33248,
30644,
30332,
30656,
21900,
30320,
30320,
30654,
30332,
30642,
30320,
30654,
30656,
21888,
30332,
30642,
33248,
30642,
30654,
30320,
30656,
30320,
30320,
30654,
30656,
30654,
33234,
30656,
30656,
30318,
30330,
21890,
30330,
16064,
30330,
16064,
30330,
30318,
30654,
30320,
16062,
30320,
30656,
30318,
33248,
30642,
30332,
30644,
16074,
30332,
33234,
30654,
30320,
30642,
30320,
33248,
21900,
33234,
30656,
30320,
33248,
30642,
30332,
30642,
33246,
30644,
30654,
13146,
30318,
30330,
16076,
30330,
30656,
16062,
30330,
30318,
30644,
30330,
30642,
30332,
30654,
30318,
30318,
30656,
30642,
30330,
30320,
16064,
29358,
30320,
30654,
30330,
16076,
30332,
30318,
30648,
16064,
30330,
30320,
30654,
33234,
1478,
30330,
30332,
30656,
30318,
30644,
30656,
30318,
30656,
30318,
30642,
30332,
33246,
30644,
30332,
30642,
33234,
21906,
30318,
30318,
30320,
30642,
32276,
30642,
16076,
33234,
30656,
30318,
30318,
30644,
30978,
13160,
30318,
30330,
30656,
30656,
30318,
33234,
33570,
30656,
30318,
33234,
21902,
30320,
33236,
30642,
30654,
30644,
30642,
16076,
30320,
30330,
30656,
30320,
30330,
30644,
30332,
30330,
21888,
16076,
33234,
30644,
30656,
32264,
30642,
33236,
30654,
30656,
30320,
30320,
33234,
30638,
30332,
30654,
30320,
30320,
30642,
29360,
30318,
30644,
33248,
30654,
30656,
30318,
16062,
30332,
30656,
30320,
33248,
16074,
30320,
33246,
33560,
30642,
30642,
30332,
21900,
33234,
33248,
30642,
30654,
33236,
30654,
30320,
30654,
30320,
30642,
30332,
33248,
33246,
13160,
30330,
30656,
33234,
30644,
30656,
30642,
13148,
30332,
33234,
30654,
33236,
30654,
33234,
32600,
30654,
30314,
30332,
30332,
33246,
33570,
30644,
16074,
30330,
30318,
33236,
30654,
30656,
30644,
33246,
30644,
16074,
30332,
30642,
16062,
30330,
30656,
30656,
30320,
30642,
16074,
30318,
30644,
30332,
13158,
30318,
30330,
30318,
30656,
33234,
16062,
30326,
30320,
30318,
33236,
33234,
33246,
29684,
30318,
30332,
33246,
21890,
30330,
30644,
16076,
30320,
30654,
16064,
30332,
30654,
16062,
30320,
30332,
33246,
30656,
13142,
33246,
30656,
30318,
30644,
30330,
30968,
30656,
30318,
33248,
30642,
30642,
30332,
33234,
33560,
30654,
30318,
30644,
16062,
30330,
30656,
16062,
30320,
30642,
33248,
16076,
30318,
30332,
33234,
30644,
30330,
21902,
16062,
30332,
30654,
30330,
30318,
33236,
33234,
30642,
30332,
30330,
13160,
33234,
30644,
33246,
30656,
30654,
30644,
30320,
16076,
30324,
30320,
33248,
12186,
33236,
33570,
30654,
30320,
30654,
16076,
30318,
30332,
30978,
33236,
30642,
32276,
29670,
30642,
33246,
30644,
13146,
30326,
30320,
33234,
33570,
30656,
33234,
30644,
30654,
33234,
30638,
30332,
33248,
16076,
30320,
33246,
30654,
30654,
30320,
30656,
33236,
33558,
30642,
30330,
30656,
30318,
16064,
30318,
30330,
33246,
30654,
33236,
30656,
30320,
16077,
30318,
21888,
16076,
30332,
16062,
33246,
30656,
33234,
33882,
33572,
30656,
33234,
33560,
33248,
30654,
33234,
16064,
30320,
30642,
21888,
33248,
30642,
16076,
30332,
30330,
33234,
30654,
33236,
30656,
15104,
33234,
16074,
30318,
30642,
30330,
30654,
30968,
30320,
30980,
33248,
34206,
33248,
30644,
33248,
30654,
16064,
33246,
16064,
30330,
30644,
16074,
33248,
30642,
33248,
30654,
30320,
30654,
30320,
30642,
13158,
33236,
30654,
16062,
30320,
16076,
33234,
33570,
30644,
30330,
30638,
30332,
16074,
33236,
33248,
30654,
30318,
33236,
13146,
30330,
30656,
30320,
33234,
33570,
33236,
30656,
33236,
30654,
30654,
13148,
30318,
33248,
33558,
30644,
33248,
33246,
30642,
33248,
30644,
33246,
30654,
30656,
33234,
30656,
30318,
30968,
13146,
30332,
30320,
30654,
33236,
33570,
30656,
30644,
33246,
13158,
33236,
30642,
33246,
16076,
29358,
30330,
16064,
33248,
30654,
30654,
30644,
33248,
33234,
30642,
33248,
13158,
30318,
33248,
30644,
33246,
33248,
33236,
30654,
30318,
33236,
33234,
30654,
13148,
30332,
30656,
33236,
33246,
30644,
30332,
33248,
33246,
18974,
33246,
30656,
16062,
30320,
30330,
30656,
33236,
33236,
33234,
33560,
30642,
30332,
33248,
21894,
30332,
16076,
33246,
30656,
30656,
16064,
12822,
30330,
33234,
30656,
16062,
12824,
30332,
30318,
16064,
30318,
33248,
30644,
13146,
30332,
33234,
16062,
30320,
30654,
33236,
30654,
33236,
33558,
33246,
30642,
33246,
30644,
33246,
33570,
33570,
21900,
30332,
33234,
30654,
30656,
33234,
33572,
30656,
4392,
33248,
33246,
30642,
30332,
33246,
33560,
30642,
13152,
30320,
33248,
30654,
16064,
30332,
30318,
30642,
30330,
33248,
16074,
30332,
30318,
30332,
13158,
33246,
30654,
33236,
16074,
30320,
30332,
16074,
30330,
30654,
30320,
16064,
30318,
30642,
16076,
16064,
30318,
33246,
13160,
30318,
30320,
30320,
30642,
30330,
33236,
33248,
16062,
15738,
33248,
30654,
30320,
30654,
33236,
13146,
30330,
30644,
33248,
16076,
33234,
33558,
21888,
33248,
13146,
30332,
33234,
16064,
15750,
30330,
30654,
30644,
16076,
30318,
30642,
16076,
33234,
30642,
30644,
33246,
33882,
33572,
30654,
33236,
13158,
16064,
30330,
30656,
16064,
30318,
16074,
33248,
30654,
33236,
30642,
33248,
33570,
30654,
33236,
16074,
16062,
30330,
30656,
33236,
30644,
30330,
16076,
30318,
30978,
33236,
33234,
30654,
16064,
30320,
30978,
16064,
33234,
16074,
30318,
30332,
16076,
30320,
21906,
33248,
33246,
30642,
33246,
33570,
33236,
30642,
33248,
32924,
16064,
30330,
30656,
30654,
33236,
30656,
13146,
30332,
33234,
30654,
30320,
33236,
33570,
33234,
30656,
21894,
16076,
33236,
33246,
30644,
33248,
33570,
30644,
33246,
16074,
30320,
13160,
30318,
30642,
33248,
16074,
33234,
30642,
16074,
15752,
33236,
33248,
30654,
30966,
33234,
33234,
13148,
33246,
16064,
30330,
33236,
33246,
30656,
30320,
33236,
33560,
16062,
33248,
33558,
30642,
33248,
33236,
33248,
30654,
33236,
30656,
30654,
16064,
30318,
30644,
30654,
33236,
33248,
30654,
30320,
16064,
30318,
33246,
33558,
33560,
33570,
30642,
16074,
33236,
33560,
30642,
16076,
30320,
33248,
30654,
13146,
33248,
33240,
13148,
30332,
30654,
33234,
33236,
30654,
30320,
13146,
30330,
13146,
33248,
30644,
16074,
33236,
13158,
30320,
30642,
30644,
33248,
30642,
13158,
16064,
30318,
16076,
12834,
30320,
30332,
16076,
30318,
30654,
16064,
33246,
33572,
33248,
30642,
30642,
33246,
16064,
30320,
33248,
33572,
30654,
30318,
33236,
13148,
30332,
13148,
30330,
30656,
16062,
33246,
16064,
30330,
30656,
13146,
16074,
33236,
30642,
33246,
13158,
30320,
33246,
33248,
33246,
30644,
16076,
30330,
33236,
13146,
33246,
30644,
30332,
13160,
33234,
21890,
16074,
33248,
30656,
30318,
16062,
12824,
33248,
30656,
30654,
13148,
30318,
30332,
16076,
30318,
33248,
30654,
33234,
16064,
33248,
16062,
30330,
16064,
33246,
30644,
30642,
30332,
33248,
13160,
17036,
12834,
30320,
33234,
33572,
30642,
33246,
16062,
33246,
30656,
33234,
33570,
13160,
33234,
30656,
33236,
33236,
33558,
33246,
30644,
33248,
13158,
33236,
33248,
33884,
33570,
30656,
33236,
16062,
33248,
30654,
33236,
16062,
33248,
30654,
30654,
13148,
16074,
30320,
30330,
16076,
33248,
16064,
33246,
30654,
33234,
33570,
13160,
33236,
30642,
33248,
33570,
33560,
30656,
16062,
15740,
33246,
30644,
33248,
33248,
30654,
16062,
16076,
30318,
33248,
30642,
33248,
33884,
33570,
30644,
13160,
16062,
33246,
30644,
16062,
30320,
33246,
16064,
30332,
30320,
33246,
33236,
16074,
33236,
33248,
30642,
13160,
30318,
30980,
33234,
16062,
12824,
33234,
30644,
16064,
16074,
33246,
30656,
16064,
33246,
30656,
16062,
30320,
16074,
15752,
30318,
33246,
30644,
34218,
30656,
30320,
33234,
30656,
31292,
16074,
21570,
30318,
33248,
16076,
33234,
16064,
34208,
31626,
33246,
30654,
33234,
34532,
33248,
16062,
33236,
31616,
30642,
13160,
30318,
33248,
33246,
4410,
34208,
34532,
33246,
34532,
33246,
16074,
30320,
16076,
33234,
33560,
33560,
16074,
34208,
30654,
30656,
16062,
15750,
33248,
30656,
16062,
30332,
33236,
31628,
33236,
33246,
31616,
30654,
33236,
33570,
30656,
33234,
30644,
33248,
30642,
13146,
30332,
33234,
30654,
16062,
15738,
30332,
30320,
16064,
15750,
33236,
30654,
33234,
17036,
34220,
30642,
16076,
30318,
30332,
30654,
16076,
33234,
30642,
13160,
16074,
30318,
34208,
13158,
30318,
30332,
33234,
30644,
16076,
33246,
30656,
17036,
33246,
33236,
30656,
34206,
30642,
34208,
30654,
13158,
33236,
33558,
33894,
16074,
33236,
30644,
16074,
12836,
30330,
33236,
33882,
13146,
30332,
30656,
33236,
33894,
30656,
33234,
4398,
33248,
33234,
30656,
13158,
16064,
33234,
30644,
33236,
33246,
13146,
16076,
30320,
30642,
33246,
21890,
13160,
16062,
33234,
30642,
33248,
33236,
33234,
33560,
30642,
33248,
33572,
33234,
33570,
30654,
33236,
30642,
16076,
30320,
33246,
13148,
33246,
31616,
34218,
16076,
30318,
13158,
16064,
30318,
33248,
30642,
33248,
33558,
30656,
13146,
13160,
30318,
33234,
33560,
30654,
16064,
30318,
33248,
30644,
16074,
12824,
16076,
30332,
30318,
33236,
16076,
16062,
30318,
16076,
33236,
30644,
16076,
30330,
33236,
30654,
13146,
30330,
30968,
33234,
13146,
30320,
33248,
33246,
16064,
12824,
30332,
33234,
30644,
30642,
33248,
30654,
13148,
16076,
33248,
30656,
16062,
33248,
30656,
33236,
33570,
30656,
16064,
30330,
33236,
13160,
33236,
30642,
30332,
30656,
16074,
30332,
33234,
33236,
16062,
33246,
30656,
21906,
33236,
13158,
16062,
30320,
30642,
13160,
33236,
30642,
16076,
16064,
30330,
30318,
30644,
16074,
33246,
13160,
16062,
30330,
33236,
30656,
33236,
16062,
15738,
30332,
33234,
16076,
30318,
30656,
16062,
16064,
15752,
30318,
30332,
13146,
33246,
16064,
30330,
30644,
30330,
16076,
33236,
33570,
16064,
16076,
30318,
13158,
30332,
33248,
33884,
16074,
30318,
33248,
13158,
16064,
30330,
33236,
33558,
30642,
16076,
30320,
13160,
33234,
33248,
33570,
33236,
16062,
30318,
33246,
33236,
33884,
13146,
30332,
13146,
30320,
30642,
33248,
13148,
30330,
16062,
15752,
12824,
30332,
33236,
30654,
30656,
16064,
30318,
16074,
33248,
30642,
33248,
4392,
33248,
30642,
33246,
33558,
13158,
30318,
13254,
18554,
19190,
30216,
4406,
16064,
4086,
18648,
30320,
21906,
18992,
13160,
18654,
18654,
18656,
1496,
21570,
30320,
21908,
21906,
1482,
1172,
21584,
21582,
21894,
18978,
21584,
1484,
19626,
21582,
1482,
18668,
21584,
18978,
21584,
18978,
18654,
19964,
22542,
5372,
5058,
21564,
21894,
4412,
18656,
22556,
22542,
18992,
21582,
2454,
21570,
2468,
1158,
21584,
22868,
18978,
21570,
18992,
21582,
18978,
1482,
18668,
18654,
21582,
21908,
1482,
21584,
5372,
21582,
21894,
21584,
22866,
18980,
30320,
18990,
21584,
19950,
19962,
18656,
21584,
21894,
21572,
21906,
13148,
1170,
21584,
18978,
1482,
21584,
21896,
4400,
21570,
19965,
21570,
21572,
19962,
18668,
18654,
21584,
4398,
18668,
18666,
21584,
19964,
18654,
19316,
22556,
18978,
18990,
18666,
21572,
18992,
22548,
21584,
13148,
5061,
18648,
18984,
19304,
18668,
21584,
18980,
21570,
21572,
21584,
2454,
1160,
22556,
22868,
31292,
18990,
18654,
22544,
18990,
19638,
18656,
18654,
21584,
21894,
18978,
21584,
4400,
21584,
18978,
19640,
1482,
21572,
21906,
21894,
21584,
4398,
2138,
4398,
22544,
18990,
22542,
4412,
18654,
21570,
5384,
22544,
1482,
21572,
22880,
2454,
19740,
21464,
1374,
1056,
21464,
18878,
21474,
18864,
18542,
1382,
21456,
4298,
21470,
21468,
18864,
1368,
1058,
21456,
21798,
18878,
21470,
21794,
4298,
21462,
18878,
4284,
21462,
1382,
1368,
21470,
18864,
21470,
21780,
18876,
1370,
1058,
1044,
21458,
21470,
1368,
18554,
21456,
4298,
1046,
21458,
18876,
21456,
1382,
4284,
18554,
21468,
21782,
21470,
1368,
18554,
1368,
1704,
18540,
21462,
1382,
30222,
21782,
18864,
4296,
1044,
21470,
18864,
18552,
21470,
18866,
4284,
21468,
18866,
18554,
1368,
21458,
21792,
18878,
18540,
21474,
1380,
21470,
21468,
18866,
18540,
1382,
21470,
21780,
1368,
21462,
21458,
1382,
18540,
18548,
21470,
18864,
4298,
18540,
18540,
18878,
18542,
21456,
18878,
18554,
1368,
1380,
21456,
21798,
21794,
18864,
18878,
4284,
21470,
21782,
18864,
21470,
1368,
21470,
1368,
1380,
18540,
21458,
21794,
1382,
18540,
1380,
21462,
21794,
21456,
21782,
18866,
18552,
21468,
18866,
21470,
1370,
21468,
21782,
18866,
4284,
18540,
1382,
21456,
18876,
21456,
21794,
4298,
1046,
4284,
18554,
21468,
21782,
21462,
1382,
18554,
21462,
21782,
21470,
399,
1056,
21468,
18866,
21468,
18866,
21456,
1382,
18542,
21470,
21456,
18876,
18554,
21468,
18866,
1368,
21470,
4284,
18554,
18552,
1368,
21458,
18878,
18866,
21470,
21468,
1370,
21470,
1368,
21468,
21782,
21462,
1382,
18540,
21458,
18878,
21462,
22106,
21456,
1382,
21462,
21464,
21794,
1368,
18554,
1368,
4284,
21470,
18864,
1370,
21468,
21468,
18864,
18876,
1382,
21462,
21470,
18864,
1368,
1058,
21470,
4284,
18554,
21456,
21458,
18878,
21462,
1382,
21456,
17894,
1380,
18554,
21470,
18864,
21458,
21456,
21470,
21780,
18864,
1368,
1370,
21470,
21780,
21458,
18878,
18540,
21458,
21456,
18876,
21456,
18878,
21470,
18866,
21456,
18866,
18552,
18866,
18552,
1370,
21470,
1368,
21462,
21800,
18878,
21458,
21462,
18878,
18554,
18552,
21470,
22119,
18864,
1368,
18554,
21471,
21462,
21458,
18876,
21470,
18864,
21471,
1368,
21470,
21780,
18864,
4298,
18540,
21458,
21794,
21456,
22118,
1370,
18540,
21470,
21468,
21468,
21782,
18866,
18554,
18864,
21456,
18876,
21458,
21464,
18878,
1382,
18540,
21462,
18878,
21462,
21794,
21468,
18866,
21468,
18866,
21468,
1368,
18555,
21468,
21786,
21792,
1383,
21462,
18878,
21462,
21794,
21780,
4290,
21470,
18878,
1382,
21470,
21783,
21780,
21462,
21780,
22106,
18878,
21462,
21794,
18866,
4284,
21470,
21782,
4284,
1056,
21456,
21458,
21792,
21476,
1382,
21458,
21794,
21780,
18866,
18540,
19202,
18878,
21456,
21470,
1368,
21470,
21780,
21792,
21462,
1382,
21468,
21782,
21470,
21468,
1368,
1058,
21470,
21780,
18876,
21470,
18866,
1368,
21456,
4298,
21456,
21792,
21456,
21470,
18866,
18554,
21468,
21476,
21782,
21470,
21468,
18866,
21456,
21792,
18878,
1382,
21456,
30210,
18878,
21462,
21794,
21468,
21782,
18866,
21462,
18878,
21456,
18878,
21456,
18878,
19202,
18864,
21470,
21782,
21780,
18864,
21462,
21464,
4298,
21470,
21462,
21794,
18878,
18552,
18864,
21456,
21462,
21794,
21470,
18866,
30210,
18878,
18878,
21456,
21458,
18878,
21468,
21780,
21456,
18879,
4296,
21470,
21468,
21780,
21470,
1368,
21456,
21458,
398,
4296,
21456,
21456,
21458,
21792,
21470,
21468,
21782,
4284,
21470,
21470,
21456,
1368,
21470,
21782,
21462,
18878,
18540,
21462,
22118,
22118,
22116,
1368,
21470,
1368,
21462,
21794,
21794,
18878,
21456,
21792,
18878,
21462,
21470,
21783,
21456,
21794,
21468,
21782,
21468,
4284,
18554,
21468,
21780,
21456,
21794,
18878,
21468,
1368,
21470,
21782,
21468,
21462,
21795,
18864,
21471,
18864,
21462,
21794,
21794,
22116,
21794,
30222,
18866,
21470,
21780,
21456,
18878,
21468,
18864,
21470,
21471,
18864,
21471,
21780,
21456,
21456,
30222,
21794,
20498,
1380,
21468,
21782,
21458,
21468,
21783,
21456,
21794,
21456,
21794,
21456,
21780,
21794,
18864,
30218,
30212,
4284,
4502,
21686,
13266,
21458,
21468,
21782,
21780,
21470,
18864,
21686,
21468,
18866,
13038,
21687,
19080,
30428,
4298,
30210,
4298,
21456,
30216,
19082,
4500,
30225,
19080,
33357,
21997,
13248,
21686,
30426,
4284,
21468,
30224,
21783,
30204,
21792,
30224,
21792,
30206,
21794,
30440,
21996,
30438,
29772,
21794,
20810,
30440,
30753,
30762,
21783,
18864,
16184,
1260,
21674,
13266,
21686,
21998,
30441,
22002,
4515,
18756,
30440,
30429,
30762,
18866,
21456,
30440,
4500,
13268,
21672,
30434,
22010,
21687,
30426,
16172,
21686,
30426,
22010,
30438,
30426,
30744,
31068,
33354,
30764,
22010,
30432,
30744,
30440,
33126,
21782,
4506,
18771,
1596,
33342,
22011,
13254,
21684,
21996,
30434,
33344,
30765,
30762,
21996,
22332,
29468,
30440,
30756,
30756,
21026,
30440,
30762,
21998,
29466,
30440,
30428,
21996,
30432,
30744,
29454,
30746,
30440,
30756,
21998,
21684,
21998,
30429,
30762,
21996,
21686,
30426,
30764,
30440,
21998,
33342,
30746,
29468,
30764,
29772,
30441,
33336,
33342,
30656,
30638,
29346,
30332,
21996,
20810,
29250,
21780,
30440,
21998,
30438,
30764,
33129,
21792,
4284,
30218,
21780,
1370,
13050,
21674,
21026,
30420,
19080,
30441,
30753,
21996,
21684,
30440,
30428,
30750,
30438,
30438,
30441,
30762,
30744,
30764,
33342,
33234,
30657,
30648,
30636,
21996,
30434,
30426,
30440,
30750,
22010,
30438,
30440,
30440,
21998,
33342,
30756,
30440,
30210,
30656,
33357,
33342,
30540,
33228,
30656,
13140,
30326,
30744,
30420,
30438,
22010,
30438,
30428,
21996,
30224,
4284,
33134,
33458,
30543,
3312,
4299,
30216,
30747,
33336,
22010,
30438,
13254,
20702,
30426,
21996,
22010,
30438,
21794,
33140,
21780,
33128,
29558,
29247,
21780,
16164,
12936,
30435,
21996,
30435,
21996,
30428,
30756,
21996,
30438,
33134,
21782,
29247,
15948,
15630,
3962,
1056,
21686,
30435,
32370,
30759,
21996,
21998,
30438,
30440,
30750,
30438,
13044,
30218,
30210,
33128,
4500,
17786,
29466,
21998,
1596,
21684,
21686,
30438,
30426,
30764,
21998,
30438,
22014,
21996,
30440,
1584,
21692,
30428,
21998,
21684,
22332,
21998,
30438,
21998,
30438,
22016,
30318,
21902,
21582,
30318,
30656,
30330,
21902,
21570,
30320,
30654,
21908,
30320,
21906,
21908,
21680,
30428,
22014,
21692,
21998,
30426,
30440,
22016,
30426,
30654,
30332,
21900,
30320,
30654,
30656,
21906,
33236,
21906,
30318,
30332,
21906,
30320,
30654,
22014,
21692,
31398,
30764,
19082,
30438,
22016,
21998,
30320,
30654,
30318,
30654,
21894,
21902,
30318,
30318,
21908,
30320,
21906,
30318,
21902,
30426,
30426,
30764,
30428,
30762,
21996,
31302,
30656,
21894,
21902,
30318,
31302,
30656,
21900,
30320,
21908,
30318,
21896,
21582,
30320,
31074,
31724,
30764,
21902,
30332,
21902,
33236,
30642,
21900,
30330,
30644,
30330,
30330,
30644,
30642,
21900,
30320,
30320,
30318,
21900,
21888,
30318,
30318,
21902,
30318,
31626,
30330,
21890,
30332,
30318,
30644,
30330,
30330,
21908,
30320,
30966,
21906,
22220,
21570,
30318,
31616,
16064,
30320,
30642,
30642,
30654,
30642,
30332,
30656,
30320,
21900,
30318,
21900,
30318,
30656,
21902,
30318,
30332,
30654,
30656,
30318,
30656,
21888,
30332,
30318,
30654,
21902,
30318,
30642,
30644,
30642,
30330,
30654,
30320,
30980,
30320,
30654,
30318,
30320,
21888,
21570,
30332,
30644,
30330,
30656,
21888,
30318,
30320,
30318,
30978,
21890,
30330,
30330,
13148,
30332,
30654,
30320,
30656,
30320,
21894,
30332,
30330,
30644,
30330,
30656,
30320,
30654,
18974,
21576,
30318,
30332,
21894,
30330,
30332,
30654,
21902,
30330,
30318,
30320,
30318,
30644,
30654,
30320,
21900,
30318,
30320,
30656,
30318,
30968,
21902,
30320,
30642,
21900,
30332,
30318,
33236,
4410,
30320,
30642,
30654,
31290,
18986,
30330,
30656,
30332,
33236,
30654,
16064,
21578,
30330,
30318,
30320,
21888,
30332,
30642,
30332,
30318,
30656,
30656,
29348,
30330,
33236,
21902,
30320,
30332,
21900,
30318,
30656,
30654,
30656,
30318,
16064,
30330,
30320,
30642,
33246,
33236,
30642,
30642,
30332,
30642,
30332,
30642,
30318,
30654,
30656,
30320,
30654,
33236,
30654,
21890,
30320,
30332,
30330,
30332,
30330,
33248,
30644,
30332,
30656,
21900,
30320,
30320,
30654,
30332,
30642,
30320,
30654,
30656,
21888,
30332,
30642,
33248,
30642,
30654,
30320,
30656,
30320,
30320,
30654,
30656,
30654,
33234,
30656,
30656,
30318,
30330,
21890,
30330,
16064,
30330,
16064,
30330,
30318,
30654,
30320,
16062,
30320,
30656,
30318,
33248,
30642,
30332,
30644,
16074,
30332,
33234,
30654,
30320,
30642,
30320,
33248,
21900,
33234,
30656,
30320,
33248,
30642,
30332,
30642,
33246,
30644,
30654,
13146,
30318,
30330,
16076,
30330,
30656,
16062,
30330,
30318,
30644,
30330,
30642,
30332,
30654,
30318,
30318,
30656,
30642,
30330,
30320,
16064,
29358,
30320,
30654,
30330,
16076,
30332,
30318,
30648,
16064,
30330,
30320,
30654,
33234,
1478,
30330,
30332,
30656,
30318,
30644,
30656,
30318,
30656,
30318,
30642,
30332,
33246,
30644,
30332,
30642,
33234,
21906,
30318,
30318,
30320,
30642,
32276,
30642,
16076,
33234,
30656,
30318,
30318,
30644,
30978,
13160,
30318,
30330,
30656,
30656,
30318,
33234,
33570,
30656,
30318,
33234,
21902,
30320,
33236,
30642,
30654,
30644,
30642,
16076,
30320,
30330,
30656,
30320,
30330,
30644,
30332,
30330,
21888,
16076,
33234,
30644,
30656,
32264,
30642,
33236,
30654,
30656,
30320,
30320,
33234,
30638,
30332,
30654,
30320,
30320,
30642,
29360,
30318,
30644,
33248,
30654,
30656,
30318,
16062,
30332,
30656,
30320,
33248,
16074,
30320,
33246,
33560,
30642,
30642,
30332,
21900,
33234,
33248,
30642,
30654,
33236,
30654,
30320,
30654,
30320,
30642,
30332,
33248,
33246,
13160,
30330,
30656,
33234,
30644,
30656,
30642,
13148,
30332,
33234,
30654,
33236,
30654,
33234,
32600,
30654,
30314,
30332,
30332,
33246,
33570,
30644,
16074,
30330,
30318,
33236,
30654,
30656,
30644,
33246,
30644,
16074,
30332,
30642,
16062,
30330,
30656,
30656,
30320,
30642,
16074,
30318,
30644,
30332,
13158,
30318,
30330,
30318,
30656,
33234,
16062,
30326,
30320,
30318,
33236,
33234,
33246,
29684,
30318,
30332,
33246,
21890,
30330,
30644,
16076,
30320,
30654,
16064,
30332,
30654,
16062,
30320,
30332,
33246,
30656,
13142,
33246,
30656,
30318,
30644,
30330,
30968,
30656,
30318,
33248,
30642,
30642,
30332,
33234,
33560,
30654,
30318,
30644,
16062,
30330,
30656,
16062,
30320,
30642,
33248,
16076,
30318,
30332,
33234,
30644,
30330,
21902,
16062,
30332,
30654,
30330,
30318,
33236,
33234,
30642,
30332,
30330,
13160,
33234,
30644,
33246,
30656,
30654,
30644,
30320,
16076,
30324,
30320,
33248,
12186,
33236,
33570,
30654,
30320,
30654,
16076,
30318,
30332,
30978,
33236,
30642,
32276,
29670,
30642,
33246,
30644,
13146,
30326,
30320,
33234,
33570,
30656,
33234,
30644,
30654,
33234,
30638,
30332,
33248,
16076,
30320,
33246,
30654,
30654,
30320,
30656,
33236,
33558,
30642,
30330,
30656,
30318,
16064,
30318,
30330,
33246,
30654,
33236,
30656,
30320,
16077,
30318,
21888,
16076,
30332,
16062,
33246,
30656,
33234,
33882,
33572,
30656,
33234,
33560,
33248,
30654,
33234,
16064,
30320,
30642,
21888,
33248,
30642,
16076,
30332,
30330,
33234,
30654,
33236,
30656,
15104,
33234,
16074,
30318,
30642,
30330,
30654,
30968,
30320,
30980,
33248,
34206,
33248,
30644,
33248,
30654,
16064,
33246,
16064,
30330,
30644,
16074,
33248,
30642,
33248,
30654,
30320,
30654,
30320,
30642,
13158,
33236,
30654,
16062,
30320,
16076,
33234,
33570,
30644,
30330,
30638,
30332,
16074,
33236,
33248,
30654,
30318,
33236,
13146,
30330,
30656,
30320,
33234,
33570,
33236,
30656,
33236,
30654,
30654,
13148,
30318,
33248,
33558,
30644,
33248,
33246,
30642,
33248,
30644,
33246,
30654,
30656,
33234,
30656,
30318,
30968,
13146,
30332,
30320,
30654,
33236,
33570,
30656,
30644,
33246,
13158,
33236,
30642,
33246,
16076,
29358,
30330,
16064,
33248,
30654,
30654,
30644,
33248,
33234,
30642,
33248,
13158,
30318,
33248,
30644,
33246,
33248,
33236,
30654,
30318,
33236,
33234,
30654,
13148,
30332,
30656,
33236,
33246,
30644,
30332,
33248,
33246,
18974,
33246,
30656,
16062,
30320,
30330,
30656,
33236,
33236,
33234,
33560,
30642,
30332,
33248,
21894,
30332,
16076,
33246,
30656,
30656,
16064,
12822,
30330,
33234,
30656,
16062,
12824,
30332,
30318,
16064,
30318,
33248,
30644,
13146,
30332,
33234,
16062,
30320,
30654,
33236,
30654,
33236,
33558,
33246,
30642,
33246,
30644,
33246,
33570,
33570,
21900,
30332,
33234,
30654,
30656,
33234,
33572,
30656,
4392,
33248,
33246,
30642,
30332,
33246,
33560,
30642,
13152,
30320,
33248,
30654,
16064,
30332,
30318,
30642,
30330,
33248,
16074,
30332,
30318,
30332,
13158,
33246,
30654,
33236,
16074,
30320,
30332,
16074,
30330,
30654,
30320,
16064,
30318,
30642,
16076,
16064,
30318,
33246,
13160,
30318,
30320,
30320,
30642,
30330,
33236,
33248,
16062,
15738,
33248,
30654,
30320,
30654,
33236,
13146,
30330,
30644,
33248,
16076,
33234,
33558,
21888,
33248,
13146,
30332,
33234,
16064,
15750,
30330,
30654,
30644,
16076,
30318,
30642,
16076,
33234,
30642,
30644,
33246,
33882,
33572,
30654,
33236,
13158,
16064,
30330,
30656,
16064,
30318,
16074,
33248,
30654,
33236,
30642,
33248,
33570,
30654,
33236,
16074,
16062,
30330,
30656,
33236,
30644,
30330,
16076,
30318,
30978,
33236,
33234,
30654,
16064,
30320,
30978,
16064,
33234,
16074,
30318,
30332,
16076,
30320,
21906,
33248,
33246,
30642,
33246,
33570,
33236,
30642,
33248,
32924,
16064,
30330,
30656,
30654,
33236,
30656,
13146,
30332,
33234,
30654,
30320,
33236,
33570,
33234,
30656,
21894,
16076,
33236,
33246,
30644,
33248,
33570,
30644,
33246,
16074,
30320,
13160,
30318,
30642,
33248,
16074,
33234,
30642,
16074,
15752,
33236,
33248,
30654,
30966,
33234,
33234,
13148,
33246,
16064,
30330,
33236,
33246,
30656,
30320,
33236,
33560,
16062,
33248,
33558,
30642,
33248,
33236,
33248,
30654,
33236,
30656,
30654,
16064,
30318,
30644,
30654,
33236,
33248,
30654,
30320,
16064,
30318,
33246,
33558,
33560,
33570,
30642,
16074,
33236,
33560,
30642,
16076,
30320,
33248,
30654,
13146,
33248,
33240,
13148,
30332,
30654,
33234,
33236,
30654,
30320,
13146,
30330,
13146,
33248,
30644,
16074,
33236,
13158,
30320,
30642,
30644,
33248,
30642,
13158,
16064,
30318,
16076,
12834,
30320,
30332,
16076,
30318,
30654,
16064,
33246,
33572,
33248,
30642,
30642,
33246,
16064,
30320,
33248,
33572,
30654,
30318,
33236,
13148,
30332,
13148,
30330,
30656,
16062,
33246,
16064,
30330,
30656,
13146,
16074,
33236,
30642,
33246,
13158,
30320,
33246,
33248,
33246,
30644,
16076,
30330,
33236,
13146,
33246,
30644,
30332,
13160,
33234,
21890,
16074,
33248,
30656,
30318,
16062,
12824,
33248,
30656,
30654,
13148,
30318,
30332,
16076,
30318,
33248,
30654,
33234,
16064,
33248,
16062,
30330,
16064,
33246,
30644,
30642,
30332,
33248,
13160,
17036,
12834,
30320,
33234,
33572,
30642,
33246,
16062,
33246,
30656,
33234,
33570,
13160,
33234,
30656,
33236,
33236,
33558,
33246,
30644,
33248,
13158,
33236,
33248,
33884,
33570,
30656,
33236,
16062,
33248,
30654,
33236,
16062,
33248,
30654,
30654,
13148,
16074,
30320,
30330,
16076,
33248,
16064,
33246,
30654,
33234,
33570,
13160,
33236,
30642,
33248,
33570,
33560,
30656,
16062,
15740,
33246,
30644,
33248,
33248,
30654,
16062,
16076,
30318,
33248,
30642,
33248,
33884,
33570,
30644,
13160,
16062,
33246,
30644,
16062,
30320,
33246,
16064,
30332,
30320,
33246,
33236,
16074,
33236,
33248,
30642,
13160,
30318,
30980,
33234,
16062,
12824,
33234,
30644,
16064,
16074,
33246,
30656,
16064,
33246,
30656,
16062,
30320,
16074,
15752,
30318,
33246,
30644,
34218,
30656,
30320,
33234,
30656,
31292,
16074,
21570,
30318,
33248,
16076,
33234,
16064,
34208,
31626,
33246,
30654,
33234,
34532,
33248,
16062,
33236,
31616,
30642,
13160,
30318,
33248,
33246,
4410,
34208,
34532,
33246,
34532,
33246,
16074,
30320,
16076,
33234,
33560,
33560,
16074,
34208,
30654,
30656,
16062,
15750,
33248,
30656,
16062,
30332,
33236,
31628,
33236,
33246,
31616,
30654,
33236,
33570,
30656,
33234,
30644,
33248,
30642,
13146,
30332,
33234,
30654,
16062,
15738,
30332,
30320,
16064,
15750,
33236,
30654,
33234,
17036,
34220,
30642,
16076,
30318,
30332,
30654,
16076,
33234,
30642,
13160,
16074,
30318,
34208,
13158,
30318,
30332,
33234,
30644,
16076,
33246,
30656,
17036,
33246,
33236,
30656,
34206,
30642,
34208,
30654,
13158,
33236,
33558,
33894,
16074,
33236,
30644,
16074,
12836,
30330,
33236,
33882,
13146,
30332,
30656,
33236,
33894,
30656,
33234,
4398,
33248,
33234,
30656,
13158,
16064,
33234,
30644,
33236,
33246,
13146,
16076,
30320,
30642,
33246,
21890,
13160,
16062,
33234,
30642,
33248,
33236,
33234,
33560,
30642,
33248,
33572,
33234,
33570,
30654,
33236,
30642,
16076,
30320,
33246,
13148,
33246,
31616,
34218,
16076,
30318,
13158,
16064,
30318,
33248,
30642,
33248,
33558,
30656,
13146,
13160,
30318,
33234,
33560,
30654,
16064,
30318,
33248,
30644,
16074,
12824,
16076,
30332,
30318,
33236,
16076,
16062,
30318,
16076,
33236,
30644,
16076,
30330,
33236,
30654,
13146,
30330,
30968,
33234,
13146,
30320,
33248,
33246,
16064,
12824,
30332,
33234,
30644,
30642,
33248,
30654,
13148,
16076,
33248,
30656,
16062,
33248,
30656,
33236,
33570,
30656,
16064,
30330,
33236,
13160,
33236,
30642,
30332,
30656,
16074,
30332,
33234,
33236,
16062,
33246,
30656,
21906,
33236,
13158,
16062,
30320,
30642,
13160,
33236,
30642,
16076,
16064,
30330,
30318,
30644,
16074,
33246,
13160,
16062,
30330,
33236,
30656,
33236,
16062,
15738,
30332,
33234,
16076,
30318,
30656,
16062,
16064,
15752,
30318,
30332,
13146,
33246,
16064,
30330,
30644,
30330,
16076,
33236,
33570,
16064,
16076,
30318,
13158,
30332,
33248,
33884,
16074,
30318,
33248,
13158,
16064,
30330,
33236,
33558,
30642,
16076,
30320,
13160,
33234,
33248,
33570,
33236,
16062,
30318,
33246,
33236,
33884,
13146,
30332,
13146,
30320,
30642,
33248,
13148,
30330,
16062,
15752,
12824,
30332,
33236,
30654,
30656,
16064,
30318,
16074,
33248,
30642,
33248,
4392,
33248,
30642,
33246,
33558,
13158,
30318,
13254,
18554,
19190,
30216,
4406,
16064,
4086,
18648,
30320,
21906,
18992,
13160,
18654,
18654,
18656,
1496,
21570,
30320,
21908,
21906,
1482,
1172,
21584,
21582,
21894,
18978,
21584,
1484,
19626,
21582,
1482,
18668,
21584,
18978,
21584,
18978,
18654,
19964,
22542,
5372,
5058,
21564,
21894,
4412,
18656,
22556,
22542,
18992,
21582,
2454,
21570,
2468,
1158,
21584,
22868,
18978,
21570,
18992,
21582,
18978,
1482,
18668,
18654,
21582,
21908,
1482,
21584,
5372,
21582,
21894,
21584,
22866,
18980,
30320,
18990,
21584,
19950,
19962,
18656,
21584,
21894,
21572,
21906,
13148,
1170,
21584,
18978,
1482,
21584,
21896,
4400,
21570,
19965,
21570,
21572,
19962,
18668,
18654,
21584,
4398,
18668,
18666,
21584,
19964,
18654,
19316,
22556,
18978,
18990,
18666,
21572,
18992,
22548,
21584,
13148,
5061,
18648,
18984,
19304,
18668,
21584,
18980,
21570,
21572,
21584,
2454,
1160,
22556,
22868,
31292,
18990,
18654,
22544,
18990,
19638,
18656,
18654,
21584,
21894,
18978,
21584,
4400,
21584,
18978,
19640,
1482,
21572,
21906,
21894,
21584,
4398,
2138,
4398,
22544,
18990,
22542,
4412,
18654,
21570,
5384,
22544,
1482,
21572,
22880,
2454,
19740,
21464,
1374,
1056,
21464,
18878,
21474,
18864,
18542,
1382,
21456,
4298,
21470,
21468,
18864,
1368,
1058,
21456,
21798,
18878,
21470,
21794,
4298,
21462,
18878,
4284,
21462,
1382,
1368,
21470,
18864,
21470,
21780,
18876,
1370,
1058,
1044,
21458,
21470,
1368,
18554,
21456,
4298,
1046,
21458,
18876,
21456,
1382,
4284,
18554,
21468,
21782,
21470,
1368,
18554,
1368,
1704,
18540,
21462,
1382,
30222,
21782,
18864,
4296,
1044,
21470,
18864,
18552,
21470,
18866,
4284,
21468,
18866,
18554,
1368,
21458,
21792,
18878,
18540,
21474,
1380,
21470,
21468,
18866,
18540,
1382,
21470,
21780,
1368,
21462,
21458,
1382,
18540,
18548,
21470,
18864,
4298,
18540,
18540,
18878,
18542,
21456,
18878,
18554,
1368,
1380,
21456,
21798,
21794,
18864,
18878,
4284,
21470,
21782,
18864,
21470,
1368,
21470,
1368,
1380,
18540,
21458,
21794,
1382,
18540,
1380,
21462,
21794,
21456,
21782,
18866,
18552,
21468,
18866,
21470,
1370,
21468,
21782,
18866,
4284,
18540,
1382,
21456,
18876,
21456,
21794,
4298,
1046,
4284,
18554,
21468,
21782,
21462,
1382,
18554,
21462,
21782,
21470,
399,
1056,
21468,
18866,
21468,
18866,
21456,
1382,
18542,
21470,
21456,
18876,
18554,
21468,
18866,
1368,
21470,
4284,
18554,
18552,
1368,
21458,
18878,
18866,
21470,
21468,
1370,
21470,
1368,
21468,
21782,
21462,
1382,
18540,
21458,
18878,
21462,
22106,
21456,
1382,
21462,
21464,
21794,
1368,
18554,
1368,
4284,
21470,
18864,
1370,
21468,
21468,
18864,
18876,
1382,
21462,
21470,
18864,
1368,
1058,
21470,
4284,
18554,
21456,
21458,
18878,
21462,
1382,
21456,
17894,
1380,
18554,
21470,
18864,
21458,
21456,
21470,
21780,
18864,
1368,
1370,
21470,
21780,
21458,
18878,
18540,
21458,
21456,
18876,
21456,
18878,
21470,
18866,
21456,
18866,
18552,
18866,
18552,
1370,
21470,
1368,
21462,
21800,
18878,
21458,
21462,
18878,
18554,
18552,
21470,
22119,
18864,
1368,
18554,
21471,
21462,
21458,
18876,
21470,
18864,
21471,
1368,
21470,
21780,
18864,
4298,
18540,
21458,
21794,
21456,
22118,
1370,
18540,
21470,
21468,
21468,
21782,
18866,
18554,
18864,
21456,
18876,
21458,
21464,
18878,
1382,
18540,
21462,
18878,
21462,
21794,
21468,
18866,
21468,
18866,
21468,
1368,
18555,
21468,
21786,
21792,
1383,
21462,
18878,
21462,
21794,
21780,
4290,
21470,
18878,
1382,
21470,
21783,
21780,
21462,
21780,
22106,
18878,
21462,
21794,
18866,
4284,
21470,
21782,
4284,
1056,
21456,
21458,
21792,
21476,
1382,
21458,
21794,
21780,
18866,
18540,
19202,
18878,
21456,
21470,
1368,
21470,
21780,
21792,
21462,
1382,
21468,
21782,
21470,
21468,
1368,
1058,
21470,
21780,
18876,
21470,
18866,
1368,
21456,
4298,
21456,
21792,
21456,
21470,
18866,
18554,
21468,
21476,
21782,
21470,
21468,
18866,
21456,
21792,
18878,
1382,
21456,
30210,
18878,
21462,
21794,
21468,
21782,
18866,
21462,
18878,
21456,
18878,
21456,
18878,
19202,
18864,
21470,
21782,
21780,
18864,
21462,
21464,
4298,
21470,
21462,
21794,
18878,
18552,
18864,
21456,
21462,
21794,
21470,
18866,
30210,
18878,
18878,
21456,
21458,
18878,
21468,
21780,
21456,
18879,
4296,
21470,
21468,
21780,
21470,
1368,
21456,
21458,
398,
4296,
21456,
21456,
21458,
21792,
21470,
21468,
21782,
4284,
21470,
21470,
21456,
1368,
21470,
21782,
21462,
18878,
18540,
21462,
22118,
22118,
22116,
1368,
21470,
1368,
21462,
21794,
21794,
18878,
21456,
21792,
18878,
21462,
21470,
21783,
21456,
21794,
21468,
21782,
21468,
4284,
18554,
21468,
21780,
21456,
21794,
18878,
21468,
1368,
21470,
21782,
21468,
21462,
21795,
18864,
21471,
18864,
21462,
21794,
21794,
22116,
21794,
30222,
18866,
21470,
21780,
21456,
18878,
21468,
18864,
21470,
21471,
18864,
21471,
21780,
21456,
21456,
30222,
21794,
20498,
1380,
21468,
21782,
21458,
21468,
21783,
21456,
21794,
21456,
21794,
21456,
21780,
21794,
18864,
30218,
30212,
4284,
4502,
21686,
13266,
21458,
21468,
21782,
21780,
21470,
18864,
21686,
21468,
18866,
13038,
21687,
19080,
30428,
4298,
30210,
4298,
21456,
30216,
19082,
4500,
30225,
19080,
33357,
21997,
13248,
21686,
30426,
4284,
21468,
30224,
21783,
30204,
21792,
30224,
21792,
30206,
21794,
30440,
21996,
30438,
29772,
21794,
20810,
30440,
30753,
30762,
21783,
18864,
16184,
1260,
21674,
13266,
21686,
21998,
30441,
22002,
4515,
18756,
30440,
30429,
30762,
18866,
21456,
30440,
4500,
13268,
21672,
30434,
22010,
21687,
30426,
16172,
21686,
30426,
22010,
30438,
30426,
30744,
31068,
33354,
30764,
22010,
30432,
30744,
30440,
33126,
21782,
4506,
18771,
1596,
33342,
22011,
13254,
21684,
21996,
30434,
33344,
30765,
30762,
21996,
22332,
29468,
30440,
30756,
30756,
21026,
30440,
30762,
21998,
29466,
30440,
30428,
21996,
30432,
30744,
29454,
30746,
30440,
30756,
21998,
21684,
21998,
30429,
30762,
21996,
21686,
30426,
30764,
30440,
21998,
33342,
30746,
29468,
30764,
29772,
30441,
33336,
33342,
30656,
30638,
29346,
30332,
21996,
20810,
29250,
21780,
30440,
21998,
30438,
30764,
33129,
21792,
4284,
30218,
21780,
1370,
13050,
21674,
21026,
30420,
19080,
30441,
30753,
21996,
21684,
30440,
30428,
30750,
30438,
30438,
30441,
30762,
30744,
30764,
33342,
33234,
30657,
30648,
30636,
21996,
30434,
30426,
30440,
30750,
22010,
30438,
30440,
30440,
21998,
33342,
30756,
30440,
30210,
30656,
33357,
33342,
30540,
33228,
30656,
13140,
30326,
30744,
30420,
30438,
22010,
30438,
30428,
21996,
30224,
4284,
33134,
33458,
30543,
3312,
4299,
30216,
30747,
33336,
22010,
30438,
13254,
20702,
30426,
21996,
22010,
30438,
21794,
33140,
21780,
33128,
29558,
29247,
21780,
16164,
12936,
30435,
21996,
30435,
21996,
30428,
30756,
21996,
30438,
33134,
21782,
29247,
15948,
15630,
3962,
1056,
21686,
30435,
32370,
30759,
21996,
21998,
30438,
30440,
30750,
30438,
13044,
30218,
30210,
33128,
4500,
17786,
29466,
21998,
1596,
21684,
21686,
30438,
30426,
30764,
21998,
30438,
22014,
21996,
30440,
1584,
21692,
30428,
21998,
21684,
22332,
21998,
30438,
21998,
30438,
22016,
30318,
21902,
21582,
30318,
30656,
30330,
21902,
21570,
30320,
30654,
21908,
30320,
21906,
21908,
21680,
30428,
22014,
21692,
21998,
30426,
30440,
22016,
30426,
30654,
30332,
21900,
30320,
30654,
30656,
21906,
33236,
21906,
30318,
30332,
21906,
30320,
30654,
22014,
21692,
31398,
30764,
19082,
30438,
22016,
21998,
30320,
30654,
30318,
30654,
21894,
21902,
30318,
30318,
21908,
30320,
21906,
30318,
21902,
30426,
30426,
30764,
30428,
30762,
21996,
31302,
30656,
21894,
21902,
30318,
31302,
30656,
21900,
30320,
21908,
30318,
21896,
21582,
30320,
31074,
31724,
30764,
21902,
30332,
21902,
33236,
30642,
21900,
30330,
30644,
30330,
30330,
30644,
30642,
21900,
30320,
30320,
30318,
21900,
21888,
30318,
30318,
21902,
30318,
31626,
30330,
21890,
30332,
30318,
30644,
30330,
30330,
21908,
30320,
30966,
21906,
22220,
21570,
30318,
31616,
16064,
30320,
30642,
30642,
30654,
30642,
30332,
30656,
30320,
21900,
30318,
21900,
30318,
30656,
21902,
30318,
30332,
30654,
30656,
30318,
30656,
21888,
30332,
30318,
30654,
21902,
30318,
30642,
30644,
30642,
30330,
30654,
30320,
30980,
30320,
30654,
30318,
30320,
21888,
21570,
30332,
30644,
30330,
30656,
21888,
30318,
30320,
30318,
30978,
21890,
30330,
30330,
13148,
30332,
30654,
30320,
30656,
30320,
21894,
30332,
30330,
30644,
30330,
30656,
30320,
30654,
18974,
21576,
30318,
30332,
21894,
30330,
30332,
30654,
21902,
30330,
30318,
30320,
30318,
30644,
30654,
30320,
21900,
30318,
30320,
30656,
30318,
30968,
21902,
30320,
30642,
21900,
30332,
30318,
33236,
4410,
30320,
30642,
30654,
31290,
18986,
30330,
30656,
30332,
33236,
30654,
16064,
21578,
30330,
30318,
30320,
21888,
30332,
30642,
30332,
30318,
30656,
30656,
29348,
30330,
33236,
21902,
30320,
30332,
21900,
30318,
30656,
30654,
30656,
30318,
16064,
30330,
30320,
30642,
33246,
33236,
30642,
30642,
30332,
30642,
30332,
30642,
30318,
30654,
30656,
30320,
30654,
33236,
30654,
21890,
30320,
30332,
30330,
30332,
30330,
33248,
30644,
30332,
30656,
21900,
30320,
30320,
30654,
30332,
30642,
30320,
30654,
30656,
21888,
30332,
30642,
33248,
30642,
30654,
30320,
30656,
30320,
30320,
30654,
30656,
30654,
33234,
30656,
30656,
30318,
30330,
21890,
30330,
16064,
30330,
16064,
30330,
30318,
30654,
30320,
16062,
30320,
30656,
30318,
33248,
30642,
30332,
30644,
16074,
30332,
33234,
30654,
30320,
30642,
30320,
33248,
21900,
33234,
30656,
30320,
33248,
30642,
30332,
30642,
33246,
30644,
30654,
13146,
30318,
30330,
16076,
30330,
30656,
16062,
30330,
30318,
30644,
30330,
30642,
30332,
30654,
30318,
30318,
30656,
30642,
30330,
30320,
16064,
29358,
30320,
30654,
30330,
16076,
30332,
30318,
30648,
16064,
30330,
30320,
30654,
33234,
1478,
30330,
30332,
30656,
30318,
30644,
30656,
30318,
30656,
30318,
30642,
30332,
33246,
30644,
30332,
30642,
33234,
21906,
30318,
30318,
30320,
30642,
32276,
30642,
16076,
33234,
30656,
30318,
30318,
30644,
30978,
13160,
30318,
30330,
30656,
30656,
30318,
33234,
33570,
30656,
30318,
33234,
21902,
30320,
33236,
30642,
30654,
30644,
30642,
16076,
30320,
30330,
30656,
30320,
30330,
30644,
30332,
30330,
21888,
16076,
33234,
30644,
30656,
32264,
30642,
33236,
30654,
30656,
30320,
30320,
33234,
30638,
30332,
30654,
30320,
30320,
30642,
29360,
30318,
30644,
33248,
30654,
30656,
30318,
16062,
30332,
30656,
30320,
33248,
16074,
30320,
33246,
33560,
30642,
30642,
30332,
21900,
33234,
33248,
30642,
30654,
33236,
30654,
30320,
30654,
30320,
30642,
30332,
33248,
33246,
13160,
30330,
30656,
33234,
30644,
30656,
30642,
13148,
30332,
33234,
30654,
33236,
30654,
33234,
32600,
30654,
30314,
30332,
30332,
33246,
33570,
30644,
16074,
30330,
30318,
33236,
30654,
30656,
30644,
33246,
30644,
16074,
30332,
30642,
16062,
30330,
30656,
30656,
30320,
30642,
16074,
30318,
30644,
30332,
13158,
30318,
30330,
30318,
30656,
33234,
16062,
30326,
30320,
30318,
33236,
33234,
33246,
29684,
30318,
30332,
33246,
21890,
30330,
30644,
16076,
30320,
30654,
16064,
30332,
30654,
16062,
30320,
30332,
33246,
30656,
13142,
33246,
30656,
30318,
30644,
30330,
30968,
30656,
30318,
33248,
30642,
30642,
30332,
33234,
33560,
30654,
30318,
30644,
16062,
30330,
30656,
16062,
30320,
30642,
33248,
16076,
30318,
30332,
33234,
30644,
30330,
21902,
16062,
30332,
30654,
30330,
30318,
33236,
33234,
30642,
30332,
30330,
13160,
33234,
30644,
33246,
30656,
30654,
30644,
30320,
16076,
30324,
30320,
33248,
12186,
33236,
33570,
30654,
30320,
30654,
16076,
30318,
30332,
30978,
33236,
30642,
32276,
29670,
30642,
33246,
30644,
13146,
30326,
30320,
33234,
33570,
30656,
33234,
30644,
30654,
33234,
30638,
30332,
33248,
16076,
30320,
33246,
30654,
30654,
30320,
30656,
33236,
33558,
30642,
30330,
30656,
30318,
16064,
30318,
30330,
33246,
30654,
33236,
30656,
30320,
16077,
30318,
21888,
16076,
30332,
16062,
33246,
30656,
33234,
33882,
33572,
30656,
33234,
33560,
33248,
30654,
33234,
16064,
30320,
30642,
21888,
33248,
30642,
16076,
30332,
30330,
33234,
30654,
33236,
30656,
15104,
33234,
16074,
30318,
30642,
30330,
30654,
30968,
30320,
30980,
33248,
34206,
33248,
30644,
33248,
30654,
16064,
33246,
16064,
30330,
30644,
16074,
33248,
30642,
33248,
30654,
30320,
30654,
30320,
30642,
13158,
33236,
30654,
16062,
30320,
16076,
33234,
33570,
30644,
30330,
30638,
30332,
16074,
33236,
33248,
30654,
30318,
33236,
13146,
30330,
30656,
30320,
33234,
33570,
33236,
30656,
33236,
30654,
30654,
13148,
30318,
33248,
33558,
30644,
33248,
33246,
30642,
33248,
30644,
33246,
30654,
30656,
33234,
30656,
30318,
30968,
13146,
30332,
30320,
30654,
33236,
33570,
30656,
30644,
33246,
13158,
33236,
30642,
33246,
16076,
29358,
30330,
16064,
33248,
30654,
30654,
30644,
33248,
33234,
30642,
33248,
13158,
30318,
33248,
30644,
33246,
33248,
33236,
30654,
30318,
33236,
33234,
30654,
13148,
30332,
30656,
33236,
33246,
30644,
30332,
33248,
33246,
18974,
33246,
30656,
16062,
30320,
30330,
30656,
33236,
33236,
33234,
33560,
30642,
30332,
33248,
21894,
30332,
16076,
33246,
30656,
30656,
16064,
12822,
30330,
33234,
30656,
16062,
12824,
30332,
30318,
16064,
30318,
33248,
30644,
13146,
30332,
33234,
16062,
30320,
30654,
33236,
30654,
33236,
33558,
33246,
30642,
33246,
30644,
33246,
33570,
33570,
21900,
30332,
33234,
30654,
30656,
33234,
33572,
30656,
4392,
33248,
33246,
30642,
30332,
33246,
33560,
30642,
13152,
30320,
33248,
30654,
16064,
30332,
30318,
30642,
30330,
33248,
16074,
30332,
30318,
30332,
13158,
33246,
30654,
33236,
16074,
30320,
30332,
16074,
30330,
30654,
30320,
16064,
30318,
30642,
16076,
16064,
30318,
33246,
13160,
30318,
30320,
30320,
30642,
30330,
33236,
33248,
16062,
15738,
33248,
30654,
30320,
30654,
33236,
13146,
30330,
30644,
33248,
16076,
33234,
33558,
21888,
33248,
13146,
30332,
33234,
16064,
15750,
30330,
30654,
30644,
16076,
30318,
30642,
16076,
33234,
30642,
30644,
33246,
33882,
33572,
30654,
33236,
13158,
16064,
30330,
30656,
16064,
30318,
16074,
33248,
30654,
33236,
30642,
33248,
33570,
30654,
33236,
16074,
16062,
30330,
30656,
33236,
30644,
30330,
16076,
30318,
30978,
33236,
33234,
30654,
16064,
30320,
30978,
16064,
33234,
16074,
30318,
30332,
16076,
30320,
21906,
33248,
33246,
30642,
33246,
33570,
33236,
30642,
33248,
32924,
16064,
30330,
30656,
30654,
33236,
30656,
13146,
30332,
33234,
30654,
30320,
33236,
33570,
33234,
30656,
21894,
16076,
33236,
33246,
30644,
33248,
33570,
30644,
33246,
16074,
30320,
13160,
30318,
30642,
33248,
16074,
33234,
30642,
16074,
15752,
33236,
33248,
30654,
30966,
33234,
33234,
13148,
33246,
16064,
30330,
33236,
33246,
30656,
30320,
33236,
33560,
16062,
33248,
33558,
30642,
33248,
33236,
33248,
30654,
33236,
30656,
30654,
16064,
30318,
30644,
30654,
33236,
33248,
30654,
30320,
16064,
30318,
33246,
33558,
33560,
33570,
30642,
16074,
33236,
33560,
30642,
16076,
30320,
33248,
30654,
13146,
33248,
33240,
13148,
30332,
30654,
33234,
33236,
30654,
30320,
13146,
30330,
13146,
33248,
30644,
16074,
33236,
13158,
30320,
30642,
30644,
33248,
30642,
13158,
16064,
30318,
16076,
12834,
30320,
30332,
16076,
30318,
30654,
16064,
33246,
33572,
33248,
30642,
30642,
33246,
16064,
30320,
33248,
33572,
30654,
30318,
33236,
13148,
30332,
13148,
30330,
30656,
16062,
33246,
16064,
30330,
30656,
13146,
16074,
33236,
30642,
33246,
13158,
30320,
33246,
33248,
33246,
30644,
16076,
30330,
33236,
13146,
33246,
30644,
30332,
13160,
33234,
21890,
16074,
33248,
30656,
30318,
16062,
12824,
33248,
30656,
30654,
13148,
30318,
30332,
16076,
30318,
33248,
30654,
33234,
16064,
33248,
16062,
30330,
16064,
33246,
30644,
30642,
30332,
33248,
13160,
17036,
12834,
30320,
33234,
33572,
30642,
33246,
16062,
33246,
30656,
33234,
33570,
13160,
33234,
30656,
33236,
33236,
33558,
33246,
30644,
33248,
13158,
33236,
33248,
33884,
33570,
30656,
33236,
16062,
33248,
30654,
33236,
16062,
33248,
30654,
30654,
13148,
16074,
30320,
30330,
16076,
33248,
16064,
33246,
30654,
33234,
33570,
13160,
33236,
30642,
33248,
33570,
33560,
30656,
16062,
15740,
33246,
30644,
33248,
33248,
30654,
16062,
16076,
30318,
33248,
30642,
33248,
33884,
33570,
30644,
13160,
16062,
33246,
30644,
16062,
30320,
33246,
16064,
30332,
30320,
33246,
33236,
16074,
33236,
33248,
30642,
13160,
30318,
30980,
33234,
16062,
12824,
33234,
30644,
16064,
16074,
33246,
30656,
16064,
33246,
30656,
16062,
30320,
16074,
15752,
30318,
33246,
30644,
34218,
30656,
30320,
33234,
30656,
31292,
16074,
21570,
30318,
33248,
16076,
33234,
16064,
34208,
31626,
33246,
30654,
33234,
34532,
33248,
16062,
33236,
31616,
30642,
13160,
30318,
33248,
33246,
4410,
34208,
34532,
33246,
34532,
33246,
16074,
30320,
16076,
33234,
33560,
33560,
16074,
34208,
30654,
30656,
16062,
15750,
33248,
30656,
16062,
30332,
33236,
31628,
33236,
33246,
31616,
30654,
33236,
33570,
30656,
33234,
30644,
33248,
30642,
13146,
30332,
33234,
30654,
16062,
15738,
30332,
30320,
16064,
15750,
33236,
30654,
33234,
17036,
34220,
30642,
16076,
30318,
30332,
30654,
16076,
33234,
30642,
13160,
16074,
30318,
34208,
13158,
30318,
30332,
33234,
30644,
16076,
33246,
30656,
17036,
33246,
33236,
30656,
34206,
30642,
34208,
30654,
13158,
33236,
33558,
33894,
16074,
33236,
30644,
16074,
12836,
30330,
33236,
33882,
13146,
30332,
30656,
33236,
33894,
30656,
33234,
4398,
33248,
33234,
30656,
13158,
16064,
33234,
30644,
33236,
33246,
13146,
16076,
30320,
30642,
33246,
21890,
13160,
16062,
33234,
30642,
33248,
33236,
33234,
33560,
30642,
33248,
33572,
33234,
33570,
30654,
33236,
30642,
16076,
30320,
33246,
13148,
33246,
31616,
34218,
16076,
30318,
13158,
16064,
30318,
33248,
30642,
33248,
33558,
30656,
13146,
13160,
30318,
33234,
33560,
30654,
16064,
30318,
33248,
30644,
16074,
12824,
16076,
30332,
30318,
33236,
16076,
16062,
30318,
16076,
33236,
30644,
16076,
30330,
33236,
30654,
13146,
30330,
30968,
33234,
13146,
30320,
33248,
33246,
16064,
12824,
30332,
33234,
30644,
30642,
33248,
30654,
13148,
16076,
33248,
30656,
16062,
33248,
30656,
33236,
33570,
30656,
16064,
30330,
33236,
13160,
33236,
30642,
30332,
30656,
16074,
30332,
33234,
33236,
16062,
33246,
30656,
21906,
33236,
13158,
16062,
30320,
30642,
13160,
33236,
30642,
16076,
16064,
30330,
30318,
30644,
16074,
33246,
13160,
16062,
30330,
33236,
30656,
33236,
16062,
15738,
30332,
33234,
16076,
30318,
30656,
16062,
16064,
15752,
30318,
30332,
13146,
33246,
16064,
30330,
30644,
30330,
16076,
33236,
33570,
16064,
16076,
30318,
13158,
30332,
33248,
33884,
16074,
30318,
33248,
13158,
16064,
30330,
33236,
33558,
30642,
16076,
30320,
13160,
33234,
33248,
33570,
33236,
16062,
30318,
33246,
33236,
33884,
13146,
30332,
13146,
30320,
30642,
33248,
13148,
30330,
16062,
15752,
12824,
30332,
33236,
30654,
30656,
16064,
30318,
16074,
33248,
30642,
33248,
4392,
33248,
30642,
33246,
33558,
13158,
30318,
