frame,t,intent_state
1,0.0,959_959
2,1000.0,959_959
3,2000.0,959_959
4,3000.0,959_959
5,4000.0,959_959
6,5000.0,959_959
7,6000.0,959_959
8,7000.0,959_959
9,8000.0,959_959
10,9000.0,959_959
11,10000.0,959_959
12,11000.0,959_959
13,12000.0,959_959
14,13000.0,959_959
15,14000.0,959_959
16,15000.0,959_959
17,16000.0,959_959
18,17000.0,959_959
19,18000.0,959_959
20,19000.0,959_959
21,20000.0,959_959
22,21000.0,959_959
23,22000.0,959_959
24,23000.0,959_959
25,24000.0,959_959
26,25000.0,959_959
27,26000.0,959_959
28,27000.0,959_959
29,28000.0,959_959
30,29000.0,959_959
31,30000.0,959_959
32,31000.0,959_959
33,32000.0,959_959
34,33000.0,959_959
35,34000.0,959_959
36,35000.0,959_959
37,36000.0,959_959
38,37000.0,959_959
39,38000.0,959_959
40,39000.0,959_959
41,40000.0,959_959
42,41000.0,959_959
43,42000.0,959_959
44,43000.0,959_959
45,44000.0,959_959
46,45000.0,959_959
47,46000.0,959_959
48,47000.0,959_959
49,48000.0,959_959
50,49000.0,959_959
51,50000.0,959_959
52,51000.0,959_959
53,52000.0,959_959
54,53000.0,959_959
55,54000.0,959_959
56,55000.0,959_959
57,56000.0,959_959
58,57000.0,959_959
59,58000.0,959_959
60,59000.0,959_959
61,60000.0,959_959
62,61000.0,959_959
63,62000.0,959_959
64,63000.0,959_959
65,64000.0,959_959
66,65000.0,959_959
67,66000.0,959_959
68,67000.0,959_959
69,68000.0,959_959
70,69000.0,959_959
71,70000.0,959_959
72,71000.0,959_959
73,72000.0,959_959
74,73000.0,959_959
75,74000.0,959_959
76,75000.0,959_959
77,76000.0,959_959
78,77000.0,959_959
79,78000.0,959_959
80,79000.0,959_959
81,80000.0,959_959
82,81000.0,959_959
83,82000.0,959_959
84,83000.0,959_959
85,84000.0,959_959
86,85000.0,959_959
87,86000.0,959_959
88,87000.0,959_959
89,88000.0,959_959
90,89000.0,959_959
91,90000.0,959_959
92,91000.0,959_959
93,92000.0,959_959
94,93000.0,959_959
95,94000.0,959_959
96,95000.0,959_959
97,96000.0,959_959
98,97000.0,959_959
99,98000.0,959_959
100,99000.0,959_959
101,100000.0,959_959
102,101000.0,959_959
103,102000.0,959_959
104,103000.0,959_959
105,104000.0,959_959
106,105000.0,959_959
107,106000.0,959_959
108,107000.0,959_959
109,108000.0,959_959
110,109000.0,959_959
111,110000.0,959_959
112,111000.0,959_959
113,112000.0,959_959
114,113000.0,959_959
115,114000.0,959_959
116,115000.0,959_959
117,116000.0,959_959
118,117000.0,959_959
119,118000.0,959_959
120,119000.0,959_959
121,120000.0,959_959
122,121000.0,959_959
123,122000.0,959_959
124,123000.0,959_959
125,124000.0,959_959
126,125000.0,959_959
127,126000.0,959_959
128,127000.0,959_959
129,128000.0,959_959
130,129000.0,959_959
131,130000.0,959_959
132,131000.0,959_959
133,132000.0,959_959
134,133000.0,959_959
135,134000.0,959_959
136,135000.0,959_959
137,136000.0,959_959
138,137000.0,959_959
139,138000.0,959_959
140,139000.0,959_959
141,140000.0,959_959
142,141000.0,959_959
143,142000.0,959_959
144,143000.0,959_959
145,144000.0,959_959
146,145000.0,959_959
147,146000.0,959_959
148,147000.0,959_959
149,148000.0,959_959
150,149000.0,959_959
151,150000.0,959_959
152,151000.0,959_959
153,152000.0,959_959
154,153000.0,959_959
155,154000.0,959_959
156,155000.0,959_959
157,156000.0,959_959
158,157000.0,959_959
159,158000.0,959_959
160,159000.0,959_959
161,160000.0,959_959
162,161000.0,959_959
163,162000.0,959_959
164,163000.0,959_959
165,164000.0,959_959
166,165000.0,959_959
167,166000.0,959_959
168,167000.0,959_959
169,168000.0,959_959
170,169000.0,959_959
171,170000.0,959_959
172,171000.0,959_959
173,172000.0,959_959
174,173000.0,959_959
175,174000.0,959_959
176,175000.0,959_959
177,176000.0,959_959
178,177000.0,959_959
179,178000.0,959_959
180,179000.0,959_959
181,180000.0,959_959
182,181000.0,959_959
183,182000.0,959_959
184,183000.0,959_959
185,184000.0,959_959
186,185000.0,959_959
187,186000.0,959_959
188,187000.0,959_959
189,188000.0,959_959
190,189000.0,959_959
191,190000.0,959_959
192,191000.0,959_959
193,192000.0,959_959
194,193000.0,959_959
195,194000.0,959_959
196,195000.0,959_959
197,196000.0,959_959
198,197000.0,959_959
199,198000.0,959_959
200,199000.0,959_959
201,200000.0,959_959
202,201000.0,959_959
203,202000.0,959_959
204,203000.0,959_959
205,204000.0,959_959
206,205000.0,959_959
207,206000.0,959_959
208,207000.0,959_959
209,208000.0,959_959
210,209000.0,959_959
211,210000.0,959_959
212,211000.0,959_959
213,212000.0,959_959
214,213000.0,959_959
215,214000.0,959_959
216,215000.0,959_959
217,216000.0,959_959
218,217000.0,959_959
219,218000.0,959_959
220,219000.0,959_959
221,220000.0,959_959
222,221000.0,959_959
223,222000.0,959_959
224,223000.0,959_959
225,224000.0,959_959
226,225000.0,959_959
227,226000.0,959_959
228,227000.0,959_959
229,228000.0,959_959
230,229000.0,959_959
231,230000.0,959_959
232,231000.0,959_959
233,232000.0,959_959
234,233000.0,959_959
235,234000.0,959_959
236,235000.0,959_959
237,236000.0,959_959
238,237000.0,959_959
239,238000.0,959_959
240,239000.0,959_959
241,240000.0,959_959
242,241000.0,959_959
243,242000.0,959_959
244,243000.0,959_959
245,244000.0,959_959
246,245000.0,959_959
247,246000.0,959_959
248,247000.0,959_959
249,248000.0,959_959
250,249000.0,959_959
251,250000.0,959_959
252,251000.0,959_959
253,252000.0,959_959
254,253000.0,959_959
255,254000.0,959_959
256,255000.0,959_959
257,256000.0,959_959
258,257000.0,959_959
259,258000.0,959_959
260,259000.0,959_959
261,260000.0,959_959
262,261000.0,959_959
263,262000.0,959_959
264,263000.0,959_959
265,264000.0,959_959
266,265000.0,959_959
267,266000.0,959_959
268,267000.0,959_959
269,268000.0,959_959
270,269000.0,959_959
271,270000.0,959_959
272,271000.0,959_959
273,272000.0,959_959
274,273000.0,959_959
275,274000.0,959_959
276,275000.0,959_959
277,276000.0,959_959
278,277000.0,959_959
279,278000.0,959_959
280,279000.0,959_959
281,280000.0,959_959
282,281000.0,959_959
283,282000.0,959_959
284,283000.0,959_959
285,284000.0,959_959
286,285000.0,959_959
287,286000.0,959_959
288,287000.0,959_959
289,288000.0,959_959
290,289000.0,959_959
291,290000.0,959_959
292,291000.0,959_959
293,292000.0,959_959
294,293000.0,959_959
295,294000.0,959_959
296,295000.0,959_959
297,296000.0,959_959
298,297000.0,959_959
299,298000.0,959_959
300,299000.0,959_959
301,300000.0,959_959
302,301000.0,959_959
303,302000.0,959_959
304,303000.0,959_959
305,304000.0,959_959
306,305000.0,959_959
307,306000.0,959_959
308,307000.0,959_959
309,308000.0,959_959
310,309000.0,959_959
311,310000.0,959_959
312,311000.0,959_959
313,312000.0,959_959
314,313000.0,959_959
315,314000.0,959_959
316,315000.0,959_959
317,316000.0,959_959
318,317000.0,959_959
319,318000.0,959_959
320,319000.0,959_959
321,320000.0,959_959
322,321000.0,959_959
323,322000.0,959_959
324,323000.0,959_959
325,324000.0,959_959
326,325000.0,959_959
327,326000.0,959_959
328,327000.0,959_959
329,328000.0,959_959
330,329000.0,959_959
331,330000.0,959_959
332,331000.0,959_959
333,332000.0,959_959
334,333000.0,959_959
335,334000.0,959_959
336,335000.0,959_959
337,336000.0,959_959
338,337000.0,959_959
339,338000.0,959_959
340,339000.0,959_959
341,340000.0,959_959
342,341000.0,959_959
343,342000.0,959_959
344,343000.0,959_959
345,344000.0,959_959
346,345000.0,959_959
347,346000.0,959_959
348,347000.0,959_959
349,348000.0,959_959
350,349000.0,959_959
351,350000.0,959_959
352,351000.0,959_959
353,352000.0,959_959
354,353000.0,959_959
355,354000.0,959_959
356,355000.0,959_959
357,356000.0,959_959
358,357000.0,959_959
359,358000.0,959_959
360,359000.0,959_959
361,360000.0,959_959
362,361000.0,959_959
363,362000.0,959_959
364,363000.0,959_959
365,364000.0,959_959
366,365000.0,959_959
367,366000.0,959_959
368,367000.0,959_959
369,368000.0,959_959
370,369000.0,959_959
371,370000.0,959_959
372,371000.0,959_959
373,372000.0,959_959
374,373000.0,959_959
375,374000.0,959_959
376,375000.0,959_959
377,376000.0,959_959
378,377000.0,959_959
379,378000.0,959_959
380,379000.0,959_959
381,380000.0,959_959
382,381000.0,959_959
383,382000.0,959_959
384,383000.0,959_959
385,384000.0,959_959
386,385000.0,959_959
387,386000.0,959_959
388,387000.0,959_959
389,388000.0,959_959
390,389000.0,959_959
391,390000.0,959_959
392,391000.0,959_959
393,392000.0,959_959
394,393000.0,959_959
395,394000.0,959_959
396,395000.0,959_959
397,396000.0,959_959
398,397000.0,959_959
399,398000.0,959_959
400,399000.0,959_959
401,400000.0,959_959
402,401000.0,959_959
403,402000.0,959_959
404,403000.0,959_959
405,404000.0,959_959
406,405000.0,959_959
407,406000.0,959_959
408,407000.0,959_959
409,408000.0,959_959
410,409000.0,959_959
411,410000.0,959_959
412,411000.0,959_959
413,412000.0,959_959
414,413000.0,959_959
415,414000.0,959_959
416,415000.0,959_959
417,416000.0,959_959
418,417000.0,959_959
419,418000.0,959_959
420,419000.0,959_959
421,420000.0,959_959
422,421000.0,959_959
423,422000.0,959_959
424,423000.0,959_959
425,424000.0,959_959
426,425000.0,959_959
427,426000.0,959_959
428,427000.0,959_959
429,428000.0,959_959
430,429000.0,959_959
431,430000.0,959_959
432,431000.0,959_959
433,432000.0,959_959
434,433000.0,959_959
435,434000.0,959_959
436,435000.0,959_959
437,436000.0,959_959
438,437000.0,959_959
439,438000.0,959_959
440,439000.0,959_959
441,440000.0,959_959
442,441000.0,959_959
443,442000.0,959_959
444,443000.0,959_959
445,444000.0,959_959
446,445000.0,959_959
447,446000.0,959_959
448,447000.0,959_959
449,448000.0,959_959
450,449000.0,959_959
451,450000.0,959_959
452,451000.0,959_959
453,452000.0,959_959
454,453000.0,959_959
455,454000.0,959_959
456,455000.0,959_959
457,456000.0,959_959
458,457000.0,959_959
459,458000.0,959_959
460,459000.0,959_959
461,460000.0,959_959
462,461000.0,959_959
463,462000.0,959_959
464,463000.0,959_959
465,464000.0,959_959
466,465000.0,959_959
467,466000.0,959_959
468,467000.0,959_959
469,468000.0,959_959
470,469000.0,959_959
471,470000.0,959_959
472,471000.0,959_959
473,472000.0,959_959
474,473000.0,959_959
475,474000.0,959_959
476,475000.0,959_959
477,476000.0,959_959
478,477000.0,959_959
479,478000.0,959_959
480,479000.0,959_959
481,480000.0,959_959
482,481000.0,959_959
483,482000.0,959_959
484,483000.0,959_959
485,484000.0,959_959
486,485000.0,959_959
487,486000.0,959_959
488,487000.0,959_959
489,488000.0,959_959
490,489000.0,959_959
491,490000.0,959_959
492,491000.0,959_959
493,492000.0,959_959
494,493000.0,959_959
495,494000.0,959_959
496,495000.0,959_959
497,496000.0,959_959
498,497000.0,959_959
499,498000.0,959_959
500,499000.0,959_959
501,500000.0,959_959
502,501000.0,959_959
503,502000.0,959_959
504,503000.0,959_959
505,504000.0,959_959
506,505000.0,959_959
507,506000.0,959_959
508,507000.0,959_959
509,508000.0,959_959
510,509000.0,959_959
511,510000.0,959_959
512,511000.0,959_959
513,512000.0,959_959
514,513000.0,959_959
515,514000.0,959_959
516,515000.0,959_959
517,516000.0,959_959
518,517000.0,959_959
519,518000.0,959_959
520,519000.0,959_959
521,520000.0,959_959
522,521000.0,959_959
523,522000.0,959_959
524,523000.0,959_959
525,524000.0,959_959
526,525000.0,959_959
527,526000.0,959_959
528,527000.0,959_959
529,528000.0,959_959
530,529000.0,959_959
531,530000.0,959_959
532,531000.0,959_959
533,532000.0,959_959
534,533000.0,959_959
535,534000.0,959_959
536,535000.0,959_959
537,536000.0,959_959
538,537000.0,959_959
539,538000.0,959_959
540,539000.0,959_959
541,540000.0,959_959
542,541000.0,959_959
543,542000.0,959_959
544,543000.0,959_959
545,544000.0,959_959
546,545000.0,959_959
547,546000.0,959_959
548,547000.0,959_959
549,548000.0,959_959
550,549000.0,959_959
551,550000.0,959_959
552,551000.0,959_959
553,552000.0,959_959
554,553000.0,959_959
555,554000.0,959_959
556,555000.0,959_959
557,556000.0,959_959
558,557000.0,959_959
559,558000.0,959_959
560,559000.0,959_959
561,560000.0,959_959
562,561000.0,959_959
563,562000.0,959_959
564,563000.0,959_959
565,564000.0,959_959
566,565000.0,959_959
567,566000.0,959_959
568,567000.0,959_959
569,568000.0,959_959
570,569000.0,959_959
571,570000.0,959_959
572,571000.0,959_959
573,572000.0,959_959
574,573000.0,959_959
575,574000.0,959_959
576,575000.0,959_959
577,576000.0,959_959
578,577000.0,959_959
579,578000.0,959_959
580,579000.0,959_959
581,580000.0,959_959
582,581000.0,959_959
583,582000.0,959_959
584,583000.0,959_959
585,584000.0,959_959
586,585000.0,959_959
587,586000.0,959_959
588,587000.0,959_959
589,588000.0,959_959
590,589000.0,959_959
591,590000.0,959_959
592,591000.0,959_959
593,592000.0,959_959
594,593000.0,959_959
595,594000.0,959_959
596,595000.0,959_959
597,596000.0,959_959
598,597000.0,959_959
599,598000.0,959_959
600,599000.0,959_959
601,600000.0,959_959
602,601000.0,959_959
603,602000.0,959_959
604,603000.0,959_959
605,604000.0,959_959
606,605000.0,959_959
607,606000.0,959_959
608,607000.0,959_959
609,608000.0,959_959
610,609000.0,959_959
611,610000.0,959_959
612,611000.0,959_959
613,612000.0,959_959
614,613000.0,959_959
615,614000.0,959_959
616,615000.0,959_959
617,616000.0,959_959
618,617000.0,959_959
619,618000.0,959_959
620,619000.0,959_959
621,620000.0,959_959
622,621000.0,959_959
623,622000.0,959_959
624,623000.0,959_959
625,624000.0,959_959
626,625000.0,959_959
627,626000.0,959_959
628,627000.0,959_959
629,628000.0,959_959
630,629000.0,959_959
631,630000.0,959_959
632,631000.0,959_959
633,632000.0,959_959
634,633000.0,959_959
635,634000.0,959_959
636,635000.0,959_959
637,636000.0,959_959
638,637000.0,959_959
639,638000.0,959_959
640,639000.0,959_959
641,640000.0,959_959
642,641000.0,959_959
643,642000.0,959_959
644,643000.0,959_959
645,644000.0,959_959
646,645000.0,959_959
647,646000.0,959_959
648,647000.0,959_959
649,648000.0,959_959
650,649000.0,959_959
651,650000.0,959_959
652,651000.0,959_959
653,652000.0,959_959
654,653000.0,959_959
655,654000.0,959_959
656,655000.0,959_959
657,656000.0,959_959
658,657000.0,959_959
659,658000.0,959_959
660,659000.0,959_959
661,660000.0,959_959
662,661000.0,959_959
663,662000.0,959_959
664,663000.0,959_959
665,664000.0,959_959
666,665000.0,959_959
667,666000.0,959_959
668,667000.0,959_959
669,668000.0,959_959
670,669000.0,959_959
671,670000.0,959_959
672,671000.0,959_959
673,672000.0,959_959
674,673000.0,959_959
675,674000.0,959_959
676,675000.0,959_959
677,676000.0,959_959
678,677000.0,959_959
679,678000.0,959_959
680,679000.0,959_959
681,680000.0,959_959
682,681000.0,959_959
683,682000.0,959_959
684,683000.0,959_959
685,684000.0,959_959
686,685000.0,959_959
687,686000.0,959_959
688,687000.0,959_959
689,688000.0,959_959
690,689000.0,959_959
691,690000.0,959_959
692,691000.0,959_959
693,692000.0,959_959
694,693000.0,959_959
695,694000.0,959_959
696,695000.0,959_959
697,696000.0,959_959
698,697000.0,959_959
699,698000.0,959_959
700,699000.0,959_959
701,700000.0,959_959
702,701000.0,959_959
703,702000.0,959_959
704,703000.0,959_959
705,704000.0,959_959
706,705000.0,959_959
707,706000.0,959_959
708,707000.0,959_959
709,708000.0,959_959
710,709000.0,959_959
711,710000.0,959_959
712,711000.0,959_959
713,712000.0,959_959
714,713000.0,959_959
715,714000.0,959_959
716,715000.0,959_959
717,716000.0,959_959
718,717000.0,959_959
719,718000.0,959_959
720,719000.0,959_959
721,720000.0,959_959
722,721000.0,959_959
723,722000.0,959_959
724,723000.0,959_959
725,724000.0,959_959
726,725000.0,959_959
727,726000.0,959_959
728,727000.0,959_959
729,728000.0,959_959
730,729000.0,959_959
731,730000.0,959_959
732,731000.0,959_959
733,732000.0,959_959
734,733000.0,959_959
735,734000.0,959_959
736,735000.0,959_959
737,736000.0,959_959
738,737000.0,959_959
739,738000.0,959_959
740,739000.0,959_959
741,740000.0,959_959
742,741000.0,959_959
743,742000.0,959_959
744,743000.0,959_959
745,744000.0,959_959
746,745000.0,959_959
747,746000.0,959_959
748,747000.0,959_959
749,748000.0,959_959
750,749000.0,959_959
751,750000.0,959_959
752,751000.0,959_959
753,752000.0,959_959
754,753000.0,959_959
755,754000.0,959_959
756,755000.0,959_959
757,756000.0,959_959
758,757000.0,959_959
759,758000.0,959_959
760,759000.0,959_959
761,760000.0,959_959
762,761000.0,959_959
763,762000.0,959_959
764,763000.0,959_959
765,764000.0,959_959
766,765000.0,959_959
767,766000.0,959_959
768,767000.0,959_959
769,768000.0,959_959
770,769000.0,959_959
771,770000.0,959_959
772,771000.0,959_959
773,772000.0,959_959
774,773000.0,959_959
775,774000.0,959_959
776,775000.0,959_959
777,776000.0,959_959
778,777000.0,959_959
779,778000.0,959_959
780,779000.0,959_959
781,780000.0,959_959
782,781000.0,959_959
783,782000.0,959_959
784,783000.0,959_959
785,784000.0,959_959
786,785000.0,959_959
787,786000.0,959_959
788,787000.0,959_959
789,788000.0,959_959
790,789000.0,959_959
791,790000.0,959_959
792,791000.0,959_959
793,792000.0,959_959
794,793000.0,959_959
795,794000.0,959_959
796,795000.0,959_959
797,796000.0,959_959
798,797000.0,959_959
799,798000.0,959_959
800,799000.0,959_959
801,800000.0,959_959
802,801000.0,959_959
803,802000.0,959_959
804,803000.0,959_959
805,804000.0,959_959
806,805000.0,959_959
807,806000.0,959_959
808,807000.0,959_959
809,808000.0,959_959
810,809000.0,959_959
811,810000.0,959_959
812,811000.0,959_959
813,812000.0,959_959
814,813000.0,959_959
815,814000.0,959_959
816,815000.0,959_959
817,816000.0,959_959
818,817000.0,959_959
819,818000.0,959_959
820,819000.0,959_959
821,820000.0,959_959
822,821000.0,959_959
823,822000.0,959_959
824,823000.0,959_959
825,824000.0,959_959
826,825000.0,959_959
827,826000.0,959_959
828,827000.0,959_959
829,828000.0,959_959
830,829000.0,959_959
831,830000.0,959_959
832,831000.0,959_959
833,832000.0,959_959
834,833000.0,959_959
835,834000.0,959_959
836,835000.0,959_959
837,836000.0,959_959
838,837000.0,959_959
839,838000.0,959_959
840,839000.0,959_959
841,840000.0,959_959
842,841000.0,959_959
843,842000.0,959_959
844,843000.0,959_959
845,844000.0,959_959
846,845000.0,959_959
847,846000.0,959_959
848,847000.0,959_959
849,848000.0,959_959
850,849000.0,959_959
851,850000.0,959_959
852,851000.0,959_959
853,852000.0,959_959
854,853000.0,959_959
855,854000.0,959_959
856,855000.0,959_959
857,856000.0,959_959
858,857000.0,959_959
859,858000.0,959_959
860,859000.0,959_959
861,860000.0,959_959
862,861000.0,959_959
863,862000.0,959_959
864,863000.0,959_959
865,864000.0,959_959
866,865000.0,959_959
867,866000.0,959_959
868,867000.0,959_959
869,868000.0,959_959
870,869000.0,959_959
871,870000.0,959_959
872,871000.0,959_959
873,872000.0,959_959
874,873000.0,959_959
875,874000.0,959_959
876,875000.0,959_959
877,876000.0,959_959
878,877000.0,959_959
879,878000.0,959_959
880,879000.0,959_959
881,880000.0,959_959
882,881000.0,959_959
883,882000.0,959_959
884,883000.0,959_959
885,884000.0,959_959
886,885000.0,959_959
887,886000.0,959_959
888,887000.0,959_959
889,888000.0,959_959
890,889000.0,959_959
891,890000.0,959_959
892,891000.0,959_959
893,892000.0,959_959
894,893000.0,959_959
895,894000.0,959_959
896,895000.0,959_959
897,896000.0,959_959
898,897000.0,959_959
899,898000.0,959_959
900,899000.0,959_959
901,900000.0,959_959
902,901000.0,959_959
903,902000.0,959_959
904,903000.0,959_959
905,904000.0,959_959
906,905000.0,959_959
907,906000.0,959_959
908,907000.0,959_959
909,908000.0,959_959
910,909000.0,959_959
911,910000.0,959_959
912,911000.0,959_959
913,912000.0,959_959
914,913000.0,959_959
915,914000.0,959_959
916,915000.0,959_959
917,916000.0,959_959
918,917000.0,959_959
919,918000.0,959_959
920,919000.0,959_959
921,920000.0,959_959
922,921000.0,959_959
923,922000.0,959_959
924,923000.0,959_959
925,924000.0,959_959
926,925000.0,959_959
927,926000.0,959_959
928,927000.0,959_959
929,928000.0,959_959
930,929000.0,959_959
931,930000.0,959_959
932,931000.0,959_959
933,932000.0,959_959
934,933000.0,959_959
935,934000.0,959_959
936,935000.0,959_959
937,936000.0,959_959
938,937000.0,959_959
939,938000.0,959_959
940,939000.0,959_959
941,940000.0,959_959
942,941000.0,959_959
943,942000.0,959_959
944,943000.0,959_959
945,944000.0,959_959
946,945000.0,959_959
947,946000.0,959_959
948,947000.0,959_959
949,948000.0,959_959
950,949000.0,959_959
951,950000.0,959_959
952,951000.0,959_959
953,952000.0,959_959
954,953000.0,959_959
955,954000.0,959_959
956,955000.0,959_959
957,956000.0,959_959
958,957000.0,959_959
959,958000.0,959_959
960,959000.0,959_959
961,960000.0,959_959
962,961000.0,959_959
963,962000.0,959_959
964,963000.0,959_959
965,964000.0,959_959
966,965000.0,959_959
967,966000.0,959_959
968,967000.0,959_959
969,968000.0,959_959
970,969000.0,959_959
971,970000.0,959_959
972,971000.0,959_959
973,972000.0,959_959
974,973000.0,959_959
975,974000.0,959_959
976,975000.0,959_959
977,976000.0,959_959
978,977000.0,959_959
979,978000.0,959_959
980,979000.0,959_959
981,980000.0,959_959
982,981000.0,959_959
983,982000.0,959_959
984,983000.0,959_959
985,984000.0,959_959
986,985000.0,959_959
987,986000.0,959_959
988,987000.0,959_959
989,988000.0,959_959
990,989000.0,959_959
991,990000.0,959_959
992,991000.0,959_959
993,992000.0,959_959
994,993000.0,959_959
995,994000.0,959_959
996,995000.0,959_959
997,996000.0,959_959
998,997000.0,959_959
999,998000.0,959_959
1000,999000.0,959_959
1001,1000000.0,959_959
1002,1001000.0,959_959
1003,1002000.0,959_959
1004,1003000.0,959_959
1005,1004000.0,959_959
1006,1005000.0,959_959
1007,1006000.0,959_959
1008,1007000.0,959_959
1009,1008000.0,959_959
1010,1009000.0,959_959
1011,1010000.0,959_959
1012,1011000.0,959_959
1013,1012000.0,959_959
1014,1013000.0,959_959
1015,1014000.0,959_959
1016,1015000.0,959_959
1017,1016000.0,959_959
1018,1017000.0,959_959
1019,1018000.0,959_959
1020,1019000.0,959_959
1021,1020000.0,959_959
1022,1021000.0,959_959
1023,1022000.0,959_959
1024,1023000.0,959_959
1025,1024000.0,959_959
1026,1025000.0,959_959
1027,1026000.0,959_959
1028,1027000.0,959_959
1029,1028000.0,959_959
1030,1029000.0,959_959
1031,1030000.0,959_959
1032,1031000.0,959_959
1033,1032000.0,959_959
1034,1033000.0,959_959
1035,1034000.0,959_959
1036,1035000.0,959_959
1037,1036000.0,959_959
1038,1037000.0,959_959
1039,1038000.0,959_959
1040,1039000.0,959_959
1041,1040000.0,959_959
1042,1041000.0,959_959
1043,1042000.0,959_959
1044,1043000.0,959_959
1045,1044000.0,959_959
1046,1045000.0,959_959
1047,1046000.0,959_959
1048,1047000.0,959_959
1049,1048000.0,959_959
1050,1049000.0,959_959
1051,1050000.0,959_959
1052,1051000.0,959_959
1053,1052000.0,959_959
1054,1053000.0,959_959
1055,1054000.0,959_959
1056,1055000.0,959_959
1057,1056000.0,959_959
1058,1057000.0,959_959
1059,1058000.0,959_959
1060,1059000.0,959_959
1061,1060000.0,959_959
1062,1061000.0,959_959
1063,1062000.0,959_959
1064,1063000.0,959_959
1065,1064000.0,959_959
1066,1065000.0,959_959
1067,1066000.0,959_959
1068,1067000.0,959_959
1069,1068000.0,959_959
1070,1069000.0,959_959
1071,1070000.0,959_959
1072,1071000.0,959_959
1073,1072000.0,959_959
1074,1073000.0,959_959
1075,1074000.0,959_959
1076,1075000.0,959_959
1077,1076000.0,959_959
1078,1077000.0,959_959
1079,1078000.0,959_959
1080,1079000.0,959_959
1081,1080000.0,959_959
1082,1081000.0,959_959
1083,1082000.0,959_959
1084,1083000.0,959_959
1085,1084000.0,959_959
1086,1085000.0,959_959
1087,1086000.0,959_959
1088,1087000.0,959_959
1089,1088000.0,959_959
1090,1089000.0,959_959
1091,1090000.0,959_959
1092,1091000.0,959_959
1093,1092000.0,959_959
1094,1093000.0,959_959
1095,1094000.0,959_959
1096,1095000.0,959_959
1097,1096000.0,959_959
1098,1097000.0,959_959
1099,1098000.0,959_959
1100,1099000.0,959_959
1101,1100000.0,959_959
1102,1101000.0,959_959
1103,1102000.0,959_959
1104,1103000.0,959_959
1105,1104000.0,959_959
1106,1105000.0,959_959
1107,1106000.0,959_959
1108,1107000.0,959_959
1109,1108000.0,959_959
1110,1109000.0,959_959
1111,1110000.0,959_959
1112,1111000.0,959_959
1113,1112000.0,959_959
1114,1113000.0,959_959
1115,1114000.0,959_959
1116,1115000.0,959_959
1117,1116000.0,959_959
1118,1117000.0,959_959
1119,1118000.0,959_959
1120,1119000.0,959_959
1121,1120000.0,959_959
1122,1121000.0,959_959
1123,1122000.0,959_959
1124,1123000.0,959_959
1125,1124000.0,959_959
1126,1125000.0,959_959
1127,1126000.0,959_959
1128,1127000.0,959_959
1129,1128000.0,959_959
1130,1129000.0,959_959
1131,1130000.0,959_959
1132,1131000.0,959_959
1133,1132000.0,959_959
1134,1133000.0,959_959
1135,1134000.0,959_959
1136,1135000.0,959_959
1137,1136000.0,959_959
1138,1137000.0,959_959
1139,1138000.0,959_959
1140,1139000.0,959_959
1141,1140000.0,959_959
1142,1141000.0,959_959
1143,1142000.0,959_959
1144,1143000.0,959_959
1145,1144000.0,959_959
1146,1145000.0,959_959
1147,1146000.0,959_959
1148,1147000.0,959_959
1149,1148000.0,959_959
1150,1149000.0,959_959
1151,1150000.0,959_959
1152,1151000.0,959_959
1153,1152000.0,959_959
1154,1153000.0,959_959
1155,1154000.0,959_959
1156,1155000.0,959_959
1157,1156000.0,959_959
1158,1157000.0,959_959
1159,1158000.0,959_959
1160,1159000.0,959_959
1161,1160000.0,959_959
1162,1161000.0,959_959
1163,1162000.0,959_959
1164,1163000.0,959_959
1165,1164000.0,959_959
1166,1165000.0,959_959
1167,1166000.0,959_959
1168,1167000.0,959_959
1169,1168000.0,959_959
1170,1169000.0,959_959
1171,1170000.0,959_959
1172,1171000.0,959_959
1173,1172000.0,959_959
1174,1173000.0,959_959
1175,1174000.0,959_959
1176,1175000.0,959_959
1177,1176000.0,959_959
1178,1177000.0,959_959
1179,1178000.0,959_959
1180,1179000.0,959_959
1181,1180000.0,959_959
1182,1181000.0,959_959
1183,1182000.0,959_959
1184,1183000.0,959_959
1185,1184000.0,959_959
1186,1185000.0,959_959
1187,1186000.0,959_959
1188,1187000.0,959_959
1189,1188000.0,959_959
1190,1189000.0,959_959
1191,1190000.0,959_959
1192,1191000.0,959_959
1193,1192000.0,959_959
1194,1193000.0,959_959
1195,1194000.0,959_959
1196,1195000.0,959_959
1197,1196000.0,959_959
1198,1197000.0,959_959
1199,1198000.0,959_959
1200,1199000.0,959_959
1201,1200000.0,959_959
1202,1201000.0,959_959
1203,1202000.0,959_959
1204,1203000.0,959_959
1205,1204000.0,959_959
1206,1205000.0,959_959
1207,1206000.0,959_959
1208,1207000.0,959_959
1209,1208000.0,959_959
1210,1209000.0,959_959
1211,1210000.0,959_959
1212,1211000.0,959_959
1213,1212000.0,959_959
1214,1213000.0,959_959
1215,1214000.0,959_959
1216,1215000.0,959_959
1217,1216000.0,959_959
1218,1217000.0,959_959
1219,1218000.0,959_959
1220,1219000.0,959_959
1221,1220000.0,959_959
1222,1221000.0,959_959
1223,1222000.0,959_959
1224,1223000.0,959_959
1225,1224000.0,959_959
1226,1225000.0,959_959
1227,1226000.0,959_959
1228,1227000.0,959_959
1229,1228000.0,959_959
1230,1229000.0,959_959
1231,1230000.0,959_959
1232,1231000.0,959_959
1233,1232000.0,959_959
1234,1233000.0,959_959
1235,1234000.0,959_959
1236,1235000.0,959_959
1237,1236000.0,959_959
1238,1237000.0,959_959
1239,1238000.0,959_959
1240,1239000.0,959_959
1241,1240000.0,959_959
1242,1241000.0,959_959
1243,1242000.0,959_959
1244,1243000.0,959_959
1245,1244000.0,959_959
1246,1245000.0,959_959
1247,1246000.0,959_959
1248,1247000.0,959_959
1249,1248000.0,959_959
1250,1249000.0,959_959
1251,1250000.0,959_959
1252,1251000.0,959_959
1253,1252000.0,959_959
1254,1253000.0,959_959
1255,1254000.0,959_959
1256,1255000.0,959_959
1257,1256000.0,959_959
1258,1257000.0,959_959
1259,1258000.0,959_959
1260,1259000.0,959_959
1261,1260000.0,959_959
1262,1261000.0,959_959
1263,1262000.0,959_959
1264,1263000.0,959_959
1265,1264000.0,959_959
1266,1265000.0,959_959
1267,1266000.0,959_959
1268,1267000.0,959_959
1269,1268000.0,959_959
1270,1269000.0,959_959
1271,1270000.0,959_959
1272,1271000.0,959_959
1273,1272000.0,959_959
1274,1273000.0,959_959
1275,1274000.0,959_959
1276,1275000.0,959_959
1277,1276000.0,959_959
1278,1277000.0,959_959
1279,1278000.0,959_959
1280,1279000.0,959_959
1281,1280000.0,959_959
1282,1281000.0,959_959
1283,1282000.0,959_959
1284,1283000.0,959_959
1285,1284000.0,959_959
1286,1285000.0,959_959
1287,1286000.0,959_959
1288,1287000.0,959_959
1289,1288000.0,959_959
1290,1289000.0,959_959
1291,1290000.0,959_959
1292,1291000.0,959_959
1293,1292000.0,959_959
1294,1293000.0,959_959
1295,1294000.0,959_959
1296,1295000.0,959_959
1297,1296000.0,959_959
1298,1297000.0,959_959
1299,1298000.0,959_959
1300,1299000.0,959_959
1301,1300000.0,959_959
1302,1301000.0,959_959
1303,1302000.0,959_959
1304,1303000.0,959_959
1305,1304000.0,959_959
1306,1305000.0,959_959
1307,1306000.0,959_959
1308,1307000.0,959_959
1309,1308000.0,959_959
1310,1309000.0,959_959
1311,1310000.0,959_959
1312,1311000.0,959_959
1313,1312000.0,959_959
1314,1313000.0,959_959
1315,1314000.0,959_959
1316,1315000.0,959_959
1317,1316000.0,959_959
1318,1317000.0,959_959
1319,1318000.0,959_959
1320,1319000.0,959_959
1321,1320000.0,959_959
1322,1321000.0,959_959
1323,1322000.0,959_959
1324,1323000.0,959_959
1325,1324000.0,959_959
1326,1325000.0,959_959
1327,1326000.0,959_959
1328,1327000.0,959_959
1329,1328000.0,959_959
1330,1329000.0,959_959
1331,1330000.0,959_959
1332,1331000.0,959_959
1333,1332000.0,959_959
1334,1333000.0,959_959
1335,1334000.0,959_959
1336,1335000.0,959_959
1337,1336000.0,959_959
1338,1337000.0,959_959
1339,1338000.0,959_959
1340,1339000.0,959_959
1341,1340000.0,959_959
1342,1341000.0,959_959
1343,1342000.0,959_959
1344,1343000.0,959_959
1345,1344000.0,959_959
1346,1345000.0,959_959
1347,1346000.0,959_959
1348,1347000.0,959_959
1349,1348000.0,959_959
1350,1349000.0,959_959
1351,1350000.0,959_959
1352,1351000.0,959_959
1353,1352000.0,959_959
1354,1353000.0,959_959
1355,1354000.0,959_959
1356,1355000.0,959_959
1357,1356000.0,959_959
1358,1357000.0,959_959
1359,1358000.0,959_959
1360,1359000.0,959_959
1361,1360000.0,959_959
1362,1361000.0,959_959
1363,1362000.0,959_959
1364,1363000.0,959_959
1365,1364000.0,959_959
1366,1365000.0,959_959
1367,1366000.0,959_959
1368,1367000.0,959_959
1369,1368000.0,959_959
1370,1369000.0,959_959
1371,1370000.0,959_959
1372,1371000.0,959_959
1373,1372000.0,959_959
1374,1373000.0,959_959
1375,1374000.0,959_959
1376,1375000.0,959_959
1377,1376000.0,959_959
1378,1377000.0,959_959
1379,1378000.0,959_959
1380,1379000.0,959_959
1381,1380000.0,959_959
1382,1381000.0,959_959
1383,1382000.0,959_959
1384,1383000.0,959_959
1385,1384000.0,959_959
1386,1385000.0,959_959
1387,1386000.0,959_959
1388,1387000.0,959_959
1389,1388000.0,959_959
1390,1389000.0,959_959
1391,1390000.0,959_959
1392,1391000.0,959_959
1393,1392000.0,959_959
1394,1393000.0,959_959
1395,1394000.0,959_959
1396,1395000.0,959_959
1397,1396000.0,959_959
1398,1397000.0,959_959
1399,1398000.0,959_959
1400,1399000.0,959_959
1401,1400000.0,959_959
1402,1401000.0,959_959
1403,1402000.0,959_959
1404,1403000.0,959_959
1405,1404000.0,959_959
1406,1405000.0,959_959
1407,1406000.0,959_959
1408,1407000.0,959_959
1409,1408000.0,959_959
1410,1409000.0,959_959
1411,1410000.0,959_959
1412,1411000.0,959_959
1413,1412000.0,959_959
1414,1413000.0,959_959
1415,1414000.0,959_959
1416,1415000.0,959_959
1417,1416000.0,959_959
1418,1417000.0,959_959
1419,1418000.0,959_959
1420,1419000.0,959_959
1421,1420000.0,959_959
1422,1421000.0,959_959
1423,1422000.0,959_959
1424,1423000.0,959_959
1425,1424000.0,959_959
1426,1425000.0,959_959
1427,1426000.0,959_959
1428,1427000.0,959_959
1429,1428000.0,959_959
1430,1429000.0,959_959
1431,1430000.0,959_959
1432,1431000.0,959_959
1433,1432000.0,959_959
1434,1433000.0,959_959
1435,1434000.0,959_959
1436,1435000.0,959_959
1437,1436000.0,959_959
1438,1437000.0,959_959
1439,1438000.0,959_959
1440,1439000.0,959_959
1441,1440000.0,959_959
1442,1441000.0,959_959
1443,1442000.0,959_959
1444,1443000.0,959_959
1445,1444000.0,959_959
1446,1445000.0,959_959
1447,1446000.0,959_959
1448,1447000.0,959_959
1449,1448000.0,959_959
1450,1449000.0,959_959
1451,1450000.0,959_959
1452,1451000.0,959_959
1453,1452000.0,959_959
1454,1453000.0,959_959
1455,1454000.0,959_959
1456,1455000.0,959_959
1457,1456000.0,959_959
1458,1457000.0,959_959
1459,1458000.0,959_959
1460,1459000.0,959_959
1461,1460000.0,959_959
1462,1461000.0,959_959
1463,1462000.0,959_959
1464,1463000.0,959_959
1465,1464000.0,959_959
1466,1465000.0,959_959
1467,1466000.0,959_959
1468,1467000.0,959_959
1469,1468000.0,959_959
1470,1469000.0,959_959
1471,1470000.0,959_959
1472,1471000.0,959_959
1473,1472000.0,959_959
1474,1473000.0,959_959
1475,1474000.0,959_959
1476,1475000.0,959_959
1477,1476000.0,959_959
1478,1477000.0,959_959
1479,1478000.0,959_959
1480,1479000.0,959_959
1481,1480000.0,959_959
1482,1481000.0,959_959
1483,1482000.0,959_959
1484,1483000.0,959_959
1485,1484000.0,959_959
1486,1485000.0,959_959
1487,1486000.0,959_959
1488,1487000.0,959_959
1489,1488000.0,959_959
1490,1489000.0,959_959
1491,1490000.0,959_959
1492,1491000.0,959_959
1493,1492000.0,959_959
1494,1493000.0,959_959
1495,1494000.0,959_959
1496,1495000.0,959_959
1497,1496000.0,959_959
1498,1497000.0,959_959
1499,1498000.0,959_959
1500,1499000.0,959_959
1501,1500000.0,959_959
1502,1501000.0,959_959
1503,1502000.0,959_959
1504,1503000.0,959_959
1505,1504000.0,959_959
1506,1505000.0,959_959
1507,1506000.0,959_959
1508,1507000.0,959_959
1509,1508000.0,959_959
1510,1509000.0,959_959
1511,1510000.0,959_959
1512,1511000.0,959_959
1513,1512000.0,959_959
1514,1513000.0,959_959
1515,1514000.0,959_959
1516,1515000.0,959_959
1517,1516000.0,959_959
1518,1517000.0,959_959
1519,1518000.0,959_959
1520,1519000.0,959_959
1521,1520000.0,959_959
1522,1521000.0,959_959
1523,1522000.0,959_959
1524,1523000.0,959_959
1525,1524000.0,959_959
1526,1525000.0,959_959
1527,1526000.0,959_959
1528,1527000.0,959_959
1529,1528000.0,959_959
1530,1529000.0,959_959
1531,1530000.0,959_959
1532,1531000.0,959_959
1533,1532000.0,959_959
1534,1533000.0,959_959
1535,1534000.0,959_959
1536,1535000.0,959_959
1537,1536000.0,959_959
1538,1537000.0,959_959
1539,1538000.0,959_959
1540,1539000.0,959_959
1541,1540000.0,959_959
1542,1541000.0,959_959
1543,1542000.0,959_959
1544,1543000.0,959_959
1545,1544000.0,959_959
1546,1545000.0,959_959
1547,1546000.0,959_959
1548,1547000.0,959_959
1549,1548000.0,959_959
1550,1549000.0,959_959
1551,1550000.0,959_959
1552,1551000.0,959_959
1553,1552000.0,959_959
1554,1553000.0,959_959
1555,1554000.0,959_959
1556,1555000.0,959_959
1557,1556000.0,959_959
1558,1557000.0,959_959
1559,1558000.0,959_959
1560,1559000.0,959_959
1561,1560000.0,959_959
1562,1561000.0,959_959
1563,1562000.0,959_959
1564,1563000.0,959_959
1565,1564000.0,959_959
1566,1565000.0,959_959
1567,1566000.0,959_959
1568,1567000.0,959_959
1569,1568000.0,959_959
1570,1569000.0,959_959
1571,1570000.0,959_959
1572,1571000.0,959_959
1573,1572000.0,959_959
1574,1573000.0,959_959
1575,1574000.0,959_959
1576,1575000.0,959_959
1577,1576000.0,959_959
1578,1577000.0,959_959
1579,1578000.0,959_959
1580,1579000.0,959_959
1581,1580000.0,959_959
1582,1581000.0,959_959
1583,1582000.0,959_959
1584,1583000.0,959_959
1585,1584000.0,959_959
1586,1585000.0,959_959
1587,1586000.0,959_959
1588,1587000.0,959_959
1589,1588000.0,959_959
1590,1589000.0,959_959
1591,1590000.0,959_959
1592,1591000.0,959_959
1593,1592000.0,959_959
1594,1593000.0,959_959
1595,1594000.0,959_959
1596,1595000.0,959_959
1597,1596000.0,959_959
1598,1597000.0,959_959
1599,1598000.0,959_959
1600,1599000.0,959_959
1601,1600000.0,959_959
1602,1601000.0,959_959
1603,1602000.0,959_959
1604,1603000.0,959_959
1605,1604000.0,959_959
1606,1605000.0,959_959
1607,1606000.0,959_959
1608,1607000.0,959_959
1609,1608000.0,959_959
1610,1609000.0,959_959
1611,1610000.0,959_959
1612,1611000.0,959_959
1613,1612000.0,959_959
1614,1613000.0,959_959
1615,1614000.0,959_959
1616,1615000.0,959_959
1617,1616000.0,959_959
1618,1617000.0,959_959
1619,1618000.0,959_959
1620,1619000.0,959_959
1621,1620000.0,959_959
1622,1621000.0,959_959
1623,1622000.0,959_959
1624,1623000.0,959_959
1625,1624000.0,959_959
1626,1625000.0,959_959
1627,1626000.0,959_959
1628,1627000.0,959_959
1629,1628000.0,959_959
1630,1629000.0,959_959
1631,1630000.0,959_959
1632,1631000.0,959_959
1633,1632000.0,959_959
1634,1633000.0,959_959
1635,1634000.0,959_959
1636,1635000.0,959_959
1637,1636000.0,959_959
1638,1637000.0,959_959
1639,1638000.0,959_959
1640,1639000.0,959_959
1641,1640000.0,959_959
1642,1641000.0,959_959
1643,1642000.0,959_959
1644,1643000.0,959_959
1645,1644000.0,959_959
1646,1645000.0,959_959
1647,1646000.0,959_959
1648,1647000.0,959_959
1649,1648000.0,959_959
1650,1649000.0,959_959
1651,1650000.0,959_959
1652,1651000.0,959_959
1653,1652000.0,959_959
1654,1653000.0,959_959
1655,1654000.0,959_959
1656,1655000.0,959_959
1657,1656000.0,959_959
1658,1657000.0,959_959
1659,1658000.0,959_959
1660,1659000.0,959_959
1661,1660000.0,959_959
1662,1661000.0,959_959
1663,1662000.0,959_959
1664,1663000.0,959_959
1665,1664000.0,959_959
1666,1665000.0,959_959
1667,1666000.0,959_959
1668,1667000.0,959_959
1669,1668000.0,959_959
1670,1669000.0,959_959
1671,1670000.0,959_959
1672,1671000.0,959_959
1673,1672000.0,959_959
1674,1673000.0,959_959
1675,1674000.0,959_959
1676,1675000.0,959_959
1677,1676000.0,959_959
1678,1677000.0,959_959
1679,1678000.0,959_959
1680,1679000.0,959_959
1681,1680000.0,959_959
1682,1681000.0,959_959
1683,1682000.0,959_959
1684,1683000.0,959_959
1685,1684000.0,959_959
1686,1685000.0,959_959
1687,1686000.0,959_959
1688,1687000.0,959_959
1689,1688000.0,959_959
1690,1689000.0,959_959
1691,1690000.0,959_959
1692,1691000.0,959_959
1693,1692000.0,959_959
1694,1693000.0,959_959
1695,1694000.0,959_959
1696,1695000.0,959_959
1697,1696000.0,959_959
1698,1697000.0,959_959
1699,1698000.0,959_959
1700,1699000.0,959_959
1701,1700000.0,959_959
1702,1701000.0,959_959
1703,1702000.0,959_959
1704,1703000.0,959_959
1705,1704000.0,959_959
1706,1705000.0,959_959
1707,1706000.0,959_959
1708,1707000.0,959_959
1709,1708000.0,959_959
1710,1709000.0,959_959
1711,1710000.0,959_959
1712,1711000.0,959_959
1713,1712000.0,959_959
1714,1713000.0,959_959
1715,1714000.0,959_959
1716,1715000.0,959_959
1717,1716000.0,959_959
1718,1717000.0,959_959
1719,1718000.0,959_959
1720,1719000.0,959_959
1721,1720000.0,959_959
1722,1721000.0,959_959
1723,1722000.0,959_959
1724,1723000.0,959_959
1725,1724000.0,959_959
1726,1725000.0,959_959
1727,1726000.0,959_959
1728,1727000.0,959_959
1729,1728000.0,959_959
1730,1729000.0,959_959
1731,1730000.0,959_959
1732,1731000.0,959_959
1733,1732000.0,959_959
1734,1733000.0,959_959
1735,1734000.0,959_959
1736,1735000.0,959_959
1737,1736000.0,959_959
1738,1737000.0,959_959
1739,1738000.0,959_959
1740,1739000.0,959_959
1741,1740000.0,959_959
1742,1741000.0,959_959
1743,1742000.0,959_959
1744,1743000.0,959_959
1745,1744000.0,959_959
1746,1745000.0,959_959
1747,1746000.0,959_959
1748,1747000.0,959_959
1749,1748000.0,959_959
1750,1749000.0,959_959
1751,1750000.0,959_959
1752,1751000.0,959_959
1753,1752000.0,959_959
1754,1753000.0,959_959
1755,1754000.0,959_959
1756,1755000.0,959_959
1757,1756000.0,959_959
1758,1757000.0,959_959
1759,1758000.0,959_959
1760,1759000.0,959_959
1761,1760000.0,959_959
1762,1761000.0,959_959
1763,1762000.0,959_959
1764,1763000.0,959_959
1765,1764000.0,959_959
1766,1765000.0,959_959
1767,1766000.0,959_959
1768,1767000.0,959_959
1769,1768000.0,959_959
1770,1769000.0,959_959
1771,1770000.0,959_959
1772,1771000.0,959_959
1773,1772000.0,959_959
1774,1773000.0,959_959
1775,1774000.0,959_959
1776,1775000.0,959_959
1777,1776000.0,959_959
1778,1777000.0,959_959
1779,1778000.0,959_959
1780,1779000.0,959_959
1781,1780000.0,959_959
1782,1781000.0,959_959
1783,1782000.0,959_959
1784,1783000.0,959_959
1785,1784000.0,959_959
1786,1785000.0,959_959
1787,1786000.0,959_959
1788,1787000.0,959_959
1789,1788000.0,959_959
1790,1789000.0,959_959
1791,1790000.0,959_959
1792,1791000.0,959_959
1793,1792000.0,959_959
1794,1793000.0,959_959
1795,1794000.0,959_959
1796,1795000.0,959_959
1797,1796000.0,959_959
1798,1797000.0,959_959
1799,1798000.0,959_959
1800,1799000.0,959_959
1801,1800000.0,959_959
1802,1801000.0,959_959
1803,1802000.0,959_959
1804,1803000.0,959_959
1805,1804000.0,959_959
1806,1805000.0,959_959
1807,1806000.0,959_959
1808,1807000.0,959_959
1809,1808000.0,959_959
1810,1809000.0,959_959
1811,1810000.0,959_959
1812,1811000.0,959_959
1813,1812000.0,959_959
1814,1813000.0,959_959
1815,1814000.0,959_959
1816,1815000.0,959_959
1817,1816000.0,959_959
1818,1817000.0,959_959
1819,1818000.0,959_959
1820,1819000.0,959_959
1821,1820000.0,959_959
1822,1821000.0,959_959
1823,1822000.0,959_959
1824,1823000.0,959_959
1825,1824000.0,959_959
1826,1825000.0,959_959
1827,1826000.0,959_959
1828,1827000.0,959_959
1829,1828000.0,959_959
1830,1829000.0,959_959
1831,1830000.0,959_959
1832,1831000.0,959_959
1833,1832000.0,959_959
1834,1833000.0,959_959
1835,1834000.0,959_959
1836,1835000.0,959_959
1837,1836000.0,959_959
1838,1837000.0,959_959
1839,1838000.0,959_959
1840,1839000.0,959_959
1841,1840000.0,959_959
1842,1841000.0,959_959
1843,1842000.0,959_959
1844,1843000.0,959_959
1845,1844000.0,959_959
1846,1845000.0,959_959
1847,1846000.0,959_959
1848,1847000.0,959_959
1849,1848000.0,959_959
1850,1849000.0,959_959
1851,1850000.0,959_959
1852,1851000.0,959_959
1853,1852000.0,959_959
1854,1853000.0,959_959
1855,1854000.0,959_959
1856,1855000.0,959_959
1857,1856000.0,959_959
1858,1857000.0,959_959
1859,1858000.0,959_959
1860,1859000.0,959_959
1861,1860000.0,959_959
1862,1861000.0,959_959
1863,1862000.0,959_959
1864,1863000.0,959_959
1865,1864000.0,959_959
1866,1865000.0,959_959
1867,1866000.0,959_959
1868,1867000.0,959_959
1869,1868000.0,959_959
1870,1869000.0,959_959
1871,1870000.0,959_959
1872,1871000.0,959_959
1873,1872000.0,959_959
1874,1873000.0,959_959
1875,1874000.0,959_959
1876,1875000.0,959_959
1877,1876000.0,959_959
1878,1877000.0,959_959
1879,1878000.0,959_959
1880,1879000.0,959_959
1881,1880000.0,959_959
1882,1881000.0,959_959
1883,1882000.0,959_959
1884,1883000.0,959_959
1885,1884000.0,959_959
1886,1885000.0,959_959
1887,1886000.0,959_959
1888,1887000.0,959_959
1889,1888000.0,959_959
1890,1889000.0,959_959
1891,1890000.0,959_959
1892,1891000.0,959_959
1893,1892000.0,959_959
1894,1893000.0,959_959
1895,1894000.0,959_959
1896,1895000.0,959_959
1897,1896000.0,959_959
1898,1897000.0,959_959
1899,1898000.0,959_959
1900,1899000.0,959_959
1901,1900000.0,959_959
1902,1901000.0,959_959
1903,1902000.0,959_959
1904,1903000.0,959_959
1905,1904000.0,959_959
1906,1905000.0,959_959
1907,1906000.0,959_959
1908,1907000.0,959_959
1909,1908000.0,959_959
1910,1909000.0,959_959
1911,1910000.0,959_959
1912,1911000.0,959_959
1913,1912000.0,959_959
1914,1913000.0,959_959
1915,1914000.0,959_959
1916,1915000.0,959_959
1917,1916000.0,959_959
1918,1917000.0,959_959
1919,1918000.0,959_959
1920,1919000.0,959_959
1921,1920000.0,959_959
1922,1921000.0,959_959
1923,1922000.0,959_959
1924,1923000.0,959_959
1925,1924000.0,959_959
1926,1925000.0,959_959
1927,1926000.0,959_959
1928,1927000.0,959_959
1929,1928000.0,959_959
1930,1929000.0,959_959
1931,1930000.0,959_959
1932,1931000.0,959_959
1933,1932000.0,959_959
1934,1933000.0,959_959
1935,1934000.0,959_959
1936,1935000.0,959_959
1937,1936000.0,959_959
1938,1937000.0,959_959
1939,1938000.0,959_959
1940,1939000.0,959_959
1941,1940000.0,959_959
1942,1941000.0,959_959
1943,1942000.0,959_959
1944,1943000.0,959_959
1945,1944000.0,959_959
1946,1945000.0,959_959
1947,1946000.0,959_959
1948,1947000.0,959_959
1949,1948000.0,959_959
1950,1949000.0,959_959
1951,1950000.0,959_959
1952,1951000.0,959_959
1953,1952000.0,959_959
1954,1953000.0,959_959
1955,1954000.0,959_959
1956,1955000.0,959_959
1957,1956000.0,959_959
1958,1957000.0,959_959
1959,1958000.0,959_959
1960,1959000.0,959_959
1961,1960000.0,959_959
1962,1961000.0,959_959
1963,1962000.0,959_959
1964,1963000.0,959_959
1965,1964000.0,959_959
1966,1965000.0,959_959
1967,1966000.0,959_959
1968,1967000.0,959_959
1969,1968000.0,959_959
1970,1969000.0,959_959
1971,1970000.0,959_959
1972,1971000.0,959_959
1973,1972000.0,959_959
1974,1973000.0,959_959
1975,1974000.0,959_959
1976,1975000.0,959_959
1977,1976000.0,959_959
1978,1977000.0,959_959
1979,1978000.0,959_959
1980,1979000.0,959_959
1981,1980000.0,959_959
1982,1981000.0,959_959
1983,1982000.0,959_959
1984,1983000.0,959_959
1985,1984000.0,959_959
1986,1985000.0,959_959
1987,1986000.0,959_959
1988,1987000.0,959_959
1989,1988000.0,959_959
1990,1989000.0,959_959
1991,1990000.0,959_959
1992,1991000.0,959_959
1993,1992000.0,959_959
1994,1993000.0,959_959
1995,1994000.0,959_959
1996,1995000.0,959_959
1997,1996000.0,959_959
1998,1997000.0,959_959
1999,1998000.0,959_959
2000,1999000.0,959_959
2001,2000000.0,959_959
2002,2001000.0,959_959
2003,2002000.0,959_959
2004,2003000.0,959_959
2005,2004000.0,959_959
2006,2005000.0,959_959
2007,2006000.0,959_959
2008,2007000.0,959_959
2009,2008000.0,959_959
2010,2009000.0,959_959
2011,2010000.0,959_959
2012,2011000.0,959_959
2013,2012000.0,959_959
2014,2013000.0,959_959
2015,2014000.0,959_959
2016,2015000.0,959_959
2017,2016000.0,959_959
2018,2017000.0,959_959
2019,2018000.0,959_959
2020,2019000.0,959_959
2021,2020000.0,959_959
2022,2021000.0,959_959
2023,2022000.0,959_959
2024,2023000.0,959_959
2025,2024000.0,959_959
2026,2025000.0,959_959
2027,2026000.0,959_959
2028,2027000.0,959_959
2029,2028000.0,959_959
2030,2029000.0,959_959
2031,2030000.0,959_959
2032,2031000.0,959_959
2033,2032000.0,959_959
2034,2033000.0,959_959
2035,2034000.0,959_959
2036,2035000.0,959_959
2037,2036000.0,959_959
2038,2037000.0,959_959
2039,2038000.0,959_959
2040,2039000.0,959_959
2041,2040000.0,959_959
2042,2041000.0,959_959
2043,2042000.0,959_959
2044,2043000.0,959_959
2045,2044000.0,959_959
2046,2045000.0,959_959
2047,2046000.0,959_959
2048,2047000.0,959_959
2049,2048000.0,959_959
2050,2049000.0,959_959
2051,2050000.0,959_959
2052,2051000.0,959_959
2053,2052000.0,959_959
2054,2053000.0,959_959
2055,2054000.0,959_959
2056,2055000.0,959_959
2057,2056000.0,959_959
2058,2057000.0,959_959
2059,2058000.0,959_959
2060,2059000.0,959_959
2061,2060000.0,959_959
2062,2061000.0,959_959
2063,2062000.0,959_959
2064,2063000.0,959_959
2065,2064000.0,959_959
2066,2065000.0,959_959
2067,2066000.0,959_959
2068,2067000.0,959_959
2069,2068000.0,959_959
2070,2069000.0,959_959
2071,2070000.0,959_959
2072,2071000.0,959_959
2073,2072000.0,959_959
2074,2073000.0,959_959
2075,2074000.0,959_959
2076,2075000.0,959_959
2077,2076000.0,959_959
2078,2077000.0,959_959
2079,2078000.0,959_959
2080,2079000.0,959_959
2081,2080000.0,959_959
2082,2081000.0,959_959
2083,2082000.0,959_959
2084,2083000.0,959_959
2085,2084000.0,959_959
2086,2085000.0,959_959
2087,2086000.0,959_959
2088,2087000.0,959_959
2089,2088000.0,959_959
2090,2089000.0,959_959
2091,2090000.0,959_959
2092,2091000.0,959_959
2093,2092000.0,959_959
2094,2093000.0,959_959
2095,2094000.0,959_959
2096,2095000.0,959_959
2097,2096000.0,959_959
2098,2097000.0,959_959
2099,2098000.0,959_959
2100,2099000.0,959_959
2101,2100000.0,959_959
2102,2101000.0,959_959
2103,2102000.0,959_959
2104,2103000.0,959_959
2105,2104000.0,959_959
2106,2105000.0,959_959
2107,2106000.0,959_959
2108,2107000.0,959_959
2109,2108000.0,959_959
2110,2109000.0,959_959
2111,2110000.0,959_959
2112,2111000.0,959_959
2113,2112000.0,959_959
2114,2113000.0,959_959
2115,2114000.0,959_959
2116,2115000.0,959_959
2117,2116000.0,959_959
2118,2117000.0,959_959
2119,2118000.0,959_959
2120,2119000.0,959_959
2121,2120000.0,959_959
2122,2121000.0,959_959
2123,2122000.0,959_959
2124,2123000.0,959_959
2125,2124000.0,959_959
2126,2125000.0,959_959
2127,2126000.0,959_959
2128,2127000.0,959_959
2129,2128000.0,959_959
2130,2129000.0,959_959
2131,2130000.0,959_959
2132,2131000.0,959_959
2133,2132000.0,959_959
2134,2133000.0,959_959
2135,2134000.0,959_959
2136,2135000.0,959_959
2137,2136000.0,959_959
2138,2137000.0,959_959
2139,2138000.0,959_959
2140,2139000.0,959_959
2141,2140000.0,959_959
2142,2141000.0,959_959
2143,2142000.0,959_959
2144,2143000.0,959_959
2145,2144000.0,959_959
2146,2145000.0,959_959
2147,2146000.0,959_959
2148,2147000.0,959_959
2149,2148000.0,959_959
2150,2149000.0,959_959
2151,2150000.0,959_959
2152,2151000.0,959_959
2153,2152000.0,959_959
2154,2153000.0,959_959
2155,2154000.0,959_959
2156,2155000.0,959_959
2157,2156000.0,959_959
2158,2157000.0,959_959
2159,2158000.0,959_959
2160,2159000.0,959_959
2161,2160000.0,959_959
2162,2161000.0,959_959
2163,2162000.0,959_959
2164,2163000.0,959_959
2165,2164000.0,959_959
2166,2165000.0,959_959
2167,2166000.0,959_959
2168,2167000.0,959_959
2169,2168000.0,959_959
2170,2169000.0,959_959
2171,2170000.0,959_959
2172,2171000.0,959_959
2173,2172000.0,959_959
2174,2173000.0,959_959
2175,2174000.0,959_959
2176,2175000.0,959_959
2177,2176000.0,959_959
2178,2177000.0,959_959
2179,2178000.0,959_959
2180,2179000.0,959_959
2181,2180000.0,959_959
2182,2181000.0,959_959
2183,2182000.0,959_959
2184,2183000.0,959_959
2185,2184000.0,959_959
2186,2185000.0,959_959
2187,2186000.0,959_959
2188,2187000.0,959_959
2189,2188000.0,959_959
2190,2189000.0,959_959
2191,2190000.0,959_959
2192,2191000.0,959_959
2193,2192000.0,959_959
2194,2193000.0,959_959
2195,2194000.0,959_959
2196,2195000.0,959_959
2197,2196000.0,959_959
2198,2197000.0,959_959
2199,2198000.0,959_959
2200,2199000.0,959_959
2201,2200000.0,959_959
2202,2201000.0,959_959
2203,2202000.0,959_959
2204,2203000.0,959_959
2205,2204000.0,959_959
2206,2205000.0,959_959
2207,2206000.0,959_959
2208,2207000.0,959_959
2209,2208000.0,959_959
2210,2209000.0,959_959
2211,2210000.0,959_959
2212,2211000.0,959_959
2213,2212000.0,959_959
2214,2213000.0,959_959
2215,2214000.0,959_959
2216,2215000.0,959_959
2217,2216000.0,959_959
2218,2217000.0,959_959
2219,2218000.0,959_959
2220,2219000.0,959_959
2221,2220000.0,959_959
2222,2221000.0,959_959
2223,2222000.0,959_959
2224,2223000.0,959_959
2225,2224000.0,959_959
2226,2225000.0,959_959
2227,2226000.0,959_959
2228,2227000.0,959_959
2229,2228000.0,959_959
2230,2229000.0,959_959
2231,2230000.0,959_959
2232,2231000.0,959_959
2233,2232000.0,959_959
2234,2233000.0,959_959
2235,2234000.0,959_959
2236,2235000.0,959_959
2237,2236000.0,959_959
2238,2237000.0,959_959
2239,2238000.0,959_959
2240,2239000.0,959_959
2241,2240000.0,959_959
2242,2241000.0,959_959
2243,2242000.0,959_959
2244,2243000.0,959_959
2245,2244000.0,959_959
2246,2245000.0,959_959
2247,2246000.0,959_959
2248,2247000.0,959_959
2249,2248000.0,959_959
2250,2249000.0,959_959
2251,2250000.0,959_959
2252,2251000.0,959_959
2253,2252000.0,959_959
2254,2253000.0,959_959
2255,2254000.0,959_959
2256,2255000.0,959_959
2257,2256000.0,959_959
2258,2257000.0,959_959
2259,2258000.0,959_959
2260,2259000.0,959_959
2261,2260000.0,959_959
2262,2261000.0,959_959
2263,2262000.0,959_959
2264,2263000.0,959_959
2265,2264000.0,959_959
2266,2265000.0,959_959
2267,2266000.0,959_959
2268,2267000.0,959_959
2269,2268000.0,959_959
2270,2269000.0,959_959
2271,2270000.0,959_959
2272,2271000.0,959_959
2273,2272000.0,959_959
2274,2273000.0,959_959
2275,2274000.0,959_959
2276,2275000.0,959_959
2277,2276000.0,959_959
2278,2277000.0,959_959
2279,2278000.0,959_959
2280,2279000.0,959_959
2281,2280000.0,959_959
2282,2281000.0,959_959
2283,2282000.0,959_959
2284,2283000.0,959_959
2285,2284000.0,959_959
2286,2285000.0,959_959
2287,2286000.0,959_959
2288,2287000.0,959_959
2289,2288000.0,959_959
2290,2289000.0,959_959
2291,2290000.0,959_959
2292,2291000.0,959_959
2293,2292000.0,959_959
2294,2293000.0,959_959
2295,2294000.0,959_959
2296,2295000.0,959_959
2297,2296000.0,959_959
2298,2297000.0,959_959
2299,2298000.0,959_959
2300,2299000.0,959_959
2301,2300000.0,959_959
2302,2301000.0,959_959
2303,2302000.0,959_959
2304,2303000.0,959_959
2305,2304000.0,959_959
2306,2305000.0,959_959
2307,2306000.0,959_959
2308,2307000.0,959_959
2309,2308000.0,959_959
2310,2309000.0,959_959
2311,2310000.0,959_959
2312,2311000.0,959_959
2313,2312000.0,959_959
2314,2313000.0,959_959
2315,2314000.0,959_959
2316,2315000.0,959_959
2317,2316000.0,959_959
2318,2317000.0,959_959
2319,2318000.0,959_959
2320,2319000.0,959_959
2321,2320000.0,959_959
2322,2321000.0,959_959
2323,2322000.0,959_959
2324,2323000.0,959_959
2325,2324000.0,959_959
2326,2325000.0,959_959
2327,2326000.0,959_959
2328,2327000.0,959_959
2329,2328000.0,959_959
2330,2329000.0,959_959
2331,2330000.0,959_959
2332,2331000.0,959_959
2333,2332000.0,959_959
2334,2333000.0,959_959
2335,2334000.0,959_959
2336,2335000.0,959_959
2337,2336000.0,959_959
2338,2337000.0,959_959
2339,2338000.0,959_959
2340,2339000.0,959_959
2341,2340000.0,959_959
2342,2341000.0,959_959
2343,2342000.0,959_959
2344,2343000.0,959_959
2345,2344000.0,959_959
2346,2345000.0,959_959
2347,2346000.0,959_959
2348,2347000.0,959_959
2349,2348000.0,959_959
2350,2349000.0,959_959
2351,2350000.0,959_959
2352,2351000.0,959_959
2353,2352000.0,959_959
2354,2353000.0,959_959
2355,2354000.0,959_959
2356,2355000.0,959_959
2357,2356000.0,959_959
2358,2357000.0,959_959
2359,2358000.0,959_959
2360,2359000.0,959_959
2361,2360000.0,959_959
2362,2361000.0,959_959
2363,2362000.0,959_959
2364,2363000.0,959_959
2365,2364000.0,959_959
2366,2365000.0,959_959
2367,2366000.0,959_959
2368,2367000.0,959_959
2369,2368000.0,959_959
2370,2369000.0,959_959
2371,2370000.0,959_959
2372,2371000.0,959_959
2373,2372000.0,959_959
2374,2373000.0,959_959
2375,2374000.0,959_959
2376,2375000.0,959_959
2377,2376000.0,959_959
2378,2377000.0,959_959
2379,2378000.0,959_959
2380,2379000.0,959_959
2381,2380000.0,959_959
2382,2381000.0,959_959
2383,2382000.0,959_959
2384,2383000.0,959_959
2385,2384000.0,959_959
2386,2385000.0,959_959
2387,2386000.0,959_959
2388,2387000.0,959_959
2389,2388000.0,959_959
2390,2389000.0,959_959
2391,2390000.0,959_959
2392,2391000.0,959_959
2393,2392000.0,959_959
2394,2393000.0,959_959
2395,2394000.0,959_959
2396,2395000.0,959_959
2397,2396000.0,959_959
2398,2397000.0,959_959
2399,2398000.0,959_959
2400,2399000.0,959_959
2401,2400000.0,959_959
2402,2401000.0,959_959
2403,2402000.0,959_959
2404,2403000.0,959_959
2405,2404000.0,959_959
2406,2405000.0,959_959
2407,2406000.0,959_959
2408,2407000.0,959_959
2409,2408000.0,959_959
2410,2409000.0,959_959
2411,2410000.0,959_959
2412,2411000.0,959_959
2413,2412000.0,959_959
2414,2413000.0,959_959
2415,2414000.0,959_959
2416,2415000.0,959_959
2417,2416000.0,959_959
2418,2417000.0,959_959
2419,2418000.0,959_959
2420,2419000.0,959_959
2421,2420000.0,959_959
2422,2421000.0,959_959
2423,2422000.0,959_959
2424,2423000.0,959_959
2425,2424000.0,959_959
2426,2425000.0,959_959
2427,2426000.0,959_959
2428,2427000.0,959_959
2429,2428000.0,959_959
2430,2429000.0,959_959
2431,2430000.0,959_959
2432,2431000.0,959_959
2433,2432000.0,959_959
2434,2433000.0,959_959
2435,2434000.0,959_959
2436,2435000.0,959_959
2437,2436000.0,959_959
2438,2437000.0,959_959
2439,2438000.0,959_959
2440,2439000.0,959_959
2441,2440000.0,959_959
2442,2441000.0,959_959
2443,2442000.0,959_959
2444,2443000.0,959_959
2445,2444000.0,959_959
2446,2445000.0,959_959
2447,2446000.0,959_959
2448,2447000.0,959_959
2449,2448000.0,959_959
2450,2449000.0,959_959
2451,2450000.0,959_959
2452,2451000.0,959_959
2453,2452000.0,959_959
2454,2453000.0,959_959
2455,2454000.0,959_959
2456,2455000.0,959_959
2457,2456000.0,959_959
2458,2457000.0,959_959
2459,2458000.0,959_959
2460,2459000.0,959_959
2461,2460000.0,959_959
2462,2461000.0,959_959
2463,2462000.0,959_959
2464,2463000.0,959_959
2465,2464000.0,959_959
2466,2465000.0,959_959
2467,2466000.0,959_959
2468,2467000.0,959_959
2469,2468000.0,959_959
2470,2469000.0,959_959
2471,2470000.0,959_959
2472,2471000.0,959_959
2473,2472000.0,959_959
2474,2473000.0,959_959
2475,2474000.0,959_959
2476,2475000.0,959_959
2477,2476000.0,959_959
2478,2477000.0,959_959
2479,2478000.0,959_959
2480,2479000.0,959_959
2481,2480000.0,959_959
2482,2481000.0,959_959
2483,2482000.0,959_959
2484,2483000.0,959_959
2485,2484000.0,959_959
2486,2485000.0,959_959
2487,2486000.0,959_959
2488,2487000.0,959_959
2489,2488000.0,959_959
2490,2489000.0,959_959
2491,2490000.0,959_959
2492,2491000.0,959_959
2493,2492000.0,959_959
2494,2493000.0,959_959
2495,2494000.0,959_959
2496,2495000.0,959_959
2497,2496000.0,959_959
2498,2497000.0,959_959
2499,2498000.0,959_959
2500,2499000.0,959_959
2501,2500000.0,959_959
2502,2501000.0,959_959
2503,2502000.0,959_959
2504,2503000.0,959_959
2505,2504000.0,959_959
2506,2505000.0,959_959
2507,2506000.0,959_959
2508,2507000.0,959_959
2509,2508000.0,959_959
2510,2509000.0,959_959
2511,2510000.0,959_959
2512,2511000.0,959_959
2513,2512000.0,959_959
2514,2513000.0,959_959
2515,2514000.0,959_959
2516,2515000.0,959_959
2517,2516000.0,959_959
2518,2517000.0,959_959
2519,2518000.0,959_959
2520,2519000.0,959_959
2521,2520000.0,959_959
2522,2521000.0,959_959
2523,2522000.0,959_959
2524,2523000.0,959_959
2525,2524000.0,959_959
2526,2525000.0,959_959
2527,2526000.0,959_959
2528,2527000.0,959_959
2529,2528000.0,959_959
2530,2529000.0,959_959
2531,2530000.0,959_959
2532,2531000.0,959_959
2533,2532000.0,959_959
2534,2533000.0,959_959
2535,2534000.0,959_959
2536,2535000.0,959_959
2537,2536000.0,959_959
2538,2537000.0,959_959
2539,2538000.0,959_959
2540,2539000.0,959_959
2541,2540000.0,959_959
2542,2541000.0,959_959
2543,2542000.0,959_959
2544,2543000.0,959_959
2545,2544000.0,959_959
2546,2545000.0,959_959
2547,2546000.0,959_959
2548,2547000.0,959_959
2549,2548000.0,959_959
2550,2549000.0,959_959
2551,2550000.0,959_959
2552,2551000.0,959_959
2553,2552000.0,959_959
2554,2553000.0,959_959
2555,2554000.0,959_959
2556,2555000.0,959_959
2557,2556000.0,959_959
2558,2557000.0,959_959
2559,2558000.0,959_959
2560,2559000.0,959_959
2561,2560000.0,959_959
2562,2561000.0,959_959
2563,2562000.0,959_959
2564,2563000.0,959_959
2565,2564000.0,959_959
2566,2565000.0,959_959
2567,2566000.0,959_959
2568,2567000.0,959_959
2569,2568000.0,959_959
2570,2569000.0,959_959
2571,2570000.0,959_959
2572,2571000.0,959_959
2573,2572000.0,959_959
2574,2573000.0,959_959
2575,2574000.0,959_959
2576,2575000.0,959_959
2577,2576000.0,959_959
2578,2577000.0,959_959
2579,2578000.0,959_959
2580,2579000.0,959_959
2581,2580000.0,959_959
2582,2581000.0,959_959
2583,2582000.0,959_959
2584,2583000.0,959_959
2585,2584000.0,959_959
2586,2585000.0,959_959
2587,2586000.0,959_959
2588,2587000.0,959_959
2589,2588000.0,959_959
2590,2589000.0,959_959
2591,2590000.0,959_959
2592,2591000.0,959_959
2593,2592000.0,959_959
2594,2593000.0,959_959
2595,2594000.0,959_959
2596,2595000.0,959_959
2597,2596000.0,959_959
2598,2597000.0,959_959
2599,2598000.0,959_959
2600,2599000.0,959_959
2601,2600000.0,959_959
2602,2601000.0,959_959
2603,2602000.0,959_959
2604,2603000.0,959_959
2605,2604000.0,959_959
2606,2605000.0,959_959
2607,2606000.0,959_959
2608,2607000.0,959_959
2609,2608000.0,959_959
2610,2609000.0,959_959
2611,2610000.0,959_959
2612,2611000.0,959_959
2613,2612000.0,959_959
2614,2613000.0,959_959
2615,2614000.0,959_959
2616,2615000.0,959_959
2617,2616000.0,959_959
2618,2617000.0,959_959
2619,2618000.0,959_959
2620,2619000.0,959_959
2621,2620000.0,959_959
2622,2621000.0,959_959
2623,2622000.0,959_959
2624,2623000.0,959_959
2625,2624000.0,959_959
2626,2625000.0,959_959
2627,2626000.0,959_959
2628,2627000.0,959_959
2629,2628000.0,959_959
2630,2629000.0,959_959
2631,2630000.0,959_959
2632,2631000.0,959_959
2633,2632000.0,959_959
2634,2633000.0,959_959
2635,2634000.0,959_959
2636,2635000.0,959_959
2637,2636000.0,959_959
2638,2637000.0,959_959
2639,2638000.0,959_959
2640,2639000.0,959_959
2641,2640000.0,959_959
2642,2641000.0,959_959
2643,2642000.0,959_959
2644,2643000.0,959_959
2645,2644000.0,959_959
2646,2645000.0,959_959
2647,2646000.0,959_959
2648,2647000.0,959_959
2649,2648000.0,959_959
2650,2649000.0,959_959
2651,2650000.0,959_959
2652,2651000.0,959_959
2653,2652000.0,959_959
2654,2653000.0,959_959
2655,2654000.0,959_959
2656,2655000.0,959_959
2657,2656000.0,959_959
2658,2657000.0,959_959
2659,2658000.0,959_959
2660,2659000.0,959_959
2661,2660000.0,959_959
2662,2661000.0,959_959
2663,2662000.0,959_959
2664,2663000.0,959_959
2665,2664000.0,959_959
2666,2665000.0,959_959
2667,2666000.0,959_959
2668,2667000.0,959_959
2669,2668000.0,959_959
2670,2669000.0,959_959
2671,2670000.0,959_959
2672,2671000.0,959_959
2673,2672000.0,959_959
2674,2673000.0,959_959
2675,2674000.0,959_959
2676,2675000.0,959_959
2677,2676000.0,959_959
2678,2677000.0,959_959
2679,2678000.0,959_959
2680,2679000.0,959_959
2681,2680000.0,959_959
2682,2681000.0,959_959
2683,2682000.0,959_959
2684,2683000.0,959_959
2685,2684000.0,959_959
2686,2685000.0,959_959
2687,2686000.0,959_959
2688,2687000.0,959_959
2689,2688000.0,959_959
2690,2689000.0,959_959
2691,2690000.0,959_959
2692,2691000.0,959_959
2693,2692000.0,959_959
2694,2693000.0,959_959
2695,2694000.0,959_959
2696,2695000.0,959_959
2697,2696000.0,959_959
2698,2697000.0,959_959
2699,2698000.0,959_959
2700,2699000.0,959_959
2701,2700000.0,959_959
2702,2701000.0,959_959
2703,2702000.0,959_959
2704,2703000.0,959_959
2705,2704000.0,959_959
2706,2705000.0,959_959
2707,2706000.0,959_959
2708,2707000.0,959_959
2709,2708000.0,959_959
2710,2709000.0,959_959
2711,2710000.0,959_959
2712,2711000.0,959_959
2713,2712000.0,959_959
2714,2713000.0,959_959
2715,2714000.0,959_959
2716,2715000.0,959_959
2717,2716000.0,959_959
2718,2717000.0,959_959
2719,2718000.0,959_959
2720,2719000.0,959_959
2721,2720000.0,959_959
2722,2721000.0,959_959
2723,2722000.0,959_959
2724,2723000.0,959_959
2725,2724000.0,959_959
2726,2725000.0,959_959
2727,2726000.0,959_959
2728,2727000.0,959_959
2729,2728000.0,959_959
2730,2729000.0,959_959
2731,2730000.0,959_959
2732,2731000.0,959_959
2733,2732000.0,959_959
2734,2733000.0,959_959
2735,2734000.0,959_959
2736,2735000.0,959_959
2737,2736000.0,959_959
2738,2737000.0,959_959
2739,2738000.0,959_959
2740,2739000.0,959_959
2741,2740000.0,959_959
2742,2741000.0,959_959
2743,2742000.0,959_959
2744,2743000.0,959_959
2745,2744000.0,959_959
2746,2745000.0,959_959
2747,2746000.0,959_959
2748,2747000.0,959_959
2749,2748000.0,959_959
2750,2749000.0,959_959
2751,2750000.0,959_959
2752,2751000.0,959_959
2753,2752000.0,959_959
2754,2753000.0,959_959
2755,2754000.0,959_959
2756,2755000.0,959_959
2757,2756000.0,959_959
2758,2757000.0,959_959
2759,2758000.0,959_959
2760,2759000.0,959_959
2761,2760000.0,959_959
2762,2761000.0,959_959
2763,2762000.0,959_959
2764,2763000.0,959_959
2765,2764000.0,959_959
2766,2765000.0,959_959
2767,2766000.0,959_959
2768,2767000.0,959_959
2769,2768000.0,959_959
2770,2769000.0,959_959
2771,2770000.0,959_959
2772,2771000.0,959_959
2773,2772000.0,959_959
2774,2773000.0,959_959
2775,2774000.0,959_959
2776,2775000.0,959_959
2777,2776000.0,959_959
2778,2777000.0,959_959
2779,2778000.0,959_959
2780,2779000.0,959_959
2781,2780000.0,959_959
2782,2781000.0,959_959
2783,2782000.0,959_959
2784,2783000.0,959_959
2785,2784000.0,959_959
2786,2785000.0,959_959
2787,2786000.0,959_959
2788,2787000.0,959_959
2789,2788000.0,959_959
2790,2789000.0,959_959
2791,2790000.0,959_959
2792,2791000.0,959_959
2793,2792000.0,959_959
2794,2793000.0,959_959
2795,2794000.0,959_959
2796,2795000.0,959_959
2797,2796000.0,959_959
2798,2797000.0,959_959
2799,2798000.0,959_959
2800,2799000.0,959_959
2801,2800000.0,959_959
2802,2801000.0,959_959
2803,2802000.0,959_959
2804,2803000.0,959_959
2805,2804000.0,959_959
2806,2805000.0,959_959
2807,2806000.0,959_959
2808,2807000.0,959_959
2809,2808000.0,959_959
2810,2809000.0,959_959
2811,2810000.0,959_959
2812,2811000.0,959_959
2813,2812000.0,959_959
2814,2813000.0,959_959
2815,2814000.0,959_959
2816,2815000.0,959_959
2817,2816000.0,959_959
2818,2817000.0,959_959
2819,2818000.0,959_959
2820,2819000.0,959_959
2821,2820000.0,959_959
2822,2821000.0,959_959
2823,2822000.0,959_959
2824,2823000.0,959_959
2825,2824000.0,959_959
2826,2825000.0,959_959
2827,2826000.0,959_959
2828,2827000.0,959_959
2829,2828000.0,959_959
2830,2829000.0,959_959
2831,2830000.0,959_959
2832,2831000.0,959_959
2833,2832000.0,959_959
2834,2833000.0,959_959
2835,2834000.0,959_959
2836,2835000.0,959_959
2837,2836000.0,959_959
2838,2837000.0,959_959
2839,2838000.0,959_959
2840,2839000.0,959_959
2841,2840000.0,959_959
2842,2841000.0,959_959
2843,2842000.0,959_959
2844,2843000.0,959_959
2845,2844000.0,959_959
2846,2845000.0,959_959
2847,2846000.0,959_959
2848,2847000.0,959_959
2849,2848000.0,959_959
2850,2849000.0,959_959
2851,2850000.0,959_959
2852,2851000.0,959_959
2853,2852000.0,959_959
2854,2853000.0,959_959
2855,2854000.0,959_959
2856,2855000.0,959_959
2857,2856000.0,959_959
2858,2857000.0,959_959
2859,2858000.0,959_959
2860,2859000.0,959_959
2861,2860000.0,959_959
2862,2861000.0,959_959
2863,2862000.0,959_959
2864,2863000.0,959_959
2865,2864000.0,959_959
2866,2865000.0,959_959
2867,2866000.0,959_959
2868,2867000.0,959_959
2869,2868000.0,959_959
2870,2869000.0,959_959
2871,2870000.0,959_959
2872,2871000.0,959_959
2873,2872000.0,959_959
2874,2873000.0,959_959
2875,2874000.0,959_959
2876,2875000.0,959_959
2877,2876000.0,959_959
2878,2877000.0,959_959
2879,2878000.0,959_959
2880,2879000.0,959_959
2881,2880000.0,959_959
2882,2881000.0,959_959
2883,2882000.0,959_959
2884,2883000.0,959_959
2885,2884000.0,959_959
2886,2885000.0,959_959
2887,2886000.0,959_959
2888,2887000.0,959_959
2889,2888000.0,959_959
2890,2889000.0,959_959
2891,2890000.0,959_959
2892,2891000.0,959_959
2893,2892000.0,959_959
2894,2893000.0,959_959
2895,2894000.0,959_959
2896,2895000.0,959_959
2897,2896000.0,959_959
2898,2897000.0,959_959
2899,2898000.0,959_959
2900,2899000.0,959_959
2901,2900000.0,959_959
2902,2901000.0,959_959
2903,2902000.0,959_959
2904,2903000.0,959_959
2905,2904000.0,959_959
2906,2905000.0,959_959
2907,2906000.0,959_959
2908,2907000.0,959_959
2909,2908000.0,959_959
2910,2909000.0,959_959
2911,2910000.0,959_959
2912,2911000.0,959_959
2913,2912000.0,959_959
2914,2913000.0,959_959
2915,2914000.0,959_959
2916,2915000.0,959_959
2917,2916000.0,959_959
2918,2917000.0,959_959
2919,2918000.0,959_959
2920,2919000.0,959_959
2921,2920000.0,959_959
2922,2921000.0,959_959
2923,2922000.0,959_959
2924,2923000.0,959_959
2925,2924000.0,959_959
2926,2925000.0,959_959
2927,2926000.0,959_959
2928,2927000.0,959_959
2929,2928000.0,959_959
2930,2929000.0,959_959
2931,2930000.0,959_959
2932,2931000.0,959_959
2933,2932000.0,959_959
2934,2933000.0,959_959
2935,2934000.0,959_959
2936,2935000.0,959_959
2937,2936000.0,959_959
2938,2937000.0,959_959
2939,2938000.0,959_959
2940,2939000.0,959_959
2941,2940000.0,959_959
2942,2941000.0,959_959
2943,2942000.0,959_959
2944,2943000.0,959_959
2945,2944000.0,959_959
2946,2945000.0,959_959
2947,2946000.0,959_959
2948,2947000.0,959_959
2949,2948000.0,959_959
2950,2949000.0,959_959
2951,2950000.0,959_959
2952,2951000.0,959_959
2953,2952000.0,959_959
2954,2953000.0,959_959
2955,2954000.0,959_959
2956,2955000.0,959_959
2957,2956000.0,959_959
2958,2957000.0,959_959
2959,2958000.0,959_959
2960,2959000.0,959_959
2961,2960000.0,959_959
2962,2961000.0,959_959
2963,2962000.0,959_959
2964,2963000.0,959_959
2965,2964000.0,959_959
2966,2965000.0,959_959
2967,2966000.0,959_959
2968,2967000.0,959_959
2969,2968000.0,959_959
2970,2969000.0,959_959
2971,2970000.0,959_959
2972,2971000.0,959_959
2973,2972000.0,959_959
2974,2973000.0,959_959
2975,2974000.0,959_959
2976,2975000.0,959_959
2977,2976000.0,959_959
2978,2977000.0,959_959
2979,2978000.0,959_959
2980,2979000.0,959_959
2981,2980000.0,959_959
2982,2981000.0,959_959
2983,2982000.0,959_959
2984,2983000.0,959_959
2985,2984000.0,959_959
2986,2985000.0,959_959
2987,2986000.0,959_959
2988,2987000.0,959_959
2989,2988000.0,959_959
2990,2989000.0,959_959
2991,2990000.0,959_959
2992,2991000.0,959_959
2993,2992000.0,959_959
2994,2993000.0,959_959
2995,2994000.0,959_959
2996,2995000.0,959_959
2997,2996000.0,959_959
2998,2997000.0,959_959
2999,2998000.0,959_959
3000,2999000.0,959_959
3001,3000000.0,959_959
3002,3001000.0,959_959
3003,3002000.0,959_959
3004,3003000.0,959_959
3005,3004000.0,959_959
3006,3005000.0,959_959
3007,3006000.0,959_959
3008,3007000.0,959_959
3009,3008000.0,959_959
3010,3009000.0,959_959
3011,3010000.0,959_959
3012,3011000.0,959_959
3013,3012000.0,959_959
3014,3013000.0,959_959
3015,3014000.0,959_959
3016,3015000.0,959_959
3017,3016000.0,959_959
3018,3017000.0,959_959
3019,3018000.0,959_959
3020,3019000.0,959_959
3021,3020000.0,959_959
3022,3021000.0,959_959
3023,3022000.0,959_959
3024,3023000.0,959_959
3025,3024000.0,959_959
3026,3025000.0,959_959
3027,3026000.0,959_959
3028,3027000.0,959_959
3029,3028000.0,959_959
3030,3029000.0,959_959
3031,3030000.0,959_959
3032,3031000.0,959_959
3033,3032000.0,959_959
3034,3033000.0,959_959
3035,3034000.0,959_959
3036,3035000.0,959_959
3037,3036000.0,959_959
3038,3037000.0,959_959
3039,3038000.0,959_959
3040,3039000.0,959_959
3041,3040000.0,959_959
3042,3041000.0,959_959
3043,3042000.0,959_959
3044,3043000.0,959_959
3045,3044000.0,959_959
3046,3045000.0,959_959
3047,3046000.0,959_959
3048,3047000.0,959_959
3049,3048000.0,959_959
3050,3049000.0,959_959
3051,3050000.0,959_959
3052,3051000.0,959_959
3053,3052000.0,959_959
3054,3053000.0,959_959
3055,3054000.0,959_959
3056,3055000.0,959_959
3057,3056000.0,959_959
3058,3057000.0,959_959
3059,3058000.0,959_959
3060,3059000.0,959_959
3061,3060000.0,959_959
3062,3061000.0,959_959
3063,3062000.0,959_959
3064,3063000.0,959_959
3065,3064000.0,959_959
3066,3065000.0,959_959
3067,3066000.0,959_959
3068,3067000.0,959_959
3069,3068000.0,959_959
3070,3069000.0,959_959
3071,3070000.0,959_959
3072,3071000.0,959_959
3073,3072000.0,959_959
3074,3073000.0,959_959
3075,3074000.0,959_959
3076,3075000.0,959_959
3077,3076000.0,959_959
3078,3077000.0,959_959
3079,3078000.0,959_959
3080,3079000.0,959_959
3081,3080000.0,959_959
3082,3081000.0,959_959
3083,3082000.0,959_959
3084,3083000.0,959_959
3085,3084000.0,959_959
3086,3085000.0,959_959
3087,3086000.0,959_959
3088,3087000.0,959_959
3089,3088000.0,959_959
3090,3089000.0,959_959
3091,3090000.0,959_959
3092,3091000.0,959_959
3093,3092000.0,959_959
3094,3093000.0,959_959
3095,3094000.0,959_959
3096,3095000.0,959_959
3097,3096000.0,959_959
3098,3097000.0,959_959
3099,3098000.0,959_959
3100,3099000.0,959_959
3101,3100000.0,959_959
3102,3101000.0,959_959
3103,3102000.0,959_959
3104,3103000.0,959_959
3105,3104000.0,959_959
3106,3105000.0,959_959
3107,3106000.0,959_959
3108,3107000.0,959_959
3109,3108000.0,959_959
3110,3109000.0,959_959
3111,3110000.0,959_959
3112,3111000.0,959_959
3113,3112000.0,959_959
3114,3113000.0,959_959
3115,3114000.0,959_959
3116,3115000.0,959_959
3117,3116000.0,959_959
3118,3117000.0,959_959
3119,3118000.0,959_959
3120,3119000.0,959_959
3121,3120000.0,959_959
3122,3121000.0,959_959
3123,3122000.0,959_959
3124,3123000.0,959_959
3125,3124000.0,959_959
3126,3125000.0,959_959
3127,3126000.0,959_959
3128,3127000.0,959_959
3129,3128000.0,959_959
3130,3129000.0,959_959
3131,3130000.0,959_959
3132,3131000.0,959_959
3133,3132000.0,959_959
3134,3133000.0,959_959
3135,3134000.0,959_959
3136,3135000.0,959_959
3137,3136000.0,959_959
3138,3137000.0,959_959
3139,3138000.0,959_959
3140,3139000.0,959_959
3141,3140000.0,959_959
3142,3141000.0,959_959
3143,3142000.0,959_959
3144,3143000.0,959_959
3145,3144000.0,959_959
3146,3145000.0,959_959
3147,3146000.0,959_959
3148,3147000.0,959_959
3149,3148000.0,959_959
3150,3149000.0,959_959
3151,3150000.0,959_959
3152,3151000.0,959_959
3153,3152000.0,959_959
3154,3153000.0,959_959
3155,3154000.0,959_959
3156,3155000.0,959_959
3157,3156000.0,959_959
3158,3157000.0,959_959
3159,3158000.0,959_959
3160,3159000.0,959_959
3161,3160000.0,959_959
3162,3161000.0,959_959
3163,3162000.0,959_959
3164,3163000.0,959_959
3165,3164000.0,959_959
3166,3165000.0,959_959
3167,3166000.0,959_959
3168,3167000.0,959_959
3169,3168000.0,959_959
3170,3169000.0,959_959
3171,3170000.0,959_959
3172,3171000.0,959_959
3173,3172000.0,959_959
3174,3173000.0,959_959
3175,3174000.0,959_959
3176,3175000.0,959_959
3177,3176000.0,959_959
3178,3177000.0,959_959
3179,3178000.0,959_959
3180,3179000.0,959_959
3181,3180000.0,959_959
3182,3181000.0,959_959
3183,3182000.0,959_959
3184,3183000.0,959_959
3185,3184000.0,959_959
3186,3185000.0,959_959
3187,3186000.0,959_959
3188,3187000.0,959_959
3189,3188000.0,959_959
3190,3189000.0,959_959
3191,3190000.0,959_959
3192,3191000.0,959_959
3193,3192000.0,959_959
3194,3193000.0,959_959
3195,3194000.0,959_959
3196,3195000.0,959_959
3197,3196000.0,959_959
3198,3197000.0,959_959
3199,3198000.0,959_959
3200,3199000.0,959_959
3201,3200000.0,959_959
3202,3201000.0,959_959
3203,3202000.0,959_959
3204,3203000.0,959_959
3205,3204000.0,959_959
3206,3205000.0,959_959
3207,3206000.0,959_959
3208,3207000.0,959_959
3209,3208000.0,959_959
3210,3209000.0,959_959
3211,3210000.0,959_959
3212,3211000.0,959_959
3213,3212000.0,959_959
3214,3213000.0,959_959
3215,3214000.0,959_959
3216,3215000.0,959_959
3217,3216000.0,959_959
3218,3217000.0,959_959
3219,3218000.0,959_959
3220,3219000.0,959_959
3221,3220000.0,959_959
3222,3221000.0,959_959
3223,3222000.0,959_959
3224,3223000.0,959_959
3225,3224000.0,959_959
3226,3225000.0,959_959
3227,3226000.0,959_959
3228,3227000.0,959_959
3229,3228000.0,959_959
3230,3229000.0,959_959
3231,3230000.0,959_959
3232,3231000.0,959_959
3233,3232000.0,959_959
3234,3233000.0,959_959
3235,3234000.0,959_959
3236,3235000.0,959_959
3237,3236000.0,959_959
3238,3237000.0,959_959
3239,3238000.0,959_959
3240,3239000.0,959_959
3241,3240000.0,959_959
3242,3241000.0,959_959
3243,3242000.0,959_959
3244,3243000.0,959_959
3245,3244000.0,959_959
3246,3245000.0,959_959
3247,3246000.0,959_959
3248,3247000.0,959_959
3249,3248000.0,959_959
3250,3249000.0,959_959
3251,3250000.0,959_959
3252,3251000.0,959_959
3253,3252000.0,959_959
3254,3253000.0,959_959
3255,3254000.0,959_959
3256,3255000.0,959_959
3257,3256000.0,959_959
3258,3257000.0,959_959
3259,3258000.0,959_959
3260,3259000.0,959_959
3261,3260000.0,959_959
3262,3261000.0,959_959
3263,3262000.0,959_959
3264,3263000.0,959_959
3265,3264000.0,959_959
3266,3265000.0,959_959
3267,3266000.0,959_959
3268,3267000.0,959_959
3269,3268000.0,959_959
3270,3269000.0,959_959
3271,3270000.0,959_959
3272,3271000.0,959_959
3273,3272000.0,959_959
3274,3273000.0,959_959
3275,3274000.0,959_959
3276,3275000.0,959_959
3277,3276000.0,959_959
3278,3277000.0,959_959
3279,3278000.0,959_959
3280,3279000.0,959_959
3281,3280000.0,959_959
3282,3281000.0,959_959
3283,3282000.0,959_959
3284,3283000.0,959_959
3285,3284000.0,959_959
3286,3285000.0,959_959
3287,3286000.0,959_959
3288,3287000.0,959_959
3289,3288000.0,959_959
3290,3289000.0,959_959
3291,3290000.0,959_959
3292,3291000.0,959_959
3293,3292000.0,959_959
3294,3293000.0,959_959
3295,3294000.0,959_959
3296,3295000.0,959_959
3297,3296000.0,959_959
3298,3297000.0,959_959
3299,3298000.0,959_959
3300,3299000.0,959_959
3301,3300000.0,959_959
3302,3301000.0,959_959
3303,3302000.0,959_959
3304,3303000.0,959_959
3305,3304000.0,959_959
3306,3305000.0,959_959
3307,3306000.0,959_959
3308,3307000.0,959_959
3309,3308000.0,959_959
3310,3309000.0,959_959
3311,3310000.0,959_959
3312,3311000.0,959_959
3313,3312000.0,959_959
3314,3313000.0,959_959
3315,3314000.0,959_959
3316,3315000.0,959_959
3317,3316000.0,959_959
3318,3317000.0,959_959
3319,3318000.0,959_959
3320,3319000.0,959_959
3321,3320000.0,959_959
3322,3321000.0,959_959
3323,3322000.0,959_959
3324,3323000.0,959_959
3325,3324000.0,959_959
3326,3325000.0,959_959
3327,3326000.0,959_959
3328,3327000.0,959_959
3329,3328000.0,959_959
3330,3329000.0,959_959
3331,3330000.0,959_959
3332,3331000.0,959_959
3333,3332000.0,959_959
3334,3333000.0,959_959
3335,3334000.0,959_959
3336,3335000.0,959_959
3337,3336000.0,959_959
3338,3337000.0,959_959
3339,3338000.0,959_959
3340,3339000.0,959_959
3341,3340000.0,959_959
3342,3341000.0,959_959
3343,3342000.0,959_959
3344,3343000.0,959_959
3345,3344000.0,959_959
3346,3345000.0,959_959
3347,3346000.0,959_959
3348,3347000.0,959_959
3349,3348000.0,959_959
3350,3349000.0,959_959
3351,3350000.0,959_959
3352,3351000.0,959_959
3353,3352000.0,959_959
3354,3353000.0,959_959
3355,3354000.0,959_959
3356,3355000.0,959_959
3357,3356000.0,959_959
3358,3357000.0,959_959
3359,3358000.0,959_959
3360,3359000.0,959_959
3361,3360000.0,959_959
3362,3361000.0,959_959
3363,3362000.0,959_959
3364,3363000.0,959_959
3365,3364000.0,959_959
3366,3365000.0,959_959
3367,3366000.0,959_959
3368,3367000.0,959_959
3369,3368000.0,959_959
3370,3369000.0,959_959
3371,3370000.0,959_959
3372,3371000.0,959_959
3373,3372000.0,959_959
3374,3373000.0,959_959
3375,3374000.0,959_959
3376,3375000.0,959_959
3377,3376000.0,959_959
3378,3377000.0,959_959
3379,3378000.0,959_959
3380,3379000.0,959_959
3381,3380000.0,959_959
3382,3381000.0,959_959
3383,3382000.0,959_959
3384,3383000.0,959_959
3385,3384000.0,959_959
3386,3385000.0,959_959
3387,3386000.0,959_959
3388,3387000.0,959_959
3389,3388000.0,959_959
3390,3389000.0,959_959
3391,3390000.0,959_959
3392,3391000.0,959_959
3393,3392000.0,959_959
3394,3393000.0,959_959
3395,3394000.0,959_959
3396,3395000.0,959_959
3397,3396000.0,959_959
3398,3397000.0,959_959
3399,3398000.0,959_959
3400,3399000.0,959_959
3401,3400000.0,959_959
3402,3401000.0,959_959
3403,3402000.0,959_959
3404,3403000.0,959_959
3405,3404000.0,959_959
3406,3405000.0,959_959
3407,3406000.0,959_959
3408,3407000.0,959_959
3409,3408000.0,959_959
3410,3409000.0,959_959
3411,3410000.0,959_959
3412,3411000.0,959_959
3413,3412000.0,959_959
3414,3413000.0,959_959
3415,3414000.0,959_959
3416,3415000.0,959_959
3417,3416000.0,959_959
3418,3417000.0,959_959
3419,3418000.0,959_959
3420,3419000.0,959_959
3421,3420000.0,959_959
3422,3421000.0,959_959
3423,3422000.0,959_959
3424,3423000.0,959_959
3425,3424000.0,959_959
3426,3425000.0,959_959
3427,3426000.0,959_959
3428,3427000.0,959_959
3429,3428000.0,959_959
3430,3429000.0,959_959
3431,3430000.0,959_959
3432,3431000.0,959_959
3433,3432000.0,959_959
3434,3433000.0,959_959
3435,3434000.0,959_959
3436,3435000.0,959_959
3437,3436000.0,959_959
3438,3437000.0,959_959
3439,3438000.0,959_959
3440,3439000.0,959_959
3441,3440000.0,959_959
3442,3441000.0,959_959
3443,3442000.0,959_959
3444,3443000.0,959_959
3445,3444000.0,959_959
3446,3445000.0,959_959
3447,3446000.0,959_959
3448,3447000.0,959_959
3449,3448000.0,959_959
3450,3449000.0,959_959
3451,3450000.0,959_959
3452,3451000.0,959_959
3453,3452000.0,959_959
3454,3453000.0,959_959
3455,3454000.0,959_959
3456,3455000.0,959_959
3457,3456000.0,959_959
3458,3457000.0,959_959
3459,3458000.0,959_959
3460,3459000.0,959_959
3461,3460000.0,959_959
3462,3461000.0,959_959
3463,3462000.0,959_959
3464,3463000.0,959_959
3465,3464000.0,959_959
3466,3465000.0,959_959
3467,3466000.0,959_959
3468,3467000.0,959_959
3469,3468000.0,959_959
3470,3469000.0,959_959
3471,3470000.0,959_959
3472,3471000.0,959_959
3473,3472000.0,959_959
3474,3473000.0,959_959
3475,3474000.0,959_959
3476,3475000.0,959_959
3477,3476000.0,959_959
3478,3477000.0,959_959
3479,3478000.0,959_959
3480,3479000.0,959_959
3481,3480000.0,959_959
3482,3481000.0,959_959
3483,3482000.0,959_959
3484,3483000.0,959_959
3485,3484000.0,959_959
3486,3485000.0,959_959
3487,3486000.0,959_959
3488,3487000.0,959_959
3489,3488000.0,959_959
3490,3489000.0,959_959
3491,3490000.0,959_959
3492,3491000.0,959_959
3493,3492000.0,959_959
3494,3493000.0,959_959
3495,3494000.0,959_959
3496,3495000.0,959_959
3497,3496000.0,959_959
3498,3497000.0,959_959
3499,3498000.0,959_959
3500,3499000.0,959_959
3501,3500000.0,959_959
3502,3501000.0,959_959
3503,3502000.0,959_959
3504,3503000.0,959_959
3505,3504000.0,959_959
3506,3505000.0,959_959
3507,3506000.0,959_959
3508,3507000.0,959_959
3509,3508000.0,959_959
3510,3509000.0,959_959
3511,3510000.0,959_959
3512,3511000.0,959_959
3513,3512000.0,959_959
3514,3513000.0,959_959
3515,3514000.0,959_959
3516,3515000.0,959_959
3517,3516000.0,959_959
3518,3517000.0,959_959
3519,3518000.0,959_959
3520,3519000.0,959_959
3521,3520000.0,959_959
3522,3521000.0,959_959
3523,3522000.0,959_959
3524,3523000.0,959_959
3525,3524000.0,959_959
3526,3525000.0,959_959
3527,3526000.0,959_959
3528,3527000.0,959_959
3529,3528000.0,959_959
3530,3529000.0,959_959
3531,3530000.0,959_959
3532,3531000.0,959_959
3533,3532000.0,959_959
3534,3533000.0,959_959
3535,3534000.0,959_959
3536,3535000.0,959_959
3537,3536000.0,959_959
3538,3537000.0,959_959
3539,3538000.0,959_959
3540,3539000.0,959_959
3541,3540000.0,959_959
3542,3541000.0,959_959
3543,3542000.0,959_959
3544,3543000.0,959_959
3545,3544000.0,959_959
3546,3545000.0,959_959
3547,3546000.0,959_959
3548,3547000.0,959_959
3549,3548000.0,959_959
3550,3549000.0,959_959
3551,3550000.0,959_959
3552,3551000.0,959_959
3553,3552000.0,959_959
3554,3553000.0,959_959
3555,3554000.0,959_959
3556,3555000.0,959_959
3557,3556000.0,959_959
3558,3557000.0,959_959
3559,3558000.0,959_959
3560,3559000.0,959_959
3561,3560000.0,959_959
3562,3561000.0,959_959
3563,3562000.0,959_959
3564,3563000.0,959_959
3565,3564000.0,959_959
3566,3565000.0,959_959
3567,3566000.0,959_959
3568,3567000.0,959_959
3569,3568000.0,959_959
3570,3569000.0,959_959
3571,3570000.0,959_959
3572,3571000.0,959_959
3573,3572000.0,959_959
3574,3573000.0,959_959
3575,3574000.0,959_959
3576,3575000.0,959_959
3577,3576000.0,959_959
3578,3577000.0,959_959
3579,3578000.0,959_959
3580,3579000.0,959_959
3581,3580000.0,959_959
3582,3581000.0,959_959
3583,3582000.0,959_959
3584,3583000.0,959_959
3585,3584000.0,959_959
3586,3585000.0,959_959
3587,3586000.0,959_959
3588,3587000.0,959_959
3589,3588000.0,959_959
3590,3589000.0,959_959
3591,3590000.0,959_959
3592,3591000.0,959_959
3593,3592000.0,959_959
3594,3593000.0,959_959
3595,3594000.0,959_959
3596,3595000.0,959_959
3597,3596000.0,959_959
3598,3597000.0,959_959
3599,3598000.0,959_959
3600,3599000.0,959_959
3601,3600000.0,959_959
3602,3601000.0,959_959
3603,3602000.0,959_959
3604,3603000.0,959_959
3605,3604000.0,959_959
3606,3605000.0,959_959
3607,3606000.0,959_959
3608,3607000.0,959_959
3609,3608000.0,959_959
3610,3609000.0,959_959
3611,3610000.0,959_959
3612,3611000.0,959_959
3613,3612000.0,959_959
3614,3613000.0,959_959
3615,3614000.0,959_959
3616,3615000.0,959_959
3617,3616000.0,959_959
3618,3617000.0,959_959
3619,3618000.0,959_959
3620,3619000.0,959_959
3621,3620000.0,959_959
3622,3621000.0,959_959
3623,3622000.0,959_959
3624,3623000.0,959_959
3625,3624000.0,959_959
3626,3625000.0,959_959
3627,3626000.0,959_959
3628,3627000.0,959_959
3629,3628000.0,959_959
3630,3629000.0,959_959
3631,3630000.0,959_959
3632,3631000.0,959_959
3633,3632000.0,959_959
3634,3633000.0,959_959
3635,3634000.0,959_959
3636,3635000.0,959_959
3637,3636000.0,959_959
3638,3637000.0,959_959
3639,3638000.0,959_959
3640,3639000.0,959_959
3641,3640000.0,959_959
3642,3641000.0,959_959
3643,3642000.0,959_959
3644,3643000.0,959_959
3645,3644000.0,959_959
3646,3645000.0,959_959
3647,3646000.0,959_959
3648,3647000.0,959_959
3649,3648000.0,959_959
3650,3649000.0,959_959
3651,3650000.0,959_959
3652,3651000.0,959_959
3653,3652000.0,959_959
3654,3653000.0,959_959
3655,3654000.0,959_959
3656,3655000.0,959_959
3657,3656000.0,959_959
3658,3657000.0,959_959
3659,3658000.0,959_959
3660,3659000.0,959_959
3661,3660000.0,959_959
3662,3661000.0,959_959
3663,3662000.0,959_959
3664,3663000.0,959_959
3665,3664000.0,959_959
3666,3665000.0,959_959
3667,3666000.0,959_959
3668,3667000.0,959_959
3669,3668000.0,959_959
3670,3669000.0,959_959
3671,3670000.0,959_959
3672,3671000.0,959_959
3673,3672000.0,959_959
3674,3673000.0,959_959
3675,3674000.0,959_959
3676,3675000.0,959_959
3677,3676000.0,959_959
3678,3677000.0,959_959
3679,3678000.0,959_959
3680,3679000.0,959_959
3681,3680000.0,959_959
3682,3681000.0,959_959
3683,3682000.0,959_959
3684,3683000.0,959_959
3685,3684000.0,959_959
3686,3685000.0,959_959
3687,3686000.0,959_959
3688,3687000.0,959_959
3689,3688000.0,959_959
3690,3689000.0,959_959
3691,3690000.0,959_959
3692,3691000.0,959_959
3693,3692000.0,959_959
3694,3693000.0,959_959
3695,3694000.0,959_959
3696,3695000.0,959_959
3697,3696000.0,959_959
3698,3697000.0,959_959
3699,3698000.0,959_959
3700,3699000.0,959_959
3701,3700000.0,959_959
3702,3701000.0,959_959
3703,3702000.0,959_959
3704,3703000.0,959_959
3705,3704000.0,959_959
3706,3705000.0,959_959
3707,3706000.0,959_959
3708,3707000.0,959_959
3709,3708000.0,959_959
3710,3709000.0,959_959
3711,3710000.0,959_959
3712,3711000.0,959_959
3713,3712000.0,959_959
3714,3713000.0,959_959
3715,3714000.0,959_959
3716,3715000.0,959_959
3717,3716000.0,959_959
3718,3717000.0,959_959
3719,3718000.0,959_959
3720,3719000.0,959_959
3721,3720000.0,959_959
3722,3721000.0,959_959
3723,3722000.0,959_959
3724,3723000.0,959_959
3725,3724000.0,959_959
3726,3725000.0,959_959
3727,3726000.0,959_959
3728,3727000.0,959_959
3729,3728000.0,959_959
3730,3729000.0,959_959
3731,3730000.0,959_959
3732,3731000.0,959_959
3733,3732000.0,959_959
3734,3733000.0,959_959
3735,3734000.0,959_959
3736,3735000.0,959_959
3737,3736000.0,959_959
3738,3737000.0,959_959
3739,3738000.0,959_959
3740,3739000.0,959_959
3741,3740000.0,959_959
3742,3741000.0,959_959
3743,3742000.0,959_959
3744,3743000.0,959_959
3745,3744000.0,959_959
3746,3745000.0,959_959
3747,3746000.0,959_959
3748,3747000.0,959_959
3749,3748000.0,959_959
3750,3749000.0,959_959
3751,3750000.0,959_959
3752,3751000.0,959_959
3753,3752000.0,959_959
3754,3753000.0,959_959
3755,3754000.0,959_959
3756,3755000.0,959_959
3757,3756000.0,959_959
3758,3757000.0,959_959
3759,3758000.0,959_959
3760,3759000.0,959_959
3761,3760000.0,959_959
3762,3761000.0,959_959
3763,3762000.0,959_959
3764,3763000.0,959_959
3765,3764000.0,959_959
3766,3765000.0,959_959
3767,3766000.0,959_959
3768,3767000.0,959_959
3769,3768000.0,959_959
3770,3769000.0,959_959
3771,3770000.0,959_959
3772,3771000.0,959_959
3773,3772000.0,959_959
3774,3773000.0,959_959
3775,3774000.0,959_959
3776,3775000.0,959_959
3777,3776000.0,959_959
3778,3777000.0,959_959
3779,3778000.0,959_959
3780,3779000.0,959_959
3781,3780000.0,959_959
3782,3781000.0,959_959
3783,3782000.0,959_959
3784,3783000.0,959_959
3785,3784000.0,959_959
3786,3785000.0,959_959
3787,3786000.0,959_959
3788,3787000.0,959_959
3789,3788000.0,959_959
3790,3789000.0,959_959
3791,3790000.0,959_959
3792,3791000.0,959_959
3793,3792000.0,959_959
3794,3793000.0,959_959
3795,3794000.0,959_959
3796,3795000.0,959_959
3797,3796000.0,959_959
3798,3797000.0,959_959
3799,3798000.0,959_959
3800,3799000.0,959_959
3801,3800000.0,959_959
3802,3801000.0,959_959
3803,3802000.0,959_959
3804,3803000.0,959_959
3805,3804000.0,959_959
3806,3805000.0,959_959
3807,3806000.0,959_959
3808,3807000.0,959_959
3809,3808000.0,959_959
3810,3809000.0,959_959
3811,3810000.0,959_959
3812,3811000.0,959_959
3813,3812000.0,959_959
3814,3813000.0,959_959
3815,3814000.0,959_959
3816,3815000.0,959_959
3817,3816000.0,959_959
3818,3817000.0,959_959
3819,3818000.0,959_959
3820,3819000.0,959_959
3821,3820000.0,959_959
3822,3821000.0,959_959
3823,3822000.0,959_959
3824,3823000.0,959_959
3825,3824000.0,959_959
3826,3825000.0,959_959
3827,3826000.0,959_959
3828,3827000.0,959_959
3829,3828000.0,959_959
3830,3829000.0,959_959
3831,3830000.0,959_959
3832,3831000.0,959_959
3833,3832000.0,959_959
3834,3833000.0,959_959
3835,3834000.0,959_959
3836,3835000.0,959_959
3837,3836000.0,959_959
3838,3837000.0,959_959
3839,3838000.0,959_959
3840,3839000.0,959_959
3841,3840000.0,959_959
3842,3841000.0,959_959
3843,3842000.0,959_959
3844,3843000.0,959_959
3845,3844000.0,959_959
3846,3845000.0,959_959
3847,3846000.0,959_959
3848,3847000.0,959_959
3849,3848000.0,959_959
3850,3849000.0,959_959
3851,3850000.0,959_959
3852,3851000.0,959_959
3853,3852000.0,959_959
3854,3853000.0,959_959
3855,3854000.0,959_959
3856,3855000.0,959_959
3857,3856000.0,959_959
3858,3857000.0,959_959
3859,3858000.0,959_959
3860,3859000.0,959_959
3861,3860000.0,959_959
3862,3861000.0,959_959
3863,3862000.0,959_959
3864,3863000.0,959_959
3865,3864000.0,959_959
3866,3865000.0,959_959
3867,3866000.0,959_959
3868,3867000.0,959_959
3869,3868000.0,959_959
3870,3869000.0,959_959
3871,3870000.0,959_959
3872,3871000.0,959_959
3873,3872000.0,959_959
3874,3873000.0,959_959
3875,3874000.0,959_959
3876,3875000.0,959_959
3877,3876000.0,959_959
3878,3877000.0,959_959
3879,3878000.0,959_959
3880,3879000.0,959_959
3881,3880000.0,959_959
3882,3881000.0,959_959
3883,3882000.0,959_959
3884,3883000.0,959_959
3885,3884000.0,959_959
3886,3885000.0,959_959
3887,3886000.0,959_959
3888,3887000.0,959_959
3889,3888000.0,959_959
3890,3889000.0,959_959
3891,3890000.0,959_959
3892,3891000.0,959_959
3893,3892000.0,959_959
3894,3893000.0,959_959
3895,3894000.0,959_959
3896,3895000.0,959_959
3897,3896000.0,959_959
3898,3897000.0,959_959
3899,3898000.0,959_959
3900,3899000.0,959_959
3901,3900000.0,959_959
3902,3901000.0,959_959
3903,3902000.0,959_959
3904,3903000.0,959_959
3905,3904000.0,959_959
3906,3905000.0,959_959
3907,3906000.0,959_959
3908,3907000.0,959_959
3909,3908000.0,959_959
3910,3909000.0,959_959
3911,3910000.0,959_959
3912,3911000.0,959_959
3913,3912000.0,959_959
3914,3913000.0,959_959
3915,3914000.0,959_959
3916,3915000.0,959_959
3917,3916000.0,959_959
3918,3917000.0,959_959
3919,3918000.0,959_959
3920,3919000.0,959_959
3921,3920000.0,959_959
3922,3921000.0,959_959
3923,3922000.0,959_959
3924,3923000.0,959_959
3925,3924000.0,959_959
3926,3925000.0,959_959
3927,3926000.0,959_959
3928,3927000.0,959_959
3929,3928000.0,959_959
3930,3929000.0,959_959
3931,3930000.0,959_959
3932,3931000.0,959_959
3933,3932000.0,959_959
3934,3933000.0,959_959
3935,3934000.0,959_959
3936,3935000.0,959_959
3937,3936000.0,959_959
3938,3937000.0,959_959
3939,3938000.0,959_959
3940,3939000.0,959_959
3941,3940000.0,959_959
3942,3941000.0,959_959
3943,3942000.0,959_959
3944,3943000.0,959_959
3945,3944000.0,959_959
3946,3945000.0,959_959
3947,3946000.0,959_959
3948,3947000.0,959_959
3949,3948000.0,959_959
3950,3949000.0,959_959
3951,3950000.0,959_959
3952,3951000.0,959_959
3953,3952000.0,959_959
3954,3953000.0,959_959
3955,3954000.0,959_959
3956,3955000.0,959_959
3957,3956000.0,959_959
3958,3957000.0,959_959
3959,3958000.0,959_959
3960,3959000.0,959_959
3961,3960000.0,959_959
3962,3961000.0,959_959
3963,3962000.0,959_959
3964,3963000.0,959_959
3965,3964000.0,959_959
3966,3965000.0,959_959
3967,3966000.0,959_959
3968,3967000.0,959_959
3969,3968000.0,959_959
3970,3969000.0,959_959
3971,3970000.0,959_959
3972,3971000.0,959_959
3973,3972000.0,959_959
3974,3973000.0,959_959
3975,3974000.0,959_959
3976,3975000.0,959_959
3977,3976000.0,959_959
3978,3977000.0,959_959
3979,3978000.0,959_959
3980,3979000.0,959_959
3981,3980000.0,959_959
3982,3981000.0,959_959
3983,3982000.0,959_959
3984,3983000.0,959_959
3985,3984000.0,959_959
3986,3985000.0,959_959
3987,3986000.0,959_959
3988,3987000.0,959_959
3989,3988000.0,959_959
3990,3989000.0,959_959
3991,3990000.0,959_959
3992,3991000.0,959_959
3993,3992000.0,959_959
3994,3993000.0,959_959
3995,3994000.0,959_959
3996,3995000.0,959_959
3997,3996000.0,959_959
3998,3997000.0,959_959
3999,3998000.0,959_959
4000,3999000.0,959_959
4001,4000000.0,959_959
4002,4001000.0,959_959
4003,4002000.0,959_959
4004,4003000.0,959_959
4005,4004000.0,959_959
4006,4005000.0,959_959
4007,4006000.0,959_959
4008,4007000.0,959_959
4009,4008000.0,959_959
4010,4009000.0,959_959
4011,4010000.0,959_959
4012,4011000.0,959_959
4013,4012000.0,959_959
4014,4013000.0,959_959
4015,4014000.0,959_959
4016,4015000.0,959_959
4017,4016000.0,959_959
4018,4017000.0,959_959
4019,4018000.0,959_959
4020,4019000.0,959_959
4021,4020000.0,959_959
4022,4021000.0,959_959
4023,4022000.0,959_959
4024,4023000.0,959_959
4025,4024000.0,959_959
4026,4025000.0,959_959
4027,4026000.0,959_959
4028,4027000.0,959_959
4029,4028000.0,959_959
4030,4029000.0,959_959
4031,4030000.0,959_959
4032,4031000.0,959_959
4033,4032000.0,959_959
4034,4033000.0,959_959
4035,4034000.0,959_959
4036,4035000.0,959_959
4037,4036000.0,959_959
4038,4037000.0,959_959
4039,4038000.0,959_959
4040,4039000.0,959_959
4041,4040000.0,959_959
4042,4041000.0,959_959
4043,4042000.0,959_959
4044,4043000.0,959_959
4045,4044000.0,959_959
4046,4045000.0,959_959
4047,4046000.0,959_959
4048,4047000.0,959_959
4049,4048000.0,959_959
4050,4049000.0,959_959
4051,4050000.0,959_959
4052,4051000.0,959_959
4053,4052000.0,959_959
4054,4053000.0,959_959
4055,4054000.0,959_959
4056,4055000.0,959_959
4057,4056000.0,959_959
4058,4057000.0,959_959
4059,4058000.0,959_959
4060,4059000.0,959_959
4061,4060000.0,959_959
4062,4061000.0,959_959
4063,4062000.0,959_959
4064,4063000.0,959_959
4065,4064000.0,959_959
4066,4065000.0,959_959
4067,4066000.0,959_959
4068,4067000.0,959_959
4069,4068000.0,959_959
4070,4069000.0,959_959
4071,4070000.0,959_959
4072,4071000.0,959_959
4073,4072000.0,959_959
4074,4073000.0,959_959
4075,4074000.0,959_959
4076,4075000.0,959_959
4077,4076000.0,959_959
4078,4077000.0,959_959
4079,4078000.0,959_959
4080,4079000.0,959_959
4081,4080000.0,959_959
4082,4081000.0,959_959
4083,4082000.0,959_959
4084,4083000.0,959_959
4085,4084000.0,959_959
4086,4085000.0,959_959
4087,4086000.0,959_959
4088,4087000.0,959_959
4089,4088000.0,959_959
4090,4089000.0,959_959
4091,4090000.0,959_959
4092,4091000.0,959_959
4093,4092000.0,959_959
4094,4093000.0,959_959
4095,4094000.0,959_959
4096,4095000.0,959_959
4097,4096000.0,959_959
4098,4097000.0,959_959
4099,4098000.0,959_959
4100,4099000.0,959_959
4101,4100000.0,959_959
4102,4101000.0,959_959
4103,4102000.0,959_959
4104,4103000.0,959_959
4105,4104000.0,959_959
4106,4105000.0,959_959
4107,4106000.0,959_959
4108,4107000.0,959_959
4109,4108000.0,959_959
4110,4109000.0,959_959
4111,4110000.0,959_959
4112,4111000.0,959_959
4113,4112000.0,959_959
4114,4113000.0,959_959
4115,4114000.0,959_959
4116,4115000.0,959_959
4117,4116000.0,959_959
4118,4117000.0,959_959
4119,4118000.0,959_959
4120,4119000.0,959_959
4121,4120000.0,959_959
4122,4121000.0,959_959
4123,4122000.0,959_959
4124,4123000.0,959_959
4125,4124000.0,959_959
4126,4125000.0,959_959
4127,4126000.0,959_959
4128,4127000.0,959_959
4129,4128000.0,959_959
4130,4129000.0,959_959
4131,4130000.0,959_959
4132,4131000.0,959_959
4133,4132000.0,959_959
4134,4133000.0,959_959
4135,4134000.0,959_959
4136,4135000.0,959_959
4137,4136000.0,959_959
4138,4137000.0,959_959
4139,4138000.0,959_959
4140,4139000.0,959_959
4141,4140000.0,959_959
4142,4141000.0,959_959
4143,4142000.0,959_959
4144,4143000.0,959_959
4145,4144000.0,959_959
4146,4145000.0,959_959
4147,4146000.0,959_959
4148,4147000.0,959_959
4149,4148000.0,959_959
4150,4149000.0,959_959
4151,4150000.0,959_959
4152,4151000.0,959_959
4153,4152000.0,959_959
4154,4153000.0,959_959
4155,4154000.0,959_959
4156,4155000.0,959_959
4157,4156000.0,959_959
4158,4157000.0,959_959
4159,4158000.0,959_959
4160,4159000.0,959_959
4161,4160000.0,959_959
4162,4161000.0,959_959
4163,4162000.0,959_959
4164,4163000.0,959_959
4165,4164000.0,959_959
4166,4165000.0,959_959
4167,4166000.0,959_959
4168,4167000.0,959_959
4169,4168000.0,959_959
4170,4169000.0,959_959
4171,4170000.0,959_959
4172,4171000.0,959_959
4173,4172000.0,959_959
4174,4173000.0,959_959
4175,4174000.0,959_959
4176,4175000.0,959_959
4177,4176000.0,959_959
4178,4177000.0,959_959
4179,4178000.0,959_959
4180,4179000.0,959_959
4181,4180000.0,959_959
4182,4181000.0,959_959
4183,4182000.0,959_959
4184,4183000.0,959_959
4185,4184000.0,959_959
4186,4185000.0,959_959
4187,4186000.0,959_959
4188,4187000.0,959_959
4189,4188000.0,959_959
4190,4189000.0,959_959
4191,4190000.0,959_959
4192,4191000.0,959_959
4193,4192000.0,959_959
4194,4193000.0,959_959
4195,4194000.0,959_959
4196,4195000.0,959_959
4197,4196000.0,959_959
4198,4197000.0,959_959
4199,4198000.0,959_959
4200,4199000.0,959_959
4201,4200000.0,959_959
4202,4201000.0,959_959
4203,4202000.0,959_959
4204,4203000.0,959_959
4205,4204000.0,959_959
4206,4205000.0,959_959
4207,4206000.0,959_959
4208,4207000.0,959_959
4209,4208000.0,959_959
4210,4209000.0,959_959
4211,4210000.0,959_959
4212,4211000.0,959_959
4213,4212000.0,959_959
4214,4213000.0,959_959
4215,4214000.0,959_959
4216,4215000.0,959_959
4217,4216000.0,959_959
4218,4217000.0,959_959
4219,4218000.0,959_959
4220,4219000.0,959_959
4221,4220000.0,959_959
4222,4221000.0,959_959
4223,4222000.0,959_959
4224,4223000.0,959_959
4225,4224000.0,959_959
4226,4225000.0,959_959
4227,4226000.0,959_959
4228,4227000.0,959_959
4229,4228000.0,959_959
4230,4229000.0,959_959
4231,4230000.0,959_959
4232,4231000.0,959_959
4233,4232000.0,959_959
4234,4233000.0,959_959
4235,4234000.0,959_959
4236,4235000.0,959_959
4237,4236000.0,959_959
4238,4237000.0,959_959
4239,4238000.0,959_959
4240,4239000.0,959_959
4241,4240000.0,959_959
4242,4241000.0,959_959
4243,4242000.0,959_959
4244,4243000.0,959_959
4245,4244000.0,959_959
4246,4245000.0,959_959
4247,4246000.0,959_959
4248,4247000.0,959_959
4249,4248000.0,959_959
4250,4249000.0,959_959
4251,4250000.0,959_959
4252,4251000.0,959_959
4253,4252000.0,959_959
4254,4253000.0,959_959
4255,4254000.0,959_959
4256,4255000.0,959_959
4257,4256000.0,959_959
4258,4257000.0,959_959
4259,4258000.0,959_959
4260,4259000.0,959_959
4261,4260000.0,959_959
4262,4261000.0,959_959
4263,4262000.0,959_959
4264,4263000.0,959_959
4265,4264000.0,959_959
4266,4265000.0,959_959
4267,4266000.0,959_959
4268,4267000.0,959_959
4269,4268000.0,959_959
4270,4269000.0,959_959
4271,4270000.0,959_959
4272,4271000.0,959_959
4273,4272000.0,959_959
4274,4273000.0,959_959
4275,4274000.0,959_959
4276,4275000.0,959_959
4277,4276000.0,959_959
4278,4277000.0,959_959
4279,4278000.0,959_959
4280,4279000.0,959_959
4281,4280000.0,959_959
4282,4281000.0,959_959
4283,4282000.0,959_959
4284,4283000.0,959_959
4285,4284000.0,959_959
4286,4285000.0,959_959
4287,4286000.0,959_959
4288,4287000.0,959_959
4289,4288000.0,959_959
4290,4289000.0,959_959
4291,4290000.0,959_959
4292,4291000.0,959_959
4293,4292000.0,959_959
4294,4293000.0,959_959
4295,4294000.0,959_959
4296,4295000.0,959_959
4297,4296000.0,959_959
4298,4297000.0,959_959
4299,4298000.0,959_959
4300,4299000.0,959_959
4301,4300000.0,959_959
4302,4301000.0,959_959
4303,4302000.0,959_959
4304,4303000.0,959_959
4305,4304000.0,959_959
4306,4305000.0,959_959
4307,4306000.0,959_959
4308,4307000.0,959_959
4309,4308000.0,959_959
4310,4309000.0,959_959
4311,4310000.0,959_959
4312,4311000.0,959_959
4313,4312000.0,959_959
4314,4313000.0,959_959
4315,4314000.0,959_959
4316,4315000.0,959_959
4317,4316000.0,959_959
4318,4317000.0,959_959
4319,4318000.0,959_959
4320,4319000.0,959_959
4321,4320000.0,959_959
4322,4321000.0,959_959
4323,4322000.0,959_959
4324,4323000.0,959_959
4325,4324000.0,959_959
4326,4325000.0,959_959
4327,4326000.0,959_959
4328,4327000.0,959_959
4329,4328000.0,959_959
4330,4329000.0,959_959
4331,4330000.0,959_959
4332,4331000.0,959_959
4333,4332000.0,959_959
4334,4333000.0,959_959
4335,4334000.0,959_959
4336,4335000.0,959_959
4337,4336000.0,959_959
4338,4337000.0,959_959
4339,4338000.0,959_959
4340,4339000.0,959_959
4341,4340000.0,959_959
4342,4341000.0,959_959
4343,4342000.0,959_959
4344,4343000.0,959_959
4345,4344000.0,959_959
4346,4345000.0,959_959
4347,4346000.0,959_959
4348,4347000.0,959_959
4349,4348000.0,959_959
4350,4349000.0,959_959
4351,4350000.0,959_959
4352,4351000.0,959_959
4353,4352000.0,959_959
4354,4353000.0,959_959
4355,4354000.0,959_959
4356,4355000.0,959_959
4357,4356000.0,959_959
4358,4357000.0,959_959
4359,4358000.0,959_959
4360,4359000.0,959_959
4361,4360000.0,959_959
4362,4361000.0,959_959
4363,4362000.0,959_959
4364,4363000.0,959_959
4365,4364000.0,959_959
4366,4365000.0,959_959
4367,4366000.0,959_959
4368,4367000.0,959_959
4369,4368000.0,959_959
4370,4369000.0,959_959
4371,4370000.0,959_959
4372,4371000.0,959_959
4373,4372000.0,959_959
4374,4373000.0,959_959
4375,4374000.0,959_959
4376,4375000.0,959_959
4377,4376000.0,959_959
4378,4377000.0,959_959
4379,4378000.0,959_959
4380,4379000.0,959_959
4381,4380000.0,959_959
4382,4381000.0,959_959
4383,4382000.0,959_959
4384,4383000.0,959_959
4385,4384000.0,959_959
4386,4385000.0,959_959
4387,4386000.0,959_959
4388,4387000.0,959_959
4389,4388000.0,959_959
4390,4389000.0,959_959
4391,4390000.0,959_959
4392,4391000.0,959_959
4393,4392000.0,959_959
4394,4393000.0,959_959
4395,4394000.0,959_959
4396,4395000.0,959_959
4397,4396000.0,959_959
4398,4397000.0,959_959
4399,4398000.0,959_959
4400,4399000.0,959_959
4401,4400000.0,959_959
4402,4401000.0,959_959
4403,4402000.0,959_959
4404,4403000.0,959_959
4405,4404000.0,959_959
4406,4405000.0,959_959
4407,4406000.0,959_959
4408,4407000.0,959_959
4409,4408000.0,959_959
4410,4409000.0,959_959
4411,4410000.0,959_959
4412,4411000.0,959_959
4413,4412000.0,959_959
4414,4413000.0,959_959
4415,4414000.0,959_959
4416,4415000.0,959_959
4417,4416000.0,959_959
4418,4417000.0,959_959
4419,4418000.0,959_959
4420,4419000.0,959_959
4421,4420000.0,959_959
4422,4421000.0,959_959
4423,4422000.0,959_959
4424,4423000.0,959_959
4425,4424000.0,959_959
4426,4425000.0,959_959
4427,4426000.0,959_959
4428,4427000.0,959_959
4429,4428000.0,959_959
4430,4429000.0,959_959
4431,4430000.0,959_959
4432,4431000.0,959_959
4433,4432000.0,959_959
4434,4433000.0,959_959
4435,4434000.0,959_959
4436,4435000.0,959_959
4437,4436000.0,959_959
4438,4437000.0,959_959
4439,4438000.0,959_959
4440,4439000.0,959_959
4441,4440000.0,959_959
4442,4441000.0,959_959
4443,4442000.0,959_959
4444,4443000.0,959_959
4445,4444000.0,959_959
4446,4445000.0,959_959
4447,4446000.0,959_959
4448,4447000.0,959_959
4449,4448000.0,959_959
4450,4449000.0,959_959
4451,4450000.0,959_959
4452,4451000.0,959_959
4453,4452000.0,959_959
4454,4453000.0,959_959
4455,4454000.0,959_959
4456,4455000.0,959_959
4457,4456000.0,959_959
4458,4457000.0,959_959
4459,4458000.0,959_959
4460,4459000.0,959_959
4461,4460000.0,959_959
4462,4461000.0,959_959
4463,4462000.0,959_959
4464,4463000.0,959_959
4465,4464000.0,959_959
4466,4465000.0,959_959
4467,4466000.0,959_959
4468,4467000.0,959_959
4469,4468000.0,959_959
4470,4469000.0,959_959
4471,4470000.0,959_959
4472,4471000.0,959_959
4473,4472000.0,959_959
4474,4473000.0,959_959
4475,4474000.0,959_959
4476,4475000.0,959_959
4477,4476000.0,959_959
4478,4477000.0,959_959
4479,4478000.0,959_959
4480,4479000.0,959_959
4481,4480000.0,959_959
4482,4481000.0,959_959
4483,4482000.0,959_959
4484,4483000.0,959_959
4485,4484000.0,959_959
4486,4485000.0,959_959
4487,4486000.0,959_959
4488,4487000.0,959_959
4489,4488000.0,959_959
4490,4489000.0,959_959
4491,4490000.0,959_959
4492,4491000.0,959_959
4493,4492000.0,959_959
4494,4493000.0,959_959
4495,4494000.0,959_959
4496,4495000.0,959_959
4497,4496000.0,959_959
4498,4497000.0,959_959
4499,4498000.0,959_959
4500,4499000.0,959_959
4501,4500000.0,959_959
4502,4501000.0,959_959
4503,4502000.0,959_959
4504,4503000.0,959_959
4505,4504000.0,959_959
4506,4505000.0,959_959
4507,4506000.0,959_959
4508,4507000.0,959_959
4509,4508000.0,959_959
4510,4509000.0,959_959
4511,4510000.0,959_959
4512,4511000.0,959_959
4513,4512000.0,959_959
4514,4513000.0,959_959
4515,4514000.0,959_959
4516,4515000.0,959_959
4517,4516000.0,959_959
4518,4517000.0,959_959
4519,4518000.0,959_959
4520,4519000.0,959_959
4521,4520000.0,959_959
4522,4521000.0,959_959
4523,4522000.0,959_959
4524,4523000.0,959_959
4525,4524000.0,959_959
4526,4525000.0,959_959
4527,4526000.0,959_959
4528,4527000.0,959_959
4529,4528000.0,959_959
4530,4529000.0,959_959
4531,4530000.0,959_959
4532,4531000.0,959_959
4533,4532000.0,959_959
4534,4533000.0,959_959
4535,4534000.0,959_959
4536,4535000.0,959_959
4537,4536000.0,959_959
4538,4537000.0,959_959
4539,4538000.0,959_959
4540,4539000.0,959_959
4541,4540000.0,959_959
4542,4541000.0,959_959
4543,4542000.0,959_959
4544,4543000.0,959_959
4545,4544000.0,959_959
4546,4545000.0,959_959
4547,4546000.0,959_959
4548,4547000.0,959_959
4549,4548000.0,959_959
4550,4549000.0,959_959
4551,4550000.0,959_959
4552,4551000.0,959_959
4553,4552000.0,959_959
4554,4553000.0,959_959
4555,4554000.0,959_959
4556,4555000.0,959_959
4557,4556000.0,959_959
4558,4557000.0,959_959
4559,4558000.0,959_959
4560,4559000.0,959_959
4561,4560000.0,959_959
4562,4561000.0,959_959
4563,4562000.0,959_959
4564,4563000.0,959_959
4565,4564000.0,959_959
4566,4565000.0,959_959
4567,4566000.0,959_959
4568,4567000.0,959_959
4569,4568000.0,959_959
4570,4569000.0,959_959
4571,4570000.0,959_959
4572,4571000.0,959_959
4573,4572000.0,959_959
4574,4573000.0,959_959
4575,4574000.0,959_959
4576,4575000.0,959_959
4577,4576000.0,959_959
4578,4577000.0,959_959
4579,4578000.0,959_959
4580,4579000.0,959_959
4581,4580000.0,959_959
4582,4581000.0,959_959
4583,4582000.0,959_959
4584,4583000.0,959_959
4585,4584000.0,959_959
4586,4585000.0,959_959
4587,4586000.0,959_959
4588,4587000.0,959_959
4589,4588000.0,959_959
4590,4589000.0,959_959
4591,4590000.0,959_959
4592,4591000.0,959_959
4593,4592000.0,959_959
4594,4593000.0,959_959
4595,4594000.0,959_959
4596,4595000.0,959_959
4597,4596000.0,959_959
4598,4597000.0,959_959
4599,4598000.0,959_959
4600,4599000.0,959_959
4601,4600000.0,959_959
4602,4601000.0,959_959
4603,4602000.0,959_959
4604,4603000.0,959_959
4605,4604000.0,959_959
4606,4605000.0,959_959
4607,4606000.0,959_959
4608,4607000.0,959_959
4609,4608000.0,959_959
4610,4609000.0,959_959
4611,4610000.0,959_959
4612,4611000.0,959_959
4613,4612000.0,959_959
4614,4613000.0,959_959
4615,4614000.0,959_959
4616,4615000.0,959_959
4617,4616000.0,959_959
4618,4617000.0,959_959
4619,4618000.0,959_959
4620,4619000.0,959_959
4621,4620000.0,959_959
4622,4621000.0,959_959
4623,4622000.0,959_959
4624,4623000.0,959_959
4625,4624000.0,959_959
4626,4625000.0,959_959
4627,4626000.0,959_959
4628,4627000.0,959_959
4629,4628000.0,959_959
4630,4629000.0,959_959
4631,4630000.0,959_959
4632,4631000.0,959_959
4633,4632000.0,959_959
4634,4633000.0,959_959
4635,4634000.0,959_959
4636,4635000.0,959_959
4637,4636000.0,959_959
4638,4637000.0,959_959
4639,4638000.0,959_959
4640,4639000.0,959_959
4641,4640000.0,959_959
4642,4641000.0,959_959
4643,4642000.0,959_959
4644,4643000.0,959_959
4645,4644000.0,959_959
4646,4645000.0,959_959
4647,4646000.0,959_959
4648,4647000.0,959_959
4649,4648000.0,959_959
4650,4649000.0,959_959
4651,4650000.0,959_959
4652,4651000.0,959_959
4653,4652000.0,959_959
4654,4653000.0,959_959
4655,4654000.0,959_959
4656,4655000.0,959_959
4657,4656000.0,959_959
4658,4657000.0,959_959
4659,4658000.0,959_959
4660,4659000.0,959_959
4661,4660000.0,959_959
4662,4661000.0,959_959
4663,4662000.0,959_959
4664,4663000.0,959_959
4665,4664000.0,959_959
4666,4665000.0,959_959
4667,4666000.0,959_959
4668,4667000.0,959_959
4669,4668000.0,959_959
4670,4669000.0,959_959
4671,4670000.0,959_959
4672,4671000.0,959_959
4673,4672000.0,959_959
4674,4673000.0,959_959
4675,4674000.0,959_959
4676,4675000.0,959_959
4677,4676000.0,959_959
4678,4677000.0,959_959
4679,4678000.0,959_959
4680,4679000.0,959_959
4681,4680000.0,959_959
4682,4681000.0,959_959
4683,4682000.0,959_959
4684,4683000.0,959_959
4685,4684000.0,959_959
4686,4685000.0,959_959
4687,4686000.0,959_959
4688,4687000.0,959_959
4689,4688000.0,959_959
4690,4689000.0,959_959
4691,4690000.0,959_959
4692,4691000.0,959_959
4693,4692000.0,959_959
4694,4693000.0,959_959
4695,4694000.0,959_959
4696,4695000.0,959_959
4697,4696000.0,959_959
4698,4697000.0,959_959
4699,4698000.0,959_959
4700,4699000.0,959_959
4701,4700000.0,959_959
4702,4701000.0,959_959
4703,4702000.0,959_959
4704,4703000.0,959_959
4705,4704000.0,959_959
4706,4705000.0,959_959
4707,4706000.0,959_959
4708,4707000.0,959_959
4709,4708000.0,959_959
4710,4709000.0,959_959
4711,4710000.0,959_959
4712,4711000.0,959_959
4713,4712000.0,959_959
4714,4713000.0,959_959
4715,4714000.0,959_959
4716,4715000.0,959_959
4717,4716000.0,959_959
4718,4717000.0,959_959
4719,4718000.0,959_959
4720,4719000.0,959_959
4721,4720000.0,959_959
4722,4721000.0,959_959
4723,4722000.0,959_959
4724,4723000.0,959_959
4725,4724000.0,959_959
4726,4725000.0,959_959
4727,4726000.0,959_959
4728,4727000.0,959_959
4729,4728000.0,959_959
4730,4729000.0,959_959
4731,4730000.0,959_959
4732,4731000.0,959_959
4733,4732000.0,959_959
4734,4733000.0,959_959
4735,4734000.0,959_959
4736,4735000.0,959_959
4737,4736000.0,959_959
4738,4737000.0,959_959
4739,4738000.0,959_959
4740,4739000.0,959_959
4741,4740000.0,959_959
4742,4741000.0,959_959
4743,4742000.0,959_959
4744,4743000.0,959_959
4745,4744000.0,959_959
4746,4745000.0,959_959
4747,4746000.0,959_959
4748,4747000.0,959_959
4749,4748000.0,959_959
4750,4749000.0,959_959
4751,4750000.0,959_959
4752,4751000.0,959_959
4753,4752000.0,959_959
4754,4753000.0,959_959
4755,4754000.0,959_959
4756,4755000.0,959_959
4757,4756000.0,959_959
4758,4757000.0,959_959
4759,4758000.0,959_959
4760,4759000.0,959_959
4761,4760000.0,959_959
4762,4761000.0,959_959
4763,4762000.0,959_959
4764,4763000.0,959_959
4765,4764000.0,959_959
4766,4765000.0,959_959
4767,4766000.0,959_959
4768,4767000.0,959_959
4769,4768000.0,959_959
4770,4769000.0,959_959
4771,4770000.0,959_959
4772,4771000.0,959_959
4773,4772000.0,959_959
4774,4773000.0,959_959
4775,4774000.0,959_959
4776,4775000.0,959_959
4777,4776000.0,959_959
4778,4777000.0,959_959
4779,4778000.0,959_959
4780,4779000.0,959_959
4781,4780000.0,959_959
4782,4781000.0,959_959
4783,4782000.0,959_959
4784,4783000.0,959_959
4785,4784000.0,959_959
4786,4785000.0,959_959
4787,4786000.0,959_959
4788,4787000.0,959_959
4789,4788000.0,959_959
4790,4789000.0,959_959
4791,4790000.0,959_959
4792,4791000.0,959_959
4793,4792000.0,959_959
4794,4793000.0,959_959
4795,4794000.0,959_959
4796,4795000.0,959_959
4797,4796000.0,959_959
4798,4797000.0,959_959
4799,4798000.0,959_959
4800,4799000.0,959_959
4801,4800000.0,959_959
4802,4801000.0,959_959
4803,4802000.0,959_959
4804,4803000.0,959_959
4805,4804000.0,959_959
4806,4805000.0,959_959
4807,4806000.0,959_959
4808,4807000.0,959_959
4809,4808000.0,959_959
4810,4809000.0,959_959
4811,4810000.0,959_959
4812,4811000.0,959_959
4813,4812000.0,959_959
4814,4813000.0,959_959
4815,4814000.0,959_959
4816,4815000.0,959_959
4817,4816000.0,959_959
4818,4817000.0,959_959
4819,4818000.0,959_959
4820,4819000.0,959_959
4821,4820000.0,959_959
4822,4821000.0,959_959
4823,4822000.0,959_959
4824,4823000.0,959_959
4825,4824000.0,959_959
4826,4825000.0,959_959
4827,4826000.0,959_959
4828,4827000.0,959_959
4829,4828000.0,959_959
4830,4829000.0,959_959
4831,4830000.0,959_959
4832,4831000.0,959_959
4833,4832000.0,959_959
4834,4833000.0,959_959
4835,4834000.0,959_959
4836,4835000.0,959_959
4837,4836000.0,959_959
4838,4837000.0,959_959
4839,4838000.0,959_959
4840,4839000.0,959_959
4841,4840000.0,959_959
4842,4841000.0,959_959
4843,4842000.0,959_959
4844,4843000.0,959_959
4845,4844000.0,959_959
4846,4845000.0,959_959
4847,4846000.0,959_959
4848,4847000.0,959_959
4849,4848000.0,959_959
4850,4849000.0,959_959
4851,4850000.0,959_959
4852,4851000.0,959_959
4853,4852000.0,959_959
4854,4853000.0,959_959
4855,4854000.0,959_959
4856,4855000.0,959_959
4857,4856000.0,959_959
4858,4857000.0,959_959
4859,4858000.0,959_959
4860,4859000.0,959_959
4861,4860000.0,959_959
4862,4861000.0,959_959
4863,4862000.0,959_959
4864,4863000.0,959_959
4865,4864000.0,959_959
4866,4865000.0,959_959
4867,4866000.0,959_959
4868,4867000.0,959_959
4869,4868000.0,959_959
4870,4869000.0,959_959
4871,4870000.0,959_959
4872,4871000.0,959_959
4873,4872000.0,959_959
4874,4873000.0,959_959
4875,4874000.0,959_959
4876,4875000.0,959_959
4877,4876000.0,959_959
4878,4877000.0,959_959
4879,4878000.0,959_959
4880,4879000.0,959_959
4881,4880000.0,959_959
4882,4881000.0,959_959
4883,4882000.0,959_959
4884,4883000.0,959_959
4885,4884000.0,959_959
4886,4885000.0,959_959
4887,4886000.0,959_959
4888,4887000.0,959_959
4889,4888000.0,959_959
4890,4889000.0,959_959
4891,4890000.0,959_959
4892,4891000.0,959_959
4893,4892000.0,959_959
4894,4893000.0,959_959
4895,4894000.0,959_959
4896,4895000.0,959_959
4897,4896000.0,959_959
4898,4897000.0,959_959
4899,4898000.0,959_959
4900,4899000.0,959_959
4901,4900000.0,959_959
4902,4901000.0,959_959
4903,4902000.0,959_959
4904,4903000.0,959_959
4905,4904000.0,959_959
4906,4905000.0,959_959
4907,4906000.0,959_959
4908,4907000.0,959_959
4909,4908000.0,959_959
4910,4909000.0,959_959
4911,4910000.0,959_959
4912,4911000.0,959_959
4913,4912000.0,959_959
4914,4913000.0,959_959
4915,4914000.0,959_959
4916,4915000.0,959_959
4917,4916000.0,959_959
4918,4917000.0,959_959
4919,4918000.0,959_959
4920,4919000.0,959_959
4921,4920000.0,959_959
4922,4921000.0,959_959
4923,4922000.0,959_959
4924,4923000.0,959_959
4925,4924000.0,959_959
4926,4925000.0,959_959
4927,4926000.0,959_959
4928,4927000.0,959_959
4929,4928000.0,959_959
4930,4929000.0,959_959
4931,4930000.0,959_959
4932,4931000.0,959_959
4933,4932000.0,959_959
4934,4933000.0,959_959
4935,4934000.0,959_959
4936,4935000.0,959_959
4937,4936000.0,959_959
4938,4937000.0,959_959
4939,4938000.0,959_959
4940,4939000.0,959_959
4941,4940000.0,959_959
4942,4941000.0,959_959
4943,4942000.0,959_959
4944,4943000.0,959_959
4945,4944000.0,959_959
4946,4945000.0,959_959
4947,4946000.0,959_959
4948,4947000.0,959_959
4949,4948000.0,959_959
4950,4949000.0,959_959
4951,4950000.0,959_959
4952,4951000.0,959_959
4953,4952000.0,959_959
4954,4953000.0,959_959
4955,4954000.0,959_959
4956,4955000.0,959_959
4957,4956000.0,959_959
4958,4957000.0,959_959
4959,4958000.0,959_959
4960,4959000.0,959_959
4961,4960000.0,959_959
4962,4961000.0,959_959
4963,4962000.0,959_959
4964,4963000.0,959_959
4965,4964000.0,959_959
4966,4965000.0,959_959
4967,4966000.0,959_959
4968,4967000.0,959_959
4969,4968000.0,959_959
4970,4969000.0,959_959
4971,4970000.0,959_959
4972,4971000.0,959_959
4973,4972000.0,959_959
4974,4973000.0,959_959
4975,4974000.0,959_959
4976,4975000.0,959_959
4977,4976000.0,959_959
4978,4977000.0,959_959
4979,4978000.0,959_959
4980,4979000.0,959_959
4981,4980000.0,959_959
4982,4981000.0,959_959
4983,4982000.0,959_959
4984,4983000.0,959_959
4985,4984000.0,959_959
4986,4985000.0,959_959
4987,4986000.0,959_959
4988,4987000.0,959_959
4989,4988000.0,959_959
4990,4989000.0,959_959
4991,4990000.0,959_959
4992,4991000.0,959_959
4993,4992000.0,959_959
4994,4993000.0,959_959
4995,4994000.0,959_959
4996,4995000.0,959_959
4997,4996000.0,959_959
4998,4997000.0,959_959
4999,4998000.0,959_959
5000,4999000.0,959_959
5001,5000000.0,959_959
