frame,t,intent_state
1,0.0,534_534
2,1000.0,534_534
3,2000.0,534_534
4,3000.0,534_534
5,4000.0,534_534
6,5000.0,534_534
7,6000.0,534_534
8,7000.0,534_534
9,8000.0,534_534
10,9000.0,534_534
11,10000.0,534_534
12,11000.0,534_534
13,12000.0,534_534
14,13000.0,534_534
15,14000.0,534_534
16,15000.0,534_534
17,16000.0,534_534
18,17000.0,534_534
19,18000.0,534_534
20,19000.0,534_534
21,20000.0,534_534
22,21000.0,534_534
23,22000.0,534_534
24,23000.0,534_534
25,24000.0,534_534
26,25000.0,534_534
27,26000.0,534_534
28,27000.0,534_534
29,28000.0,534_534
30,29000.0,534_534
31,30000.0,534_534
32,31000.0,534_534
33,32000.0,534_534
34,33000.0,534_534
35,34000.0,534_534
36,35000.0,534_534
37,36000.0,534_534
38,37000.0,534_534
39,38000.0,534_534
40,39000.0,534_534
41,40000.0,534_534
42,41000.0,534_534
43,42000.0,534_534
44,43000.0,534_534
45,44000.0,534_534
46,45000.0,534_534
47,46000.0,534_534
48,47000.0,534_534
49,48000.0,534_534
50,49000.0,534_534
51,50000.0,534_534
52,51000.0,534_534
53,52000.0,534_534
54,53000.0,534_534
